1 0.836891454326923 0.6482884158653845 0.8269144591346154 0.69150353125 0.9605858533653847 0.7223640024038461 0.9705628485576923 0.6791488870192308 0.836891454326923 0.6482884158653845
1 0.7738618918269231 0.6337368942307692 0.7654470552884616 0.6701855504807692 0.8345664326923077 0.6861430168269231 0.8429812668269231 0.649694358173077 0.7738618918269231 0.6337368942307692
1 0.7281931346153846 0.6132154735576922 0.721652891826923 0.6415443798076923 0.772502829326923 0.6532840144230769 0.7790430721153846 0.6249551057692307 0.7281931346153846 0.6132154735576922
2 0.6207582980769231 0.49556967788461537 0.6003044158653846 0.5841651778846153 0.6369447932692308 0.5926242740384615 0.6573986754807692 0.5040287740384616 0.6207582980769231 0.49556967788461537
2 0.5874673221153845 0.4878838485576923 0.5697211850961538 0.5647508197115385 0.6044838677884615 0.5727764182692308 0.6222300048076923 0.4959094471153846 0.5874673221153845 0.4878838485576923
2 0.44473856730769235 0.4210072668269231 0.4153907860576923 0.5481264711538462 0.4698438653846154 0.5606979567307693 0.4991916466346154 0.4335787524038462 0.44473856730769235 0.4210072668269231
2 0.42488074519230773 0.5503174014423077 0.4557906875 0.4164317379807692 0.3981912067307692 0.4031338509615384 0.3672812644230769 0.5370195144230769 0.42488074519230773 0.5503174014423077
2 0.30722951923076924 0.37852262019230765 0.27525731009615384 0.5170094759615385 0.36386408653846153 0.5374659639423076 0.3958362980769231 0.3989791057692308 0.30722951923076924 0.37852262019230765
1 0.09356615384615385 0.4753478509615385 0.09762776923076923 0.45775505769230773 0.04632109615384616 0.4459099783653846 0.04225948076923077 0.46350277163461534 0.09356615384615385 0.4753478509615385
1 0.09099682451923076 0.3711739831730769 0.08799747596153845 0.3841655841346154 0.10443997115384616 0.3879616322115385 0.10743931730769231 0.37497003125000006 0.09099682451923076 0.3711739831730769
1 0.12396080528846154 0.3135950024038462 0.1277099903846154 0.2973555 0.11416015625 0.29422727403846155 0.1104109735576923 0.3104667764423077 0.12396080528846154 0.3135950024038462