1 0.45031237740384616 0.61118625 0.44540335096153844 0.5880910985576923 0.3775443605769231 0.6025149711538462 0.38245338701923076 0.6256101225961538 0.45031237740384616 0.61118625
1 0.39125023076923077 0.6294199663461538 0.38547490625 0.6022491995192307 0.3572512740384616 0.6082483197115385 0.3630265985576923 0.6354190841346153 0.39125023076923077 0.6294199663461538
1 0.36913836538461536 0.6453846682692308 0.3607833966346154 0.606077625 0.31121372836538463 0.6166139831730769 0.3195686971153846 0.6559210264423078 0.36913836538461536 0.6453846682692308
1 0.3235938293269231 0.6635849639423077 0.31639392307692304 0.6297120745192307 0.16692074278846156 0.661483579326923 0.17412064903846153 0.6953564687499999 0.3235938293269231 0.6635849639423077
1 0.10310680528846154 0.716982545673077 0.09509835576923077 0.6793057499999999 0.03151876201923077 0.6928200096153846 0.03952721153846154 0.7304968052884615 0.10310680528846154 0.716982545673077
1 0.1813175360576923 0.6943946899038462 0.17230802884615384 0.6520082932692308 0.08758618269230768 0.6700164783653846 0.0965956875 0.712402875 0.1813175360576923 0.6943946899038462
3 0.01716446634615385 0.42012313221153846 0.028156834134615387 0.47183815865384615 0.09958198798076924 0.45665627163461536 0.08858962019230769 0.40494124759615385 0.01716446634615385 0.42012313221153846
3 0.03946972596153846 0.46318589182692305 0.029978942307692307 0.41853526682692305 0.000532625 0.42479427403846154 0.010023408653846154 0.46944489903846154 0.03946972596153846 0.46318589182692305
3 0.10281966826923077 0.49468449999999997 0.09159628605769231 0.44188264423076923 0.03341688461538462 0.4542490576923077 0.04464026442307693 0.5070509134615384 0.10281966826923077 0.49468449999999997
3 0.11221773557692308 0.520611923076923 0.10411303124999999 0.48248228125 0.05046774759615384 0.49388493749999995 0.058572454326923075 0.5320145793269231 0.11221773557692308 0.520611923076923
3 0.12283543028846154 0.5525277451923076 0.11357566105769232 0.5089639471153846 0.05381695432692308 0.5216660528846154 0.06307672596153846 0.5652298485576923 0.12283543028846154 0.5525277451923076
3 0.12852153846153846 0.5837879038461539 0.11937727403846154 0.5407675240384615 0.060841254807692306 0.5532097379807692 0.06998551923076923 0.5962301177884616 0.12852153846153846 0.5837879038461539
3 0.13086897596153846 0.6146217860576922 0.12216748798076923 0.5736844999999999 0.06796181009615385 0.5852062716346154 0.07666329807692308 0.6261435600961539 0.13086897596153846 0.6146217860576922
3 0.14100797115384614 0.6500471610576923 0.1310359110576923 0.6031323028846154 0.07097153365384615 0.6158993798076923 0.08094359615384615 0.6628142379807692 0.14100797115384614 0.6500471610576923
3 0.12782213221153846 0.6093057596153846 0.13727441346153846 0.6537752475961539 0.17624748076923075 0.645491266826923 0.16679519951923077 0.6010217764423077 0.12782213221153846 0.6093057596153846
3 0.12075369711538463 0.5780554399038461 0.1274145721153846 0.6093923894230769 0.1660310216346154 0.6011842091346155 0.15937014903846156 0.5698472596153846 0.12075369711538463 0.5780554399038461
3 0.11358219711538461 0.5460697331730769 0.12026232211538461 0.5774972548076923 0.16147698076923078 0.5687368076923077 0.15479685336538462 0.5373092884615385 0.11358219711538461 0.5460697331730769
3 0.10497696153846155 0.5055852932692309 0.11371695432692307 0.54670371875 0.15635807692307693 0.5376400697115384 0.14761808413461538 0.4965216442307692 0.10497696153846155 0.5055852932692309
3 0.10066895192307693 0.4798065384615385 0.11206559375 0.5334235192307692 0.15358592067307691 0.5245981009615385 0.14218927884615384 0.4709811201923077 0.10066895192307693 0.4798065384615385
3 0.14209700480769233 0.48131880288461537 0.13528212259615385 0.4492572980769231 0.0944750264423077 0.4579311129807693 0.1012899110576923 0.48999261778846154 0.14209700480769233 0.48131880288461537
3 0.08748196153846154 0.4177666225961539 0.097069 0.46287009375 0.13858932692307693 0.45404467548076927 0.12900228846153847 0.40894120432692305 0.08748196153846154 0.4177666225961539