1 0.9066618413461539 0.4399971899038461 0.899144295673077 0.39253327884615385 0.7757346947115384 0.41207943750000003 0.7832522403846155 0.4595433485576923 0.9066618413461539 0.4399971899038461
1 0.9020831634615385 0.4570343197115384 0.8974335841346155 0.42767802644230773 0.7837979831730769 0.44567613701923076 0.7884475649038462 0.47503243028846154 0.9020831634615385 0.4570343197115384
1 0.9068486201923077 0.48712223317307696 0.9000697932692308 0.44432240625 0.7917841730769232 0.46147316346153844 0.7985629999999999 0.5042729903846154 0.9068486201923077 0.48712223317307696
1 0.9099773100961539 0.506876 0.905472576923077 0.47843423317307693 0.7976499350961539 0.4955116634615385 0.8021546682692308 0.5239534278846154 0.9099773100961539 0.506876
1 0.9137433245192308 0.5306536826923077 0.9089778677884616 0.500565766826923 0.8002292668269231 0.5177898533653846 0.8049947235576924 0.5478777692307693 0.9137433245192308 0.5306536826923077
1 0.9172631009615385 0.5528766706730769 0.9119906802884615 0.5195879134615384 0.8014930456730769 0.5370890192307692 0.8067654663461539 0.5703777764423077 0.9172631009615385 0.5528766706730769
1 0.7472348533653845 0.5204647932692308 0.7432226009615385 0.49513241586538465 0.6242370192307691 0.5139778798076923 0.6282492740384615 0.5393102572115385 0.7472348533653845 0.5204647932692308
1 0.7489927043269231 0.5518727836538462 0.7430974423076923 0.5146515673076923 0.6308507764423077 0.5324296923076923 0.6367460384615384 0.5696509110576924 0.7489927043269231 0.5518727836538462
1 0.7564719302884615 0.5644689663461538 0.752966639423077 0.5423374326923077 0.6433435216346154 0.5597000288461539 0.6468488125 0.5818315625 0.7564719302884615 0.5644689663461538
1 0.6131395528846154 0.5677650048076923 0.6087362115384616 0.5399634062499999 0.5864617812499999 0.543491329326923 0.5908651201923077 0.5712929278846154 0.6131395528846154 0.5677650048076923
1 0.6215318413461539 0.589122514423077 0.6168967451923077 0.559857673076923 0.587060326923077 0.5645832980769231 0.5916954230769231 0.5938481370192308 0.6215318413461539 0.589122514423077
1 0.5983350697115385 0.6041398822115385 0.5929467692307692 0.5701195048076924 0.48424961057692306 0.5873354447115384 0.48963790865384615 0.6213558197115384 0.5983350697115385 0.6041398822115385
1 0.47274885096153846 0.56965765625 0.47777503365384616 0.6013917163461538 0.5949601394230769 0.5828314182692308 0.5899339591346154 0.5510973581730769 0.47274885096153846 0.56965765625
1 0.4712038942307692 0.5512467451923077 0.47521614903846154 0.5765791250000001 0.5901892451923076 0.5583691754807693 0.5861769903846153 0.5330367956730769 0.4712038942307692 0.5512467451923077
1 0.46755919471153845 0.5225750168269231 0.4725708918269231 0.5542176274038462 0.5835315048076923 0.5366431923076923 0.5785198076923077 0.5050005817307692 0.46755919471153845 0.5225750168269231
1 0.46547234134615384 0.5034062163461539 0.47023779807692306 0.5334941274038462 0.5789349567307692 0.5162781899038461 0.5741695 0.4861902764423077 0.46547234134615384 0.5034062163461539
1 0.46208292788461536 0.48200630048076926 0.4664717836538462 0.5097164447115385 0.5769694158653846 0.49221533894230773 0.5725805600961539 0.46450519471153845 0.46208292788461536 0.48200630048076926
1 0.4665457259615385 0.4642375504807692 0.47144154567307694 0.4951485384615385 0.5783896754807692 0.47820961778846155 0.5734938557692307 0.4472986322115385 0.4665457259615385 0.4642375504807692
1 0.45940839663461536 0.4304941947115385 0.466056860576923 0.47247094951923074 0.5725420096153846 0.4556053581730769 0.5658935456730769 0.41362860336538465 0.45940839663461536 0.4304941947115385
1 0.45472547355769233 0.41258028846153844 0.4604903725961539 0.4489784326923077 0.5709880072115385 0.4314773269230769 0.565223108173077 0.3950791826923077 0.45472547355769233 0.41258028846153844
1 0.44949160096153845 0.38819137019230765 0.4561400649038462 0.430168125 0.5626252139423077 0.41330253365384617 0.55597675 0.3713257788461538 0.44949160096153845 0.38819137019230765
1 0.44089162259615383 0.37417900240384616 0.4460336802884616 0.4066446850961538 0.5592063004807692 0.3887199014423077 0.5540642427884616 0.35625422115384614 0.44089162259615383 0.37417900240384616
1 0.44055018509615385 0.3433903942307692 0.4473145264423077 0.38609876923076925 0.5560631274038461 0.36887468509615384 0.5492987860576923 0.3261663100961538 0.44055018509615385 0.3433903942307692
1 0.43727664903846153 0.32272210336538465 0.4445624375 0.3687227716346154 0.5524365240384616 0.3516371947115384 0.5451507331730769 0.3056365264423077 0.43727664903846153 0.32272210336538465
1 0.4351952283653846 0.29792763221153845 0.44235065625000003 0.3431052283653846 0.5452863004807692 0.32680182451923073 0.5381308725961539 0.28162422836538464 0.4351952283653846 0.29792763221153845
1 0.4272863677884615 0.27396238942307694 0.43532536057692306 0.32471859615384613 0.5480350048076923 0.3068671442307692 0.5399960120192308 0.2561109375 0.4272863677884615 0.27396238942307694
1 0.4283005240384616 0.2543961826923077 0.43594843269230765 0.30268316826923075 0.5393470552884615 0.28630643509615383 0.5316991466346154 0.23801944951923076 0.4283005240384616 0.2543961826923077
1 0.41997310096153845 0.2271223533653846 0.4277803389423077 0.27641531490384613 0.5424962235576923 0.2582461057692308 0.5346889855769231 0.2089531418269231 0.41997310096153845 0.2271223533653846