1 0.5357744423076923 0.5419585600961538 0.5333588004807692 0.5074132860576923 0.39879156971153845 0.5168231442307692 0.4012072091346154 0.5513684182692308 0.5357744423076923 0.5419585600961538
1 0.5956282860576922 0.5377731730769231 0.5930188750000001 0.500456889423077 0.5230335240384615 0.5053507403846154 0.5256429326923077 0.5426670240384616 0.5956282860576922 0.5377731730769231
1 0.8029042572115385 0.6191607355769231 0.7959415288461538 0.5195890649038462 0.6451119230769231 0.5301360985576923 0.6520746538461538 0.6297077692307693 0.8029042572115385 0.6191607355769231
1 1 0.5684038100961538 0.9996018293269231 0.5627097019230769 0.8495515697115384 0.5732022379807693 0.8559523725961539 0.6647379759615385 1 0.6546651850961538 1 0.5684038100961538
1 0.5225372451923077 0.2585805360576923 0.5172215432692308 0.18256245913461538 0.4102951466346154 0.19003948317307692 0.4156108485576923 0.2660575576923077 0.5225372451923077 0.2585805360576923
1 0.5923764158653846 0.2792220480769231 0.5865762956730769 0.1962764423076923 0.4692586057692308 0.20448009615384616 0.4750587259615384 0.28742569951923075 0.5923764158653846 0.2792220480769231
1 0.6149329831730769 0 0.6217552884615384 0.09756350240384615 0.9016966995192307 0.07798809134615385 0.8962432403846154 0 0.6149329831730769 0
1 0.05430949519230769 0.6027289302884615 0.05148693990384615 0.56236453125 0.006128949519230769 0.5655362716346154 0.008951504807692308 0.605900670673077 0.05430949519230769 0.6027289302884615
1 0.10305738221153846 0.5830768725961538 0.10112616346153845 0.5554591274038462 0.026620598557692308 0.5606690649038462 0.02855181730769231 0.5882868100961539 0.10305738221153846 0.5830768725961538
1 0.11075093028846153 0.5721431947115385 0.10881325 0.5444330817307692 0.09197935576923078 0.5456102211538462 0.09391703605769232 0.5733203341346154 0.11075093028846153 0.5721431947115385
1 0 0.2526089375 0.07077914663461539 0.2476595793269231 0.0662514326923077 0.18291028125 0 0.18754303125 0 0.2526089375
1 0 0.29205688461538465 0.08791612980769231 0.2859091875 0.08371782451923077 0.2258706105769231 0 0.2317247331730769 0 0.29205688461538465