2 0.5619083365384616 0.5709741057692308 0.5795820745192308 0.5000886129807692 0.5427916923076923 0.4909157403846154 0.5251179543269231 0.561801233173077 0.5619083365384616 0.5709741057692308
2 0.5238798509615384 0.5127292451923077 0.5126349615384616 0.5578300288461538 0.5341128605769231 0.5631850697115385 0.54535775 0.5180842884615384 0.5238798509615384 0.5127292451923077
2 0.5047587355769231 0.5409796225961538 0.513875608173077 0.5044138485576923 0.4928525336538462 0.4991722091346154 0.48373566346153846 0.5357379831730769 0.5047587355769231 0.5409796225961538
2 0.29693683173076924 0.4003210913461538 0.26550938701923077 0.5263696947115385 0.3359063629807692 0.5439216322115384 0.36733381009615385 0.41787302884615385 0.29693683173076924 0.4003210913461538
2 0.35015873076923076 0.5315388052884615 0.36738446634615385 0.46245015625 0.33953899759615386 0.45550750240384613 0.3223132644230769 0.5245961490384615 0.35015873076923076 0.5315388052884615
2 0.3649805817307692 0.4608965264423077 0.3496140625 0.5225282740384615 0.3690199759615385 0.5273667139423077 0.38438649759615384 0.46573496634615386 0.3649805817307692 0.4608965264423077
2 0.3897155 0.538443173076923 0.40391721153846155 0.4814832211538462 0.3792049903846154 0.47532177163461536 0.36500328125 0.5322817235576923 0.3897155 0.538443173076923
2 0 0.5954865216346155 0.20357580528846153 0.6462436682692307 0.304959 0.23961788701923076 0.0870972860576923 0.18529886057692307 0 0.5346269951923077 0 0.5954865216346155
1 0.48087200240384614 0.5439941490384615 0.4831568221153846 0.5348302427884616 0.4722409951923077 0.5321086225961539 0.46995617548076923 0.5412725264423077 0.48087200240384614 0.5439941490384615
1 0.45932092548076925 0.5294598509615385 0.45717050721153846 0.5380847019230769 0.46995617548076923 0.5412725264423077 0.47210659375 0.5326476754807692 0.45932092548076925 0.5294598509615385
1 0.9416355649038461 0.5470347403846154 0.94878121875 0.5183750817307693 0.8411895721153846 0.4915494711538461 0.8340439158653846 0.5202091298076923 0.9416355649038461 0.5470347403846154
1 0.9348713149038462 0.5573720528846153 0.9401129567307692 0.5363489759615384 0.8379792235576923 0.5108841754807693 0.8327375817307693 0.5319072524038462 0.9348713149038462 0.5573720528846153
1 0.9327050192307692 0.5763945072115384 0.9386410649038462 0.5525863221153846 0.8346880264423077 0.5266679182692308 0.8287519807692308 0.5504761033653847 0.9327050192307692 0.5763945072115384
1 0.9285385865384614 0.5931051538461538 0.9339146274038461 0.5715430288461538 0.8305680240384615 0.5457758245192308 0.8251919831730768 0.5673379519230769 0.9285385865384614 0.5931051538461538
1 0.827634264423077 0.6029686610576923 0.8311286923076923 0.5889532764423077 0.8192526754807693 0.5859922548076922 0.8157582475961539 0.6000076370192308 0.827634264423077 0.6029686610576923
1 0.9337000408653846 0.613954625 0.9403080937499999 0.5874511754807693 0.8356980865384614 0.5613689711538462 0.8290900336538461 0.5878724206730769 0.9337000408653846 0.613954625
1 0.8303878557692308 0.5893411298076923 0.8345766899038461 0.572540639423077 0.8208813677884615 0.5691260120192307 0.8166925360576923 0.5859265024038461 0.8303878557692308 0.5893411298076923
1 0.8215067596153846 0.6169955336538462 0.826098795673077 0.5985778822115384 0.8188215769230769 0.59676346875 0.8142295408653847 0.6151811177884615 0.8215067596153846 0.6169955336538462
1 0.8179123461538461 0.6327036754807692 0.8218099759615385 0.6170711322115385 0.8163520625 0.6157103221153846 0.8124544326923077 0.6313428629807691 0.8179123461538461 0.6327036754807692
1 0.8164565769230769 0.6477999158653845 0.8198166033653845 0.6343235865384614 0.8106695432692308 0.63204296875 0.8073095168269231 0.6455192980769231 0.8164565769230769 0.6477999158653845
1 0.8136773245192307 0.6563634086538461 0.8157157403846154 0.6481877668269231 0.8074783341346153 0.6461339495192308 0.8054399182692307 0.6543095913461539 0.8136773245192307 0.6563634086538461
1 0.9156176057692308 0.6955214879807692 0.92141925 0.6722523605769232 0.8140802860576923 0.64548975 0.8082786418269231 0.6687588798076922 0.9156176057692308 0.6955214879807692
1 0.8131952692307693 0.6309550120192308 0.8082224302884615 0.6508999807692307 0.9213225264423077 0.679099 0.9262953653846153 0.6591540336538462 0.8131952692307693 0.6309550120192308
1 0.8199442427884616 0.6142202740384616 0.814680201923077 0.6353331899038461 0.9210589783653845 0.6618563990384616 0.9263230192307692 0.6407434807692307 0.8199442427884616 0.6142202740384616
1 0.8245827091346154 0.5981998798076923 0.8190498653846153 0.6203909014423077 0.9254791778846154 0.6469267091346154 0.9310120216346154 0.6247356875 0.8245827091346154 0.5981998798076923
1 0.8299275961538461 0.5806379254807692 0.8246859543269232 0.6016610024038461 0.9246971658653845 0.6265965961538461 0.9299388076923076 0.6055735216346154 0.8299275961538461 0.5806379254807692
1 1 0.5361075721153846 0.94599925 0.522643673076923 0.9414296129807693 0.5409714807692307 1 0.55557471875 1 0.5361075721153846
1 1 0.5532844639423077 0.9425736538461538 0.53896646875 0.9384072211538462 0.5556771177884615 0.9964733557692308 0.5701546322115385 1 0.5560100336538462 1 0.5532844639423077
1 0.9921501201923076 0.5874941754807692 0.9964733557692308 0.5701546322115385 0.9393168725961538 0.5559039206730769 0.9349936394230769 0.5732434639423076 0.9921501201923076 0.5874941754807692
1 0.9879492740384616 0.6030511153846153 0.9922501081730769 0.5858014134615385 0.9366097115384615 0.571928704326923 0.9323088774038462 0.5891784086538462 0.9879492740384616 0.6030511153846153
1 0.9838948413461538 0.6193125552884615 0.9879492740384616 0.6030511153846153 0.9369076754807693 0.5903250168269231 0.9328532451923077 0.606586454326923 0.9838948413461538 0.6193125552884615
1 0.981513298076923 0.6353230985576922 0.9854109278846154 0.6196905576923076 0.9328532451923077 0.606586454326923 0.9289556129807692 0.6222189975961538 0.981513298076923 0.6353230985576922
1 0.9767868605769231 0.6542798028846154 0.981513298076923 0.6353230985576922 0.92622665625 0.6215385913461537 0.9215002211538461 0.6404952932692307 0.9767868605769231 0.6542798028846154
1 0.9716419447115385 0.668456235576923 0.9752707740384616 0.6539017980769231 0.9215002211538461 0.6404952932692307 0.917871391826923 0.6550497307692308 0.9716419447115385 0.668456235576923
1 0.9681595336538462 0.6837151682692307 0.9719451634615385 0.6685318341346154 0.92151 0.6559569375 0.9177243701923078 0.6711402692307692 0.9681595336538462 0.6837151682692307
1 0.9644651346153845 0.7011160721153846 0.9689003701923077 0.6833273149038461 0.9178587716346154 0.6706012163461538 0.9134235360576923 0.6883899711538461 0.9644651346153845 0.7011160721153846
0 0.6581594038461538 0.4295014495192308 0.6155990697115384 0.6002016225961538 0.7048460624999999 0.6224533966346153 0.7474063942307693 0.4517532235576923 0.6581594038461538 0.4295014495192308
0 0.6441821105769231 0.6016025432692308 0.684748829326923 0.4388983245192308 0.6302707692307692 0.4253154182692308 0.5897040504807692 0.5880196370192308 0.6441821105769231 0.6016025432692308
0 0.6114562524038462 0.42348724759615386 0.5702175288461538 0.5888867331730769 0.6020048245192308 0.5968121947115385 0.643243545673077 0.43141271153846156 0.6114562524038462 0.42348724759615386