3 0.7227998365384616 0.5907530745192308 0.6777908052884616 0.3790022331730769 0.44502224278846153 0.4284787163461538 0.4900312740384616 0.6402295600961538 0.7227998365384616 0.5907530745192308
3 0.9317038485576923 0.6800107235576923 0.8698693725961538 0.3891023798076923 0.5890085528846154 0.4488011899038461 0.65084303125 0.7397095336538461 0.9317038485576923 0.6800107235576923
3 0.6297591706730769 0.3379053197115385 0.6108738581730769 0.24905691346153846 0.47113120913461537 0.27876013221153845 0.4900165192307692 0.3676085360576923 0.6297591706730769 0.3379053197115385
3 0.5080665576923077 0.4189593413461538 0.47836213701923075 0.27921103124999996 0.2300043485576923 0.33200111057692305 0.25970876923076924 0.4717494206730769 0.5080665576923077 0.4189593413461538
3 0.4885227139423077 0.5669984879807692 0.45406327403846153 0.40487957932692303 0.2592998221153846 0.44627782932692306 0.2937592596153846 0.6083967379807692 0.4885227139423077 0.5669984879807692
3 0.29661551923076923 0.5647187908653846 0.2662565625 0.42189112740384616 0.18734246875 0.4386648365384615 0.21770142548076923 0.5814925 0.29661551923076923 0.5647187908653846
3 0.2601640264423077 0.4325575889423077 0.24102845192307693 0.3425317836538462 0.06078437740384616 0.38084384375 0.07991995192307691 0.4708696514423077 0.2601640264423077 0.4325575889423077
3 0.22412782932692307 0.5478470673076923 0.2008725216346154 0.4384394471153846 0.072745375 0.4656737139423077 0.09600068269230769 0.5750813341346154 0.22412782932692307 0.5478470673076923
3 0.5121300120192308 0.8418936706730769 0.4701241490384615 0.644271625 0.3710867043269231 0.6653226850961539 0.4130925673076923 0.8629447283653846 0.5121300120192308 0.8418936706730769
3 0.6810146298076922 0.8931790697115385 0.6330986850961539 0.6677522764423076 0.46890234375 0.7026532860576923 0.5168182884615384 0.9280800793269232 0.6810146298076922 0.8931790697115385
3 0.5467626225961538 1 0.6758949134615384 0.9725520841346154 0.6437456057692308 0.8213014831730768 0.5136315961538462 0.8489580697115385 0.5457365504807693 1 0.5467626225961538 1
3 0.9429479519230769 0.9065114134615384 0.9074874567307692 0.7396829062499999 0.6435404399038462 0.7957865769230769 0.6790009350961538 0.9626150841346154 0.9429479519230769 0.9065114134615384
3 0.5558913245192307 0.9678627235576923 0.51900625 0.7943320913461539 0.4114100120192308 0.8172023774038462 0.44829508653846156 0.9907330096153846 0.5558913245192307 0.9678627235576923
3 0.5356289735576923 1 0.5515658846153846 0.9966125048076923 0.5317180192307692 0.9032356394230768 0.42784078124999997 0.9253154278846154 0.44371547596153843 1 0.5356289735576923 1
3 0.4812967932692308 1 0.5004117620192308 0.9959369879807691 0.4507632211538462 0.7623589639423076 0.30939032451923076 0.7924087019230769 0.35351521634615385 1 0.4812967932692308 1
3 0.4245545024038462 0.8888121081730769 0.39063409375 0.7292291370192309 0.2550180048076923 0.7580552283653846 0.2889384110576923 0.9176381971153845 0.4245545024038462 0.8888121081730769
3 0.1646746730769231 0.6837330649038461 0.1991918653846154 0.8461236802884616 0.38687393509615386 0.806230625 0.3523567451923077 0.6438400072115384 0.1646746730769231 0.6837330649038461
3 0.1604743966346154 0.6822593317307692 0.14205111057692307 0.5955845865384616 0.1007345625 0.6043666899038461 0.1191578485576923 0.6910414350961538 0.1604743966346154 0.6822593317307692
3 0.19504001682692307 0.7772409038461539 0.17376757211538463 0.6771619134615385 0.12496208173076923 0.6875358389423076 0.1462345264423077 0.7876148317307692 0.19504001682692307 0.7772409038461539
3 0.14968803365384614 0.7552639326923077 0.13411390865384615 0.6819934350961538 0.1225493485576923 0.6844515576923077 0.1381234735576923 0.7577220576923077 0.14968803365384614 0.7552639326923077
3 0.14176691346153847 0.7205030721153847 0.12334362740384616 0.6338283269230769 0.08819144951923077 0.6413001538461539 0.10661473557692308 0.7279748990384616 0.14176691346153847 0.7205030721153847
3 0.11708317307692308 0.7005698918269231 0.0982748653846154 0.6120837620192308 0.057009264423076925 0.6208550360576923 0.07581757211538462 0.7093411658653845 0.11708317307692308 0.7005698918269231
3 0.09115446153846155 0.66651284375 0.08131715865384616 0.6202319711538462 0.02604162980769231 0.6319811466346154 0.03587893269230769 0.6782620192307692 0.09115446153846155 0.66651284375
3 0.11338679567307691 0.6172964639423076 0.10314522115384615 0.569113641826923 0.030140766826923075 0.5846312163461538 0.04038234375 0.6328140408653845 0.11338679567307691 0.6172964639423076
3 0.20340101201923078 0.42578537019230767 0.1766035048076923 0.29971301201923073 0.030645540865384617 0.33073733413461537 0.05744304807692308 0.45680969230769236 0.20340101201923078 0.42578537019230767
3 0.07285361057692308 0.4574151826923077 0.05550838701923077 0.37581231490384615 0.022139290865384614 0.3829051346153846 0.03948451442307692 0.46450800480769233 0.07285361057692308 0.4574151826923077
3 0.08388448076923077 0.5093113509615385 0.07285361057692308 0.4574151826923077 0.043662019230769226 0.4636200480769231 0.05469288942307692 0.5155162139423077 0.08388448076923077 0.5093113509615385
3 0 0.4633716298076923 0.01373882451923077 0.5280077139423077 0.06381794471153847 0.5173630697115384 0.047281264423076924 0.4395641081730769 0 0.44961405288461537 0 0.4633716298076923
3 0 0.5101971995192307 0.02017038221153846 0.5059098509615384 0.005674317307692308 0.4377112259615385 0 0.4389173389423077 0 0.5101971995192307
3 0.029920019230769233 0.6477224735576923 0.01788809375 0.5911167091346153 0.00988969951923077 0.5928168197115384 0.021921627403846154 0.6494225841346153 0.029920019230769233 0.6477224735576923