1 0.7367980288461538 0.04588517788461539 0.7467500096153846 0.14057194951923077 0.8906448966346154 0.12544798798076923 0.8806929158653846 0.030761216346153846 0.7367980288461538 0.04588517788461539
1 0.22452060336538462 0.13764374759615386 0.21472106009615383 0.04440731971153847 0.014418134615384616 0.0654600048076923 0.02421767788461538 0.15869643269230768 0.22452060336538462 0.13764374759615386
1 0 0.18239938221153845 0.026417129807692306 0.17962282932692306 0.01931790625 0.11207821875 0 0.11410861298076923 0 0.18239938221153845
1 0.48609688701923076 0.06427465625 0.48269971153846153 0.03195269471153846 0.27664720673076926 0.05360968509615384 0.2800443822115385 0.08593164663461539 0.48609688701923076 0.06427465625
1 0.6252700120192307 0 0.5014478076923077 0.01301423798076923 0.5112473509615385 0.10625066586538462 0.7319068966346154 0.08305841346153847 0.7231771057692308 0 0.6252700120192307 0
3 0.7655463653846154 0.43899197115384614 0.7578373918269231 0.36564598317307695 0.604618860576923 0.38174989903846157 0.6123278365384615 0.4550958894230769 0.7655463653846154 0.43899197115384614
3 0.7761830937499999 0.5132871274038462 0.7682127980769231 0.4374548341346154 0.6515118677884615 0.44972059615384613 0.6594821634615384 0.5255528894230769 0.7761830937499999 0.5132871274038462
3 0.6613716274038463 0.5240974134615385 0.6521600552884615 0.43645517307692305 0.4773417524038462 0.45482931490384615 0.4865533245192308 0.5424715576923077 0.6613716274038463 0.5240974134615385
3 0.48715392067307695 0.5197844975961539 0.4794667235576923 0.4466456971153846 0.39508775721153844 0.45551428365384616 0.4027749543269231 0.5286530841346153 0.48715392067307695 0.5197844975961539
3 0.39964768749999996 0.46152892548076924 0.3915467307692308 0.3844534783653846 0.25122590865384614 0.39920179086538465 0.25932686298076923 0.4762772379807692 0.39964768749999996 0.46152892548076924
3 0.40618878846153844 0.5417010504807692 0.3973691995192308 0.45778826442307696 0.2638857139423077 0.47181794471153843 0.2727053028846154 0.5557307307692307 0.40618878846153844 0.5417010504807692
3 0.23360326201923076 0.5424536081730769 0.21476636057692305 0.36323247355769234 0.09899779567307693 0.3754002403846154 0.1178346971153846 0.5546213725961538 0.23360326201923076 0.5424536081730769
3 0.10880245673076924 0.4881178533653846 0.10179033894230768 0.4214020096153846 0.006533788461538461 0.4314138774038462 0.01354590625 0.49812971874999995 0.10880245673076924 0.4881178533653846
3 0.1209138076923077 0.5465469519230769 0.11470743028846155 0.4874972139423077 0.020383245192307695 0.49741108653846156 0.026589622596153845 0.5564608245192308 0.1209138076923077 0.5465469519230769
3 0.19186093509615385 0.6938964879807692 0.18278002403846155 0.6074973990384616 0.06996394711538462 0.6193548461538462 0.07904485576923077 0.7057539350961538 0.19186093509615385 0.6938964879807692
3 0.15595956249999998 0.7663796081730769 0.14783682932692307 0.6890969687499999 0.07713253846153846 0.6965282884615385 0.08525527163461538 0.7738109278846154 0.15595956249999998 0.7663796081730769
3 0.2889255216346154 0.7668585048076924 0.27766693509615387 0.6597402067307693 0.14216332692307693 0.6739822115384615 0.15342191346153847 0.7811005072115385 0.2889255216346154 0.7668585048076924
3 0.10077073798076924 0.7510226153846153 0.09018723076923077 0.6503272740384615 0.015598088942307693 0.6581669086538462 0.026181596153846153 0.75886225 0.10077073798076924 0.7510226153846153
3 0.4232841129807693 0.7701237596153846 0.4093905384615385 0.6379352259615385 0.2788595408653846 0.6516545865384615 0.2927531153846154 0.7838431201923076 0.4232841129807693 0.7701237596153846
3 0.6076102235576923 0.7585010985576923 0.5945441658653846 0.6341858629807693 0.45220321874999997 0.6491464975961538 0.4652692764423077 0.7734617355769231 0.6076102235576923 0.7585010985576923
3 0.7270023173076924 0.7434387139423078 0.7147637764423076 0.6269967740384617 0.5735105889423078 0.6418430817307693 0.5857491298076923 0.7582850216346154 0.7270023173076924 0.7434387139423078
3 0.8067589278846155 0.6053872836538461 0.7998774711538462 0.5399145913461538 0.6889261225961539 0.5515760480769231 0.6958075793269232 0.6170487403846153 0.8067589278846155 0.6053872836538461
3 0.8146805528846154 0.6613240096153846 0.8093234711538462 0.6103547620192308 0.6954196346153847 0.6223265384615384 0.70077671875 0.6732957836538461 0.8146805528846154 0.6613240096153846
3 0.8150077716346154 0.730208829326923 0.8072987956730769 0.6568628389423077 0.7198119495192308 0.6660580793269231 0.7275209230769231 0.7394040673076923 0.8150077716346154 0.730208829326923
3 0.8795210336538462 0.722171326923077 0.8718120600961539 0.6488253365384615 0.8031278918269231 0.6560443341346154 0.8108368653846154 0.7293903245192308 0.8795210336538462 0.722171326923077
3 0.7981627884615385 0.6088045456730768 0.8046304879807693 0.6703405865384616 0.8762671418269231 0.6628112716346154 0.8697994447115385 0.6012752283653846 0.7981627884615385 0.6088045456730768
3 0.799772625 0.5478858870192307 0.8058265649038462 0.6054852788461539 0.8745107331730769 0.59826628125 0.8684567932692308 0.540666889423077 0.799772625 0.5478858870192307
3 0.9696038677884615 0.691336189903846 0.9525526610576923 0.5291048052884615 0.854343625 0.5394269903846154 0.871394829326923 0.701658375 0.9696038677884615 0.691336189903846
3 0.8983999711538462 0.49520459375 0.8904296754807692 0.4193722980769231 0.779478326923077 0.43103375480769235 0.7874486201923077 0.5068660504807693 0.8983999711538462 0.49520459375
3 0.9531492211538463 0.49741048798076926 0.9473566033653846 0.4422974014423077 0.8768077043269231 0.4497123894230769 0.8826003245192309 0.5048254759615385 0.9531492211538463 0.49741048798076926
3 1 0.49023900240384616 0.9928077403846154 0.4218092259615384 0.9447909807692307 0.42685599278846154 0.9527612764423077 0.5026882860576923 1 0.4977232956730769 1 0.49023900240384616
3 1 0.5838199423076923 0.9735214735576924 0.5866029471153846 0.9820361875000001 0.667615045673077 1 0.6657269735576924 1 0.5838199423076923