1 1 0.11357326923076923 0.9458258846153846 0.10787934134615385 0.9322855769230769 0.23670676201923074 0.9947021850961538 0.2432670120192308 1 0.19286167067307694 1 0.11357326923076923
1 0.9291773173076923 0.28023140384615386 0.9382945216346154 0.19348699278846154 0.902450295673077 0.18971961298076925 0.8933330913461539 0.27646402403846154 0.9291773173076923 0.28023140384615386
1 0.8983996057692308 0.3039962956730769 0.9042938509615385 0.24791631009615384 0.8798969855769231 0.24535209615384618 0.8740027403846155 0.30143208173076924 0.8983996057692308 0.3039962956730769
1 0.8673985697115385 0.3368617716346154 0.8732928149038461 0.28078178846153845 0.8517448389423077 0.2785170048076923 0.84585059375 0.33459698798076926 0.8673985697115385 0.3368617716346154
1 0.8446407740384616 0.34610765865384613 0.8497316971153845 0.29767075721153846 0.8325347572115385 0.2958632860576923 0.8274438341346154 0.3443001875 0.8446407740384616 0.34610765865384613
1 0.9117282211538461 0.2255151418269231 0.9177579639423077 0.16814596153846154 0.8782878774038461 0.16399749038461536 0.8722581322115384 0.22136666826923077 0.9117282211538461 0.2255151418269231
1 0.9513734471153845 0.15873782932692307 0.9595421538461538 0.0810177860576923 0.889252247596154 0.07363001923076923 0.8810835408653847 0.1513500625 0.9513734471153845 0.15873782932692307
1 0.8785239783653847 0.03768205288461539 0.8734330552884615 0.08611894951923077 0.9071535625 0.08966311778846155 0.9122444855769231 0.04122622115384615 0.8785239783653847 0.03768205288461539
1 0.8734715625 0.14803624038461538 0.8797723076923076 0.08808867067307692 0.8489006899038463 0.0848439326923077 0.8425999471153846 0.14479150240384617 0.8734715625 0.14803624038461538
1 0.1457402235576923 0 0.13093694471153847 0.14084380048076922 0.2643686346153846 0.15486803605769228 0.28004790384615386 0.005689752403846154 0.22591352403846152 0 0.1457402235576923 0
1 0.052940192307692306 0 0.05013603125 0.026679807692307694 0.14482280288461538 0.03663178846153846 0.1486729591346154 0 0.052940192307692306 0
1 0.2654061875 0 0.25679629807692306 0.08191762259615384 0.3565074759615384 0.0923976875 0.3662188653846154 0 0.2654061875 0
1 0.24863675480769232 0.10424256971153846 0.23925823076923078 0.19347328365384617 0.34254347115384615 0.204329 0.35192199759615383 0.11509828605769232 0.24863675480769232 0.10424256971153846
1 0.3312407764423077 0.14644154567307693 0.3226655697115385 0.22802917548076923 0.40155394711538467 0.2363206778846154 0.4101291514423077 0.1547330480769231 0.3312407764423077 0.14644154567307693
1 0.3922186730769231 0.19409504086538462 0.38417578846153844 0.27061797596153847 0.44369170673076924 0.2768733509615385 0.45173459134615385 0.2003504158653846 0.3922186730769231 0.19409504086538462
1 0.43736769711538465 0.2543295552884616 0.43348659375 0.2912557836538462 0.4707811658653846 0.29517560096153844 0.47466226923076926 0.2582493725961538 0.43736769711538465 0.2543295552884616
1 0.471651 0.23856753125000002 0.46602775721153844 0.292069125 0.50259715625 0.29591272596153845 0.5082204014423077 0.24241113221153845 0.471651 0.23856753125000002
1 0.4640658894230769 0.2828319711538462 0.4605816081730769 0.31598269951923075 0.5337722043269231 0.32367534134615383 0.5372564855769231 0.2905246129807692 0.4640658894230769 0.2828319711538462
1 0.532796826923077 0.31202810096153843 0.5306578653846153 0.33237896875 0.5450059158653846 0.33388700961538464 0.5471448798076923 0.31353614423076925 0.532796826923077 0.31202810096153843
3 0.3717927932692308 0.7900394158653847 0.3878301682692307 0.6374539735576923 0.28609886778846155 0.6267615817307692 0.27006149278846153 0.7793470240384616 0.3717927932692308 0.7900394158653847
3 0.1871346514423077 0.7935343076923077 0.20396566826923077 0.6333978653846154 0.13611026923076924 0.6262659735576922 0.11927925240384615 0.7864024182692309 0.1871346514423077 0.7935343076923077
3 0 0.8519787596153846 0.11753009375 0.8643316706730769 0.1434783173076923 0.6174508197115384 0 0.602370641826923 0 0.8519787596153846
3 0.23322164182692307 0.7526648581730769 0.24114838221153848 0.6772469495192308 0.19872580769230772 0.67278815625 0.1907990673076923 0.7482060673076922 0.23322164182692307 0.7526648581730769
3 0.20769372115384616 0.5670351201923076 0.21659799759615384 0.48231658894230767 0.07456783894230769 0.4673886177884615 0.0656635625 0.5521071490384615 0.20769372115384616 0.5670351201923076
3 0 0.583377704326923 0.06169535336538461 0.5898621490384616 0.07338705528846154 0.4786230336538461 0.005583451923076923 0.47149658653846155 0 0.5246195841346154 0 0.583377704326923
3 0.25545364903846157 0.5511068028846154 0.26218025 0.48710747596153847 0.19753632692307693 0.48031312740384613 0.19080972596153847 0.5443124543269231 0.25545364903846157 0.5511068028846154
3 0.30890422115384614 0.4710702764423077 0.3124756105769231 0.4370907764423077 0.22447078125 0.4278410961538462 0.22089939182692309 0.46182059615384613 0.30890422115384614 0.4710702764423077
3 0.3045488677884615 0.5125086875 0.30890422115384614 0.4710702764423077 0.26223420913461537 0.4661650600961539 0.25787885576923075 0.5076034711538462 0.3045488677884615 0.5125086875
3 0.2994538293269231 0.5405556802884616 0.30262839903846156 0.5103516826923077 0.25808210576923074 0.5056696778846154 0.25490753846153846 0.5358736778846154 0.2994538293269231 0.5405556802884616
3 0.3732149567307692 0.46060562259615384 0.3753926346153846 0.43988641586538463 0.32131550721153845 0.4342026802884615 0.3191378293269231 0.45492188701923075 0.3732149567307692 0.46060562259615384
3 0.36881085817307696 0.49254244230769234 0.3717821778846154 0.4642722379807692 0.3251121658653846 0.45936702163461535 0.32214084615384614 0.48763722596153847 0.36881085817307696 0.49254244230769234
3 0.36435496153846153 0.5244738221153846 0.3677231009615385 0.4924281153846154 0.32214084615384614 0.48763722596153847 0.3187727067307692 0.5196829350961538 0.36435496153846153 0.5244738221153846
3 0.42343602163461536 0.6355170408653846 0.43274679567307694 0.5469309230769231 0.37229851201923075 0.5405775528846154 0.36298773557692304 0.6291636706730769 0.42343602163461536 0.6355170408653846
3 0.41692296634615383 0.5106335961538462 0.42005881971153847 0.48079793990384617 0.3979410673076923 0.4784732716346154 0.39480521153846154 0.5083089278846153 0.41692296634615383 0.5106335961538462
3 0.45340814903846155 0.4604688245192308 0.4557116466346154 0.43855250961538467 0.4089380384615385 0.43363640625 0.4066345408653846 0.45555272115384615 0.45340814903846155 0.4604688245192308
3 0.45109497115384617 0.4824772259615384 0.45340814903846155 0.4604688245192308 0.4216559639423077 0.4571315360576923 0.41934278846153844 0.4791399375 0.45109497115384617 0.4824772259615384
3 0.4480657668269231 0.502827625 0.45021440625000003 0.4823846754807692 0.41934278846153844 0.4791399375 0.41719414663461535 0.49958288701923076 0.4480657668269231 0.502827625
3 0.8961925649038461 0.6832506009615386 0.9079133028846154 0.5717352283653846 0.8434247740384616 0.5649572115384616 0.8317040360576923 0.6764725817307693 0.8961925649038461 0.6832506009615386
3 0.9135263197115384 0.5437426754807693 0.9234274879807691 0.4495393509615385 0.87219925 0.4441550456730769 0.8622980817307693 0.5383583725961538 0.9135263197115384 0.5437426754807693
3 0.9066945336538462 0.5494487067307692 0.9101594591346154 0.5164821490384616 0.8898028389423077 0.5143425817307692 0.8863379134615385 0.5473091394230769 0.9066945336538462 0.5494487067307692
3 0.9200127139423077 0.5587622259615385 0.9234776394230769 0.5257956682692307 0.9066950817307693 0.52403175 0.90323015625 0.5569983076923077 0.9200127139423077 0.5587622259615385
3 0.98802834375 0.5793177331730769 0.9925772668269232 0.5360376129807692 0.9427475745192309 0.5308003028846154 0.9381986514423077 0.5740804230769231 0.98802834375 0.5793177331730769
3 0.9366653269230769 0.5682400024038462 0.9418143197115385 0.51925059375 0.9259123293269231 0.5175792259615385 0.9207633341346154 0.5665686370192308 0.9366653269230769 0.5682400024038462
3 1 0.4281670192307692 0.9848104783653846 0.4265705360576923 0.96817303125 0.5848652716346154 0.9903943798076923 0.5872008293269231 1 0.4958094567307692 1 0.4281670192307692
3 0.47546833173076924 0.12352150240384616 0.48061732692307696 0.07453209134615385 0.4042670504807692 0.06650735336538462 0.3991180552884615 0.11549676442307691 0.47546833173076924 0.12352150240384616
3 0.47309708413461543 0.14608241586538462 0.47546833173076924 0.12352150240384616 0.4002058149038462 0.11561109374999999 0.3978345673076923 0.13817200721153847 0.47309708413461543 0.14608241586538462
3 0.4680411153846154 0.18372308413461538 0.47200932692307696 0.14596808894230767 0.3978345673076923 0.13817200721153847 0.39386635817307697 0.17592700240384615 0.4680411153846154 0.18372308413461538
3 0.46487622596153844 0.21383499759615385 0.4680411153846154 0.18372308413461538 0.43198969711538465 0.17993392788461537 0.4288248076923077 0.21004584134615384 0.46487622596153844 0.21383499759615385
3 0.45221957211538466 0.25253885576923074 0.45638135336538466 0.2129421514423077 0.42991256490384616 0.21016017067307693 0.42575078365384617 0.249756875 0.45221957211538466 0.25253885576923074
3 0.4752376129807692 0.23782726682692307 0.48415156730769227 0.1530166514423077 0.4650380985576923 0.1510077451923077 0.45612414423076925 0.23581836057692307 0.4752376129807692 0.23782726682692307
1 0.5259841153846154 0.5681821826923077 0.5236031899038461 0.5908351802884615 0.5431828389423077 0.5928930841346154 0.5455637644230769 0.5702400865384616 0.5259841153846154 0.5681821826923077
3 0.5211306995192307 0.5570583677884615 0.5195143798076923 0.5724366225961538 0.5400263918269231 0.5745925240384615 0.5416427115384616 0.5592142668269231 0.5211306995192307 0.5570583677884615
3 0.523511625 0.5344053701923077 0.5211306995192307 0.5570583677884615 0.5429894615384615 0.5593558149038461 0.5453703894230769 0.5367028173076923 0.523511625 0.5344053701923077
3 0.5265264903846154 0.5191741057692307 0.5249101706730769 0.5345523629807692 0.5453703894230769 0.5367028173076923 0.5469867091346153 0.5213245625 0.5265264903846154 0.5191741057692307
3 0.52959459375 0.48998304807692306 0.5265264903846154 0.5191741057692307 0.5451737764423077 0.5211340144230769 0.5482418798076923 0.4919429567307692 0.52959459375 0.48998304807692306
3 0.4566538605769231 0.4569927572115385 0.4532566850961538 0.48931471875 0.4696248557692308 0.4910350817307692 0.47302203125 0.4587131201923077 0.4566538605769231 0.4569927572115385