1 0.6918363004807693 0.8691660889423076 0.7061443677884616 0.7056241274038462 0.5775729903846154 0.6943755889423078 0.5632649230769231 0.8579175504807692 0.6918363004807693 0.8691660889423076
1 0.7728247692307693 0.7304886586538462 0.7802511658653846 0.6456045673076923 0.7036686995192307 0.6389044711538462 0.6962423028846154 0.7237885600961539 0.7728247692307693 0.7304886586538462
1 0.6680841923076923 0.025552420673076923 0.6581883846153846 0.13866202644230768 0.7808448557692308 0.14939307692307693 0.7907406634615385 0.036283471153846156 0.6680841923076923 0.025552420673076923
1 0.82829440625 0.20582665865384617 0.8216850961538462 0.2813714206730769 0.8641790240384615 0.28508915865384615 0.8707883365384615 0.20954439663461538 0.82829440625 0.20582665865384617
1 0.8674836802884616 0.2473167764423077 0.8626538004807693 0.30252256490384616 0.88973784375 0.30489211298076924 0.8945677235576923 0.24968632451923078 0.8674836802884616 0.2473167764423077
1 0.6158206634615385 0.5153612235576923 0.6071414038461538 0.614565610576923 0.7344675384615384 0.6257052043269231 0.7431467980769231 0.5265008173076923 0.6158206634615385 0.5153612235576923
4 0.8307149927884615 0.6801341754807692 0.8529578653846154 0.42589698557692307 0.7734179447115385 0.41893814423076925 0.7511750721153846 0.6731753341346154 0.8307149927884615 0.6801341754807692
4 0.8578918918269232 0.6348304038461539 0.8757588197115385 0.43061049038461535 0.8374675865384614 0.4272604423076923 0.8196006586538461 0.6314803557692308 0.8578918918269232 0.6348304038461539
4 0.8845786826923077 0.6076779879807692 0.8990138533653845 0.4426832403846154 0.8616565528846153 0.43941490144230766 0.8472213822115384 0.6044096466346154 0.8845786826923077 0.6076779879807692
4 0.9023983822115385 0.5868601923076923 0.9151267524038461 0.4413742572115385 0.8899105745192308 0.43916812740384614 0.8771822043269231 0.5846540625000001 0.9023983822115385 0.5868601923076923
4 0.917945485576923 0.5633340192307692 0.9282770721153846 0.4452434399038462 0.9089758004807693 0.4435547980769231 0.8986442139423076 0.5616453774038461 0.917945485576923 0.5633340192307692
4 0.9256450889423077 0.5506233846153846 0.9351959062499999 0.44145704807692304 0.9232104399038461 0.4404084567307692 0.9136596225961539 0.5495747932692308 0.9256450889423077 0.5506233846153846
3 0.7660621081730769 0.5496276899038461 0.7778644495192307 0.41472632451923075 0.717937110576923 0.4094833629807692 0.7061347716346155 0.5443847259615384 0.7660621081730769 0.5496276899038461
3 0.6917974903846154 0.18656520432692308 0.68055803125 0.31503281250000004 0.7425088870192307 0.32045281009615384 0.7537483485576922 0.19198520192307691 0.6917974903846154 0.18656520432692308
3 0.8381959543269232 0.37232320432692306 0.8466028509615384 0.27623192307692307 0.7687751394230768 0.2694228822115385 0.7603682427884616 0.3655141634615384 0.8381959543269232 0.37232320432692306
3 0.8511518100961539 0.3855861826923077 0.8603213197115385 0.2807782019230769 0.8405530817307691 0.2790487043269231 0.8313835721153846 0.3838566875 0.8511518100961539 0.3855861826923077
3 0.8755586634615384 0.39525015625000004 0.8820045576923078 0.32157325721153845 0.8608354206730768 0.3197211971153846 0.8543895264423077 0.39339809615384613 0.8755586634615384 0.39525015625000004
3 0.8872848004807692 0.40464122596153845 0.8932586009615384 0.33636038221153847 0.879560923076923 0.3351619903846154 0.8735871225961538 0.4034428341346154 0.8872848004807692 0.40464122596153845
3 0.8987202764423077 0.4048051826923077 0.9048211778846155 0.33507155288461543 0.8917461225961538 0.3339276346153846 0.8856452211538461 0.4036612644230769 0.8987202764423077 0.4048051826923077
1 0.40039643269230774 0.9823210192307692 0.4069149543269231 0.9078139591346154 0.2909516658653846 0.8976684855769231 0.2844331418269231 0.972175545673077 0.40039643269230774 0.9823210192307692