1 0.4963157331730769 0.6927038581730769 0.50415975 0.6030463341346154 0.157515125 0.5727188605769231 0.14967110817307694 0.6623763822115385 0.4963157331730769 0.6927038581730769
1 0.7407366562500001 0.28871926201923076 0.7550447235576924 0.12517729807692307 0.4541627932692308 0.09885354086538461 0.43985472596153846 0.2623955024038462 0.7407366562500001 0.28871926201923076
1 0.8278316274038461 0.34736659375 0.836111420673077 0.25272809615384617 0.7543923245192308 0.24557860096153844 0.7461125288461539 0.34021709855769233 0.8278316274038461 0.34736659375
1 0.8701807211538461 0.3903879350961538 0.8768808173076923 0.3138054663461538 0.8262928052884615 0.3093795889423077 0.8195927091346153 0.3859620576923077 0.8701807211538461 0.3903879350961538
1 0.8091386298076924 0.6847294927884615 0.8148219110576923 0.6197692956730769 0.5217227524038461 0.5941264423076923 0.5160394711538461 0.659086639423077 0.8091386298076924 0.6847294927884615
1 0.8751571802884615 0.6813036826923077 0.8788976129807692 0.638550329326923 0.8118101274038462 0.6326809350961539 0.8080696923076923 0.6754342884615384 0.8751571802884615 0.6813036826923077
1 0.9348658245192307 0.15659429086538462 0.9410030432692308 0.08644558173076923 0.9000656658653846 0.0828640264423077 0.8939284495192308 0.15301273557692308 0.9348658245192307 0.15659429086538462
1 0.9836880024038461 0.23677955288461539 0.9908420360576924 0.1550085721153846 0.9383861586538462 0.15041927644230768 0.931232125 0.23219025961538461 0.9836880024038461 0.23677955288461539
1 0.9045859783653847 0.41305614423076925 0.9095792764423076 0.3559824903846154 0.87346721875 0.35282309375 0.8684739206730769 0.4098967475961538 0.9045859783653847 0.41305614423076925
1 0.9457104783653846 0.4467686658653846 0.950031951923077 0.3973740120192308 0.9101841634615385 0.39388778125 0.9058626923076923 0.4432824375 0.9457104783653846 0.4467686658653846
1 0.9650041322115384 0.46288655288461544 0.9681816850961538 0.4265669543269231 0.9448333701923077 0.42452424038461534 0.9416558173076923 0.4608438389423077 0.9650041322115384 0.46288655288461544
1 0.9898391442307692 0.48199879326923073 0.9926717067307693 0.4496224663461538 0.9663659399038462 0.4473210096153846 0.9635333774038461 0.4796973389423077 0.9898391442307692 0.48199879326923073