1 1 0.16214978124999999 0.9225702019230769 0.14427370432692307 0.8945971225961539 0.26543842548076924 1 0.28977259855769233 1 0.16214978124999999
1 0.8971315144230769 0.31211219471153845 0.9184810360576924 0.21963725721153848 0.8615920360576923 0.20650339663461537 0.840242514423077 0.2989783341346154 0.8971315144230769 0.31211219471153845
1 0.8267870024038462 0.3445263004807692 0.8464077331730769 0.25953957932692306 0.8070269447115385 0.2504478076923077 0.7874062139423077 0.3354345288461538 0.8267870024038462 0.3445263004807692
1 0.7772810120192308 0.3633158966346154 0.7942773125 0.2896968245192308 0.7647417211538462 0.28287799519230766 0.7477454182692308 0.3564970673076923 0.7772810120192308 0.3633158966346154
1 0 0.8464977836538462 0.067465375 0.862073391826923 0.0993750985576923 0.7238571923076923 0 0.7009146442307692 0 0.8464977836538462
1 0.17335455288461538 0.7831291971153846 0.19757844951923076 0.6782039759615385 0.11044337740384616 0.6580872596153846 0.08621948076923076 0.7630124807692307 0.17335455288461538 0.7831291971153846
1 0.23220797355769232 0.7046342956730769 0.24922510336538461 0.6309250024038462 0.18244015625 0.615506483173077 0.1654230264423077 0.6892157740384615 0.23220797355769232 0.7046342956730769
1 0.3932461177884615 0.7521709471153847 0.41484558413461536 0.6586133798076923 0.2690960625 0.6249644519230769 0.24749659615384617 0.7185220192307693 0.3932461177884615 0.7521709471153847
1 0.13066576442307692 0 0.11199667307692307 0.08086472115384616 0.23145850240384616 0.10844465865384614 0.25649492307692306 0 0.13066576442307692 0
1 0.23016704567307694 0.05939705769230769 0.20910912740384616 0.15060892067307693 0.3004563221153846 0.17169808173076923 0.3215142379807692 0.08048621875 0.23016704567307694 0.05939705769230769
1 0.31480718990384615 0.042161875 0.29837326442307693 0.11334502163461538 0.3567339735576923 0.12681865384615384 0.37316789663461536 0.05563550721153846 0.31480718990384615 0.042161875
1 0.36629679567307694 0.10137321153846154 0.3507168533653846 0.16885736057692308 0.38796620673076926 0.1774570504807692 0.4035461514423077 0.1099729014423077 0.36629679567307694 0.10137321153846154
1 0.2752760360576923 0.12378728124999999 0.2565301153846154 0.2049847860576923 0.33381999038461535 0.22282856009615384 0.3525659110576923 0.14163105528846154 0.2752760360576923 0.12378728124999999
1 0.3337689278846154 0.18461545432692306 0.32020937980769226 0.24334831490384617 0.37217578125000006 0.2553457043269231 0.38573533173076924 0.19661284375 0.3337689278846154 0.18461545432692306
1 0.3644341875 0.2312267980769231 0.3563734423076923 0.26614172596153846 0.3943332764423077 0.27490544471153844 0.4023940216346154 0.23999051682692307 0.3644341875 0.2312267980769231
1 0.39393063221153846 0.26692514903846154 0.3881610552884615 0.2919159375 0.4085619278846154 0.2966258485576923 0.4143315048076923 0.2716350625 0.39393063221153846 0.26692514903846154
1 0.38717251923076923 0.1903876995192308 0.3780911610576923 0.2297233798076923 0.42422149278846155 0.24037340625 0.4333028509615385 0.20103772596153846 0.38717251923076923 0.1903876995192308
1 0.42449876923076924 0 0.41145639423076924 0.05649273798076923 0.4423621947115385 0.06362790384615384 0.45705185336538456 0 0.42449876923076924 0
1 0.44378778124999996 0.02851152403846154 0.4267706490384615 0.10222081490384616 0.4457505673076923 0.10660267548076924 0.46276769951923075 0.032893382211538466 0.44378778124999996 0.02851152403846154
2 0.5576784447115385 0.6284902451923077 0.6309333389423077 0.31118843990384615 0.552932985576923 0.2931806394230769 0.47967809375 0.6104824447115385 0.5576784447115385 0.6284902451923077
2 0.424935875 0.25441244711538463 0.3554301658653846 0.5554747524038461 0.43134983173076924 0.5730021875 0.5008555408653846 0.2719398822115385 0.424935875 0.25441244711538463
4 0.6466018004807693 0.6450286370192307 0.6792821899038461 0.5034743197115384 0.5722537283653846 0.4787648509615385 0.5395733389423077 0.620319170673077 0.6466018004807693 0.6450286370192307
4 0.6777513100961539 0.6758820817307692 0.71436834375 0.5172762860576923 0.6862537091346154 0.5107855096153846 0.6496366754807692 0.6693913052884616 0.6777513100961539 0.6758820817307692
3 0.933927983173077 0.8336643533653846 0.9537361730769232 0.74786565625 0.8551826995192309 0.7251127932692308 0.8353745096153846 0.8109114903846154 0.933927983173077 0.8336643533653846
3 0.9339257884615384 0.8431666634615385 0.8592240841346155 0.8259204158653847 0.8361457716346153 0.925883564903846 0.9108474759615385 0.9431298124999999 0.9339257884615384 0.8431666634615385
3 0.9018978822115385 0.97888484375 0.9279338846153846 0.86611053125 0.899819247596154 0.8596197572115384 0.8737832475961539 0.9723940697115385 0.9018978822115385 0.97888484375
3 0.8379776947115385 0.8871548990384616 0.8595771610576922 0.7935973269230769 0.8350656634615384 0.7879384014423076 0.8134661971153846 0.8814959735576923 0.8379776947115385 0.8871548990384616
3 1 0.5491044423076923 0.9642711875000001 0.5408557932692308 0.9444213389423077 0.6268349302884615 0.9812139567307692 0.6353291754807693 1 0.5539578870192308 1 0.5491044423076923
3 0.9639445841346154 0.7068896105769231 0.9825863605769231 0.626143204326923 0.9486864038461539 0.61831678125 0.9300446250000001 0.6990631899038462 0.9639445841346154 0.7068896105769231
3 0.9457937427884615 0.6176489591346154 0.9644355192307692 0.5369025504807692 0.9154125240384615 0.5255846995192308 0.8967707475961538 0.6063311081730769 0.9457937427884615 0.6176489591346154
3 0.9303433677884616 0.6910547668269231 0.9477979014423077 0.6154508677884615 0.8980644302884616 0.6039689927884615 0.8806098966346153 0.6795728894230769 0.9303433677884616 0.6910547668269231
3 0.9007305192307692 0.5924209014423076 0.9149357596153845 0.5308912379807692 0.8767221850961538 0.5220689375 0.8625169423076924 0.5835986009615385 0.9007305192307692 0.5924209014423076
3 0.8862408125 0.6484682884615385 0.8995504182692307 0.5908180600961539 0.8642295024038462 0.5826635841346154 0.8509198990384615 0.6403138149038461 0.8862408125 0.6484682884615385
3 0.9156269807692308 0.5836964158653847 0.929249014423077 0.5246928966346154 0.8499292019230769 0.5063804735576923 0.8363071658653846 0.5653839951923076 0.9156269807692308 0.5836964158653847
3 0.8531671081730768 0.627338625 0.8667891442307692 0.5683351033653846 0.8335996634615385 0.5606727091346154 0.8199776274038462 0.6196762283653846 0.8531671081730768 0.627338625
3 0.8293924903846153 0.5624572211538461 0.8406400432692307 0.51373871875 0.8132358846153847 0.5074119711538462 0.8019883317307692 0.5561304735576923 0.8293924903846153 0.5624572211538461
3 0.8185152572115384 0.6030887980769231 0.8285755673076923 0.5595128052884616 0.8054850288461538 0.5541819326923076 0.79542471875 0.5977579278846153 0.8185152572115384 0.6030887980769231
3 0.7962995264423077 0.5939687091346154 0.8066722692307693 0.5490394230769231 0.7806890697115385 0.5430407283653846 0.7703163269230769 0.587970014423077 0.7962995264423077 0.5939687091346154
3 0.8189783341346154 0.5911271322115385 0.8411818365384616 0.4949531995192308 0.7748536225961539 0.47964012500000003 0.7526501201923076 0.5758140552884615 0.8189783341346154 0.5911271322115385
3 0.7508382572115385 0.5672233341346155 0.7591281225961539 0.5313159927884615 0.7209145456730769 0.5224936923076923 0.7126246826923077 0.5584010360576923 0.7508382572115385 0.5672233341346155
3 0.8249253100961538 0.7693475000000001 0.8385473461538461 0.7103439807692309 0.7376086971153846 0.6870404567307692 0.7239866610576923 0.7460439783653846 0.8249253100961538 0.7693475000000001
3 0.7876337716346153 0.6972592620192307 0.8003601682692308 0.6421351778846154 0.7297183389423078 0.6258262259615385 0.7169919423076923 0.6809503100961538 0.7876337716346153 0.6972592620192307
3 0.7281966201923077 0.7146113245192307 0.7376737259615385 0.6735614735576922 0.7181863245192308 0.6690624519230769 0.70870921875 0.7101123028846155 0.7281966201923077 0.7146113245192307
3 0.7172835456730768 0.6796872403846154 0.7249693725961539 0.6463962596153846 0.7011683557692308 0.6409013629807692 0.6934825288461539 0.6741923413461539 0.7172835456730768 0.6796872403846154
3 0.7253926033653847 0.6707261538461539 0.7345572764423077 0.63102959375 0.6898478990384616 0.6207076201923076 0.6806832259615384 0.6604041802884615 0.7253926033653847 0.6707261538461539