1 0.29229615384615387 0.006674795673076923 0.2945358798076923 0.1349885841346154 0.5868351033653846 0.12988648317307694 0.5845953774038462 0.0015726947115384615 0.29229615384615387 0.006674795673076923
1 0.4832784735576923 0.09710546874999999 0.4849764471153846 0.19438231490384617 0.6427649110576923 0.1916281081730769 0.6410669375 0.09435125961538461 0.4832784735576923 0.09710546874999999
1 0.5788244086538461 0.16336471875 0.5801660625 0.24022800961538462 0.6790572500000001 0.23850185817307692 0.6777155961538461 0.1616385673076923 0.5788244086538461 0.16336471875
1 0.6202033653846153 0.2241101418269231 0.6213886754807691 0.2920164639423077 0.7185613725961539 0.29032030769230766 0.7173760625000001 0.22241398798076922 0.6202033653846153 0.2241101418269231
1 0.5287899302884616 0.27821376682692306 0.5303570120192307 0.3679917572115385 0.7198593966346153 0.3646839807692308 0.7182923149038462 0.2749059903846154 0.5287899302884616 0.27821376682692306
1 0.7069577115384615 0.34178065865384616 0.707630358173077 0.38031645673076925 0.7479367163461539 0.37961290625 0.7472640721153846 0.34107710817307696 0.7069577115384615 0.34178065865384616
1 0.6957736899038461 0.25612946875 0.696715391826923 0.3100795841346154 0.7438957043269231 0.3092560480769231 0.7429540024038462 0.25530593509615385 0.6957736899038461 0.25612946875
1 0.6489527331730769 0 0.6498331947115384 0.05044157932692307 0.7363825096153847 0.04893085576923077 0.735528420673077 0 0.6489527331730769 0
1 0.6977508894230768 0.03814509375 0.6990925432692308 0.11500838461538462 0.7576773677884615 0.11398578365384616 0.7563357139423077 0.03712249278846154 0.6977508894230768 0.03814509375
1 0.7448330624999999 0.30923968509615385 0.7453675432692308 0.3398600216346154 0.7789561754807692 0.33927373076923073 0.7784216971153846 0.3086533942307692 0.7448330624999999 0.30923968509615385
1 0.9463762740384615 0.6197278942307692 0.9448564615384616 0.5326578245192308 0.6189686033653847 0.53834621875 0.6204884158653846 0.6254162884615385 0.9463762740384615 0.6197278942307692
1 0.9397763173076924 0.7340271538461539 0.9384346634615385 0.6571638629807691 0.663476548076923 0.6619632740384614 0.664818201923077 0.7388265649038461 0.9397763173076924 0.7340271538461539
1 0.6605351201923076 0.7709895480769231 0.6592152812500001 0.6953760673076924 0.4101907163461539 0.6997228076923078 0.41151055288461535 0.7753362884615385 0.6605351201923076 0.7709895480769231
2 1 0.5493540264423077 0.998775608173077 0.4792086634615385 0.936285125 0.48029943990384616 0.9385866610576923 0.6121543557692308 1 0.6110823798076923 1 0.5493540264423077
2 0.9066895288461538 0.49477649278846153 0.9045661514423077 0.37312835817307693 0.8305149326923077 0.3744209278846154 0.8326383076923077 0.49606906250000005 0.9066895288461538 0.49477649278846153
3 0.39071635576923075 0.3808474495192308 0.38873478125000005 0.26732307451923076 0.2659409855769231 0.26946644711538464 0.2679225625 0.38299082211538465 0.39071635576923075 0.3808474495192308
3 0.4378060096153846 0.3927357644230769 0.4368315817307692 0.33691093509615383 0.3799652451923077 0.3379035408653846 0.3809396706730769 0.39372837019230766 0.4378060096153846 0.3927357644230769
3 0.3033019278846154 0.35070178125 0.30161849759615383 0.2542581418269231 0.20257108653846154 0.2559870192307692 0.20425451682692308 0.3524306610576923 0.3033019278846154 0.35070178125
3 0.09125744951923077 0.20854748557692307 0.09329719951923078 0.32540468509615383 0.21109175480769232 0.3233485745192307 0.2090520048076923 0.206491375 0.09125744951923077 0.20854748557692307
3 0 0.29036093990384615 0.10453046875000001 0.2885363533653846 0.10221075240384615 0.1556399326923077 0 0.15742402644230769 0 0.29036093990384615
3 0.43548797836538466 0.6628173533653846 0.4339790721153846 0.5763721899038461 0.30009321875 0.5787091754807693 0.3016021225961538 0.6651543389423077 0.43548797836538466 0.6628173533653846
3 0.5191116826923077 0.5921804951923076 0.5172100961538462 0.4832387548076923 0.3694201105769231 0.48581843990384616 0.3713216947115384 0.5947601778846153 0.5191116826923077 0.5921804951923076
3 0.6092506826923076 0.5993584447115384 0.60723275 0.4837510552884616 0.5274011586538461 0.4851445216346154 0.52941909375 0.6007519110576923 0.6092506826923076 0.5993584447115384
3 0.590080235576923 0.45904664663461536 0.5890694495192308 0.4011388004807692 0.5220484086538462 0.40230865865384613 0.5230591947115385 0.46021650240384615 0.590080235576923 0.45904664663461536
3 0.6517056033653846 0.4262994807692308 0.650625735576923 0.36443390625 0.57360621875 0.3657782860576923 0.5746860865384615 0.42764386298076923 0.6517056033653846 0.4262994807692308
3 0.6465507307692308 0.47118794951923076 0.6457690072115384 0.42640310576923074 0.5865592788461538 0.4274366153846154 0.587341 0.4722214591346154 0.6465507307692308 0.47118794951923076
3 0.6784974663461539 0.4929253774038462 0.6766140625 0.3850251490384615 0.6420880697115384 0.3856278028846154 0.6439714759615385 0.49352803125 0.6784974663461539 0.4929253774038462