1 0.7019212475961538 0 0.705933514423077 0.07655862740384616 0.9287527307692307 0.06488116586538462 0.9253524519230769 0 0.7019212475961538 0
1 0.9767909927884616 0.11869078125 0.9712302980769232 0.01258639423076923 0.9233272860576923 0.015096884615384616 0.9288879831730769 0.12120127163461537 0.9767909927884616 0.11869078125
3 0.6730397427884616 0.8401599759615385 0.6567828870192307 0.5299606778846153 0.4024444254807692 0.5432899927884616 0.4187012836538461 0.8534892908653846 0.6730397427884616 0.8401599759615385
3 0.8063723245192308 0.7659969158653847 0.7935609206730769 0.5215407283653846 0.6369009110576923 0.5297509326923077 0.6497123173076923 0.7742071201923076 0.8063723245192308 0.7659969158653847
3 0.8673248918269232 0.7258769230769231 0.8613716754807693 0.6122828125 0.7877227475961538 0.6161425889423077 0.7936759615384615 0.7297366995192308 0.8673248918269232 0.7258769230769231
3 1 0.5751850600961539 0.8975731802884616 0.5805530216346153 0.90790953125 0.7777823557692307 1 0.7729560985576923 1 0.5751850600961539
3 0.8944523365384616 0.4463657908653846 0.8899819735576924 0.36106618269230767 0.7904310913461539 0.3662834230769231 0.7949014543269232 0.45158303125 0.8944523365384616 0.4463657908653846
3 0.7994407860576923 0.4486330841346154 0.7948504879807692 0.36104494951923083 0.5782727067307692 0.37239531009615384 0.5828630072115385 0.45998344471153846 0.7994407860576923 0.4486330841346154
3 0.4881977091346154 0.4807997043269231 0.48138313221153844 0.3507698173076923 0.1669708653846154 0.36724746634615385 0.1737854423076923 0.4972773533653846 0.4881977091346154 0.4807997043269231
3 0.3227690625 0.38140468509615383 0.3178843725961539 0.2881992644230769 0.16418904567307693 0.29625409375 0.1690737355769231 0.3894595168269231 0.3227690625 0.38140468509615383
3 0.474319375 0.3682467908653846 0.46964184855769225 0.2789942764423077 0.3148542716346154 0.2871063485576923 0.3195317980769231 0.3763588653846154 0.474319375 0.3682467908653846
3 0.3212531442307692 0.7465678004807692 0.31367533413461535 0.6019745673076924 0.1549868605769231 0.6102910769230769 0.16256467067307692 0.7548843100961539 0.3212531442307692 0.7465678004807692
3 0.3246985961538461 0.8123109110576923 0.3211114014423077 0.7438631778846154 0.17022472115384615 0.7517708125 0.17381191346153846 0.8202185480769231 0.3246985961538461 0.8123109110576923
3 0.3304872379807692 0.866039923076923 0.32766327644230764 0.8121555384615384 0.1749041658653846 0.8201613052884615 0.17772812740384614 0.8740456899038461 0.3304872379807692 0.866039923076923
3 0.4421441057692308 0.733556358173077 0.43601643749999996 0.6166334831730769 0.3294439423076923 0.6222187115384615 0.3355716105769231 0.7391415865384615 0.4421441057692308 0.733556358173077
3 0.11318306009615385 0.8695008221153846 0.10484201682692308 0.7103442403846153 0.01418518028846154 0.7150953629807693 0.022526221153846154 0.8742519471153846 0.11318306009615385 0.8695008221153846
3 0 0.4444260384615385 0.0040014735576923074 0.5207786995192307 0.07000464423076923 0.5173196201923077 0.06462930528846154 0.41475204567307694 0 0.4181391225961538 0 0.4444260384615385
3 0.9374680024038462 0.3625413125 0.9345022980769231 0.30595230528846157 0.81029775 0.31246158894230774 0.813263454326923 0.36905059615384617 0.9374680024038462 0.3625413125
3 0.9393869879807693 0.3991577259615384 0.9375334230769231 0.36378959855769233 0.8765233990384615 0.3669869975961539 0.8783769639423077 0.4023551274038461 0.9393869879807693 0.3991577259615384
3 0.9306267259615384 0.43800277403846155 0.9286205120192308 0.39972197355769234 0.8783769639423077 0.4023551274038461 0.8803831754807692 0.4406359254807692 0.9306267259615384 0.43800277403846155
3 0.9914295841346153 0.4308524639423077 0.98522559375 0.31247325480769234 0.9527701346153846 0.3141741730769231 0.958974125 0.43255338221153844 0.9914295841346153 0.4308524639423077
3 0.9993453990384615 0.5818951802884615 0.9941118028846153 0.4820322283653846 0.8956531706730769 0.48719222596153844 0.900886766826923 0.5870551802884616 0.9993453990384615 0.5818951802884615