1 0.5149834182692308 0.5990492355769231 0.5037600360576924 0.5462473798076923 0.3799632307692308 0.572561204326923 0.39118661298076923 0.6253630600961538 0.5149834182692308 0.5990492355769231
1 0.6462992259615384 0.5617657451923077 0.6367121850961539 0.5166622692307692 0.5071076298076923 0.5442105697115385 0.5166946682692308 0.5893140432692308 0.6462992259615384 0.5617657451923077
1 0.6604151706730769 0.6559823245192308 0.6496538149038462 0.6053541274038461 0.5307986947115384 0.6306175649038461 0.5415600480769232 0.6812457596153846 0.6604151706730769 0.6559823245192308
1 0.5348047620192308 0.6835335913461538 0.5257952572115385 0.6411471947115385 0.40240601442307694 0.6673743870192308 0.41141551923076924 0.7097607860576923 0.5348047620192308 0.6835335913461538
1 0.46109588701923077 0.3390151586538461 0.45173986057692306 0.2949985168269231 0.32738265865384614 0.3214314567307692 0.33673868509615384 0.36544809855769234 0.46109588701923077 0.3390151586538461
1 0.43820915865384613 0.2413618389423077 0.42946916826923076 0.20024341346153846 0.3027684855769231 0.22717447596153845 0.3115084783653846 0.2682929014423077 0.43820915865384613 0.2413618389423077
1 0.5703527620192308 0.20797282451923077 0.5615935192307693 0.16676382932692307 0.43850994711538466 0.19292605048076925 0.4472691899038462 0.2341350456730769 0.5703527620192308 0.20797282451923077
1 0.5954165216346154 0.30459543509615383 0.5850786899038461 0.25595976201923076 0.45853084375 0.28285833653846154 0.46886867548076927 0.3314940096153846 0.5954165216346154 0.30459543509615383
1 0.7249046274038461 0.28000638461538463 0.7142395264423077 0.2298310360576923 0.582444329326923 0.25784497115384614 0.5931094278846154 0.3080203197115384 0.7249046274038461 0.28000638461538463
1 0.7055399230769231 0.18188842067307692 0.6932384831730769 0.12401468509615385 0.56725103125 0.15079414423076923 0.5795524735576923 0.2086678798076923 0.7055399230769231 0.18188842067307692
1 0.6890194567307693 0.08988683653846154 0.6794516682692309 0.044873932692307696 0.5477074134615385 0.07287703846153847 0.5572752019230769 0.11788994230769231 0.6890194567307693 0.08988683653846154
1 0.5557381538461539 0.12493759374999999 0.5437062259615385 0.06833182932692308 0.4111977932692307 0.09649736778846153 0.42322972115384616 0.1531031298076923 0.5557381538461539 0.12493759374999999
1 0.887332673076923 0.24680649278846156 0.8742034350961538 0.18503828365384617 0.7105674951923077 0.21982017548076924 0.7236967331730769 0.2815883870192308 0.887332673076923 0.24680649278846156
4 1 0.4474478774038462 0.975078264423077 0.33020032932692306 0.8401244615384615 0.35888564663461536 0.9059631634615385 0.6686323846153847 1 0.6486442379807692 1 0.4474478774038462
1 0.9025636730769231 0.21375077884615384 0.9120352043269231 0.25831083653846154 0.9556442860576924 0.24904143990384617 0.9461727548076924 0.20448138221153847 0.9025636730769231 0.21375077884615384
1 0.8862298509615385 0.1188696875 0.8950083437499999 0.16016925 0.9349493725961538 0.15167952403846152 0.9261708798076923 0.11037995913461537 0.8862298509615385 0.1188696875
1 0.867999076923077 0.033100634615384615 0.8757187596153847 0.06941889182692308 0.9174938149038462 0.060539329326923075 0.9097741298076923 0.024221072115384615 0.867999076923077 0.033100634615384615