1 0.7083540240384616 0.7849854879807693 0.70348990625 0.645695391826923 0.5565482235576923 0.6508267091346155 0.5614123413461539 0.7901168052884615 0.7083540240384616 0.7849854879807693
1 0.7923943725961539 0.5858895721153846 0.7900095721153846 0.5175978653846154 0.7002205528846154 0.5207333677884616 0.7026053509615384 0.5890250721153846 0.7923943725961539 0.5858895721153846
1 0.788951875 0.6887807259615385 0.7859636033653847 0.6032078846153847 0.7032015528846153 0.606098 0.7061898221153846 0.6916708389423077 0.788951875 0.6887807259615385
1 0 0.26209649038461535 0.2356240769230769 0.25386831490384615 0.23199598317307693 0.14997331249999998 0 0.15807479086538462 0 0.26209649038461535
1 0.5387582572115385 0.2801801129807692 0.5340686370192308 0.14588697115384616 0.23721833173076926 0.15625321153846153 0.24190794951923078 0.29054635576923077 0.5387582572115385 0.2801801129807692
1 0.7305287716346154 0.31413310336538464 0.7268570528846153 0.2089888605769231 0.5582098509615384 0.2148781514423077 0.5618815697115385 0.32002239182692305 0.7305287716346154 0.31413310336538464
1 0.8132772764423077 0.33771792307692305 0.8104707764423077 0.2573502451923077 0.7256787115384615 0.26031125 0.7284852115384616 0.34067892788461535 0.8132772764423077 0.33771792307692305
1 0.855159983173077 0.3506391081730769 0.8531896153846154 0.2942151682692308 0.8118085889423077 0.2956602235576923 0.8137789567307692 0.35208416586538466 0.855159983173077 0.3506391081730769
1 0.8870231682692308 0.3586986754807692 0.8853290889423077 0.3101865793269231 0.8537858173076922 0.31128809375 0.8554798966346154 0.3598001899038462 0.8870231682692308 0.3586986754807692
1 0.9110858846153846 0.36723910096153844 0.9096608221153846 0.3264306442307693 0.8888922307692309 0.32715589903846154 0.8903172932692307 0.36796435576923076 0.9110858846153846 0.36723910096153844
1 0.9119288052884615 0.476442875 0.910736403846154 0.44229702163461543 0.8821600721153846 0.44329492788461533 0.8833524735576923 0.4774407836538461 0.9119288052884615 0.476442875
1 0.9101018870192308 0.5673953725961538 0.9085386802884615 0.5226309927884615 0.8829292908653846 0.5235252908653846 0.8844924975961538 0.5682896706730769 0.9101018870192308 0.5673953725961538
1 0.8824416682692308 0.5946272884615385 0.8804640288461538 0.5379951418269231 0.8509507692307692 0.5390257692307693 0.8529284086538461 0.5956579134615384 0.8824416682692308 0.5946272884615385
4 0.5645764350961539 0.9165417259615385 0.5449381971153846 0.35417618269230766 0.23746936298076923 0.36491323076923077 0.25710760096153845 0.9272787740384616 0.5645764350961539 0.9165417259615385
4 0 0.4818646706730769 0.01723711778846154 0.9754711610576923 0.2853549375 0.9661082788461539 0.2651277716346154 0.3868780120192307 0 0.3961364759615385 0 0.4818646706730769
4 0.8639010576923076 0.6457221394230769 0.8537002259615385 0.35360852884615385 0.6250895745192308 0.36159178846153844 0.63529040625 0.6537053990384615 0.8639010576923076 0.6457221394230769
4 0.933178920673077 0.5342781538461538 0.9281257644230769 0.3895746923076923 0.8906486081730769 0.3908834230769231 0.8957017644230769 0.5355868870192307 0.933178920673077 0.5342781538461538
4 0.9163060624999999 0.21675691826923077 0.920915704326923 0.34875978846153843 0.9507412740384615 0.34771825721153843 0.9461316322115384 0.21571538701923076 0.9163060624999999 0.21675691826923077
4 0.970479079326923 0.36224660096153843 0.9667710072115384 0.2560613269230769 0.9427231658653846 0.25690109615384615 0.9464312379807692 0.36308637019230766 0.970479079326923 0.36224660096153843
1 0.9532931466346154 0.5148143221153846 0.9527187596153847 0.49836601442307693 0.9292955360576923 0.4991839711538461 0.9298699230769232 0.5156322788461538 0.9532931466346154 0.5148143221153846
1 0.7750615625 0 0.7768680504807691 0.05173103605769231 0.8294922235576923 0.049893360576923076 0.8277499086538461 0 0.7750615625 0
1 0.8354264375 0.058649927884615385 0.8370405384615385 0.10487175240384615 0.8706138245192308 0.1036993485576923 0.8689997235576924 0.057477521634615385 0.8354264375 0.058649927884615385