1 0.11206868990384616 0.02423406971153846 0.11541600961538462 0.08810474759615385 0.2959495048076923 0.07864338942307691 0.2926021850961539 0.014772709134615385 0.11206868990384616 0.02423406971153846
1 0.14602129326923077 0.04811485576923077 0.15313025961538462 0.18376203124999999 0.4104334014423077 0.17027734615384615 0.40332443509615384 0.03463016826923077 0.14602129326923077 0.04811485576923077
1 0.2382429014423077 0.09710549038461538 0.24468676682692306 0.22006175 0.5163452067307692 0.2058247355769231 0.5099013413461538 0.08286847355769231 0.2382429014423077 0.09710549038461538
1 0.37117484134615386 0.13770400721153847 0.37547075240384614 0.21967484615384616 0.580969985576923 0.2089050889423077 0.5766740769230769 0.12693425 0.37117484134615386 0.13770400721153847
1 0.5736582668269231 0.1231285360576923 0.5764822283653847 0.17701292067307695 0.6178317331730769 0.1748458846153846 0.6150077716346154 0.1209615 0.5736582668269231 0.1231285360576923
1 0.6147892572115384 0.15560374519230769 0.6165337884615384 0.18889139423076923 0.6530461826923077 0.1869778605769231 0.6513016490384615 0.15369021153846155 0.6147892572115384 0.15560374519230769
1 0.5708397403846154 0.17981206249999998 0.5735873798076923 0.23224011298076921 0.6196179591346154 0.22982775240384615 0.6168703221153845 0.1773997019230769 0.5708397403846154 0.17981206249999998
1 0.6029853365384615 0.20503926442307693 0.6052750336538462 0.24872930769230767 0.6542702956730769 0.24616157451923076 0.6519805961538462 0.20247153125 0.6029853365384615 0.20503926442307693
1 0.6506935576923076 0.21672509134615386 0.6523726682692307 0.24876445432692307 0.6812393028846154 0.24725161778846155 0.6795601923076924 0.21521225480769232 0.6506935576923076 0.21672509134615386
1 0.6783317932692309 0.2365557932692308 0.6801635504807693 0.2715078269230769 0.6974835336538461 0.270600125 0.6956517740384616 0.23564809134615386 0.6783317932692309 0.2365557932692308
1 0.692176108173077 0.24396639423076924 0.6940405745192308 0.27954257211538464 0.7161976682692307 0.2783813677884615 0.7143331995192308 0.24280518990384614 0.692176108173077 0.24396639423076924
1 0.5228159326923077 0.036712653846153846 0.5259560889423077 0.09663042548076922 0.6400183076923077 0.09065267788461538 0.6368781490384615 0.030734906250000003 0.5228159326923077 0.036712653846153846
1 0.6305558197115384 0.06235912980769231 0.6334124903846153 0.11686766105769232 0.6750740649038461 0.11468426923076923 0.6722173942307692 0.06017574038461538 0.6305558197115384 0.06235912980769231
3 0.7044452884615384 0.513902548076923 0.7009562235576923 0.44732724278846153 0.6436910625000001 0.45032838461538466 0.647180125 0.5169036875 0.7044452884615384 0.513902548076923
3 0.6034096346153845 0.5116873100961539 0.5988629495192308 0.4249313677884615 0.5180363725961539 0.42916731009615383 0.5225830576923077 0.51592325 0.6034096346153845 0.5116873100961539
3 0.5447195264423077 0.4845133365384615 0.5429968028846154 0.45164178125 0.4818307427884615 0.45484736057692304 0.48355346875 0.48771891346153845 0.5447195264423077 0.4845133365384615
3 0.5505161322115385 0.5025680432692308 0.549556639423077 0.4842598341346154 0.4826172524038462 0.48776797836538466 0.4835767451923077 0.5060761874999999 0.5505161322115385 0.5025680432692308
3 0.5520316947115385 0.5314866899038462 0.5505161322115385 0.5025680432692308 0.5160322043269231 0.5043752692307693 0.517547766826923 0.5332939158653847 0.5520316947115385 0.5314866899038462
3 0.5053743149038461 0.5458231947115384 0.5028229375 0.49714000480769227 0.4457138125 0.50013296875 0.4482651899038462 0.5488161586538461 0.5053743149038461 0.5458231947115384
3 0.4690923653846154 0.5700469110576922 0.4652434903846154 0.49660602884615385 0.3351095793269231 0.5034260600961539 0.33895845192307694 0.5768669399038462 0.4690923653846154 0.5700469110576922
3 0.3405736153846154 0.6255991947115385 0.3351982764423077 0.5230316201923076 0.1815029495192308 0.5310864495192308 0.18687828846153845 0.6336540264423077 0.3405736153846154 0.6255991947115385
3 0.10112398317307693 0.6393999350961538 0.09527980048076924 0.5278863004807692 0.002750533653846154 0.5327355552884615 0.008594716346153846 0.6442491874999999 0.10112398317307693 0.6393999350961538
3 0.10950614663461539 0.7247031514423077 0.10427255048076924 0.6248401971153845 0.008778600961538461 0.6298448245192307 0.014012197115384616 0.7297077764423077 0.10950614663461539 0.7247031514423077
3 0.20189341586538462 0.4484477091346154 0.1982408028846154 0.3787516899038461 0.09868992067307693 0.3839689302884616 0.10234253605769231 0.45366494951923075 0.20189341586538462 0.4484477091346154
3 0.2665971730769231 0.4410929639423077 0.26267197596153846 0.36619575000000004 0.18590233173076923 0.37021907692307693 0.18982752884615386 0.4451162908653846 0.2665971730769231 0.4410929639423077
3 0.32256189903846155 0.37745177884615383 0.3196070985576923 0.32107081971153845 0.2003956971153846 0.3273184230769231 0.20335049759615384 0.3836993846153846 0.32256189903846155 0.37745177884615383
3 0.32417706249999995 0.42618403365384616 0.32162568269230773 0.37750084375 0.2654527716346154 0.3804447403846154 0.2680041514423077 0.4291279302884616 0.32417706249999995 0.42618403365384616
3 0.35422288701923077 0.3785045456730769 0.35146434615384614 0.3258684495192308 0.31401573798076926 0.3278310456730769 0.31677427884615383 0.3804671442307692 0.35422288701923077 0.3785045456730769
3 0.3566979423076923 0.4257314014423077 0.35422288701923077 0.3785045456730769 0.31677427884615383 0.3804671442307692 0.3192493341346154 0.427694 0.3566979423076923 0.4257314014423077
3 0.39869310817307696 0.37617395913461543 0.39621805288461537 0.32894710576923075 0.35471251442307694 0.33112231971153844 0.3571875673076923 0.3783491730769231 0.39869310817307696 0.37617395913461543
3 0.40130990624999996 0.4261054375 0.39869310817307696 0.37617395913461543 0.35531513701923073 0.37844730288461537 0.35793193509615384 0.42837877884615383 0.40130990624999996 0.4261054375
3 0.4342549927884616 0.37702229086538463 0.4317690336538461 0.3295873894230769 0.39525664182692305 0.3315009206730769 0.39774260096153846 0.3789358245192308 0.4342549927884616 0.37702229086538463
3 0.43565208894230767 0.4215935913461539 0.4333187764423077 0.3770713557692308 0.3988348509615385 0.37887858173076927 0.40116816346153844 0.4234008173076923 0.43565208894230767 0.4215935913461539
3 0.47382974759615387 0.41562901682692305 0.46990455288461536 0.34073180288461535 0.4315197283653846 0.3427434663461538 0.43544492548076924 0.4176406802884615 0.47382974759615387 0.41562901682692305
3 0.49941962980769233 0.4142879086538462 0.49798039182692305 0.38682559615384615 0.46256025 0.3886818870192308 0.46399948798076923 0.41614419951923076 0.49941962980769233 0.4142879086538462
3 0.5700125264423077 0.4028693798076923 0.5681480576923077 0.3672932019230769 0.49028616105769235 0.3713737716346154 0.49215062980769225 0.40694994951923075 0.5700125264423077 0.4028693798076923
3 0.6108292379807693 0.40844917788461543 0.6088339302884616 0.3703764278846154 0.5723215360576923 0.37228996153846156 0.5743168461538462 0.41036271153846154 0.6108292379807693 0.40844917788461543
3 0.6319730576923077 0.3969101177884615 0.6304574951923076 0.36799146875 0.6087685096153846 0.3691281418269231 0.6102840721153846 0.3980467884615385 0.6319730576923077 0.3969101177884615
3 0.6491163774038462 0.3657618822115385 0.6478733990384615 0.34204443269230767 0.6113610072115384 0.3439579639423077 0.6126039855769231 0.3676754158653846 0.6491163774038462 0.3657618822115385
3 0.6500104519230769 0.38282180528846155 0.649181798076923 0.36701017067307695 0.6334221754807692 0.36783609615384616 0.6342508293269231 0.38364773076923075 0.6500104519230769 0.38282180528846155
3 0.6177922524038462 0.44577480528846153 0.6459113750000001 0.4001434038461538 0.6449409807692308 0.3816271490384615 0.6332382908653845 0.38224046153846153 0.6300320528846155 0.3927142836538462 0.6342086850961538 0.4007567163461539 0.6268258173076924 0.40318810576923075 0.6172071081730769 0.43460957211538465 0.5925534399038461 0.43590161778846154 0.5960643125 0.5028930120192308 0.6207179783653847 0.5016009687499999 0.6177922524038462 0.44577480528846153
3 0.6350364423076923 0.4941747548076923 0.6334554615384616 0.4640078197115385 0.61473115625 0.4649891201923077 0.6163121394230769 0.4951560552884615 0.6350364423076923 0.4941747548076923
3 0.4894102524038461 0.08894922836538462 0.4882545 0.06689615865384616 0.45283435817307693 0.06875244951923078 0.45399011057692307 0.09080551923076922 0.4894102524038461 0.08894922836538462
3 0.4904024543269231 0.10788157692307693 0.4894102524038461 0.08894922836538462 0.4550823605769231 0.0907482764423077 0.4560745649038462 0.10968062740384615 0.4904024543269231 0.10788157692307693
3 0.5476552427884616 0.08673121153846154 0.5460960673076923 0.056980375 0.48789468990384616 0.06003057932692308 0.4894538653846154 0.08978141826923076 0.5476552427884616 0.08673121153846154
3 0.5483312499999999 0.09963017788461538 0.547099173076923 0.07612077403846154 0.4974797692307692 0.07872121634615385 0.49871184375 0.10223062259615386 0.5483312499999999 0.09963017788461538
3 0.5494433870192308 0.1208510576923077 0.5480477620192308 0.09422093509615384 0.5051378990384615 0.0964697451923077 0.5065335240384615 0.12309986778846153 0.5494433870192308 0.1208510576923077
3 0.551470670673077 0.15057736057692309 0.5496716225961539 0.11624947115384615 0.5006763605769231 0.11881720432692308 0.5024754086538462 0.15314509375000002 0.551470670673077 0.15057736057692309
3 0.39211121153846157 0.0744382451923077 0.38915641105769233 0.018057286057692308 0.2975633581730769 0.022857473557692305 0.3005181586538461 0.0792384326923077 0.39211121153846157 0.0744382451923077