1 0.3575722860576923 0.6650637884615385 0.36019998798076924 0.614924266826923 0.2108736658653846 0.60709840625 0.20824596394230768 0.6572379278846154 0.3575722860576923 0.6650637884615385
1 0.21224646153846155 0.6376287596153846 0.21383834615384614 0.6072537788461538 0.17326902163461538 0.6051276298076923 0.17167713701923076 0.635502610576923 0.21224646153846155 0.6376287596153846
1 0.1776065 0.6358133557692308 0.17940554807692305 0.6014854639423077 0.15272341586538463 0.6000871129807692 0.1509243653846154 0.6344150048076924 0.1776065 0.6358133557692308
1 0.1700762668269231 0.6869476658653846 0.17180989423076923 0.6538680625000001 0.15199333894230768 0.6528295192307693 0.15025971153846154 0.6859091225961538 0.1700762668269231 0.6869476658653846
1 0.19638621634615383 0.7133608197115385 0.19893759375 0.6646776298076923 0.1702269951923077 0.6631729711538461 0.1676756153846154 0.7118561610576923 0.19638621634615383 0.7133608197115385
1 0.25191775 0.7494415625 0.25489435576923075 0.6926445096153846 0.19856540865384617 0.6896924326923077 0.1955888028846154 0.7464894879807692 0.25191775 0.7494415625
1 0.5977159375000001 1 0.604128875 0.8776338846153846 0.3015753317307692 0.8617777259615385 0.29502243509615383 0.9868144663461538 0.5466174134615385 1 0.5977159375000001 1
1 0.3003456225961539 0.9449523557692309 0.3056882524038462 0.8430089254807692 0.24670669471153847 0.8399178317307693 0.24136406730769233 0.9418612620192307 0.3003456225961539 0.9449523557692309
1 0.24388567548076923 0.8579198629807692 0.24733112740384613 0.79217675 0.20582558653846156 0.7900015384615385 0.20238013701923074 0.8557446490384616 0.24388567548076923 0.8579198629807692
1 0.19111946153846154 0.7750447139423078 0.19321289903846153 0.7350995336538462 0.17292823798076923 0.7340364591346155 0.17083480048076924 0.7739816418269231 0.19111946153846154 0.7750447139423078
1 0.17432092067307695 0.7432886923076923 0.17560751442307693 0.7187390480769231 0.1562590673076923 0.7177250408653847 0.1549724735576923 0.7422746826923077 0.17432092067307695 0.7432886923076923