1 0.31056039423076925 0.7578765000000001 0.3199193894230769 0.6240366538461538 0.28890138221153844 0.6218676634615385 0.27954238701923073 0.7557075096153846 0.31056039423076925 0.7578765000000001
1 0.2775847283653846 0.22371949519230772 0.2820995216346154 0.15915493509615386 0.25908281009615386 0.15754544951923075 0.2545680168269231 0.2221100096153846 0.2775847283653846 0.22371949519230772
1 0.3262779951923077 0.11796967788461539 0.33288548317307687 0.023478192307692308 0.27121316105769233 0.019165644230769233 0.26460567307692306 0.1136571298076923 0.3262779951923077 0.11796967788461539
4 0.9609320721153847 1 0.9964794110576923 0.49164934615384615 0.5555249278846154 0.4608148052884615 0.5178214230769231 1 0.9609320721153847 1
4 0.5134879543269231 1 0.5555916971153846 0.39788840144230775 0.38221298557692307 0.3857645817307693 0.34009428605769226 0.9880900600961537 0.5104143725961539 1 0.5134879543269231 1
4 0.3690249134615385 0.9155796754807692 0.4080174903846154 0.35795984375 0.32525084855769226 0.35217223557692307 0.28625826923076925 0.9097920673076924 0.3690249134615385 0.9155796754807692
3 1 0.03457782451923077 0.7013405649038462 0.01369352403846154 0.6903668389423078 0.17062512740384614 1 0.19227678846153845 1 0.03457782451923077
3 0.5555709663461539 0.005449514423076923 0.5411675456730769 0.21142801442307693 0.7495649110576923 0.22600057932692305 0.7639683317307693 0.020022076923076924 0.5555709663461539 0.005449514423076923
3 0.46386277884615384 0.00284221875 0.4474764663461538 0.2371774014423077 0.5410500528846154 0.24372070432692305 0.5574363629807693 0.009385521634615385 0.46386277884615384 0.00284221875
3 0.41597564182692304 0 0.39909493509615385 0.24140537019230768 0.47671788701923073 0.24683329567307694 0.49363383173076925 0.004924012019230769 0.4232171778846154 0 0.41597564182692304 0
3 0.3989975769230769 0.25847719951923076 0.4152547091346154 0.025989355769230768 0.3716632379807692 0.02294114423076923 0.35540610336538464 0.25542898798076924 0.3989975769230769 0.25847719951923076
3 0.36160915625 0.25781193990384615 0.3744301370192308 0.07446336298076923 0.3383203966346154 0.07193832451923077 0.3254994134615385 0.2552869014423077 0.36160915625 0.25781193990384615
3 0.3060626634615385 0.25773331730769233 0.3136002379807692 0.14994097836538461 0.27426919951923073 0.14719068509615385 0.266731625 0.2549830216346154 0.3060626634615385 0.25773331730769233
3 0.32399278605769233 0.47544031009615384 0.33271234615384615 0.3507448028846154 0.29655064903846157 0.34821613221153846 0.2878310889423077 0.4729116370192308 0.32399278605769233 0.47544031009615384