1 0.12860356730769232 0.12592109615384614 0.1416510456730769 0.0330834639423077 0.06521472836538461 0.022341040865384614 0.05216725 0.11517867307692307 0.12860356730769232 0.12592109615384614
1 0.1661275264423077 0.15644043509615385 0.1752317668269231 0.09166039903846154 0.13623996153846155 0.08618045913461538 0.12713572115384617 0.15096049278846155 0.1661275264423077 0.15644043509615385
1 0.1952088389423077 0.18303828605769232 0.20297933653846154 0.12774831971153847 0.17033143509615384 0.12315995673076922 0.1625609375 0.1784499230769231 0.1952088389423077 0.18303828605769232
1 0.22191066346153845 0.20299030048076924 0.22811546634615384 0.15884084855769232 0.19871688221153846 0.15470914663461538 0.19251208173076922 0.1988585985576923 0.22191066346153845 0.20299030048076924
1 0.6477248894230769 0.01584759375 0.6409112067307692 0.06432946875 0.6791293653846153 0.06970068028846153 0.6859430480769231 0.02121880528846154 0.6477248894230769 0.01584759375
1 0.6289535360576923 0.12134515384615385 0.6395364903846155 0.04604351923076923 0.6028656274038462 0.040889764423076916 0.5922826706730769 0.11619140144230769 0.6289535360576923 0.12134515384615385
1 0.5892095432692307 0.14142595192307691 0.5961971923076923 0.09170624038461539 0.5804147956730769 0.08948816826923077 0.5734271466346154 0.1392078798076923 0.5892095432692307 0.14142595192307691
1 0.5683525721153846 0.16857913942307692 0.5756011706730769 0.11700268028846154 0.55084446875 0.11352335336538462 0.5435958701923077 0.1650998125 0.5683525721153846 0.16857913942307692
1 0.6771470216346154 0.5396230432692307 0.6854684134615384 0.48041326201923074 0.6248144927884615 0.4718889110576923 0.6164931009615385 0.5310986899038461 0.6771470216346154 0.5396230432692307
1 0.9859046826923077 0.40734818028846154 0.9950379158653846 0.3423618389423077 0.7335452548076924 0.3056114423076923 0.7244120192307691 0.37059778365384616 0.9859046826923077 0.40734818028846154
1 0.9350825408653846 0.7128313798076923 0.9521312451923076 0.5915235432692307 0.7729546153846154 0.5663419086538461 0.7559059110576923 0.6876497475961538 0.9350825408653846 0.7128313798076923
1 0.7695435913461538 0.5984715360576923 0.7797786129807692 0.5256455721153845 0.6982362259615384 0.5141855360576923 0.6880012043269231 0.5870115 0.7695435913461538 0.5984715360576923
1 0.6291973701923077 0.4979609543269231 0.6331406081730768 0.4699033581730769 0.5949224495192308 0.4645321466346154 0.5909792115384616 0.49258974278846157 0.6291973701923077 0.4979609543269231
4 0.5790943894230769 0.2605525240384615 0.5472875360576923 0.4868700384615385 0.58860028125 0.4926761658653846 0.6204071346153845 0.26635865384615387 0.5790943894230769 0.2605525240384615
4 0.5455479399038462 0.26572577403846154 0.518003264423077 0.4617163293269231 0.5470923870192308 0.4658045408653846 0.5746370649038461 0.2698139831730769 0.5455479399038462 0.26572577403846154
4 0.5274261995192308 0.2745394879807692 0.5043466586538462 0.4387589447115384 0.5209027043269231 0.4410857451923077 0.5439822427884615 0.2768662884615385 0.5274261995192308 0.2745394879807692
4 0.5134344735576923 0.29213849038461537 0.49305141346153847 0.43717150000000005 0.5043466586538462 0.4387589447115384 0.52472971875 0.2937259326923077 0.5134344735576923 0.29213849038461537
4 0.051096680288461545 0.14974103605769232 0.00746011298076923 0.4602313365384615 0.08405115865384616 0.4709955072115385 0.12768772596153846 0.16050520673076923 0.051096680288461545 0.14974103605769232
4 0.12740028125 0.19286344471153846 0.09597035817307692 0.41649898076923075 0.16219453365384615 0.4258061826923077 0.1936244591346154 0.20217064423076922 0.12740028125 0.19286344471153846
4 0.22010519951923074 0.23829090384615384 0.19682269951923076 0.4039545 0.22374561298076923 0.4077382692307693 0.24702811298076924 0.24207467307692307 0.22010519951923074 0.23829090384615384
3 0.80014309375 0.038320478365384616 0.7922276225961539 0.0946419735576923 0.8380275216346154 0.10107873076923077 0.8459429903846154 0.04475723317307692 0.80014309375 0.038320478365384616
3 0.7333208677884616 0.16462480528846155 0.7495867235576923 0.04888722596153846 0.7039415552884616 0.04247221634615384 0.6876756995192307 0.15820979567307691 0.7333208677884616 0.16462480528846155
3 0.6907139663461539 0.1792541105769231 0.7067478653846154 0.06516697596153846 0.6796702235576924 0.061361461538461545 0.6636363221153846 0.17544859615384614 0.6907139663461539 0.1792541105769231