1 0 0.8386827115384615 0.25145271875 0.9013769134615385 0.2978210841346154 0.7154035649038462 0 0.6411484278846153 0 0.8386827115384615
1 0.50850325 0.8424373076923076 0.5355682620192308 0.7338854735576923 0.3439348557692308 0.6861058990384615 0.31686984375000005 0.7946577331730769 0.50850325 0.8424373076923076
1 0.5800214110576923 0.5555936346153846 0.5997279663461538 0.4765549615384615 0.43841630048076924 0.43633544471153846 0.4187097451923077 0.5153741177884615 0.5800214110576923 0.5555936346153846
1 0.6676183557692308 0.844964125 0.6895929278846153 0.7568289326923078 0.53510365625 0.7183104302884615 0.5131290841346154 0.8064456225961538 0.6676183557692308 0.844964125
1 0.7741365504807691 0.0534725264423077 0.7457611274038461 0.1672801298076923 0.8518872235576923 0.19374033653846154 0.8802626442307692 0.07993273317307693 0.7741365504807691 0.0534725264423077
1 0.8752670264423077 0.17036885576923078 0.8496132235576923 0.27326063221153846 0.9282981442307693 0.2928789855769231 0.9539519447115385 0.18998720913461536 0.8752670264423077 0.17036885576923078
1 0.9314733677884616 0.2801438533653846 0.911766814903846 0.3591825264423077 0.9668007740384615 0.37290403605769235 0.9865073293269231 0.2938653605769231 0.9314733677884616 0.2801438533653846
1 1 0.3556309038461538 0.9687049855769231 0.3478281802884616 0.9521736562500001 0.41413171875 0.9935628341346153 0.42445119951923077 1 0.3986331370192308 1 0.3556309038461538
1 0.8325254326923077 0.8178019230769231 0.8449239302884616 0.7680742692307692 0.7786709254807692 0.7515555384615384 0.7662724278846155 0.8012831947115384 0.8325254326923077 0.8178019230769231
1 0.8825944807692309 0.8107468245192307 0.8931281634615384 0.7684985312499999 0.8435521153846154 0.7561378341346153 0.8330184326923077 0.7983861274038462 0.8825944807692309 0.8107468245192307
1 0.8263400504807692 0.6249520793269231 0.8181247860576922 0.6579017067307693 0.8995386610576923 0.6782004663461538 0.9077539254807692 0.6452508389423077 0.8263400504807692 0.6249520793269231
1 0.9077996995192308 0.7974924735576923 0.9151581586538462 0.7679793125000001 0.8877169831730769 0.7611374591346153 0.8803585240384616 0.7906506201923077 0.9077996995192308 0.7974924735576923
1 0.9142472836538461 0.7658198052884615 0.9211017379807692 0.7383280937500001 0.8950250384615385 0.7318264423076923 0.8881705865384616 0.75931815625 0.9142472836538461 0.7658198052884615
1 0.9381645072115384 0.79325415625 0.9441117524038461 0.7694010528846154 0.9248574471153846 0.7646004158653846 0.9189102019230769 0.7884535192307692 0.9381645072115384 0.79325415625
4 0.7771500793269231 0.8235340144230769 0.8636875576923077 0.4764511466346154 0.6696284134615385 0.4280667692307692 0.5830909350961538 0.7751496370192308 0.7771500793269231 0.8235340144230769
3 0.6097037283653847 0.031584115384615384 0.560160139423077 0.23029259375000002 0.7110108052884615 0.26790388701923074 0.7605543918269231 0.06919540865384616 0.6097037283653847 0.031584115384615384
3 0.9091095817307693 0.4718875048076923 0.9387954134615384 0.3528241322115384 0.8692070168269231 0.3354737956730769 0.8395211850961538 0.45453716826923074 0.9091095817307693 0.4718875048076923