1 0.2797543798076923 0.4378555697115385 0.26518280048076925 0.3458542331730769 0.2353463798076923 0.35057985576923073 0.24991796153846155 0.44258119471153845 0.2797543798076923 0.4378555697115385
1 0.3806551153846154 0.45065472596153844 0.36288242067307697 0.33844235336538464 0.2646794495192308 0.3539961754807692 0.2824521418269231 0.4662085480769231 0.3806551153846154 0.45065472596153844
1 0.19529402163461537 0.603102545673077 0.18319931971153844 0.5267396057692307 0.07882329807692308 0.5432711418269232 0.090918 0.6196340841346154 0.19529402163461537 0.603102545673077
1 0.09265616105769231 0.6306084014423077 0.08005449519230769 0.5510446153846154 0.006389406249999999 0.5627120192307692 0.018991072115384616 0.6422758052884615 0.09265616105769231 0.6306084014423077
1 0.39048449759615383 0.7803989903846154 0.3611385504807692 0.5951159735576923 0.2968873653846154 0.6052923605769231 0.3262333125 0.7905753798076923 0.39048449759615383 0.7803989903846154
1 0.5056128942307693 1 0.6872204903846153 0.9712361826923076 0.6368283149038461 0.6530725072115384 0.3726216850961538 0.6949187259615385 0.4209418125 1 0.5056128942307693 1
1 0.5056128966346154 1 0.5608786923076923 0.9912467572115384 0.5368775889423077 0.8397097596153846 0.40534013461538465 0.8605432475961539 0.4274279158653846 1 0.5056128966346154 1
1 0.4192522764423077 0.8871200384615385 0.3955408677884616 0.73741209375 0.34080647355769234 0.746081170673077 0.36451788221153847 0.8957891153846155 0.4192522764423077 0.8871200384615385
1 0.24071434134615383 0.5422855216346154 0.23403690865384613 0.5001258629807692 0.20358318509615386 0.5049492596153846 0.21026062019230768 0.5471089182692308 0.24071434134615383 0.5422855216346154
1 0.15621757211538462 0.5198572307692307 0.16073679086538462 0.5483904471153846 0.20893804086538464 0.5407561177884616 0.20441882211538462 0.5122229014423076 0.15621757211538462 0.5198572307692307
1 0.2653114110576923 0.4185813557692307 0.2599665673076923 0.3848353389423077 0.16711357692307693 0.39954180769230774 0.17245842067307693 0.43328782451923076 0.2653114110576923 0.4185813557692307
4 0.4890600552884615 0 0.2714954639423077 0.03445884615384615 0.3555355360576923 0.56506696875 0.6439713966346154 0.5193832163461539 0.5617091754807693 0 0.4890600552884615 0