1 0.7003700985576924 0.5757987740384615 0.702430826923077 0.536477735576923 0.6504708846153846 0.5337546322115384 0.64841015625 0.5730756682692307 0.7003700985576924 0.5757987740384615
1 0.6452356562499999 0.5649817692307693 0.6479614879807692 0.5129698149038462 0.56276590625 0.5085049038461539 0.5600400745192308 0.5605168557692308 0.6452356562499999 0.5649817692307693
1 0.7168414711538461 0.17194067788461537 0.7183243245192308 0.14364617548076922 0.5928714879807692 0.13707147115384616 0.5913886370192307 0.16536597355769228 0.7168414711538461 0.17194067788461537
1 0.6697680096153846 0.23122495913461538 0.6717524158653846 0.1933602548076923 0.5878051201923077 0.18896076201923076 0.5858207139423077 0.22682546634615383 0.6697680096153846 0.23122495913461538
1 0.7704983701923077 0.2348350576923077 0.772809875 0.19072892067307692 0.6710744903846154 0.18539719471153845 0.668762985576923 0.22950333173076926 0.7704983701923077 0.2348350576923077
1 0.8994259759615384 0.1721216610576923 0.9014103798076923 0.13425695913461538 0.7772058317307693 0.12774767307692309 0.7752214278846155 0.165612375 0.8994259759615384 0.1721216610576923
1 0.8796696923076923 0.23262895432692307 0.8815668725961537 0.19642863221153845 0.7821720264423077 0.19121956971153847 0.7802748485576922 0.22741988942307692 0.8796696923076923 0.23262895432692307
1 0.5827097163461539 0.19662125721153847 0.5849448990384615 0.15397145192307693 0.5092675048076922 0.15000536778846155 0.5070323221153846 0.1926551730769231 0.5827097163461539 0.19662125721153847
1 0.5814829495192307 0.24391353125 0.5837944543269231 0.19980739423076924 0.5032799471153846 0.1955878076923077 0.5009684447115385 0.23969394471153846 0.5814829495192307 0.24391353125
1 0.500227016826923 0.2538411947115385 0.50262575 0.20807067548076924 0.4364665432692308 0.20460341826923076 0.4340678100961538 0.2503739375 0.500227016826923 0.2538411947115385
1 0.4313129471153846 0.25815709375 0.4331338028846154 0.22341310576923076 0.3869471850961539 0.22099256971153844 0.38512633173076927 0.25573655528846156 0.4313129471153846 0.25815709375
1 0.4445619903846154 0.2083655889423077 0.44630652163461537 0.17507793990384618 0.39653108173076923 0.17246931971153845 0.39478654807692304 0.20575696875 0.4445619903846154 0.2083655889423077
1 0.44638284615384616 0.17362160576923077 0.4482036995192308 0.1388776201923077 0.39499547115384614 0.13608909375 0.3931746153846154 0.17083307932692307 0.44638284615384616 0.17362160576923077
1 0.5298232788461539 0.16380842548076924 0.5315678100961538 0.13052077403846155 0.44293943990384615 0.12587595673076923 0.44119490865384614 0.15916360817307693 0.5298232788461539 0.16380842548076924
1 0.5063781225961539 0.20513804086538462 0.5080245264423077 0.17372281971153847 0.44170928365384615 0.17024738461538463 0.44006288221153844 0.20166260576923076 0.5063781225961539 0.20513804086538462
1 0.5119170120192308 0.09944974759615384 0.5144683894230769 0.05076655769230769 0.45767133653846154 0.04778994951923077 0.4551199567307692 0.09647313942307692 0.5119170120192308 0.09944974759615384
1 0.44927222596153843 0.11848893269230769 0.4513438581730769 0.07895984855769231 0.4040649903846154 0.0764820673076923 0.40199335817307696 0.11601115144230768 0.44927222596153843 0.11848893269230769
1 0.39616404567307695 0.13469000240384615 0.3979085769230769 0.10140234855769231 0.35421853365384615 0.09911265144230769 0.3524740024038462 0.13240030288461538 0.39616404567307695 0.13469000240384615
1 0.3500699639423077 0.15438795192307692 0.3519780456730769 0.11797958413461539 0.32607609134615384 0.1166221201923077 0.3241680096153846 0.15303048798076924 0.3500699639423077 0.15438795192307692
1 0.3208536875 0.1685032355769231 0.32266363701923073 0.1339672956730769 0.2955133966346154 0.13254441346153845 0.2937034447115385 0.16708035096153845 0.3208536875 0.1685032355769231
1 0.5768042067307693 0.08240565624999999 0.5792029375 0.03663513701923077 0.5082066201923077 0.03291437740384615 0.5058078894230769 0.07868489663461539 0.5768042067307693 0.08240565624999999
1 0.5176582043269231 0.004828877403846154 0.5164697427884616 0.02750608894230769 0.5795082307692307 0.03080979567307692 0.5806966923076924 0.008132586538461538 0.5176582043269231 0.004828877403846154
1 0.3761545024038462 0 0.3750249254807692 0.021553615384615383 0.4154382139423077 0.023671586538461537 0.4166787884615385 0 0.3761545024038462 0
1 0.6810417596153846 0.06387730288461538 0.6833859735576924 0.019147021634615385 0.6016231802884615 0.014862016826923076 0.5992789663461539 0.059592295673076924 0.6810417596153846 0.06387730288461538
1 0.02864700480769231 0 0.020542552884615387 0.15464216826923077 0.25038338221153844 0.16668761778846156 0.25911911057692305 0 0.02864700480769231 0
2 0.8478794038461538 0.6600926682692307 0.8729788557692307 0.1811665889423077 0.7049282307692307 0.1723594278846154 0.6798287764423077 0.6512855096153847 0.8478794038461538 0.6600926682692307
4 0.5507766105769231 1 0.5839876466346154 0.3662956706730769 0.011804129807692307 0.3363088028846154 0 0.5615450144230769 0 0.9738564254807692 0.4988491322115385 1 0.5507766105769231 1
3 0.7580000576923077 0.4225632211538462 0.7600607860576923 0.3832421826923077 0.7246406442307692 0.38138589182692306 0.7225799158653847 0.4207069302884615 0.7580000576923077 0.4225632211538462
3 0.5567102427884616 0.32251641586538465 0.5581603846153846 0.29484605769230765 0.5197755625 0.29283439423076923 0.518325420673077 0.3205047524038462 0.5567102427884616 0.32251641586538465
3 0.5606784783653846 0.34233459134615385 0.5618451322115384 0.32007347596153846 0.5145662668269231 0.3175956947115385 0.5133996105769231 0.33985681009615387 0.5606784783653846 0.34233459134615385
3 0.5597080817307692 0.36085084615384616 0.5606784783653846 0.34233459134615385 0.5093426778846154 0.3396441971153846 0.50837228125 0.3581604519230769 0.5597080817307692 0.36085084615384616
3 0.5565783798076923 0.3817573701923077 0.5578213581730769 0.35803991826923076 0.5075778100961539 0.35540676682692307 0.5063348317307692 0.37912421634615384 0.5565783798076923 0.3817573701923077