1 0.808992983173077 0.8151433846153846 0.779538826923077 0.6765724759615386 0.4229734591346154 0.7523627860576922 0.4524276153846154 0.8909336947115385 0.808992983173077 0.8151433846153846
3 0.5196222427884616 0.36761061538461537 0.4999139471153846 0.27489037259615384 0.3594580649038462 0.3047451923076923 0.37916636057692304 0.39746543509615384 0.5196222427884616 0.36761061538461537
3 0.6107488437499999 0.3657060408653846 0.5922100504807692 0.2784878798076923 0.5087618341346154 0.29622534615384616 0.5273006274038461 0.3834435072115384 0.6107488437499999 0.3657060408653846
3 0.6145355 0.4383818918269231 0.5972095264423077 0.35686959375 0.3817113846153846 0.4026751394230769 0.3990373581730769 0.48418743750000004 0.6145355 0.4383818918269231
3 0.6306908894230769 0.5414417716346154 0.6050917620192308 0.42100734855769234 0.3923446586538461 0.46622814182692307 0.4179437860576923 0.5866625649038462 0.6306908894230769 0.5414417716346154
3 0.6523705552884616 0.6299092091346155 0.6303232524038461 0.5261848076923077 0.41344958894230766 0.5722827283653846 0.4354968918269231 0.6760071274038462 0.6523705552884616 0.6299092091346155
3 0.6776009639423077 0.7621363245192309 0.6500093485576923 0.6323279855769232 0.429009125 0.6793030336538461 0.4566007403846154 0.8091113725961538 0.6776009639423077 0.7621363245192309
3 0.3338978509615385 0.71506765625 0.3063062355769231 0.5852593197115384 0.029215360576923075 0.6441568028846153 0.056806973557692306 0.773965141826923 0.3338978509615385 0.71506765625
3 0 0.2959553125 0.057246600961538455 0.2837871730769231 0.028485483173076923 0.14847675480769232 0 0.15453153125 0 0.2959553125
3 0.011308795673076922 0.09547306490384615 0.06350329326923077 0.34102886778846153 0.3057476586538461 0.2895382379807692 0.25355316346153844 0.04398243509615385 0.011308795673076922 0.09547306490384615
3 0.44158426682692303 0.6640638365384616 0.38410534615384617 0.39364678124999997 0.31884456009615386 0.4075183894230769 0.3763234807692308 0.6779354447115384 0.44158426682692303 0.6640638365384616