1 0.8059928749999999 0.5741562644230769 0.7897555576923078 0.471637875 0.6772002403846155 0.4894648846153846 0.6934375576923077 0.5919832764423076 0.8059928749999999 0.5741562644230769
1 0.8224339110576923 0.7195784134615385 0.8027782115384615 0.595477201923077 0.6959329663461538 0.6123998245192308 0.7155886682692307 0.7365010360576923 0.8224339110576923 0.7195784134615385
1 0.7039517403846154 0.6397225408653846 0.6889021658653847 0.5447032668269232 0.5948660024038461 0.5595971322115385 0.609915576923077 0.65461640625 0.7039517403846154 0.6397225408653846
1 0.5220825576923077 0.5841556971153846 0.5094374399038462 0.5043175552884616 0.3199761802884616 0.5343252716346154 0.3326212980769231 0.6141634134615385 0.5220825576923077 0.5841556971153846
1 0.5029307091346154 0.5001920504807692 0.4922989591346154 0.43306582211538464 0.3099881514423077 0.46194101682692307 0.32061990144230773 0.5290672451923076 0.5029307091346154 0.5001920504807692
1 0.5351543750000001 0.10435177884615385 0.522320954326923 0.02332475480769231 0.45467459134615384 0.03403888701923077 0.46750801201923076 0.1150659110576923 0.5351543750000001 0.10435177884615385
1 0.4727578605769231 0.13888981971153846 0.46273446634615384 0.07560460336538462 0.41854570192307694 0.08260341586538462 0.42856909374999996 0.14588863221153844 0.4727578605769231 0.13888981971153846
1 0.4323020961538461 0.16479671153846154 0.42368371394230764 0.11038239903846153 0.39163528605769227 0.11545837019230769 0.40025366586538463 0.16987268269230768 0.4323020961538461 0.16479671153846154
1 0.4026581225961538 0.18505381971153845 0.39524197115384613 0.13823007451923078 0.3674632355769231 0.14262979326923075 0.3748793870192308 0.18945353846153848 0.4026581225961538 0.18505381971153845
1 0.3529781466346154 0.2033282451923077 0.34735809134615386 0.16784462740384615 0.3231288629807692 0.17168215865384615 0.32874891586538457 0.20716577644230771 0.3529781466346154 0.2033282451923077
1 0.3320352451923077 0.20927018509615386 0.32802299278846153 0.1839378076923077 0.3087836442307692 0.18698501923076924 0.31279589903846156 0.2123173966346154 0.3320352451923077 0.20927018509615386
1 0.36102723557692307 0.1203062091346154 0.356406625 0.09113282451923076 0.3065077884615385 0.09903602403846154 0.31112839903846157 0.12820940865384614 0.36102723557692307 0.1203062091346154
1 0.29441063461538464 0.026985822115384615 0.2982201033653846 0.05103786057692308 0.3202887644230769 0.04754252884615384 0.3164792956730769 0.023490490384615384 0.29441063461538464 0.026985822115384615
1 0.3035801923076923 0.061907252403846154 0.29816292307692305 0.027703971153846152 0.28103270432692307 0.030417132211538463 0.2864499711538462 0.06462041346153846 0.3035801923076923 0.061907252403846154
1 0.5201031875 0 0.5305836129807692 0.0661708076923077 0.6253399639423077 0.051162875000000003 0.6172365600961538 0 0.5201031875 0
1 0.5355953100961538 0.09781341586538463 0.5486315144230769 0.1801207764423077 0.6262576466346155 0.1678260048076923 0.6132214399038461 0.08551864423076923 0.5355953100961538 0.09781341586538463
1 0.7270013605769231 0 0.6049530432692308 0.019330552884615385 0.6232037331730769 0.13456086298076925 0.7763468677884616 0.11030537259615383 0.7588762139423076 0 0.7270013605769231 0
1 0.7552376658653847 0 0.7663806538461538 0.07035404567307692 0.9337218076923077 0.043849810096153845 0.9267766802884616 0 0.7552376658653847 0
3 0.5737042548076923 0.3643931634615385 0.5588864350961539 0.27083712740384613 0.5252433004807693 0.27616567548076926 0.5400611201923077 0.36972171153846156 0.5737042548076923 0.3643931634615385
3 0.5911643245192308 0.5269033173076922 0.5814885624999999 0.4658129615384615 0.5559218365384615 0.46986233413461537 0.5655975985576923 0.5309526875 0.5911643245192308 0.5269033173076922
3 0.5903884471153846 0.5030270288461538 0.5815383125 0.4471494759615385 0.5296332307692307 0.4553704326923077 0.5384833677884615 0.5112479855769231 0.5903884471153846 0.5030270288461538
3 0.5830215865384616 0.4894755841346154 0.5673781394230769 0.39070675 0.4957192908653846 0.4020563966346154 0.5113627379807693 0.5008252307692308 0.5830215865384616 0.4894755841346154
3 0.5346686778846154 0.32135873317307695 0.5280781514423076 0.2797477908653846 0.49515520673076924 0.28496227163461535 0.5017457331730769 0.3265732163461538 0.5346686778846154 0.32135873317307695
3 0.5419649086538462 0.36276416105769227 0.5347660264423078 0.3173122043269231 0.49968251442307693 0.3228688870192308 0.5068813966346154 0.36832084375 0.5419649086538462 0.36276416105769227
3 0.5039555913461539 0.3595033125 0.4988135336538461 0.3270376322115384 0.4710347980769231 0.3314373509615385 0.4761768581730769 0.36390303124999995 0.5039555913461539 0.3595033125
3 0.5068371225961539 0.48157395432692307 0.5027234759615384 0.45560140865384613 0.49176631009615385 0.4573368533653846 0.4958799567307692 0.48330939903846154 0.5068371225961539 0.48157395432692307
3 0.1460163173076923 0.4507878846153846 0.1396430625 0.41054873076923076 0.11844891826923076 0.4139055528846154 0.12482217548076924 0.45414470673076923 0.1460163173076923 0.4507878846153846
3 0.4551378990384615 0.35392323557692307 0.4499958389423077 0.3214575552884616 0.4083277379807692 0.3280571322115385 0.4134697956730769 0.36052281490384613 0.4551378990384615 0.35392323557692307
1 1 0.68751734375 0.8179159543269231 0.7163566225961537 0.8486524302884615 0.9104190889423076 1 0.8864479903846154 1 0.68751734375
1 1 0.6110199783653847 0.8117036514423077 0.6408431899038463 0.8400791274038462 0.8199988798076923 1 0.7946699038461538 1 0.6110199783653847
1 1 0.560021735576923 0.8178162403846153 0.5888768076923078 0.8367332235576923 0.7083139350961538 1 0.6824550192307692 1 0.560021735576923
3 0.004493305288461539 0.5404193605769231 0.011909459134615386 0.5872431057692308 0.03670455048076923 0.5833159495192308 0.029288396634615386 0.5364922043269231 0.004493305288461539 0.5404193605769231
3 0 0.53036146875 0.002721370192307692 0.5475435216346154 0.02911116826923077 0.5433637884615384 0.021593622596153845 0.49589987740384617 0 0.49931997115384613 0 0.53036146875
3 0.04203711778846154 0.4931306802884615 0.04875800721153846 0.5355646971153847 0.05580557451923077 0.5344484711538462 0.04908468509615385 0.49201445432692303 0.04203711778846154 0.4931306802884615