1 0.19823635576923077 0.7378170360576923 0.21013050240384615 0.6531857932692307 0.1746974735576923 0.6482060048076923 0.16280332692307692 0.73283725 0.19823635576923077 0.7378170360576923
1 0.23256854567307692 0.6840160120192308 0.24066120432692306 0.6264337548076924 0.2144087860576923 0.6227442187500001 0.20631612740384617 0.6803264735576923 0.23256854567307692 0.6840160120192308
1 0.2473750192307692 0.5786624903846154 0.25469449278846157 0.5265817283653846 0.22539906009615385 0.5224645240384616 0.21807958653846155 0.5745452860576923 0.2473750192307692 0.5786624903846154
1 0.28862706730769233 0.6301828389423078 0.2949929495192308 0.5848872427884616 0.27168038701923075 0.5816108774038462 0.2653145048076923 0.6269064711538461 0.28862706730769233 0.6301828389423078
1 0.30574835336538464 0.6071563846153846 0.31009106971153844 0.5762563509615385 0.2960622716346154 0.5742847331730769 0.29171955528846155 0.605184764423077 0.30574835336538464 0.6071563846153846
1 0.28671551201923073 0.4345873509615385 0.2923082091346154 0.3947932451923077 0.26992402403846155 0.3916473533653846 0.2643313269230769 0.4314414591346154 0.28671551201923073 0.4345873509615385
1 0.26368638942307693 0.4285457427884615 0.2686476514423077 0.39324451923076925 0.2457477019230769 0.3900261418269231 0.24078643990384616 0.42532736538461535 0.26368638942307693 0.4285457427884615
1 0.24090211057692307 0.42076199759615385 0.24713912740384616 0.3763833173076923 0.20592953365384614 0.37059168750000004 0.19969251682692307 0.4149703677884615 0.24090211057692307 0.42076199759615385
1 0.19893258894230767 0.4248683389423077 0.20621340384615383 0.37306264903846154 0.14545633173076922 0.36452379807692303 0.13817551682692308 0.41632948798076924 0.19893258894230767 0.4248683389423077
1 0.1397506826923077 0.4417965528846154 0.15209585096153846 0.35395610817307693 0.053326927884615384 0.3400750408653846 0.04098175721153847 0.4279154855769231 0.1397506826923077 0.4417965528846154
1 0 0.7711074038461538 0.07391634134615385 0.7814956682692308 0.09511446634615385 0.630663170673077 0 0.617295704326923 0 0.7711074038461538
1 0 0.8974293533653845 0.05016291346153846 0.9044792908653847 0.07105176442307692 0.7558473894230769 0 0.7458617139423077 0 0.8974293533653845
1 0.7062992235576923 0.2925255096153846 0.7281030096153847 0.13738350961538462 0.6577527163461538 0.12749642067307693 0.6359489302884616 0.28263842067307693 0.7062992235576923 0.2925255096153846
1 0.7357979495192308 0.10396252163461539 0.7246254423076923 0.18345904326923076 0.8052394519230769 0.19478860336538462 0.8164119591346153 0.11529208173076923 0.7357979495192308 0.10396252163461539
1 0.6361319639423078 0.3131459759615384 0.6487606346153847 0.22328831971153845 0.6179694879807692 0.21896090625 0.6053408173076923 0.3088185625 0.6361319639423078 0.3131459759615384
1 0.6071870913461539 0.3383443389423077 0.6176250745192308 0.26407423317307693 0.5882780649038462 0.25994977884615383 0.5778400817307692 0.3342198846153846 0.6071870913461539 0.3383443389423077
1 0.5788213942307693 0.35081424759615387 0.5855352067307693 0.30304298317307693 0.5715064110576923 0.3010713653846154 0.5647925961538461 0.3488426298076923 0.5788213942307693 0.35081424759615387
1 0.5615838846153847 0.37167381009615386 0.5666224663461539 0.33582243990384614 0.5385132956730769 0.3318719519230769 0.5334747139423077 0.3677233221153846 0.5615838846153847 0.37167381009615386
1 0.1957926923076923 0 0.1925813653846154 0.02284978125 0.24653034615384614 0.030431814903846152 0.25080725721153846 0 0.1957926923076923 0
1 0.25285846875 0 0.23976618990384616 0.09315641346153845 0.28252307451923075 0.09916550240384615 0.29637595432692304 0.0005971514423076923 0.29212700240384615 0 0.25285846875 0
1 0.28431277403846156 0.06809367307692307 0.2745191105769231 0.1377792019230769 0.3014935985576923 0.14157021875 0.31128726201923074 0.07188468990384615 0.28431277403846156 0.06809367307692307
1 0.34397269711538464 0.21878921153846154 0.3519236033653846 0.16221556490384614 0.32520699759615385 0.15846079086538462 0.31725608894230767 0.21503443749999998 0.34397269711538464 0.21878921153846154
4 0.93369665625 1 0.9880459591346155 0.613284608173077 0.7901986514423077 0.5854789807692308 0.7319415216346153 1 0.93369665625 1
4 0.7450377235576924 1 0.8060823822115384 0.5656446899038461 0.6618230168269231 0.5453703581730769 0.5979289879807692 1 0.7450377235576924 1
4 0.6076146634615385 0.9883406754807692 0.6731033389423077 0.5223645336538462 0.6081169951923078 0.5132312980769231 0.5426283197115385 0.9792074399038462 0.6076146634615385 0.9883406754807692
4 0.5733292764423077 0.8281209350961538 0.6182899206730769 0.5082093341346154 0.588272420673077 0.5039906490384616 0.5433117764423077 0.82390225 0.5733292764423077 0.8281209350961538
4 0.555464514423077 0.7479095865384615 0.5902577908653847 0.5003425697115385 0.5638506394230769 0.4966312860576923 0.5290573653846153 0.7441983028846154 0.555464514423077 0.7479095865384615
4 0.5388669086538461 0.7107004903846155 0.5695623100961538 0.4922913677884615 0.5438256538461539 0.4886743173076923 0.5131302548076924 0.7070834399038461 0.5388669086538461 0.7107004903846155
4 0.2633440625 0.6551478221153846 0.29135909134615384 0.4558105288461538 0.23926686298076924 0.4484894423076923 0.2112518341346154 0.647826735576923 0.2633440625 0.6551478221153846
4 0 0.7928934975961539 0.1514246658653846 0.8141748485576923 0.20102441346153846 0.4612543100961538 0.02963583173076923 0.43716721634615385 0 0.6480371129807693 0 0.7928934975961539
4 0.3127952331730769 0.22057867307692308 0.2897801274038462 0.3843396706730769 0.33047395673076924 0.39005881490384614 0.35348906249999995 0.22629781971153845 0.3127952331730769 0.22057867307692308
4 0.3533493990384615 0.40879517548076927 0.3719058125 0.2767594326923077 0.3397736754807692 0.27224355528846156 0.3212172620192308 0.40427929807692303 0.3533493990384615 0.40879517548076927
3 0.6466776850961539 0.45067429326923075 0.6628887740384616 0.3353264038461538 0.6221949447115385 0.3296072596153846 0.6059838557692308 0.4449551490384615 0.6466776850961539 0.45067429326923075
3 0.6072606274038461 0.448220173076923 0.6218866899038461 0.3441503341346154 0.6078578942307693 0.3421787163461539 0.5932318317307692 0.4462485528846154 0.6072606274038461 0.448220173076923
3 0.5922004254807692 0.4475996418269231 0.6042749807692307 0.3616847163461539 0.5923608173076923 0.36001029086538466 0.5802862620192308 0.44592521394230766 0.5922004254807692 0.4475996418269231
3 0.5843480408653846 0.44808560096153843 0.5956880721153847 0.36739709374999996 0.5821234615384616 0.3654907115384616 0.5707834302884616 0.4461792211538462 0.5843480408653846 0.44808560096153843
3 0.5736201971153846 0.4473259254807692 0.5835813822115384 0.3764484038461538 0.571718798076923 0.37478122596153846 0.5617576105769231 0.4456587475961538 0.5736201971153846 0.4473259254807692
3 0.5617323341346154 0.4518263629807692 0.5722347475961539 0.37709779807692306 0.562486798076923 0.37572781250000004 0.5519843822115384 0.45045637740384614 0.5617323341346154 0.4518263629807692
3 0.5497792956730769 0.4478089086538462 0.5572018605769231 0.3949946105769231 0.5415226153846153 0.39279103605769233 0.5341000504807693 0.44560533413461534 0.5497792956730769 0.4478089086538462
3 0.5393825048076922 0.5524731298076924 0.5480808221153846 0.49058137740384616 0.532401576923077 0.4883778028846154 0.5237032572115384 0.5502695576923077 0.5393825048076922 0.5524731298076924