1 0.6783490865384615 0.8459316826923077 0.6653632283653846 0.5981467307692308 0.3376879110576923 0.6153194663461539 0.3506737716346154 0.8631044182692308 0.6783490865384615 0.8459316826923077
1 0.8302973870192307 0.7299036442307693 0.8225560288461539 0.5821896947115385 0.6607468365384614 0.5906697548076922 0.6684881971153847 0.7383837067307693 0.8302973870192307 0.7299036442307693
1 0.8992897019230769 0.7148138533653847 0.8937399086538461 0.6089175120192307 0.8141616177884615 0.6130880336538461 0.8197114110576924 0.718984375 0.8992897019230769 0.7148138533653847
1 0.3332880552884615 0.017855932692307692 0.3416181971153846 0.17680446875 0.656654608173077 0.16029411057692308 0.6483244663461538 0.0013455745192307693 0.3332880552884615 0.017855932692307692
1 0 0.10917403125000001 0.32435289182692306 0.09217541586538462 0.32018782211538466 0.012701151442307693 0 0.02948148317307692 0 0.10917403125000001
1 0.6489634783653847 0.09414764663461539 0.65610515625 0.23041897115384616 0.8107366971153845 0.22231507451923077 0.8035950192307693 0.08604375240384615 0.6489634783653847 0.09414764663461539
1 0.8046647283653846 0.07659982451923077 0.8097238725961537 0.17313401201923076 0.903345391826923 0.16822751682692308 0.8982862475961538 0.07169332932692309 0.8046647283653846 0.07659982451923077
1 0.8157336826923077 0.18032934375 0.8202912716346155 0.2672933341346154 0.9039264951923076 0.2629101971153846 0.8993689062500001 0.17594620673076924 0.8157336826923077 0.18032934375
1 0.8992759230769232 0.23686789903846156 0.9020889807692308 0.2905442379807692 0.9529566730769231 0.28787837499999996 0.9501436153846154 0.23420203605769233 0.8992759230769232 0.23686789903846156
1 0.8967787740384616 0.14145115865384617 0.9005622283653847 0.21364375240384614 0.94565659375 0.21128045673076923 0.9418731394230769 0.13908786298076922 0.8967787740384616 0.14145115865384617
1 0.9439002620192307 0.25539116105769233 0.9467133197115385 0.3090675 0.9771403125 0.30747288701923076 0.9743272572115385 0.2537965504807692 0.9439002620192307 0.25539116105769233
1 0.9909887524038462 0.32093322836538457 0.9890370576923077 0.2836926706730769 0.975930045673077 0.2843795793269231 0.9778817403846154 0.32162013942307693 0.9909887524038462 0.32093322836538457
1 0.9767595600961538 0.4435125841346154 0.9747533485576922 0.40523178605769233 0.8778550769230768 0.4103100096153846 0.8798612884615384 0.4485908076923077 0.9767595600961538 0.4435125841346154
1 0.9734428701923077 0.4877050649038462 0.9755690192307692 0.5282743894230769 0.99928646875 0.5270314110576924 0.9971603221153846 0.4864620865384615 0.9734428701923077 0.4877050649038462
1 0.9709132980769231 0.43943796875 0.9728104759615385 0.4756382908653846 0.9990245024038462 0.4742644711538461 0.9971273245192307 0.4380641514423077 0.9709132980769231 0.43943796875
1 0.9767359615384615 0.5983092980769231 0.9735849014423077 0.5381834759615385 0.9358242211538462 0.5401624302884616 0.9389752812500001 0.60028825 0.9767359615384615 0.5983092980769231
1 0.9451038461538462 0.6396047211538461 0.9410805192307692 0.5628350769230769 0.8859998581730769 0.5657217307692307 0.8900231850961539 0.6424913774038461 0.9451038461538462 0.6396047211538461
1 0.9032776370192307 0.0057166802884615385 0.9078243245192308 0.09247262259615385 0.9491738293269231 0.09030558653846153 0.9446271418269231 0.003549644230769231 0.9032776370192307 0.0057166802884615385
1 0.9806361899038462 0.14727871875 0.976503829326923 0.06842859615384615 0.9445164783653847 0.07010498317307692 0.9486488365384615 0.14895510576923077 0.9806361899038462 0.14727871875
1 0.2037736826923077 0.27832448798076925 0.20487491826923077 0.2993373173076923 0.27680745192307693 0.2955674927884615 0.27570621634615383 0.27455466586538463 0.2037736826923077 0.27832448798076925
1 0.3489471490384615 0.29575057932692306 0.34763875 0.2707848413461539 0.28850115625 0.2738841105769231 0.28980955528846153 0.2988498485576923 0.3489471490384615 0.29575057932692306
1 0.41314331009615385 0.2936379158653846 0.41197665384615384 0.27137680048076923 0.35471149038461536 0.2743779399038461 0.35587814663461537 0.2966390552884616 0.41314331009615385 0.2936379158653846
1 0.47450223798076924 0.2970980456730769 0.4732592596153846 0.27338059375 0.4161501322115385 0.2763735576923077 0.41739311298076925 0.3000910072115385 0.47450223798076924 0.2970980456730769
1 0.211045625 0.3215448028846154 0.21207053605769233 0.34110129807692313 0.27604524278846154 0.3377485264423077 0.27502032932692305 0.31819203125 0.211045625 0.3215448028846154
1 0.13104667548076923 0.284848 0.13179900721153845 0.29920330048076926 0.19093659855769232 0.29610403125 0.19018426923076925 0.28174873076923074 0.13104667548076923 0.284848
1 0.060910250000000006 0.28706336057692305 0.06194606490384616 0.3068279014423077 0.123112125 0.30362232451923077 0.12207631009615386 0.28385778125 0.060910250000000006 0.28706336057692305
1 0.3569695600961538 0.9503945504807692 0.3496207211538461 0.8101703221153845 0.018512615384615384 0.8275229615384615 0.02586145673076923 0.9677471923076923 0.3569695600961538 0.9503945504807692
1 0.4283247331730769 0.45493943990384617 0.4257624519230769 0.40604820192307695 0.3358857956730769 0.41075843749999996 0.33844807692307693 0.45964967548076924 0.4283247331730769 0.45493943990384617