1 0.9215423413461538 0.29584992548076927 0.9262728149038462 0.2715137524038461 0.839920298076923 0.2547285216346154 0.8351898245192307 0.27906469471153844 0.9215423413461538 0.29584992548076927
1 0 0.4645695456730769 0.5138931586538461 0.5644602572115385 0.5621519350961539 0.3161903822115385 0.04587738701923077 0.2158367764423077 0 0.45185547596153847 0 0.4645695456730769
1 0.4579225216346154 0.8524042307692308 0.5203727163461539 0.5311258317307692 0.0789472403846154 0.4453214134615384 0.016497045673076922 0.7665998100961539 0.4579225216346154 0.8524042307692308
1 0 0.9121681947115385 0.4199334278846154 0.993794983173077 0.4470839567307693 0.8541176153846154 0 0.7672132980769231 0 0.9121681947115385
4 0.8109799086538462 0.4789510360576923 0.8396410096153846 0.3315024519230769 0.7308951225961539 0.31036439182692305 0.7022340216346153 0.45781297596153847 0.8109799086538462 0.4789510360576923
4 0.7364698725961538 0.25138617548076925 0.7252200913461538 0.30926127884615384 0.8138732956730769 0.3264937139423077 0.8251230769230768 0.2686186129807692 0.7364698725961538 0.25138617548076925
4 1 0.22960321153846155 0.9331259591346155 0.21660421634615384 0.9020797451923077 0.3763231394230769 1 0.3953569086538461 1 0.22960321153846155
4 1 0.12645814663461538 0.9496845432692307 0.1166778125 0.9311204182692308 0.2121819591346154 0.9999876995192308 0.22556840384615384 1 0.22550512259615385 1 0.12645814663461538
4 0.9201324086538462 0.36943282211538464 0.9338468052884615 0.29887836778846155 0.8875262716346154 0.2898745673076923 0.873811875 0.3604290216346154 0.9201324086538462 0.36943282211538464
4 0.88854265625 0.46643746153846155 0.9051589399038461 0.3809540961538461 0.8674276442307692 0.37361987500000005 0.8508113629807692 0.4591032403846154 0.88854265625 0.46643746153846155
4 0.8654383581730769 0.5402602860576923 0.8820546394230769 0.4547769206730769 0.8536794783653847 0.4492613485576923 0.8370631971153847 0.5347447139423077 0.8654383581730769 0.5402602860576923
4 0.8927813100961538 0.3889475264423077 0.8519163822115385 0.5991793485576923 0.9218573197115384 0.6127744903846154 0.9627222475961539 0.4025426682692308 0.8927813100961538 0.3889475264423077