1 0.7179372572115384 0.2743544927884615 0.7564431586538463 0.11991575480769232 0.5467683173076924 0.06763794471153846 0.5082624158653846 0.22207668269230768 0.7179372572115384 0.2743544927884615
1 0.8132456057692308 0.3732664423076923 0.8394034110576923 0.26835321634615383 0.7197841418269231 0.23852878365384617 0.6936263365384616 0.34344200961538457 0.8132456057692308 0.3732664423076923
1 0.8882163822115385 0.4323244567307692 0.9068645264423078 0.35753082932692304 0.8186282596153845 0.3355310552884615 0.7999801129807692 0.41032468269230765 0.8882163822115385 0.4323244567307692
1 0.9498959903846154 0.48785389903846155 0.9659737163461538 0.4233696634615385 0.9013884086538462 0.4072667355769231 0.8853106826923077 0.4717509735576923 0.9498959903846154 0.48785389903846155
1 0.5643667139423078 0.8095585961538462 0.6022174110576923 0.6577477451923077 0.1952996394230769 0.55629175 0.15744894471153847 0.7081026009615384 0.5643667139423078 0.8095585961538462
1 0.6183712115384616 0.6336481754807692 0.6297113004807693 0.5881655625 0.49963102884615385 0.5557329086538462 0.48829093990384614 0.6012155216346154 0.6183712115384616 0.6336481754807692
1 0.8514257139423077 0.8220848725961538 0.8719386730769231 0.7398118798076924 0.6120813485576924 0.675022173076923 0.591568389423077 0.7572951634615385 0.8514257139423077 0.8220848725961538
1 0.9148431225961539 0.7492208942307692 0.92557840625 0.7061640216346153 0.8706960552884616 0.6924803149038462 0.8599607716346154 0.7355371875000001 0.9148431225961539 0.7492208942307692
1 1 0.46685128846153845 0.9510876706730769 0.45465607692307697 0.9350099447115384 0.5191403125 0.9891342524038461 0.5326350192307692 1 0.4890548846153846 1 0.46685128846153845
2 0.8784187259615385 0.6795907211538462 0.847120079326923 0.8051227307692308 0.9329306081730769 0.8265176995192308 0.9642292548076923 0.7009856899038461 0.8784187259615385 0.6795907211538462
4 0 0.5080275024038461 0.19732136057692307 0.5572252451923076 0.3024565841346154 0.13555089182692306 0.09065922115384616 0.0827438798076923 0 0.44635815624999997 0 0.5080275024038461