1 0.6785576778846154 0 0.6928707500000001 0.13617980528846155 0.8993894375 0.11447381730769231 0.8873577548076923 0 0.6785576778846154 0
3 0.6173096490384615 0.6041416346153846 0.6037209495192308 0.4748537884615385 0.37296079086538464 0.49910765865384615 0.3865494903846154 0.6283955048076924 0.6173096490384615 0.6041416346153846
3 0.6424440192307692 0.7311685769230769 0.628964201923077 0.6029166923076923 0.4973454471153846 0.6167503822115384 0.5108252620192307 0.7450022668269232 0.6424440192307692 0.7311685769230769
3 0.7090841298076923 0.7030068509615385 0.6972375697115385 0.5902943677884616 0.6145679374999999 0.598983295673077 0.6264144951923077 0.7116957788461539 0.7090841298076923 0.7030068509615385
3 0.7943220576923077 0.6754041850961539 0.7829110336538462 0.5668355432692308 0.7151592283653846 0.5739565432692307 0.7265702524038461 0.6825251850961538 0.7943220576923077 0.6754041850961539
3 0.3977674302884615 0.6125527884615385 0.3874670216346154 0.5145509447115384 0.2225939375 0.5318798052884616 0.23289434615384616 0.6298816490384616 0.3977674302884615 0.6125527884615385
3 0.5337179375 0.7729708798076923 0.5144672788461538 0.5898130961538461 0.2475003076923077 0.6178724567307692 0.26675096634615386 0.8010302379807693 0.5337179375 0.7729708798076923
3 0.3733023798076923 0.8581220024038461 0.3461467572115385 0.5997535024038462 0.013448103365384616 0.6347215408653846 0.04060372596153846 0.8930900408653847 0.3733023798076923 0.8581220024038461
3 0.07703234375 0.9003637283653846 0.061004646634615384 0.7478703701923077 0.027128745192307693 0.7514308701923077 0.043156442307692305 0.9039242283653847 0.07703234375 0.9003637283653846
3 0 0.2988707596153846 0.4077412644230769 0.2560154254807692 0.38230600480769233 0.014015096153846154 0 0.054197076923076924 0 0.2988707596153846
3 0.579072326923077 0.2059572283653846 0.5598216682692307 0.022799444711538462 0.32408890144230773 0.04757595673076923 0.34333956009615385 0.2307337403846154 0.579072326923077 0.2059572283653846
3 0.5841251009615385 0.31980272596153847 0.5677271995192308 0.16378710576923078 0.36245166346153845 0.18536243269230768 0.37884956730769226 0.34137805528846155 0.5841251009615385 0.31980272596153847
3 0.7058298533653846 0.3685984254807692 0.6723371899038462 0.04993703125 0.5469341947115385 0.06311741826923077 0.5804268581730769 0.38177881009615383 0.7058298533653846 0.3685984254807692
3 0.7953096466346155 0.3066140144230769 0.7824831346153847 0.18457789182692308 0.6824093677884615 0.1950960673076923 0.6952358822115384 0.3171321899038461 0.7953096466346155 0.3066140144230769
3 0.7964891153846154 0.38211264903846154 0.7864935793269231 0.28701149278846155 0.6931017596153846 0.2968273677884615 0.7030972932692308 0.39192852403846157 0.7964891153846154 0.38211264903846154
3 0.8519156057692308 0.41168936298076925 0.8428564711538461 0.32549746153846154 0.7782125480769231 0.3322918125 0.7872716826923077 0.41848371153846153 0.8519156057692308 0.41168936298076925
3 0.8878914615384615 0.3683162596153846 0.8789847644230769 0.2835747043269231 0.7671010504807693 0.29533415625 0.7760077475961539 0.38007571153846154 0.8878914615384615 0.3683162596153846
3 0.8860797211538463 0.4303035408653846 0.8791547115384616 0.3644164663461539 0.8367321370192309 0.36887525721153847 0.8436571466346153 0.4347623341346154 0.8860797211538463 0.4303035408653846
3 0.9130322572115385 0.43710683653846155 0.9064338990384615 0.37432764182692313 0.8792399399038462 0.37718584375 0.8858383004807693 0.43996503846153845 0.9130322572115385 0.43710683653846155
3 0.9326624543269231 0.44300389423076925 0.92804578125 0.3990791778846154 0.9079999495192308 0.4011860793269231 0.9126166225961538 0.44511079567307693 0.9326624543269231 0.44300389423076925
3 0.8933305865384615 0.5217130384615385 0.8867322283653846 0.45893384375 0.76070765625 0.4721795600961538 0.7673060144230769 0.5349587548076923 0.8933305865384615 0.5217130384615385
3 0.8946998485576922 0.5691212860576923 0.8897565240384615 0.5220886875 0.7802037211538462 0.5336031514423077 0.7851470456730769 0.5806357475961538 0.8946998485576922 0.5691212860576923
3 0.845235641826923 0.6426109519230769 0.8381364158653846 0.5750663413461539 0.7686752764423077 0.582367 0.7757745024038462 0.6499116129807692 0.845235641826923 0.6426109519230769
3 0.8920597956730769 0.6456498100961539 0.8839806153846154 0.5687815552884615 0.8392271298076923 0.5734853365384616 0.8473063100961539 0.6503535913461539 0.8920597956730769 0.6456498100961539
3 0.9194475841346155 0.6237084759615384 0.9143300456730769 0.5750183413461538 0.8919533028846154 0.5773702307692308 0.8970708413461538 0.6260603677884615 0.9194475841346155 0.6237084759615384
3 0.9122623317307692 0.5658090264423077 0.9079723100961539 0.5249921923076923 0.8866833269230768 0.5272297524038462 0.8909733485576923 0.5680465889423076 0.9122623317307692 0.5658090264423077
3 0.9092380360576923 0.5026541826923077 0.90592796875 0.4711609903846154 0.8787340096153847 0.4740191899038461 0.8820440793269231 0.5055123822115385 0.9092380360576923 0.5026541826923077
3 0.9497999711538461 0.6284785841346154 0.9361023870192308 0.49815477884615383 0.8924366586538461 0.5027442331730769 0.9061342427884616 0.6330680384615385 0.9497999711538461 0.6284785841346154
3 0.9805015817307693 0.6141492283653845 0.9744040865384616 0.5561354519230769 0.9366433341346153 0.560104266826923 0.942740829326923 0.6181180456730769 0.9805015817307693 0.6141492283653845
3 0.979397625 0.4571545913461538 0.9714708846153847 0.3817366802884615 0.9243864879807693 0.38668544951923073 0.9323132307692308 0.46210336057692303 0.979397625 0.4571545913461538