1 0 0.14574022596153846 0.03146365625 0.14243326201923076 0.021968987980769232 0.05209752403846154 0 0.05440655769230769 0 0.14574022596153846
1 0.3412089086538461 0.15365923317307692 0.3275548774038462 0.023749810096153845 0.00822011298076923 0.057313245192307696 0.02187414182692308 0.18722266826923079 0.3412089086538461 0.15365923317307692
1 0.5909959927884615 0.19234462740384617 0.5751425096153846 0.041508805288461535 0.32216100240384615 0.06809823317307692 0.33801448557692304 0.21893405528846152 0.5909959927884615 0.19234462740384617
1 0.4997061274038461 0 0.3383106706730769 0.016963346153846155 0.34445171634615385 0.07539150721153846 0.5761442403846154 0.051039641826923075 0.5707797572115385 0 0.4997061274038461 0
1 0.7331474254807693 0.23836284855769233 0.7210613221153845 0.12337125480769232 0.5711060673076923 0.13913218509615383 0.5831921730769231 0.25412378125 0.7331474254807693 0.23836284855769233
1 0.8038608701923077 0.25941996875 0.7943662019230769 0.16908422836538461 0.7236619110576924 0.1765155480769231 0.733156579326923 0.2668512884615385 0.8038608701923077 0.25941996875
1 0.8490638774038461 0.27394118028846154 0.8433365889423077 0.2194496706730769 0.7894148557692307 0.22511707211538462 0.7951421442307692 0.27960858413461537 0.8490638774038461 0.27394118028846154
1 0.8398267764423076 0.2099729639423077 0.8334026322115384 0.14885130528846152 0.7860074471153846 0.1538327403846154 0.7924315913461538 0.21495439903846153 0.8398267764423076 0.2099729639423077
1 0.8712897764423077 0.22530986778846154 0.8668255408653847 0.1828354951923077 0.8340373966346154 0.18628166826923076 0.8385016322115385 0.22875604086538462 0.8712897764423077 0.22530986778846154
1 0.8767014447115385 0.2932413317307692 0.8715403509615385 0.2441368125 0.8379752379807692 0.24766464903846153 0.8431363293269231 0.2967691658653846 0.8767014447115385 0.2932413317307692
1 0.8983458509615385 0.3018594206730769 0.8945784687499999 0.26601519230769227 0.872512514423077 0.2683344158653846 0.8762798942307692 0.30417864423076924 0.8983458509615385 0.3018594206730769
1 0.9190796682692307 0.3107826947115385 0.9159873677884616 0.2813614206730769 0.8979616586538461 0.283256 0.9010539591346153 0.3126772716346154 0.9190796682692307 0.3107826947115385
1 0.9137008076923077 0.2596062548076923 0.9101294182692308 0.22562675721153846 0.8675514495192308 0.23010188221153843 0.8711228389423076 0.2640813798076923 0.9137008076923077 0.2596062548076923
1 0.8508039110576924 0.39064863461538457 0.8453161658653846 0.3384362355769231 0.6364665673076922 0.36038721153846154 0.6419543125 0.41259961057692307 0.8508039110576924 0.39064863461538457
1 0.8798980769230769 0.3699943197115385 0.877154204326923 0.3438881201923077 0.8468523653846154 0.3470729711538461 0.8495962379807692 0.37317917067307693 0.8798980769230769 0.3699943197115385
1 0.8629421538461539 0.4687661129807692 0.85732375 0.41531056009615386 0.6290498966346154 0.4393031081730769 0.6346683004807693 0.49275866105769234 0.8629421538461539 0.4687661129807692
1 0.8281264326923077 0.6412669903846153 0.8179131298076924 0.5440939134615385 0.5709919903846153 0.5700463725961538 0.5812052932692308 0.6672194471153846 0.8281264326923077 0.6412669903846153
1 0.8718303125000001 0.5847222668269231 0.865994141826923 0.5291947932692308 0.8103630721153846 0.5350418533653847 0.8161992451923077 0.590569326923077 0.8718303125000001 0.5847222668269231
1 0.9104744783653846 0.5278714158653846 0.906119125 0.4864330048076923 0.8733309831730769 0.4898791778846154 0.8776863341346155 0.5313175889423077 0.9104744783653846 0.5278714158653846
1 0.9079886875000001 0.4728297283653846 0.9043301923076924 0.43802146153846155 0.8749607163461538 0.4411083173076923 0.8786192139423077 0.4759165841346154 0.9079886875000001 0.4728297283653846
1 0.9425369951923077 0.5100473293269231 0.9387478389423076 0.47399590865384617 0.9026964206730769 0.4777850673076923 0.906485576923077 0.5138364855769231 0.9425369951923077 0.5100473293269231
1 0.93508934375 0.4391876442307692 0.9318881586538462 0.40873041105769226 0.8942828004807691 0.4126828918269231 0.897483983173077 0.443140125 0.93508934375 0.4391876442307692
1 0.6278109302884616 0 0.6332055817307692 0.05132668028846154 0.8070915192307692 0.03305053125 0.8036177692307693 0 0.6278109302884616 0
1 0.7696633317307692 0.03719387259615385 0.7777860625 0.11447651201923076 0.8601449086538462 0.10582024759615384 0.8520221754807692 0.02853760817307692 0.7696633317307692 0.03719387259615385
1 0.82458628125 0.09636031490384614 0.8312499711538461 0.15976108413461537 0.8991571682692308 0.15262375 0.8924934807692307 0.08922298076923077 0.82458628125 0.09636031490384614
1 0.9199555216346155 0.18458314182692306 0.9150339711538462 0.13775773557692308 0.8887723774038462 0.14051793990384615 0.8936939278846154 0.18734334615384615 0.9199555216346155 0.18458314182692306
1 0.9374153173076922 0.21019004086538462 0.9327333125 0.16564374759615383 0.91563996875 0.16744032932692307 0.9203219711538462 0.21198662259615386 0.9374153173076922 0.21019004086538462
1 0.9324080745192307 0.32697821634615387 0.9288149086538462 0.2927915264423077 0.9157618100961538 0.2941634639423077 0.9193549759615384 0.32835015384615385 0.9324080745192307 0.32697821634615387
1 0.94585315625 0.32933573798076926 0.9425866418269231 0.2982569278846154 0.9299997259615385 0.2995798677884615 0.9332662403846155 0.33065867548076927 0.94585315625 0.32933573798076926
1 0.9251109831730768 0.26950948557692306 0.9228897524038462 0.24837589423076922 0.9115459879807692 0.24956817307692306 0.91376721875 0.27070176201923074 0.9251109831730768 0.26950948557692306
1 0.9346938389423076 0.37114792067307695 0.9330170288461539 0.3551941346153846 0.9176330168269231 0.3568110576923077 0.919309826923077 0.37276484615384614 0.9346938389423076 0.37114792067307695
1 0.9480735889423078 0.3728838677884615 0.946462110576923 0.35755165384615384 0.9344967668269231 0.3588092620192308 0.936108247596154 0.37414147355769234 0.9480735889423078 0.3728838677884615
4 0.8946936514423077 0.5391661706730769 0.8794063653846155 0.3937173413461539 0.8383823365384615 0.39802914182692306 0.853669625 0.54347796875 0.8946936514423077 0.5391661706730769
4 0.9632506322115385 0.47393433413461533 0.9519920456730768 0.3668160360576923 0.9223117812499999 0.3699355576923077 0.9335703677884616 0.47705385336538464 0.9632506322115385 0.47393433413461533
3 0.9806087163461539 0.2967744182692308 0.978714139423077 0.27874870913461536 0.9650394615384615 0.2801859759615385 0.9669340408653846 0.29821168509615387 0.9806087163461539 0.2967744182692308
3 0.9821330913461538 0.3112778629807692 0.9806087163461539 0.2967744182692308 0.968643375 0.2980320264423077 0.97016775 0.31253547115384617 0.9821330913461538 0.3112778629807692
3 0.9839494326923077 0.32407477163461534 0.9825992716346155 0.31122886538461536 0.97016775 0.31253547115384617 0.9715179086538461 0.32538137740384615 0.9839494326923077 0.32407477163461534
3 0.9852995913461539 0.33692068028846156 0.9839494326923077 0.32407477163461534 0.9715179086538461 0.32538137740384615 0.9728680673076924 0.3382272860576923 0.9852995913461539 0.33692068028846156
3 0.9861182379807693 0.34919400961538466 0.9848334086538462 0.33696967788461535 0.9728680673076924 0.3382272860576923 0.9741528966346155 0.3504516177884615 0.9861182379807693 0.34919400961538466
3 0.9872941826923077 0.36038238221153845 0.9861182379807693 0.34919400961538466 0.9741528966346155 0.3504516177884615 0.9753288413461539 0.3616399903846154 0.9872941826923077 0.36038238221153845
3 0.9875754038461538 0.3750164855769231 0.9862252451923077 0.3621705793269231 0.9755030552884616 0.36329752644230767 0.9768532163461539 0.3761434326923077 0.9875754038461538 0.3750164855769231
3 0.989012670673077 0.3886911610576923 0.9875754038461538 0.3750164855769231 0.9723467884615384 0.37661707692307694 0.9737840552884616 0.39029175240384617 0.989012670673077 0.3886911610576923
3 0.9892750721153847 0.40165139903846153 0.9879249134615384 0.3888054903846154 0.9737840552884616 0.39029175240384617 0.9751342139423076 0.40313766346153845 0.9892750721153847 0.40165139903846153
3 0.9908647764423077 0.41677641826923073 0.9892750721153847 0.40165139903846153 0.9751342139423076 0.40313766346153845 0.9767239182692309 0.4182626826923077 0.9908647764423077 0.41677641826923073
3 0.9929236177884615 0.43038576442307697 0.9914863509615385 0.4167110865384615 0.9767239182692309 0.4182626826923077 0.9781611826923077 0.43193735817307694 0.9929236177884615 0.43038576442307697
3 0.9946657596153846 0.4469611298076923 0.9929236177884615 0.43038576442307697 0.9798705192307692 0.43175769951923076 0.9816126586538462 0.4483330649038461 0.9946657596153846 0.4469611298076923