1 0.9253668822115385 0.2533945528846154 0.9064430673076923 0.1643650096153846 0.8032790624999999 0.18629319471153846 0.8222028774038462 0.2753227379807692 0.9253668822115385 0.2533945528846154
1 0.9494801899038462 0.2135284639423077 0.9357734182692308 0.14904317788461538 0.9007231298076923 0.15649334615384614 0.9144298990384615 0.22097863221153846 0.9494801899038462 0.2135284639423077
1 0.8213496466346153 0.11524274759615385 0.8032343774038462 0.03001710817307692 0.7062856875 0.0506241875 0.7244009543269231 0.13584982692307693 0.8213496466346153 0.11524274759615385
1 0.8267220408653846 0.20715273317307695 0.8097810865384615 0.12745181971153846 0.7295424182692307 0.14450707451923075 0.7464833701923077 0.22420799038461536 0.8267220408653846 0.20715273317307695
1 0.8338848052884615 0.2869441850961538 0.8216796177884615 0.22952329567307692 0.7549414230769231 0.2437089375 0.7671466105769231 0.30112982451923076 0.8338848052884615 0.2869441850961538
1 0.7809393485576923 0.32243134375 0.7684646490384615 0.2637424879807692 0.7172137884615384 0.27463619471153844 0.7296884903846154 0.3333250504807692 0.7809393485576923 0.32243134375
1 0.7598605649038461 0.24455656490384614 0.7477131322115385 0.18740738461538461 0.6990604807692308 0.19774882692307694 0.7112079134615384 0.2548980048076923 0.7598605649038461 0.24455656490384614
1 0.7406489086538461 0.1712072956730769 0.727519670673077 0.10943908653846154 0.6762688125 0.12033279326923077 0.6893980480769231 0.18210099999999999 0.7406489086538461 0.1712072956730769
1 0.7191574567307693 0.27100457692307695 0.7073372908653847 0.21539507451923076 0.6699944711538461 0.2233325360576923 0.6818146346153846 0.2789420384615385 0.7191574567307693 0.27100457692307695
1 0.7315363653846153 0.3377599951923077 0.7226808677884615 0.2960981514423077 0.6844719759615384 0.3042197019230769 0.6933274735576924 0.3458815456730769 0.7315363653846153 0.3377599951923077
1 0.6883302572115385 0.2412072139423077 0.67766515625 0.19103186298076924 0.6320692115384615 0.20072357932692306 0.6427343125 0.25089893028846155 0.6883302572115385 0.2412072139423077
1 0.6916061874999999 0.29569835336538464 0.6839442572115384 0.2596518028846154 0.6448183533653846 0.2679682692307692 0.6524802836538461 0.30401481971153843 0.6916061874999999 0.29569835336538464
1 0.7002905192307692 0.35434092548076923 0.6920895576923077 0.31575843509615387 0.65877140625 0.32284042788461537 0.6669723677884616 0.3614229158653846 0.7002905192307692 0.35434092548076923
1 0.6699947884615385 0.3756422860576923 0.659040920673077 0.32410839903846156 0.6402421466346154 0.3281042019230769 0.6511960120192307 0.37963808894230766 0.6699947884615385 0.3756422860576923
1 0.6516801177884616 0.3713943293269231 0.645673778846154 0.34313673076923074 0.626110826923077 0.3472949639423077 0.6321171658653846 0.37555256249999996 0.6516801177884616 0.3713943293269231
1 0.7272935024038462 0.4280219831730769 0.7220957115384615 0.40356829326923077 0.6402777403846154 0.42095923798076923 0.6454755336538462 0.4454129278846154 0.7272935024038462 0.4280219831730769
1 0.6513942620192308 0.27736188942307693 0.6448103918269231 0.24638721394230767 0.6085883629807692 0.25408644471153846 0.6151722331730769 0.28506112019230767 0.6513942620192308 0.27736188942307693
1 0.6440181875 0.3353477788461538 0.6358172259615384 0.29676528846153843 0.6170184519230768 0.30076109134615386 0.6252194134615384 0.33934358173076923 0.6440181875 0.3353477788461538
1 0.6262614615384615 0.20195805528846153 0.61640490625 0.15558661538461538 0.5917983822115385 0.16081689423076923 0.6016549350961539 0.2071883341346154 0.6262614615384615 0.20195805528846153
1 0.6251761730769231 0.14700128125 0.6167056971153847 0.10715082451923076 0.5776307379807692 0.11545646394230769 0.5861012139423077 0.15530692067307694 0.6251761730769231 0.14700128125
1 0.6232983413461538 0.04923679807692308 0.6358885480769231 0.10846906971153847 0.6858657788461537 0.09784608173076922 0.6732755697115385 0.03861381009615385 0.6232983413461538 0.04923679807692308
1 0.6143236514423077 0 0.6233579807692308 0.042503180288461534 0.6638594038461538 0.033894336538461536 0.6566549399038462 0 0.6143236514423077 0
1 0.6551107812500001 0 0.6640760889423076 0.04217845913461538 0.722612110576923 0.029736245192307696 0.7162914759615385 0 0.6551107812500001 0
1 0.47015944230769235 0.5642754399038462 0.46436486778846153 0.5370141033653846 0.3945190144230769 0.551860298076923 0.40031359134615385 0.5791216322115385 0.47015944230769235 0.5642754399038462
1 0.4733940673076923 0.6085519543269231 0.4676379927884616 0.5814717572115384 0.4075226706730769 0.5942496634615385 0.4132787451923077 0.6213298605769231 0.4733940673076923 0.6085519543269231
1 0 0.4388226778846154 0.061440048076923076 0.42576319230769233 0.03739544471153846 0.31264223317307693 0 0.3205908822115384 0 0.4388226778846154
1 0.1452209158653846 0.42537267307692306 0.12629710096153846 0.3363431274038462 0.04396967788461538 0.3538423605769231 0.06289349278846154 0.4428719086538461 0.1452209158653846 0.42537267307692306
1 0.20296747355769232 0.3433329855769231 0.18602651923076924 0.26363206971153846 0.08805892548076924 0.28445572596153845 0.10499987740384616 0.3641566394230769 0.20296747355769232 0.3433329855769231
1 0.2151465576923077 0.4414637211538462 0.2005734879807692 0.3729028197115385 0.14010155048076925 0.3857565264423077 0.15467462019230768 0.4543174278846154 0.2151465576923077 0.4414637211538462
1 0.24874526442307693 0.43044098557692306 0.23692510096153846 0.3748314855769231 0.19418208894230768 0.3839167932692308 0.20600225240384618 0.43952629326923076 0.24874526442307693 0.43044098557692306
1 0.26305998076923076 0.36927634374999996 0.25462800721153844 0.3296070264423077 0.2138718581730769 0.3382700120192308 0.22230383173076923 0.3779393317307692 0.26305998076923076 0.36927634374999996
1 0.2787756754807692 0.4434633677884615 0.2669555096153846 0.38785386298076924 0.23358641105769232 0.3949466826923077 0.2454065769230769 0.45055618750000004 0.2787756754807692 0.4434633677884615
1 0.3139529711538461 0.4398673076923077 0.3064643004807692 0.40463587980769233 0.27100644951923075 0.4121726802884615 0.2784951201923077 0.44740410817307696 0.3139529711538461 0.4398673076923077
1 0.34201752884615383 0.5696461153846154 0.3347213701923077 0.5353203798076923 0.30879026682692307 0.5408322067307693 0.3160864278846154 0.5751579423076923 0.34201752884615383 0.5696461153846154
1 0.28455487740384616 0.584132045673077 0.2731582355769231 0.5305150673076923 0.17060557451923078 0.5523133076923077 0.18200221394230767 0.6059302884615385 0.28455487740384616 0.584132045673077
1 0.32493932932692304 0.6315874759615384 0.3158143149038462 0.5886576658653846 0.28743784615384615 0.5946892692307693 0.29656286057692305 0.6376190817307692 0.32493932932692304 0.6315874759615384
1 0.30457390624999997 0.6605281850961539 0.2920414519230769 0.6015676201923077 0.2498078918269231 0.6105446394230769 0.26234034615384616 0.6695052043269231 0.30457390624999997 0.6605281850961539
1 0.2736531971153846 0.7019358942307693 0.2595036514423077 0.6353675144230769 0.203413 0.6472899495192308 0.21756254567307692 0.7138583293269231 0.2736531971153846 0.7019358942307693
1 0.20259454567307691 0.6905347475961539 0.18617337259615382 0.6132792019230769 0.09839481490384615 0.631937110576923 0.11481598798076924 0.7091926562499999 0.20259454567307691 0.6905347475961539
1 0.24860348076923078 0.8856966730769231 0.22530967067307694 0.7761079158653845 0.14451060336538463 0.7932822860576922 0.16780441346153846 0.902871045673077 0.24860348076923078 0.8856966730769231
1 0.2964943846153846 0.7948658341346154 0.2804004783653846 0.7191499639423077 0.2204379951923077 0.7318953846153846 0.23653189903846156 0.8076112524038461 0.2964943846153846 0.7948658341346154
1 0.3161860384615384 0.7422137259615386 0.30272953365384614 0.6789058389423077 0.26446969471153847 0.68703821875 0.27792620192307693 0.7503461057692308 0.3161860384615384 0.7422137259615386
1 0.3566823725961538 0.6604328846153845 0.3487124230769231 0.6229372235576923 0.3246153485576923 0.6280592163461538 0.33258529807692305 0.665554875 0.3566823725961538 0.6604328846153845
1 0.3777811995192308 0.6484699567307692 0.36790539423076923 0.6020079471153846 0.34380831971153847 0.6071299375 0.353684125 0.6535919495192307 0.3777811995192308 0.6484699567307692
1 0.3719488942307692 0.5516406850961538 0.3645372259615384 0.5167715336538461 0.32530943269230767 0.5251096586538462 0.33272110096153845 0.5599788100961539 0.3719488942307692 0.5516406850961538
1 0.055839 0.08352302163461538 0.07087409615384616 0.15425758413461538 0.14759754807692307 0.13794951201923078 0.13256245192307692 0.06721494951923077 0.055839 0.08352302163461538
1 0.19685350240384616 0.18806297836538463 0.17796818990384616 0.09921457451923077 0.13598935576923077 0.10813745192307692 0.1548746658653846 0.19698585576923078 0.19685350240384616 0.18806297836538463
1 0.12729373076923076 0.07098536057692308 0.1371502860576923 0.11735680528846154 0.17989329807692306 0.10827149759615384 0.1700367451923077 0.061900052884615385 0.12729373076923076 0.07098536057692308
1 0.16297672836538463 0.06075019471153846 0.17008037740384616 0.09417023798076923 0.2055382283653846 0.0866334375 0.19843457932692307 0.05321339663461539 0.16297672836538463 0.06075019471153846
1 0.21768472115384616 0.14728527884615386 0.20509451201923076 0.08805300961538462 0.17254053605769232 0.09497256971153846 0.1851307451923077 0.15420484134615384 0.21768472115384616 0.14728527884615386
1 0.2328383605769231 0.2328564495192308 0.21478084375 0.14790251682692307 0.18222687019230768 0.15482207932692307 0.20028438461538461 0.23977600961538462 0.2328383605769231 0.2328564495192308
1 0.27064107211538463 0.25037975 0.2577813485576923 0.18987950721153846 0.2266538389423077 0.19649586538461536 0.2395135625 0.25699610576923076 0.27064107211538463 0.25037975
1 0.3035220456730769 0.2818231153846154 0.2921254038461539 0.22820613701923076 0.2644621658653846 0.23408613942307693 0.2758588076923077 0.2877031177884615 0.3035220456730769 0.2818231153846154
1 0.2158922548076923 0.14160796634615386 0.2266728605769231 0.19232673076923076 0.2530624663461538 0.18671744471153848 0.24228186057692308 0.1359986826923077 0.2158922548076923 0.14160796634615386
1 0.29125933413461536 0.22839022596153846 0.2803439711538461 0.17703747596153846 0.2535468028846154 0.1827333894230769 0.2644621658653846 0.23408613942307693 0.29125933413461536 0.22839022596153846
1 0.19334731009615383 0.0836396875 0.20428192548076923 0.13508300721153846 0.2416756923076923 0.12713471634615384 0.2307410769230769 0.07569139663461538 0.19334731009615383 0.0836396875
1 0.2729642091346154 0.16686810817307693 0.2608167764423077 0.10971893028846155 0.23906318028846155 0.11434280048076924 0.25121061298076924 0.17149197836538463 0.2729642091346154 0.16686810817307693
1 0.34319335576923077 0.7076961490384615 0.3317004591346154 0.6536263245192308 0.2969558413461538 0.6610115216346154 0.3084487379807692 0.7150813461538461 0.34319335576923077 0.7076961490384615
2 0.7078698581730769 0.5796327019230769 0.6636308725961538 0.37150462980769233 0.6065213149038462 0.38364364182692307 0.6507603028846154 0.5917717139423077 0.7078698581730769 0.5796327019230769
4 0.8161875384615385 0.56191009375 0.7815355913461539 0.39888549519230765 0.6601841538461539 0.42467953846153844 0.6948361009615385 0.5877041370192309 0.8161875384615385 0.56191009375
4 0.6827954831730769 0.5378211658653846 0.6577305721153847 0.41990003846153845 0.6421922908653847 0.4232028028846154 0.6672572019230769 0.5411239278846154 0.6827954831730769 0.5378211658653846
4 0.5869014951923077 0 0.6183166514423076 0.1477966923076923 0.658512403846154 0.13925281971153847 0.6289133052884615 0 0.5869014951923077 0
4 0.631101485576923 0.20518903125000001 0.5979703725961538 0.04931939903846154 0.5494705528846153 0.05962835336538462 0.5826016658653846 0.21549798557692307 0.631101485576923 0.20518903125000001
4 0.5864854639423077 0.22650510576923077 0.5570698076923077 0.08811533173076923 0.54239759375 0.09123400721153846 0.57181325 0.22962378125 0.5864854639423077 0.22650510576923077
4 0.24880879807692308 0.28644785096153846 0.2811891177884615 0.43878528125 0.32989271875 0.4284330120192308 0.2975123966346154 0.2760955793269231 0.24880879807692308 0.28644785096153846
4 0.16510129326923076 1 0.19528607451923077 0.9935840264423077 0.0954884639423077 0.5240731778846154 0.0006794711538461539 0.5442254519230769 0.09755734134615385 1 0.16510129326923076 1