2 0.9691025384615385 0.8629537307692308 0.9361325192307692 0.5492649495192308 0.8545506442307692 0.5578395504807692 0.8875206634615385 0.8715283317307693 0.9691025384615385 0.8629537307692308
1 0.8845003533653847 0.6963007908653847 0.8878757524038462 0.7284155625 0.9560937379807692 0.7212455625 0.9527183389423077 0.6891307908653845 0.8845003533653847 0.6963007908653847
1 0.9591378822115384 0.6754682572115385 0.9445692283653847 0.5368567668269231 0.9214155144230769 0.5392903197115385 0.9359841706730769 0.6779018100961539 0.9591378822115384 0.6754682572115385
4 0.8917785745192308 0.6310157043269231 0.8642963004807692 0.36953932451923077 0.60509903125 0.39678205528846155 0.6325813052884615 0.6582584350961539 0.8917785745192308 0.6310157043269231
4 0.6720762283653846 0.8950103774038461 0.6464885336538462 0.651559704326923 0.5746964831730769 0.6591053533653847 0.6002841802884615 0.9025560264423077 0.6720762283653846 0.8950103774038461
4 0.9163153557692307 0.9003429831730769 0.8887024206730769 0.6376234495192308 0.6447337668269231 0.6632655865384615 0.6723467043269231 0.9259851201923077 0.9163153557692307 0.9003429831730769
4 0.4823561754807692 1 0.5460355625 0.9933070264423077 0.5259356105769231 0.8020687548076922 0.16262433173076923 0.8402543100961538 0.17941427884615385 1 0.4823561754807692 1
4 0.45843924519230767 1 0.6299978149038462 0.98196846875 0.6096365408653847 0.7882438918269231 0.2843968028846154 0.8224279639423078 0.30306037740384617 1 0.45843924519230767 1
4 0.6112480216346154 0.8035761033653847 0.5960913942307692 0.6593704278846153 0.2862356658653846 0.6919375769230769 0.3013922932692308 0.8361432524038462 0.6112480216346154 0.8035761033653847
4 0.5946197283653846 0.6737698076923077 0.5790711177884615 0.5258346754807692 0.26921539182692306 0.5584018269230769 0.28476399999999996 0.7063369567307693 0.5946197283653846 0.6737698076923077
4 0.5793622908653846 0.5465426826923078 0.5624635216346154 0.38576163942307695 0.2477905769230769 0.4188350985576923 0.26468934615384615 0.5796161418269231 0.5793622908653846 0.5465426826923078
4 0.5666188461538462 0.41632806971153846 0.5494587572115385 0.25306072596153845 0.24535260817307694 0.2850235721153846 0.26251269951923073 0.4482909158653846 0.5666188461538462 0.41632806971153846
4 0.5548158413461539 0.3040299735576923 0.5352603076923077 0.11797150240384614 0.23503900961538463 0.14952603125 0.2545945432692308 0.3355845048076923 0.5548158413461539 0.3040299735576923
4 0.2773654783653846 0.4789898822115385 0.2663682139423077 0.37435789182692303 0.09621173317307694 0.3922420576923077 0.10720900000000001 0.4968740504807692 0.2773654783653846 0.4789898822115385
4 0.30320238701923075 0.6979050961538462 0.2789430745192308 0.4670931394230769 0.07335675 0.48870113221153844 0.09761606490384615 0.7195130889423077 0.30320238701923075 0.6979050961538462
4 0.4100363846153846 0.8129933677884615 0.39758007692307695 0.6944795096153846 0.24373997115384613 0.7106487572115385 0.25619628125 0.8291626153846153 0.4100363846153846 0.8129933677884615
4 1 0.47828054567307693 0.9985804591346154 0.4647745168269231 0.9295855048076922 0.47202617788461537 0.9405174374999999 0.5760365913461538 1 0.5697847235576923 1 0.47828054567307693
4 1 0.5743933028846153 0.9498539879807691 0.5796638605769231 0.9603068341346154 0.6791160504807692 1 0.6749441298076923 1 0.5743933028846153