1 0.8341143197115385 0.6159376129807692 0.8070280456730768 0.48850671875 0.6426788701923076 0.5234402139423077 0.669765141826923 0.6508711081730769 0.8341143197115385 0.6159376129807692
1 0.8375608100961538 0.7887189567307692 0.8025430913461539 0.6239735384615385 0.6606607427884617 0.6541315625 0.6956784615384616 0.8188769807692308 0.8375608100961538 0.7887189567307692
1 1 0.7345019182692307 0.8327414615384616 0.7700538173076924 0.8658340721153847 0.9257423100961539 1 0.8972244615384616 1 0.7345019182692307
1 1 0.46717878365384613 0.7746064615384616 0.5150876586538462 0.8228304230769231 0.7419635600961538 1 0.7043050048076923 1 0.46717878365384613
1 0.697814798076923 0 0.7089768557692308 0.05251335096153846 0.9054215 0.010757754807692308 0.9031348677884616 0 0.697814798076923 0
1 0.5623470961538461 0 0.5255719182692308 0.007816805288461539 0.5577212259615385 0.15906740625 0.7528922379807692 0.11758252644230768 0.7278993004807692 0 0.5623470961538461 0
1 0.5634002956730769 0.18578532692307695 0.5402219903846154 0.07673998076923078 0.4439355865384615 0.09720628846153846 0.4671138894230769 0.20625163461538462 0.5634002956730769 0.18578532692307695
1 0.69329228125 0.32317034375 0.6828966971153847 0.2742629639423077 0.5002581995192308 0.3130839759615384 0.5106537836538462 0.36199135576923075 0.69329228125 0.32317034375
1 0.5196215192307693 0.38564371875 0.50591475 0.3211584326923077 0.42832522836538456 0.33765059375 0.442032 0.4021358798076923 0.5196215192307693 0.38564371875
1 0.5413017788461538 0.46935430528846156 0.5285383100961538 0.4093069110576923 0.4509997355769231 0.42578824519230773 0.4637632019230769 0.48583563942307695 0.5413017788461538 0.46935430528846156
1 0.5714902620192308 0.6419418125 0.5535290024038462 0.5574407283653846 0.4834284254807692 0.5723410649038462 0.5013896850961539 0.6568421490384615 0.5714902620192308 0.6419418125
1 0.4941510673076923 0.5979869399038461 0.4804250456730769 0.5334110841346154 0.4353895 0.5429836850961538 0.4491155216346154 0.6075595408653846 0.4941510673076923 0.5979869399038461
1 0 0.5067093341346154 0.0034237235576923077 0.5228166875 0.08162458413461539 0.5061945817307693 0.07375089182692308 0.46915176923076923 0 0.4848280048076923 0 0.5067093341346154
1 0.09111467788461539 0.5380660961538462 0.08422278846153845 0.5056423149038461 0.005155860576923077 0.5224485096153846 0.012047747596153846 0.5548722908653846 0.09111467788461539 0.5380660961538462
1 0.4555534134615385 0.11679289663461538 0.43847770432692307 0.03645799519230769 0.36287504567307693 0.052527836538461534 0.3799507572115385 0.13286273557692307 0.4555534134615385 0.11679289663461538
1 0.47440114663461536 0.2224989783653846 0.4596355673076923 0.15303238461538463 0.3910123990384615 0.16761868750000003 0.40577797836538465 0.23708528365384615 0.47440114663461536 0.2224989783653846
1 0.4105905192307692 0.2554678846153846 0.39746128125 0.19369967548076922 0.34967469471153845 0.20385702884615384 0.3628039326923077 0.2656252355769231 0.4105905192307692 0.2554678846153846
1 0.36345847115384616 0.2687045913461538 0.35362116826923073 0.22242371875 0.3223408221153846 0.22907256009615384 0.33217812500000005 0.27535343269230766 0.36345847115384616 0.2687045913461538
1 0.4657070576923077 0 0.42617787740384616 0.0084021875 0.43767077403846155 0.06247201201923077 0.5506162548076923 0.03846470913461538 0.5424403293269231 0 0.4657070576923077 0
1 0.3316356995192308 0.14729750961538463 0.3202390576923077 0.09368053124999999 0.26644093990384615 0.10511567307692307 0.2778375817307692 0.15873265384615387 0.3316356995192308 0.14729750961538463
1 0.3226601298076923 0.20903118509615387 0.3143051610576923 0.16972414182692308 0.28363615865384617 0.17624304086538461 0.29199112740384614 0.21555008173076923 0.3226601298076923 0.20903118509615387
1 0.33484346875 0.28112919711538464 0.32725854326923076 0.24544492307692306 0.3011236610576923 0.2510000625 0.30870858653846156 0.28668433653846154 0.33484346875 0.28112919711538464
1 0.2973800264423077 0.23589271875 0.28939082692307694 0.19830649278846155 0.2727826971153846 0.2018366610576923 0.2807718966346154 0.23942288701923076 0.2973800264423077 0.23589271875
1 0.28300979326923076 0.17079116826923077 0.2757906394230769 0.13682771153846154 0.25918250721153846 0.14035787740384614 0.2664016634615385 0.17432133413461537 0.28300979326923076 0.17079116826923077
1 0.3136958100961538 0.2903573269230769 0.30609163221153846 0.2545824855769231 0.2864777355769231 0.2587515480769231 0.29408191346153845 0.2945263894230769 0.3136958100961538 0.2903573269230769
1 0.2814057764423077 0.23739492788461541 0.27457164423076924 0.20524285576923076 0.2549577451923077 0.20941191826923078 0.2617918798076923 0.2415639903846154 0.2814057764423077 0.23739492788461541
1 0.2951496466346154 0.2970446105769231 0.2890855552884615 0.2685153052884615 0.2699811081730769 0.27257607932692307 0.27604519951923073 0.30110538701923073 0.2951496466346154 0.2970446105769231
1 0.2659768846153846 0.2537376826923077 0.2604710745192308 0.22783488461538462 0.2408571778846154 0.23200394711538463 0.24636298798076922 0.25790674519230766 0.2659768846153846 0.2537376826923077
1 0.26531088942307696 0.2062646778846154 0.2598050793269231 0.1803618798076923 0.23265129326923079 0.18613359375 0.23815710336538462 0.21203639182692308 0.26531088942307696 0.2062646778846154
1 0.24003078365384617 0.23312621394230768 0.23490999759615386 0.20903480288461537 0.21682445673076925 0.21287900240384616 0.22194524519230768 0.23697041346153844 0.24003078365384617 0.23312621394230768
1 0.24506304807692308 0.27408613221153844 0.24202137740384616 0.25977619471153846 0.23045681971153845 0.2622343173076923 0.2334984903846154 0.2765442548076923 0.24506304807692308 0.27408613221153844
1 0.2755282307692308 0.30869350240384613 0.2694641394230769 0.2801641971153846 0.25942793509615386 0.2822974567307692 0.2654920264423077 0.31082676442307694 0.2755282307692308 0.30869350240384613
1 0.2646656346153846 0.31194903124999995 0.25915982451923075 0.2860462331730769 0.2501425264423077 0.28796292067307694 0.25564833653846153 0.31386571634615384 0.2646656346153846 0.31194903124999995
1 0.2551313629807692 0.32145383413461537 0.25037634615384613 0.29908323798076925 0.23830233653846153 0.3016496466346154 0.24305735336538462 0.32402024519230765 0.2551313629807692 0.32145383413461537
1 0.29981234615384617 0.37083584375 0.29524984134615384 0.34937093990384616 0.24848215865384615 0.35931171634615383 0.2530446658653846 0.3807766201923077 0.29981234615384617 0.37083584375
1 0.24314047596153848 0.3118859471153846 0.23819294711538463 0.28860965625 0.22005645913461538 0.2924646850961538 0.22500398798076923 0.31574097836538456 0.24314047596153848 0.3118859471153846
1 0.22819337740384615 0.04717194951923077 0.23339117067307694 0.07162563942307693 0.27032643028846154 0.06377480769230769 0.2651286370192308 0.03932111778846154 0.22819337740384615 0.04717194951923077
1 0.24786190865384614 0.11114731490384615 0.2349444326923077 0.050375367788461536 0.21380217788461536 0.05486929326923077 0.22671965384615383 0.11564123798076922 0.24786190865384614 0.11114731490384615
1 0.22422495432692308 0.14598977163461538 0.21796835336538462 0.11655477403846154 0.20543583653846154 0.11921864182692307 0.2116924375 0.14865364182692306 0.22422495432692308 0.14598977163461538
1 0.2160060841346154 0.17395788942307694 0.2076511153846154 0.13465084615384615 0.1985828701923077 0.13657836057692307 0.20693784134615384 0.17588540384615386 0.2160060841346154 0.17395788942307694
2 0.30227942307692307 0.49942928125 0.26256443990384615 0.31258497596153845 0.21319855288461537 0.32307801923076923 0.2529135360576923 0.5099223245192308 0.30227942307692307 0.49942928125
4 0.7831091995192309 0.6908646947115386 0.7015423653846155 0.3071228990384615 0.49913713221153844 0.3501454591346154 0.5807039687500001 0.7338872548076923 0.7831091995192309 0.6908646947115386
4 0.38040797115384617 0.4854730576923077 0.34949073317307694 0.3400188870192308 0.2570761634615385 0.35966220913461544 0.2879934014423077 0.5051163798076923 0.38040797115384617 0.4854730576923077
4 0.2890771177884615 0.4891722764423077 0.26160582451923076 0.3599299951923077 0.25029599278846154 0.36233397596153843 0.2777672860576923 0.4915762548076923 0.2890771177884615 0.4891722764423077
4 0.19003331490384617 0.05802829567307692 0.2086876153846154 0.14578987259615384 0.24536814903846155 0.13799318509615383 0.22671385096153845 0.050231608173076925 0.19003331490384617 0.05802829567307692