1 1 0.1311764014423077 0.9723225552884615 0.12679272596153845 0.9627409447115384 0.1872886370192308 1 0.1931898918269231 1 0.1311764014423077
1 0.9521422932692307 0.2172495096153846 0.9604854663461538 0.16457279807692307 0.9015328173076923 0.1552356153846154 0.8931896466346154 0.20791232692307693 0.9521422932692307 0.2172495096153846
1 0.9175807740384615 0.05990573317307692 0.9092050120192308 0.11278821394230769 0.9613673028846154 0.12104990865384616 0.9697430649038462 0.06816743028846153 0.9175807740384615 0.05990573317307692
1 0.8966911995192308 0.1728197091346154 0.9036329807692307 0.12899103846153845 0.8631994879807692 0.12258700240384615 0.8562577091346154 0.1664156730769231 0.8966911995192308 0.1728197091346154
1 0.8911632908653846 0.23269208173076922 0.8983006129807692 0.18762880048076921 0.8540089639423076 0.1806136923076923 0.8468716418269231 0.22567697355769228 0.8911632908653846 0.23269208173076922
1 0.8421143725961537 0.23673559134615385 0.8484369326923077 0.1968165192307692 0.8137135144230769 0.1913168701923077 0.8073909543269231 0.23123594230769232 0.8421143725961537 0.23673559134615385
1 0.36989669471153847 0 0.36279980528846156 0.044807992788461544 0.4043135817307692 0.05138312740384616 0.4124518701923077 0 0.36989669471153847 0
1 0.3644995480769231 0.41462697596153847 0.37062656490384616 0.3759425168269231 0.32047051682692307 0.3679985793269231 0.3143435 0.40668303846153847 0.3644995480769231 0.41462697596153847
3 1 0.47520361298076924 0.975187875 0.4712737596153846 0.9669424759615384 0.5233331658653846 0.9999683052884615 0.5285639447115384 1 0.5283638317307692 1 0.47520361298076924
3 0.97420346875 0.5084524951923076 0.9846976153846154 0.4421950721153846 0.9076887908653847 0.4299980721153846 0.8971946442307692 0.49625549759615384 0.97420346875 0.5084524951923076
3 0.9668237524038462 0.7378304110576923 0.9775460312500001 0.6701326057692308 0.9463721177884616 0.6651951442307692 0.9356498389423076 0.7328929471153847 0.9668237524038462 0.7378304110576923
3 0.86044396875 0.6024387163461539 0.8711662475961539 0.5347409110576924 0.8049602620192308 0.5242549134615385 0.7942379831730769 0.59195271875 0.86044396875 0.6024387163461539
3 0.9135589326923077 0.41890478846153845 0.9207614375000001 0.37342996875 0.8349560120192308 0.3598397259615385 0.8277535072115385 0.4053145432692308 0.9135589326923077 0.41890478846153845
3 0.8482204591346154 0.44589084134615387 0.8537608461538462 0.4109102115384615 0.8293772908653847 0.40704823557692305 0.8238369038461539 0.4420288653846154 0.8482204591346154 0.44589084134615387
3 0.8758017355769231 0.45553254086538464 0.8815376658653846 0.41931730288461544 0.8444993533653846 0.4134510096153846 0.8387634230769231 0.44966624759615387 0.8758017355769231 0.45553254086538464
3 0.9017247259615384 0.46765368990384615 0.9076887908653847 0.4299980721153846 0.8794470769230769 0.4255250240384615 0.8734830120192308 0.46318064182692303 0.9017247259615384 0.46765368990384615
3 0.8333370697115385 0.43298703125 0.8391055913461538 0.39656602403846153 0.8117898365384615 0.39223963221153846 0.8060213149038462 0.42866064182692304 0.8333370697115385 0.43298703125
3 0.8117371322115384 0.4175429134615385 0.8162672115384615 0.3889411081730769 0.7850933004807692 0.38400364423076927 0.78056321875 0.4126054519230769 0.8117371322115384 0.4175429134615385
3 0.8436865913461538 0.5504269326923077 0.8513127716346154 0.5022771274038461 0.7792423894230769 0.49086229807692305 0.7716162091346154 0.5390121057692308 0.8436865913461538 0.5504269326923077
3 0.7893733052884616 0.5217861826923077 0.7947181490384616 0.4880401658653846 0.7683283509615385 0.4838604302884616 0.7629835072115385 0.5176064495192307 0.7893733052884616 0.5217861826923077
3 0.7648411682692308 0.5058776490384616 0.7701860120192308 0.4721316322115384 0.7555250120192307 0.4698095576923077 0.7501801682692307 0.503555576923077 0.7648411682692308 0.5058776490384616
3 0.2041526033653846 0.3932381899038461 0.2156896466346154 0.3203961754807692 0.0987103076923077 0.30186846875 0.08717326682692308 0.3747104831730769 0.2041526033653846 0.3932381899038461
3 0.06540564182692307 0.4552130625 0.0804298701923077 0.3603538293269231 0.020088286057692306 0.3507966610576923 0.005064057692307692 0.44565589423076923 0.06540564182692307 0.4552130625
3 0.05477801442307692 0.13776725 0.04386019230769231 0.2066996658653846 0.10327581971153846 0.21611017548076922 0.11419364182692308 0.14717776201923077 0.05477801442307692 0.13776725
3 0.1701767451923077 0.21721438221153846 0.17943245192307694 0.15877615625000002 0.10535582451923077 0.14704356971153845 0.09610012019230768 0.20548179567307695 0.1701767451923077 0.21721438221153846
3 0.22989911057692308 0.23068114903846154 0.2381119206730769 0.17882751201923078 0.17869629326923078 0.169417 0.1704834831730769 0.22127063942307693 0.22989911057692308 0.23068114903846154
3 0.2734996466346154 0.23906330769230769 0.2811258269230769 0.19091350240384616 0.24115531490384615 0.18458279567307695 0.23352913461538463 0.23273260096153844 0.2734996466346154 0.23906330769230769
3 0.2172481394230769 0.15274254807692308 0.21043672115384615 0.19574814423076925 0.33127421634615384 0.2148869230769231 0.3380856346153846 0.17188132692307695 0.2172481394230769 0.15274254807692308
3 0.3149683774038462 0.2549122403846154 0.3223990144230769 0.20799704326923077 0.2649896274038462 0.1989042908653846 0.2575589903846154 0.2458194855769231 0.3149683774038462 0.2549122403846154
3 0.3569451298076923 0.2615607043269231 0.3701116971153846 0.1784302692307692 0.31640614423076924 0.1699241466346154 0.30323957692307696 0.2530545817307692 0.3569451298076923 0.2615607043269231
3 0.38220193990384616 0.2908726177884616 0.3863083461538462 0.26494580048076927 0.33275711778846156 0.2564641177884615 0.32865071394230766 0.2823909375 0.38220193990384616 0.2908726177884616
3 0.3768628389423077 0.3125965216346154 0.3803500240384615 0.29057930288461536 0.33158291346153845 0.28285535096153847 0.3280957283653846 0.3048725697115385 0.3768628389423077 0.3125965216346154
3 0.37105693028846154 0.34226184134615384 0.37578255528846155 0.31242542307692306 0.3339601274038462 0.30580140144230766 0.32923450240384616 0.3356378197115385 0.37105693028846154 0.34226184134615384
3 0.36753715625 0.36448482932692305 0.37105693028846154 0.34226184134615384 0.3272282620192308 0.3353200625 0.3237084855769231 0.35754305048076923 0.36753715625 0.36448482932692305
3 0.36169003125 0.39540920192307694 0.3666111971153846 0.3643381730769231 0.3266406850961538 0.3580074639423077 0.32171951682692307 0.3890784951923077 0.36169003125 0.39540920192307694
3 0.3147537307692308 0.3641401033653846 0.32156514903846156 0.32113450961538464 0.29224315144230767 0.31649036057692304 0.2854317331730769 0.35949595673076923 0.3147537307692308 0.3641401033653846
3 0.28250527644230766 0.34700942788461536 0.28765457932692307 0.31449801923076925 0.22515242548076925 0.3045986514423077 0.220003125 0.33711006009615385 0.28250527644230766 0.34700942788461536
3 0.2878932956730769 0.3759165288461539 0.2918041586538461 0.35122431971153845 0.2654143605769231 0.3470445865384616 0.2615034975961538 0.37173679326923076 0.2878932956730769 0.3759165288461539
3 0.26029764903846153 0.3793502259615385 0.2662617139423077 0.34169460817307695 0.24002624038461537 0.3375393173076923 0.2340621778846154 0.37519493509615387 0.26029764903846153 0.3793502259615385
3 0.23636941346153847 0.3915910625 0.2431482403846154 0.34879123557692304 0.19839361298076924 0.34170279807692305 0.19161478605769233 0.384502625 0.23636941346153847 0.3915910625
3 0.23719370673076925 0.29849045432692306 0.24191933173076924 0.26865403605769234 0.19315221875 0.2609300841346154 0.18842659375 0.29076650240384616 0.23719370673076925 0.29849045432692306
3 0.23903030528846153 0.33084273798076924 0.24440774038461538 0.2968909519230769 0.1791277139423077 0.2865516105769231 0.17375027884615385 0.3205033990384616 0.23903030528846153 0.33084273798076924
3 0.3145580144230769 0.09369654567307693 0.3092131706730769 0.12744256490384614 0.3385351682692308 0.13208671153846155 0.34388001201923074 0.09834069471153846 0.3145580144230769 0.09369654567307693