1 0.9979166658653846 0.9324074062500001 0.9979166658653846 0.7277777788461539 0.8316666658653846 0.7277777788461539 0.8316666658653846 0.9324074062500001 0.9979166658653846 0.9324074062500001
1 0.784375 0.2071296298076923 0.784375 0.0025 0.7025 0.0025 0.7025 0.2071296298076923 0.784375 0.2071296298076923
1 0.7025 0.2616666658653846 0.7025 0.12527777884615385 0.6475000000000001 0.12527777884615385 0.6475000000000001 0.2616666658653846 0.7025 0.2616666658653846
1 0.6447395841346153 0.29842592548076924 0.6447395841346153 0.2260185192307692 0.60265625 0.2260185192307692 0.60265625 0.29842592548076924 0.6447395841346153 0.29842592548076924
1 0.12432291586538462 0.45935185096153847 0.12432291586538462 0.3853703701923077 0.0025 0.3853703701923077 0.0025 0.45935185096153847 0.12432291586538462 0.45935185096153847
1 0.20093750000000002 0.45749999999999996 0.20093750000000002 0.39990740625 0.12484375 0.39990740625 0.12484375 0.45749999999999996 0.20093750000000002 0.45749999999999996
1 0.24510416586538464 0.4565740745192307 0.24510416586538464 0.4118518509615384 0.20093750000000002 0.4118518509615384 0.20093750000000002 0.4565740745192307 0.24510416586538464 0.4565740745192307
1 0.2872916658653846 0.45935185096153847 0.2872916658653846 0.41731481490384614 0.24510416586538464 0.41731481490384614 0.24510416586538464 0.45935185096153847 0.2872916658653846 0.45935185096153847
1 0.31322916586538463 0.45824074038461543 0.31322916586538463 0.42555555528846156 0.28614583413461536 0.42555555528846156 0.28614583413461536 0.45824074038461543 0.31322916586538463 0.45824074038461543
1 0.17255208413461537 0.003796295673076923 0.17255208413461537 0.11564814903846155 0.2465625 0.11564814903846155 0.2465625 0.003796295673076923 0.17255208413461537 0.003796295673076923
1 0.2784895841346154 0.1567592596153846 0.2784895841346154 0.06833333413461538 0.2358854158653846 0.06833333413461538 0.2358854158653846 0.1567592596153846 0.2784895841346154 0.1567592596153846
1 0.30375 0.19592592548076923 0.30375 0.12972222115384616 0.2767708341346154 0.12972222115384616 0.2767708341346154 0.19592592548076923 0.30375 0.19592592548076923
1 0.2793229158653846 0.7362037043269231 0.2793229158653846 0.6675 0.24869791586538462 0.6675 0.24869791586538462 0.7362037043269231 0.2793229158653846 0.7362037043269231
1 0.3055208341346154 0.6277777788461538 0.3055208341346154 0.578611110576923 0.2748958341346154 0.578611110576923 0.2748958341346154 0.6277777788461538 0.3055208341346154 0.6277777788461538
1 0.35453125 0.54990740625 0.35453125 0.5246296298076923 0.34114583413461536 0.5246296298076923 0.34114583413461536 0.54990740625 0.35453125 0.54990740625
1 0.3534895841346154 0.6285185192307693 0.3534895841346154 0.5943518509615384 0.3433854158653846 0.5943518509615384 0.3433854158653846 0.6285185192307693 0.3534895841346154 0.6285185192307693
1 0.3421354158653846 0.6369444447115384 0.3421354158653846 0.6053703701923077 0.3330729158653846 0.6053703701923077 0.3330729158653846 0.6369444447115384 0.3421354158653846 0.6369444447115384
1 0.32942708413461536 0.45722222115384614 0.32942708413461536 0.42990740624999996 0.3115625 0.42990740624999996 0.3115625 0.45722222115384614 0.32942708413461536 0.45722222115384614
4 0.6839062499999999 0.7980555552884615 0.6839062499999999 0.4826851850961538 0.6117708341346154 0.4826851850961538 0.6117708341346154 0.7980555552884615 0.6839062499999999 0.7980555552884615
4 0.6471354158653846 0.7493518509615384 0.6471354158653846 0.48009259374999996 0.5829166658653846 0.48009259374999996 0.5829166658653846 0.7493518509615384 0.6471354158653846 0.7493518509615384
4 0.5958854158653846 0.6996296298076923 0.5958854158653846 0.48324074038461534 0.56984375 0.48324074038461534 0.56984375 0.6996296298076923 0.5958854158653846 0.6996296298076923
4 0.5788541658653846 0.6541666658653846 0.5788541658653846 0.4787962956730769 0.5653125 0.4787962956730769 0.5653125 0.6541666658653846 0.5788541658653846 0.6541666658653846
4 0.5668229158653847 0.6310185192307693 0.5668229158653847 0.47527777884615385 0.55328125 0.47527777884615385 0.55328125 0.6310185192307693 0.5668229158653847 0.6310185192307693
4 0.5563020841346155 0.6114814807692308 0.5563020841346155 0.47166666586538464 0.5417708341346154 0.47166666586538464 0.5417708341346154 0.6114814807692308 0.5563020841346155 0.6114814807692308
4 0.36151041586538457 0.6114814807692308 0.36151041586538457 0.47259259375 0.3439583341346154 0.47259259375 0.3439583341346154 0.6114814807692308 0.36151041586538457 0.6114814807692308
4 0.3575 0.3061111105769231 0.3575 0.4271296298076923 0.37953125 0.4271296298076923 0.37953125 0.3061111105769231 0.3575 0.3061111105769231
4 0.3915625 0.4334259254807692 0.3915625 0.33277777884615384 0.375 0.33277777884615384 0.375 0.4334259254807692 0.3915625 0.4334259254807692
4 0.3319270841346154 0.673796295673077 0.3319270841346154 0.4787962956730769 0.2528125 0.4787962956730769 0.2528125 0.673796295673077 0.3319270841346154 0.673796295673077
4 0.13640625 0.9983333341346154 0.13640625 0.513703704326923 0.0022395841346153846 0.513703704326923 0.0022395841346153846 0.9983333341346154 0.13640625 0.9983333341346154
4 0.20921874999999998 0.8983333341346154 0.20921874999999998 0.5034259254807693 0.12484375 0.5034259254807693 0.12484375 0.8983333341346154 0.20921874999999998 0.8983333341346154
4 0.2510416658653846 0.7944444447115384 0.2510416658653846 0.4944444447115384 0.2027083341346154 0.4944444447115384 0.2027083341346154 0.7944444447115384 0.2510416658653846 0.7944444447115384
3 0.9976041658653846 0.3865740745192308 0.9976041658653846 0.05916666586538462 0.8840104158653846 0.05916666586538462 0.8840104158653846 0.3865740745192308 0.9976041658653846 0.3865740745192308
3 0.7736979158653846 0.4090740745192308 0.7736979158653846 0.24962962980769232 0.71953125 0.24962962980769232 0.71953125 0.4090740745192308 0.7736979158653846 0.4090740745192308
3 0.7230729158653847 0.41694444471153846 0.7230729158653847 0.25907407451923076 0.683125 0.25907407451923076 0.683125 0.41694444471153846 0.7230729158653847 0.41694444471153846
3 0.5835416658653846 0.44259259375 0.5835416658653846 0.37490740624999996 0.5614583341346153 0.37490740624999996 0.5614583341346153 0.44259259375 0.5835416658653846 0.44259259375
3 0.5640104158653846 0.4434259254807692 0.5640104158653846 0.385 0.5516666658653846 0.385 0.5516666658653846 0.4434259254807692 0.5640104158653846 0.4434259254807692
3 0.5529166658653846 0.44435185096153845 0.5529166658653846 0.39990740625 0.5411458341346154 0.39990740625 0.5411458341346154 0.44435185096153845 0.5529166658653846 0.44435185096153845
3 0.544375 0.5186111105769231 0.544375 0.4779629639423077 0.5351041658653846 0.4779629639423077 0.5351041658653846 0.5186111105769231 0.544375 0.5186111105769231
1 0.7938020841346154 0.993888889423077 0.7938020841346154 0.8669444447115384 0.7114583341346153 0.8669444447115384 0.7114583341346153 0.993888889423077 0.7938020841346154 0.993888889423077