1 0.4823561706730769 1 0.6905520264423076 0.978117735576923 0.6776819591346155 0.8556672259615384 0.3878720625 0.8861274735576923 0.39984054807692304 1 0.4823561706730769 1
1 0.9319434110576924 0.7336294663461539 0.920053298076923 0.6205026009615384 0.8254183245192308 0.6304491370192308 0.8373084350961538 0.7435760024038461 0.9319434110576924 0.7336294663461539
1 0.9326992980769231 0.46876617067307697 0.9259485024038461 0.4045366346153846 0.6913034927884615 0.42919881730769227 0.6980542884615384 0.4934283557692308 0.9326992980769231 0.46876617067307697
1 0.9863974014423077 0.5850401514423077 0.9790586322115384 0.5152164278846154 0.9310418725961539 0.5202631923076922 0.9383806418269232 0.5900869158653846 0.9863974014423077 0.5850401514423077
1 0.9864341947115385 0.48972248076923075 0.9806851274038462 0.43502377644230766 0.9269187884615384 0.44067484615384617 0.9326678533653846 0.49537355048076925 0.9864341947115385 0.48972248076923075
1 0.8446200552884615 0.1883115985576923 0.8260009230769231 0.011162387019230769 0.6409266129807693 0.03061448076923077 0.6595457451923077 0.20776369230769232 0.8446200552884615 0.1883115985576923
1 0.9240664951923077 0.23714972596153847 0.9121763822115384 0.12402286057692308 0.8386750000000001 0.13174816586538463 0.8505651105769231 0.24487503125 0.9240664951923077 0.23714972596153847
1 0.9610951947115385 0.2770393605769231 0.9533862211538462 0.20369337019230768 0.9195103173076924 0.20725387019230768 0.9272192932692308 0.28059986057692304 0.9610951947115385 0.2770393605769231
1 0.9791902716346154 0.2847736105769231 0.9736371971153847 0.2319396346153846 0.9594963389423078 0.23342589903846156 0.9650494134615385 0.286259875 0.9791902716346154 0.2847736105769231
1 0.8634769326923077 0 0.8664055336538462 0.02786378125 0.9229689663461538 0.021918723557692307 0.9206652163461538 0 0.8634769326923077 0
1 0.9322039447115384 0 0.9165956514423077 0.0016404975961538462 0.9245223942307692 0.07705840865384615 0.95699975 0.07364490144230769 0.9492593581730768 0 0.9322039447115384 0