1 0.6563874543269231 0.6725472836538462 0.6579145384615385 0.585060610576923 0.5254347187499999 0.5827481658653846 0.5239076346153846 0.6702348389423077 0.6563874543269231 0.6725472836538462
3 0.6004540384615384 0.4569549423076923 0.601279391826923 0.4096704783653846 0.5223851610576923 0.40829337259615384 0.5215598076923077 0.45557783894230763 0.6004540384615384 0.4569549423076923
3 0.6321498966346154 0.44959032211538463 0.6327898197115385 0.41292924038461537 0.601232125 0.4123783990384616 0.6005922043269231 0.4490394807692307 0.6321498966346154 0.44959032211538463
3 0.63152815625 0.4852098966346154 0.6322880625 0.4416748629807692 0.5198051971153845 0.4397114663461539 0.5190452884615385 0.48324649999999997 0.63152815625 0.4852098966346154
3 0.6267971466346154 0.5324261875 0.6276225 0.48514172355769236 0.5181079326923077 0.48323013942307697 0.517282579326923 0.5305146033653846 0.6267971466346154 0.5324261875
3 0.6217462956730769 0.5890133221153846 0.6229425120192308 0.5204820961538462 0.5243637788461538 0.5187613990384615 0.5231675625000001 0.587292625 0.6217462956730769 0.5890133221153846
3 0.6239328701923077 0.6338499783653847 0.6249218413461539 0.5771919423076923 0.5233748100961538 0.5754194326923077 0.5223858389423077 0.63207746875 0.6239328701923077 0.6338499783653847
3 0.4858618677884615 0.6116452596153846 0.4875307548076923 0.5160348245192308 0.33192945673076923 0.5133187932692308 0.33026056971153844 0.6089292283653847 0.4858618677884615 0.6116452596153846
3 0.36323544471153846 0.5909603173076923 0.3646352716346154 0.5107641995192307 0.24918410817307693 0.5087489927884615 0.24778428125 0.5889451105769231 0.36323544471153846 0.5909603173076923
3 0.36638119230769234 0.6345635240384616 0.3673701610576923 0.5779054903846154 0.28253933413461535 0.5764247620192308 0.28155036298076924 0.633082798076923 0.36638119230769234 0.6345635240384616
3 0.2774847283653846 0.6421798942307693 0.27897545432692306 0.5567762379807693 0.1802404951923077 0.5550528125 0.17874976923076924 0.64045646875 0.2774847283653846 0.6421798942307693
3 0.19420865384615385 0.6590624302884615 0.19579027884615385 0.568451233173077 0.09705531971153847 0.5667278076923077 0.09547369471153845 0.6573390048076924 0.19420865384615385 0.6590624302884615
3 0 0.6690078725961539 0.08649232932692308 0.6705176009615385 0.08885931009615386 0.5349132572115385 0.0010601850961538461 0.53338071875 0 0.5941186682692308 0 0.6690078725961539
3 0.23848602884615386 0.3875021514423077 0.2398640408653846 0.30855584375 0.11847628125 0.30643701201923074 0.11709826923076923 0.38538331971153844 0.23848602884615386 0.3875021514423077
3 0.3639257067307692 0.31863921874999995 0.3654164326923077 0.2332355625 0.2007540168269231 0.2303613701923077 0.1992632908653846 0.3157650264423077 0.3639257067307692 0.31863921874999995
3 0.3676160144230769 0.3937150600961538 0.3689722115384615 0.3160185625 0.23180560817307694 0.3136243100961539 0.23044940865384617 0.3913208076923077 0.3676160144230769 0.3937150600961538
3 0.42095823317307696 0.39068721634615383 0.42178358653846154 0.34340275000000003 0.35773084375 0.3422847067307692 0.35690549038461533 0.38956917067307695 0.42095823317307696 0.39068721634615383
3 0.5155149615384615 0.3990053918269231 0.51820190625 0.24507050480769232 0.3583825 0.2422808485576923 0.35569555769230765 0.39621573317307696 0.5155149615384615 0.3990053918269231
3 0.05446211538461539 0.41054400240384614 0.05620735576923076 0.3105592307692308 0.005902519230769231 0.30968115865384616 0.004157278846153846 0.4096659278846154 0.05446211538461539 0.41054400240384614
3 0.38037861778846155 0.1728624951923077 0.3814584855769231 0.11099691826923076 0.2955340745192308 0.10949710096153847 0.2944542067307692 0.17136267788461537 0.38037861778846155 0.1728624951923077