1 0.3279604206730769 0 0.3156913918269231 0.0695811153846154 0.6442171033653845 0.1275090625 0.662413985576923 0.02430941826923077 0.5245484254807692 0 0.3279604206730769 0
1 0.44376089903846155 0.021718004807692308 0.4237190048076923 0.13538123076923078 0.7111597668269231 0.18606479326923075 0.7312016610576924 0.0724015673076923 0.44376089903846155 0.021718004807692308
1 0.5495780721153847 0.13874587980769232 0.5322132548076923 0.23722665625 0.7628736947115384 0.27789831490384614 0.7802385120192308 0.17941753846153846 0.5495780721153847 0.13874587980769232
1 0.6740392716346153 0.24361825240384613 0.6652121538461538 0.2936793149038462 0.7947759254807691 0.31652490384615384 0.8036030408653846 0.26646384134615386 0.6740392716346153 0.24361825240384613
1 0.6873851610576923 0.2741072740384615 0.6761703846153846 0.33770944230769234 0.8215834038461539 0.36334968028846154 0.8327981826923078 0.2997475120192308 0.6873851610576923 0.2741072740384615
1 0.7543655048076924 0.34324700961538457 0.7453575048076923 0.3943339134615385 0.8632266826923077 0.41511742788461536 0.8722346826923076 0.3640305264423077 0.7543655048076924 0.34324700961538457
1 0.801810233173077 0.39180676442307694 0.7956963701923077 0.4264802043269231 0.8767891346153847 0.44077904807692303 0.8829029975961539 0.40610560576923077 0.801810233173077 0.39180676442307694
1 0.7087944110576923 0.03481455769230769 0.695987858173077 0.10744412740384615 0.8620202908653846 0.136720125 0.8748268437500001 0.06409055528846154 0.7087944110576923 0.03481455769230769
3 0 0.5601311033653846 0.11795507211538461 0.580929764423077 0.16617861778846155 0.3074404471153846 0.03399895192307692 0.28413360576923075 0 0.47695124278846157 0 0.5601311033653846
3 0.16594599038461538 0.0019252548076923077 0.11779479807692309 0.27500423798076923 0.2675163509615385 0.3014041875 0.3156675432692308 0.028325204326923075 0.16594599038461538 0.0019252548076923077
3 0.08362339182692308 0 0.07676848557692308 0.03887611057692308 0.16232365865384615 0.05396179567307692 0.17183857932692306 0 0.08362339182692308 0
3 0.0832002716346154 0.01229752403846154 0.06619722115384616 0.10872661538461538 0.15344503365384615 0.12411075961538462 0.17044808413461537 0.027681668269230773 0.0832002716346154 0.01229752403846154
3 0.1296827548076923 0.17069215865384615 0.14509403125 0.08329047115384616 0.07123344951923077 0.07026685817307693 0.05582217307692308 0.15766854567307692 0.1296827548076923 0.17069215865384615
3 0.05820983653846154 0.14412743990384616 0.04399239182692308 0.22475857451923076 0.12446965144230769 0.23894888701923078 0.13868709375000002 0.15831775240384616 0.05820983653846154 0.14412743990384616
3 0.3718045865384615 0.35871770432692307 0.38482819951923075 0.28485712259615387 0.26557413701923077 0.26382941346153843 0.25255052403846157 0.3376899951923077 0.3718045865384615 0.35871770432692307
3 0.44978715625 0.39785380048076924 0.46360665624999997 0.3194795168269231 0.37789760576923076 0.3043666995192308 0.3640781057692308 0.3827409831730769 0.44978715625 0.39785380048076924
3 0.5044875673076923 0.42146107451923076 0.5159555817307692 0.3564227307692308 0.45378959374999994 0.34546118990384617 0.44232157692307694 0.41049953365384617 0.5044875673076923 0.42146107451923076
3 0.5676873485576923 0.44635546875 0.5822665600961539 0.3636726538461538 0.5082521009615385 0.3506219086538461 0.4936728894230769 0.4333047235576923 0.5676873485576923 0.44635546875
3 0.6122319302884616 0.4681719975961538 0.6375194447115384 0.32475936778846154 0.4713331370192308 0.29545623798076925 0.4460456225961539 0.4388688677884615 0.6122319302884616 0.4681719975961538
3 0.6485033725961539 0.48831820192307696 0.6591393245192307 0.4279987259615385 0.6154384807692307 0.4202930889423077 0.6048025288461538 0.48061256249999995 0.6485033725961539 0.48831820192307696
3 0.6718502163461538 0.5133780528846154 0.6805688028846154 0.4639324975961538 0.6470237884615385 0.4580176057692308 0.6383052019230769 0.5074631634615385 0.6718502163461538 0.5133780528846154
3 0.7290753317307692 0.5325649134615384 0.7389515721153846 0.4765539735576923 0.6734003052884615 0.464995516826923 0.6635240649038461 0.5210064567307693 0.7290753317307692 0.5325649134615384
3 0.6154053485576922 0.6373346850961539 0.6245218774038462 0.5856322788461539 0.5388128293269231 0.5705194591346154 0.5296962980769231 0.6222218677884614 0.6154053485576922 0.6373346850961539
3 0.5706477139423077 0.6455202932692308 0.5797280673076923 0.5940230552884616 0.5394125 0.5869143317307692 0.5303321466346154 0.6384115697115385 0.5706477139423077 0.6455202932692308
3 0.5456312331730769 0.5903378822115385 0.5551095288461538 0.5365837932692308 0.4678617163461538 0.5211996490384615 0.4583834206730769 0.5749537379807692 0.5456312331730769 0.5903378822115385
3 0.4933009927884615 0.6225739014423077 0.5019834014423077 0.5733335144230769 0.42135226682692306 0.5591160697115385 0.4126698581730769 0.6083564591346154 0.4933009927884615 0.6225739014423077
3 0.4093854447115385 0.617085403846154 0.4247967211538462 0.5296837163461539 0.30723529567307695 0.5089544639423077 0.2918240192307692 0.5963561514423077 0.4093854447115385 0.617085403846154
3 0.28893754807692307 0.6028282475961538 0.30633854326923077 0.5041423052884615 0.24586519230769233 0.49347922355769225 0.22846419711538463 0.5921651634615385 0.28893754807692307 0.6028282475961538
3 0.21069407692307693 0.5750696971153846 0.22570740865384617 0.4899248605769231 0.12491849038461539 0.4721530552884615 0.10990515865384615 0.5572978918269231 0.21069407692307693 0.5750696971153846
3 0.6372307668269231 0.6566260408653846 0.64377875 0.6194905817307692 0.6065407067307692 0.6129245120192308 0.5999927235576923 0.6500599687499999 0.6372307668269231 0.6566260408653846
3 0.6661778341346154 0.6634225673076923 0.6741367091346154 0.6182855456730769 0.641514951923077 0.6125334495192308 0.6335560769230769 0.6576704711538461 0.6661778341346154 0.6634225673076923
3 0.6884797139423077 0.6593161947115385 0.6969812379807692 0.6111016514423077 0.6386621538461538 0.600818423076923 0.6301606298076923 0.64903296875 0.6884797139423077 0.6593161947115385
3 0.7103928173076923 0.658314483173077 0.7169408028846154 0.6211790216346155 0.6900124639423078 0.6164308293269231 0.6834644807692307 0.6535662908653846 0.7103928173076923 0.658314483173077
3 0.7390989759615384 0.6250861057692307 0.745140485576923 0.5908230048076922 0.6751268100961538 0.5784777043269231 0.6690853004807693 0.6127408052884615 0.7390989759615384 0.6250861057692307
3 0.7325509927884616 0.6622215673076923 0.7388457403846154 0.6265222860576922 0.7213038509615385 0.6234291778846154 0.7150091057692307 0.6591284591346154 0.7325509927884616 0.6622215673076923
3 0.7606169495192308 0.516548735576923 0.7680331730769231 0.47448924038461543 0.7214086802884616 0.4662680841346154 0.7139924567307693 0.5083275817307692 0.7606169495192308 0.516548735576923
3 0.7484305625 0.5577671274038462 0.7558467860576923 0.5157076274038461 0.7127614471153846 0.5081105216346153 0.7053452235576922 0.5501700192307692 0.7484305625 0.5577671274038462
3 0.7697928485576924 0.5661879134615385 0.7875917860576924 0.4652451201923077 0.7549700312500001 0.45949302403846154 0.7371710913461539 0.5604358173076923 0.7697928485576924 0.5661879134615385
3 0.8053159086538462 0.5419887884615384 0.8121533052884615 0.5032119831730769 0.78537884375 0.49849092307692305 0.7785414471153846 0.5372677283653846 0.8053159086538462 0.5419887884615384
3 0.7987399158653846 0.5729844399038462 0.8042387740384616 0.5417988605769231 0.7750022932692308 0.5366436802884615 0.7695034350961538 0.5678292596153847 0.7987399158653846 0.5729844399038462
3 0.8109771586538461 0.5719689879807692 0.8156439519230769 0.5455022788461539 0.80164121875 0.54303321875 0.7969744230769231 0.5694999278846153 0.8109771586538461 0.5719689879807692
3 0.8326350240384616 0.5580178870192307 0.8383871177884615 0.5253961298076922 0.80345721875 0.5192370480769231 0.7977051225961538 0.5518588028846154 0.8326350240384616 0.5580178870192307
3 0.8290535288461538 0.578329548076923 0.832345610576923 0.559659233173077 0.8137265889423078 0.5563761971153846 0.8104345072115385 0.5750465120192307 0.8290535288461538 0.578329548076923
3 0.7730387764423077 0.6710530312499999 0.7793335216346153 0.63535375 0.7571753461538461 0.6314466658653846 0.7508806009615385 0.6671459471153847 0.7730387764423077 0.6710530312499999
3 0.7496577596153846 0.6605839110576923 0.7562419182692307 0.6232432836538462 0.7363918870192308 0.6197431875 0.7298077283653845 0.657083814903846 0.7496577596153846 0.6605839110576923
3 0.8306248076923077 0.6171081971153847 0.8352916033653847 0.5906414903846154 0.774664375 0.5799512740384615 0.7699975817307692 0.6064179831730769 0.8306248076923077 0.6171081971153847
3 0.8244737668269231 0.6447940240384615 0.8283084975961538 0.6230461850961538 0.7699894134615385 0.6127629591346154 0.7661546826923077 0.6345107980769231 0.8244737668269231 0.6447940240384615
3 0.81003175 0.6727103052884615 0.8141197163461539 0.6495262908653847 0.7802669495192307 0.6435571346153846 0.776178983173077 0.6667411490384616 0.81003175 0.6727103052884615
3 0.8416753846153846 0.6093255432692307 0.8490554326923078 0.5674712139423077 0.82566625 0.5633470697115385 0.8182862019230769 0.6052013990384615 0.8416753846153846 0.6093255432692307
3 0.8639772644230769 0.605219170673077 0.8718999639423076 0.5602873173076923 0.8543580745192307 0.5571942091346154 0.8464353774038462 0.6021260625 0.8639772644230769 0.605219170673077
3 0.6162327836538462 0.014474045673076922 0.6053797740384615 0.07602453125 0.6892423076923078 0.09081175961538462 0.7000953197115384 0.029261274038461536 0.6162327836538462 0.014474045673076922
3 0.6648398293269231 0.024948704326923074 0.6585812596153846 0.06044281971153846 0.6978196923076924 0.06736161298076923 0.7040782620192307 0.0318675 0.6648398293269231 0.024948704326923074
3 0.6987104326923077 0.02901708173076923 0.6898109639423077 0.07948847836538463 0.7290493990384616 0.08640727403846153 0.7379488677884616 0.035935877403846156 0.6987104326923077 0.02901708173076923
3 0.7275503197115385 0.11110551682692307 0.7397418677884615 0.04196380528846154 0.6977336634615384 0.034556625 0.6855421129807693 0.10369833653846154 0.7275503197115385 0.11110551682692307
3 0.7131541490384615 0.14326082451923078 0.7227047980769231 0.08909639903846153 0.6933144423076923 0.08391408653846154 0.6837637908653846 0.13807851201923077 0.7131541490384615 0.14326082451923078
3 0.7692329350961539 0.12035921153846153 0.7824012548076923 0.045677956730769236 0.7236205408653846 0.03531333173076923 0.7104522211538461 0.10999458653846153 0.7692329350961539 0.12035921153846153
3 0.76020459375 0.15536493750000002 0.7700808341346155 0.09935399759615385 0.714069891826923 0.08947775721153846 0.7041936514423077 0.14548869711538462 0.76020459375 0.15536493750000002
3 0.7465421274038462 0.19145747115384618 0.7547904158653846 0.14467910336538461 0.7184756298076922 0.13827582692307694 0.7102273413461538 0.18505419471153847 0.7465421274038462 0.19145747115384618
3 0.770686860576923 0.22638918269230768 0.7802013341346155 0.17242992548076924 0.7480412067307692 0.1667592283653846 0.7385267331730769 0.22071848557692306 0.770686860576923 0.22638918269230768
3 0.7556846610576924 0.1315093076923077 0.74418046875 0.19675282211538464 0.7763405985576923 0.20242351923076923 0.7878447908653846 0.13718000721153845 0.7556846610576924 0.1315093076923077
3 0.7657722980769232 0.0985942860576923 0.7552448774038462 0.15829825721153845 0.7860201201923077 0.16372476201923075 0.7965475408653847 0.10402079326923076 0.7657722980769232 0.0985942860576923
3 0.8108195408653847 0.2201381826923077 0.8216725528846154 0.15858769951923077 0.7936670817307692 0.15364957932692308 0.7828140721153846 0.21520006249999998 0.8108195408653847 0.2201381826923077
3 0.7888906009615385 0.2374262403846154 0.8004309711538462 0.1719775576923077 0.7836584639423076 0.16902011298076922 0.7721180961538461 0.2344687956730769 0.7888906009615385 0.2374262403846154
3 0.8073669206730769 0.2559155144230769 0.81557903125 0.20934231490384617 0.7931131057692308 0.20538096634615383 0.7849009927884616 0.2519541658653846 0.8073669206730769 0.2559155144230769
3 0.7936219302884615 0.2843777932692308 0.8005316802884616 0.2451906514423077 0.7809894014423077 0.2417448221153846 0.7740796514423077 0.2809319615384615 0.7936219302884615 0.2843777932692308
3 0.7572064350961539 0.20476142548076923 0.74997109375 0.24579508173076922 0.7793614495192307 0.2509773942307692 0.7865967908653846 0.20994373798076923 0.7572064350961539 0.20476142548076923