1 0.6925381682692309 0.5402755552884615 0.7172847620192309 0.4410223894230769 0.5600665312499999 0.4018234807692308 0.5353199375 0.5010766466346154 0.6925381682692309 0.5402755552884615
1 0.6507805600961538 0.6664205192307692 0.6718479254807692 0.5819239326923077 0.5173586514423077 0.5434054302884616 0.49629128605769235 0.6279020168269231 0.6507805600961538 0.6664205192307692
1 0.6095420336538462 0.8143807331730769 0.6301557956730769 0.7317034543269231 0.47020860817307697 0.691824141826923 0.4495948485576923 0.7745014206730769 0.6095420336538462 0.8143807331730769
1 0.8126259783653846 0.7516477475961539 0.8245204711538462 0.7039415432692308 0.7252167668269232 0.6791823485576922 0.7133222740384616 0.7268885552884616 0.8126259783653846 0.7516477475961539
1 0.7974985240384616 0.8006949999999999 0.8112578317307692 0.7455094302884615 0.7187765192307692 0.72245125 0.7050172115384614 0.7776368173076923 0.7974985240384616 0.8006949999999999
1 0.9229517379807692 0.8671866322115385 0.9412974807692307 0.7936058725961538 0.8075786033653846 0.7602660120192308 0.789232858173077 0.8338467716346153 0.9229517379807692 0.8671866322115385
1 0.8032136153846154 0.4897151754807692 0.8201985480769232 0.4215923317307692 0.7208948437499999 0.39683313701923073 0.7039099110576923 0.4649559807692307 0.8032136153846154 0.4897151754807692
1 0.5926696081730769 0.3414594759615385 0.6316291129807692 0.18520143509615383 0.3764716586538462 0.12158353846153847 0.33751215384615385 0.2778415769230769 0.5926696081730769 0.3414594759615385
1 0.1124168221153846 0 0.08693244471153846 0.10221225240384615 0.3683182043269231 0.17236960096153847 0.41129477163461536 0 0.1124168221153846 0
1 0.4985748653846154 0 0.4811335649038462 0.06995323557692308 0.6548771442307693 0.113272375 0.6757933076923077 0.02938222596153846 0.5579476346153845 0 0.4985748653846154 0
1 0.7508200456730769 0.25678775240384616 0.7932067788461539 0.08678385336538462 0.6625200721153846 0.05419999759615384 0.6201333389423076 0.2242038966346154 0.7508200456730769 0.25678775240384616
1 0.9135858437500001 0.4390791971153846 0.9420116658653845 0.3250694495192308 0.8524109206730769 0.3027294735576923 0.8239850961538462 0.41673922115384615 0.9135858437500001 0.4390791971153846
1 1 0.1130072764423077 0.9249892524038461 0.09430499519230769 0.9020570721153847 0.18628094711538462 1 0.21070086057692305 1 0.1130072764423077
4 0.4807788245192308 0.867087375 0.6361632427884616 0.24387451442307692 0.32278804567307695 0.16574130288461536 0.16740362740384615 0.7889541634615385 0.4807788245192308 0.867087375
4 0 0.7828578028846154 0.23074808173076924 0.8403897620192308 0.41990076201923077 0.08173979086538462 0.11016417307692308 0.004513786057692307 0 0.44635815624999997 0 0.7828578028846154
4 0.7404615865384615 0.8156748149038461 0.8298214879807693 0.45727182932692306 0.6944349110576924 0.42351616586538465 0.6050750120192308 0.7819191490384616 0.7404615865384615 0.8156748149038461
3 1 0.2096273028846154 0.9803875576923077 0.20473737259615385 0.9657210432692308 0.26356155048076924 1 0.2721082548076923 1 0.2096273028846154
3 1 0.2721082548076923 0.9657210432692308 0.26356155048076924 0.9517097331730769 0.3197578461538461 1 0.3317979639423077 1 0.2721082548076923
3 1 0.3317979615384615 0.9517097331730769 0.3197578461538461 0.9408736490384615 0.3632190096153846 1 0.37796086298076925 1 0.3317979615384615
3 1 0.37796086298076925 0.9313223004807691 0.3608375889423077 0.9195790072115385 0.4079373605769231 1 0.4279885649038461 1 0.37796086298076925
3 1 0.42949154567307696 0.920135858173077 0.4095791778846154 0.9080397620192309 0.4580939639423077 1 0.4810222283653846 1 0.42949154567307696
3 1 0.4823104951923077 0.9097082740384616 0.45979823798076924 0.8985697860576922 0.5044722692307693 0.9895350096153847 0.5271524471153847 1 0.48517966586538464 1 0.4823104951923077
3 0.974614048076923 0.5831219423076923 0.98766775 0.5307663990384616 0.8956412644230769 0.5078216201923077 0.8825875625 0.5601771610576923 0.974614048076923 0.5831219423076923
3 0.9650883725961539 0.6213273365384615 0.974614048076923 0.5831219423076923 0.8759167788461538 0.5585139495192307 0.8663911057692307 0.59671934375 0.9650883725961539 0.6213273365384615
3 0.9465202451923077 0.6628606826923077 0.9573563293269232 0.6193995192307693 0.8674523653846153 0.5969839447115385 0.85661628125 0.6404451057692307 0.9465202451923077 0.6628606826923077
3 0.9350793557692308 0.7087475841346154 0.9462178413461538 0.6640735528846153 0.8563138798076924 0.6416579759615384 0.845175391826923 0.6863320072115384 0.9350793557692308 0.7087475841346154
3 0.9242989687500001 0.7603816586538461 0.9366974663461539 0.7106540024038461 0.8448225889423077 0.6877470240384616 0.8324240913461539 0.7374746802884615 0.9242989687500001 0.7603816586538461
3 0.9144204903846155 0.8000020673076923 0.9242989687500001 0.7603816586538461 0.8246920480769231 0.7355468629807693 0.8148135697115385 0.7751672740384615 0.9144204903846155 0.8000020673076923
3 0.9338837331730769 0.815590358173077 0.9666439903846153 0.6841961466346155 0.9475412932692309 0.6794333076923077 0.9147810360576922 0.8108275192307691 0.9338837331730769 0.815590358173077
3 0.9576664735576923 0.6304271177884615 0.94400796875 0.6852083966346154 0.9650815793269231 0.6904626370192308 0.9787400841346153 0.6356813581730769 0.9576664735576923 0.6304271177884615
3 0.979409829326923 0.5761586370192308 0.9653985192307692 0.6323549326923078 0.9796497379807693 0.6359081610576923 0.9936610480769231 0.5797118653846154 0.979409829326923 0.5761586370192308
3 1 0.5364177091346154 0.9899435120192308 0.5339103461538461 0.9791074254807692 0.5773715072115384 0.9933586442307691 0.5809247355769231 1 0.5542877163461538 1 0.5364177091346154
3 1 0.48639000721153847 0.9968353245192307 0.4856009639423077 0.9856968365384616 0.5302749951923077 1 0.5338411754807693 1 0.48639000721153847
1 0.7806108870192308 0.2238497403846154 0.7549570865384615 0.3267415192307693 0.8547156153846154 0.3516141129807692 0.8803694158653846 0.24872233653846154 0.7806108870192308 0.2238497403846154
1 0.7976600769230769 0.17742874519230767 0.7740222908653845 0.2722347235576923 0.8662003846153846 0.2952173028846154 0.8898381706730769 0.20041132451923077 0.7976600769230769 0.17742874519230767
1 0.8125875576923077 0.13176701442307692 0.7894033774038461 0.2247536875 0.8793073413461538 0.24716926201923076 0.9024915216346153 0.15418259134615384 0.8125875576923077 0.13176701442307692
1 0.8283767379807692 0.09039964182692307 0.8053437572115385 0.18277988221153846 0.8932768076923078 0.20470405288461538 0.9163097884615384 0.1123238125 0.8283767379807692 0.09039964182692307