1 0.6398892259615384 0.8461289278846155 0.6476741995192307 0.6975827860576923 0.4749424951923077 0.6885303004807692 0.4671575216346154 0.8370764423076923 0.6398892259615384 0.8461289278846155
1 0.1292536346153846 0 0.12320692548076922 0.11537806249999999 0.45712367548076926 0.13287789903846153 0.46408751201923076 0 0.1292536346153846 0
1 0.7493968533653846 0.32698197355769226 0.754848516826923 0.22295806490384618 0.5165817500000001 0.21047103125 0.5111300889423077 0.31449494230769226 0.7493968533653846 0.32698197355769226
1 0.8386396490384616 0.3617001610576923 0.8423249711538462 0.29137999759615385 0.7533845288461538 0.28671882692307693 0.749699204326923 0.3570389903846154 0.8386396490384616 0.3617001610576923
1 0.16671046153846153 0.31229973557692303 0.16800795673076924 0.28754204567307695 0.09966424759615385 0.28396030528846156 0.09836675240384615 0.3087179951923077 0.16671046153846153 0.31229973557692303
1 0.1618396153846154 0.36941475721153844 0.16292994951923076 0.3486099759615385 0.09458624038461538 0.3450282331730769 0.09349590865384615 0.3658330144230769 0.1618396153846154 0.36941475721153844
1 0.9181255312500001 0.2094014110576923 0.9202407764423076 0.1690401346153846 0.87920334375 0.16688945432692306 0.8770880985576923 0.2072507283653846 0.9181255312500001 0.2094014110576923
1 0.9130604735576924 0.15677253365384616 0.9146959711538462 0.12556536057692308 0.8736585384615385 0.12341468028846155 0.8720230408653846 0.15462185336538464 0.9130604735576924 0.15677253365384616
1 0.791784733173077 0.6765544615384615 0.7953392187499999 0.6087308725961539 0.711391923076923 0.6043313798076922 0.7078374399038462 0.67215496875 0.791784733173077 0.6765544615384615
4 0.16978404807692307 0.4447254158653846 0.17581358653846155 0.32967496875 0.09217836298076923 0.3252918341346154 0.08614882451923077 0.44034227884615385 0.16978404807692307 0.4447254158653846
1 0.05610936538461538 0.5806290576923077 0.053219983173076926 0.6357617307692307 0.23437762259615386 0.6452558004807692 0.23726700240384616 0.5901231274038461 0.05610936538461538 0.5806290576923077
1 0.8800790336538462 0.37409425 0.8819544038461539 0.33831002403846155 0.8427894038461539 0.3362574735576923 0.8409140312500001 0.3720416995192308 0.8800790336538462 0.37409425