1 0.6867159735576922 1 0.7071709326923077 0.766198733173077 0.5125497716346155 0.7491715865384615 0.4913580144230769 0.991394485576923 0.5897195 1 0.6867159735576922 1
1 0.5069861033653846 0.7105768533653846 0.5182679278846154 0.581624983173077 0.4235775456730769 0.5733406490384616 0.41229571875 0.7022925192307692 0.5069861033653846 0.7105768533653846
1 0.43251284615384616 0.634351576923077 0.44310872355769226 0.5132401298076923 0.3741014879807692 0.5072027788461538 0.3635056105769231 0.6283142259615384 0.43251284615384616 0.634351576923077
1 0.37923421634615384 0.5710411971153846 0.3872154230769231 0.4798155889423077 0.3243825192307692 0.47431842307692307 0.31640131250000003 0.56554403125 0.37923421634615384 0.5710411971153846
1 0.5514080913461539 0.22314923076923077 0.5635130552884615 0.08478885817307692 0.46000219951923077 0.07573283173076922 0.4478972355769231 0.21409320432692308 0.5514080913461539 0.22314923076923077
1 0.4456352211538462 0.22978911778846156 0.45513358413461535 0.12122234615384617 0.3940647740384616 0.11587951682692309 0.3845664134615384 0.22444629086538462 0.4456352211538462 0.22978911778846156
1 0.3793330384615385 0.23346894951923075 0.38635391586538465 0.1532199326923077 0.3544964423076923 0.15043276442307693 0.3474755625 0.23068178125 0.3793330384615385 0.23346894951923075
1 0.9337154158653846 0.28448067307692304 0.9376777740384615 0.2391907091346154 0.8622886634615384 0.2325950168269231 0.8583263052884615 0.27788498076923074 0.9337154158653846 0.28448067307692304
1 1 0.34353804326923076 0.954566923076923 0.3395631634615385 0.9512582307692308 0.3773816658653846 1 0.3816460168269231 1 0.34353804326923076
1 1 0.24845399759615386 0.9638602115384616 0.24529217548076923 0.9595669855769231 0.29436398798076924 1 0.2979014182692308 1 0.24845399759615386
2 0.06898966586538462 0.42046565625 0.0841854326923077 0.2467772644230769 0.04106887980769231 0.24300505528846153 0.025873115384615383 0.4166934471153846 0.06898966586538462 0.42046565625
4 0.11635610096153846 0.4168951418269231 0.12887263461538462 0.27383051201923075 0.07070939182692307 0.2687418870192308 0.05819285817307692 0.41180651682692304 0.11635610096153846 0.4168951418269231
1 0.3101168942307692 0.10611842548076923 0.31323997596153846 0.07042144951923077 0.18191868509615386 0.05893232451923077 0.1787956057692308 0.09462930048076923 0.3101168942307692 0.10611842548076923
1 0.3167391538461538 0.15651700480769232 0.32070958173076924 0.11113480048076922 0.1766245456730769 0.09852899519230769 0.17265411778846154 0.1439111971153846 0.3167391538461538 0.15651700480769232
1 0.30784775240384615 0.20555831490384616 0.31239114903846155 0.15362705288461537 0.17562191826923076 0.14166129567307692 0.1710785216346154 0.19359255769230768 0.30784775240384615 0.20555831490384616
1 0.3040618413461539 0.2542097788461538 0.30881505769230766 0.19988027403846154 0.16379609134615383 0.18719275721153844 0.15904287499999997 0.24152226442307695 0.3040618413461539 0.2542097788461538
1 0.30511031730769234 0.2894352043269231 0.30879829567307693 0.24728140865384615 0.16014736778846156 0.2342761394230769 0.15645938942307694 0.2764299326923077 0.30511031730769234 0.2894352043269231
1 0.29918672115384615 0.3362266129807692 0.3032297788461538 0.29001425 0.15411188461538464 0.276968125 0.15006882692307694 0.32318048798076926 0.29918672115384615 0.3362266129807692
1 0.2990580697115385 0.37952832451923074 0.30310112740384615 0.33331595913461537 0.15445019951923078 0.32031068990384615 0.15040714182692308 0.3665230552884615 0.2990580697115385 0.37952832451923074
1 0.15240763942307692 0.3699511947115385 0.14892948076923077 0.4097067451923077 0.29348148076923075 0.42235340625 0.2969596418269231 0.3825978557692308 0.15240763942307692 0.3699511947115385
1 0.28836264903846154 0.46651978125 0.29278499759615384 0.4159721225961538 0.1505159423076923 0.4035251923076923 0.14609359375 0.4540728509615385 0.28836264903846154 0.46651978125
1 0.1530219471153846 0.45077525961538456 0.14927747836538463 0.49357473317307693 0.2871362956730769 0.5056358173076924 0.2908807644230769 0.46283634375 0.1530219471153846 0.45077525961538456
1 0.15323218990384616 0.48602029326923074 0.148035125 0.545423014423077 0.2782668269230769 0.5568168100961539 0.2834638918269231 0.49741409134615383 0.15323218990384616 0.48602029326923074
1 0.16478339423076924 0.5243023509615384 0.15916668990384614 0.5885015649038462 0.2828089783653846 0.5993188629807692 0.28842568269230767 0.5351196490384615 0.16478339423076924 0.5243023509615384