1 0.9606146923076923 0.8919612163461538 0.9767004615384616 0.7389153485576923 0.7550567524038462 0.7156196562499999 0.7389709831730769 0.8686655240384616 0.9606146923076923 0.8919612163461538
1 0.9492593581730768 1 0.9628891538461539 0.8703211562500001 0.7498439158653846 0.8479291995192307 0.7338606298076923 1 0.9492593581730768 1
1 0.9872013004807693 0.3146331658653846 0.996715326923077 0.22411325721153846 0.9092284783653847 0.21491801923076922 0.8997144519230769 0.3054379278846154 0.9872013004807693 0.3146331658653846
1 0.8648165528846155 0.3405006995192308 0.8708462980769232 0.2831315216346154 0.7862083389423078 0.2742357139423077 0.7801785961538462 0.33160489182692304 0.8648165528846155 0.3405006995192308
1 0.7795681274038462 0.3443888918269231 0.7846590504807692 0.2959519927884615 0.7538392307692308 0.2927126971153846 0.7487483076923076 0.3411495985576923 0.7795681274038462 0.3443888918269231
1 0.8670774278846154 0.23627718990384614 0.8723038509615384 0.18655109375 0.7955391923076923 0.17848280288461538 0.7903127692307692 0.22820889903846153 0.8670774278846154 0.23627718990384614
1 0.8401074158653846 0.03746151682692307 0.8352778125 0.08341211057692308 0.8783219639423077 0.08793623317307693 0.8831515649038462 0.04198563942307692 0.8401074158653846 0.03746151682692307
1 0.8322842572115385 0.13979696875 0.839649641826923 0.06972001201923077 0.8087780264423077 0.06647527403846154 0.8014126418269231 0.1365522307692308 0.8322842572115385 0.13979696875
1 0.7940259423076923 0.16547559374999998 0.7993878653846154 0.11446030528846154 0.7706917668269231 0.1114442235576923 0.7653298437499999 0.16245951201923076 0.7940259423076923 0.16547559374999998
3 0.9514162860576924 0.57388690625 0.9563620312500001 0.5268312860576922 0.9379737379807692 0.5248985985576924 0.9330279927884615 0.57195421875 0.9514162860576924 0.57388690625
3 0.9352035096153847 0.572182875 0.941523610576923 0.5120511370192308 0.8988420432692308 0.5075651225961538 0.8925219423076923 0.567696860576923 0.9352035096153847 0.572182875
3 0.8953466442307693 0.5547731802884616 0.8990632115384615 0.5194124014423077 0.8674146250000001 0.516086 0.8636980576923077 0.5514467788461539 0.8953466442307693 0.5547731802884616
3 0.8654332043269231 0.5424119903846154 0.8683270961538461 0.5148784663461539 0.8521143149038461 0.5131744350961539 0.8492204254807691 0.5407079567307692 0.8654332043269231 0.5424119903846154
3 0.8503997716346153 0.5434387860576924 0.8535646610576924 0.5133268725961538 0.8403561658653846 0.5119386033653845 0.8371912764423077 0.5420505168269231 0.8503997716346153 0.5434387860576924
3 0.83465496875 0.5377805288461539 0.8390490360576923 0.4959737740384615 0.79414015625 0.4912536610576923 0.7897460889423077 0.5330604158653846 0.83465496875 0.5377805288461539
3 0.7931050745192307 0.5295031490384615 0.7959989663461537 0.501969625 0.7805113581730769 0.5003418125 0.7776174663461538 0.5278753365384615 0.7931050745192307 0.5295031490384615
3 0.7802229663461537 0.5175354855769231 0.7829716778846154 0.4913832427884615 0.7689862139423076 0.4899133100961538 0.7662375024038461 0.5160655552884615 0.7802229663461537 0.5175354855769231
3 0.781423826923077 0.49913427884615386 0.7849952163461539 0.46515478125 0.7488920024038461 0.46136018028846154 0.7453206129807692 0.4953396778846154 0.781423826923077 0.49913427884615386
3 0.7635940096153846 0.519791125 0.7667588990384615 0.4896792115384615 0.7454181153846153 0.4874362043269231 0.7422532259615384 0.5175481177884615 0.7635940096153846 0.519791125
3 0.737473125 0.4852977163461538 0.740231516826923 0.45905338701923076 0.7166634206730769 0.45657628125 0.7139050288461538 0.4828206081730769 0.737473125 0.4852977163461538
3 0.7299227956730768 0.5003315889423077 0.731984329326923 0.48071740865384616 0.7143212067307693 0.47886093990384615 0.7122596730769231 0.49847512019230766 0.7299227956730768 0.5003315889423077
3 0.7029869495192307 0.4591422403846154 0.7014770937500001 0.4735075552884615 0.7000267499999999 0.4733551201923077 0.6981007163461539 0.49168010576923077 0.7076833485576923 0.49268728125 0.7111192379807693 0.4599969783653846 0.7029869495192307 0.4591422403846154
3 0.7777237379807692 0.5622413701923077 0.7808886274038461 0.5321294591346154 0.7477896971153846 0.5286506201923077 0.7446248076923077 0.5587625336538461 0.7777237379807692 0.5622413701923077
3 0.7778895192307692 0.5820896538461539 0.7802220504807693 0.5598970817307692 0.7478482932692307 0.5564944615384616 0.7455157596153845 0.5786870336538461 0.7778895192307692 0.5820896538461539
3 0.7731671009615385 0.6200446899038461 0.7771643461538461 0.5820134350961539 0.7455157596153845 0.5786870336538461 0.7415185144230769 0.6167182884615384 0.7731671009615385 0.6200446899038461
3 0.8308702620192308 0.6445438509615384 0.8348578293269231 0.6066046850961538 0.7929014350961539 0.6021948894230769 0.7889138677884616 0.6401340576923077 0.8308702620192308 0.6445438509615384
3 0.7433470408653846 0.6062967764423077 0.7474701081730769 0.5670684110576923 0.7246271850961539 0.5646675240384615 0.7205041177884616 0.6038958870192308 0.7433470408653846 0.6062967764423077
3 0.7218404783653847 0.5842054855769231 0.7252860480769231 0.5514230985576923 0.7142530697115385 0.5502634855769231 0.7108075024038462 0.5830458725961538 0.7218404783653847 0.5842054855769231
3 0.7165183798076923 0.5571118629807692 0.7195380889423078 0.528381233173077 0.7026001394230769 0.5266009831730769 0.6995804278846154 0.5553316129807693 0.7165183798076923 0.5571118629807692
3 0.6970267259615385 0.56567690625 0.6992237596153846 0.5447735312499999 0.6903663004807693 0.5438425745192308 0.688169266826923 0.5647459495192307 0.6970267259615385 0.56567690625
3 0 0.5134576394230769 0.13391866346153847 0.5275330576923077 0.14724604326923077 0.40073151682692304 0.011431646634615385 0.38645684855769236 0 0.4952216947115385 0 0.5134576394230769
3 0 0.6459426634615385 0.11517346153846154 0.6580478822115385 0.13074626682692309 0.5098825384615384 0 0.4961405504807692 0 0.6459426634615385
3 0.20653748076923076 0.6014546682692308 0.2191873605769231 0.48109910096153846 0.13599974759615385 0.4723557307692308 0.12334986778846153 0.5927112980769231 0.20653748076923076 0.6014546682692308
3 0 0.9410779639423077 0.04238063461538462 0.9455323485576923 0.057111406249999996 0.8053784302884615 0 0.79937578125 0 0.9410779639423077
3 0 0.8705992836538462 0.15449468990384616 0.886837329326923 0.17251617067307692 0.7153743870192308 0 0.6972422067307692 0 0.8705992836538462
3 0.14504430048076922 0.9563227355769232 0.15692957451923076 0.8432419110576923 0.058357949519230776 0.8328816177884615 0.046472677884615385 0.9459624399038462 0.14504430048076922 0.9563227355769232
3 0.2473934639423077 0.8490259471153846 0.2602756298076923 0.7264603317307692 0.16698740625000003 0.7166553437500001 0.1541052403846154 0.8392209591346155 0.2473934639423077 0.8490259471153846
3 0.2965523173076923 0.789393326923077 0.3167514759615385 0.5972111802884615 0.15985528846153846 0.5807207259615385 0.13965612980769232 0.772902875 0.2965523173076923 0.789393326923077
3 0.3291414879807692 0.43847002163461535 0.3342904831730769 0.38948060817307695 0.22194058653846155 0.3776721586538461 0.21679159134615383 0.42666156971153846 0.3291414879807692 0.43847002163461535
3 0.31419923798076926 0.539777920673077 0.32133233894230767 0.47191100961538457 0.23229155048076924 0.4625524471153846 0.22515844951923075 0.5304193557692307 0.31419923798076926 0.539777920673077
3 0.3211387668269231 0.47375271875 0.3258909423076923 0.42853880528846156 0.22203592067307693 0.41762320192307695 0.2172837451923077 0.4628371153846154 0.3211387668269231 0.47375271875
3 0.34447957211538466 0.5371881490384616 0.35972330769230765 0.3921537067307692 0.3215481706730769 0.3881413365384615 0.30630443509615385 0.53317578125 0.34447957211538466 0.5371881490384616
3 0.3483417860576923 0.6633757235576923 0.35527163701923076 0.5974426033653846 0.3171482980769231 0.5934356778846154 0.3102184471153846 0.6593687980769231 0.3483417860576923 0.6633757235576923
3 0.3460074471153846 0.7164781754807692 0.3521533341346154 0.6580039711538461 0.3171896730769231 0.654329141826923 0.31104378605769234 0.7128033461538461 0.3460074471153846 0.7164781754807692
1 0.35895686057692305 0.08902412740384615 0.3496460841346154 0.1776102451923077 0.38590469471153843 0.18142117788461537 0.39521547115384614 0.09283506009615385 0.35895686057692305 0.08902412740384615
1 0.30075608653846153 0 0.2904436730769231 0.09811605769230769 0.3504775721153846 0.104425875 0.3614531730769231 0 0.30075608653846153 0
1 0.4198736466346154 0.11981962740384616 0.41733786298076925 0.14394598798076924 0.46260932932692306 0.14870421153846153 0.46514511298076927 0.1245778485576923 0.4198736466346154 0.11981962740384616