1 0.7702397884615385 0.4169953581730769 0.7716468894230769 0.33638263701923077 0.39529796874999995 0.32981344230769233 0.3938908677884615 0.41042616346153843 0.7702397884615385 0.4169953581730769
1 0.8881722740384616 0.4290554014423077 0.8893284975961537 0.36281549038461536 0.7699716778846154 0.3607321105769231 0.7688154567307692 0.4269720192307692 0.8881722740384616 0.4290554014423077
1 0.41078573557692305 0.08713011538461538 0.40853510096153844 0.21606880769230769 0.7737919639423076 0.22244438942307693 0.7760425961538462 0.09350569711538462 0.41078573557692305 0.08713011538461538
1 0.5388487740384615 0.0022688629807692305 0.5373616826923077 0.08746422115384614 0.7590466634615385 0.09133374519230769 0.7605337548076924 0.0061383894230769235 0.5388487740384615 0.0022688629807692305
1 0.8740789879807692 0.17106181490384614 0.8757333293269232 0.07628458173076923 0.7535644399038461 0.07415211778846154 0.7519100961538462 0.16892934855769232 0.8740789879807692 0.17106181490384614
1 0.8721592211538461 0.2810450600961538 0.8740789879807692 0.17106181490384614 0.7576904663461538 0.1690302451923077 0.7557707019230769 0.2790134903846154 0.8721592211538461 0.2810450600961538
1 0.9370907932692307 0.31239137740384615 0.938247014423077 0.24615146875 0.8741942716346155 0.24503342307692308 0.8730380504807692 0.3112733341346154 0.9370907932692307 0.31239137740384615
1 0.9313914783653847 0.2270705841346154 0.9327476754807692 0.14937408653846154 0.8744753028846154 0.1483569375 0.8731191057692308 0.2260534375 0.9313914783653847 0.2270705841346154
1 0.9255502451923078 0.15883324759615383 0.9269391658653846 0.07926203605769232 0.8756969711538461 0.0783675985576923 0.8743080504807692 0.1579388125 0.9255502451923078 0.15883324759615383
2 0.9635668605769231 0.7741737812499999 0.9715549735576924 0.3165351610576923 0.7889265432692307 0.3133473701923077 0.7809384302884615 0.7709859903846153 0.9635668605769231 0.7741737812499999
4 0.7678578774038461 0.857854266826923 0.7766495288461539 0.35418099038461537 0.36608706730769225 0.3470145961538461 0.3572954182692308 0.8506878725961537 0.7678578774038461 0.857854266826923
4 0.913483579326923 0.778508701923077 0.9203336490384615 0.3860684807692308 0.7462976586538462 0.3830306706730769 0.7394475889423078 0.7754708918269231 0.913483579326923 0.778508701923077