1 0.7932672860576923 0.34977423798076923 0.8040960192307692 0.29882905048076924 0.7056699182692309 0.27790793509615386 0.6948411826923077 0.32885312499999997 0.7932672860576923 0.34977423798076923
1 0.9069639206730769 0.37926589182692305 0.9205214951923076 0.3154825192307692 0.8000870721153847 0.2898833918269231 0.7865294975961539 0.35366676682692305 0.9069639206730769 0.37926589182692305
1 1 0.3257735817307692 0.9218642572115385 0.3091653149038462 0.9047981730769231 0.3894549326923077 1 0.40969070432692306 1 0.3257735817307692
1 0.3958913653846154 0.32920566586538463 0.4007426394230769 0.30638222115384617 0.3261588846153846 0.29052895432692305 0.32130761057692303 0.31335239903846157 0.3958913653846154 0.32920566586538463
4 0.6794850817307693 0.6776576274038462 0.7447606899038461 0.3705600360576923 0.6460289158653846 0.34957394951923076 0.5807533076923077 0.6566715408653846 0.6794850817307693 0.6776576274038462
4 0.7957611802884615 0.6303830552884615 0.8429311442307692 0.4084658197115385 0.7243307475961539 0.38325652644230773 0.6771607836538462 0.6051737620192308 0.7957611802884615 0.6303830552884615
4 0.7221118894230769 0.8100380673076923 0.7794175480769231 0.5404361346153845 0.6646380408653846 0.5160389975961539 0.6073323822115385 0.7856409302884615 0.7221118894230769 0.8100380673076923
4 0.9029751274038461 1 0.97402871875 0.6657191394230769 0.7417186634615385 0.6163401129807693 0.6617592908653845 0.9925193774038461 0.6969528533653846 1 0.9029751274038461 1
4 1 0.44312975961538464 0.8228026322115384 0.40546529567307693 0.7455287860576922 0.76901015625 0.9440621826923077 0.811209733173077 1 0.5480429951923077 1 0.44312975961538464
3 1 0.14303019951923077 0.9497055024038462 0.13233977403846153 0.9092060384615385 0.32287477403846154 0.99861484375 0.3418792019230769 1 0.33536255288461536 1 0.14303019951923077
3 1 0.09574694711538462 0.8972701802884615 0.07391104807692307 0.8778217740384615 0.16540860576923075 1 0.19137838942307692 1 0.09574694711538462
3 0.8807911634615385 0.17924500240384617 0.9029250961538462 0.07511303846153847 0.8549347307692308 0.0649123701923077 0.8328007980769231 0.16904433653846154 0.8807911634615385 0.17924500240384617
3 0.8451549134615385 0.3145849783653846 0.8766448725961538 0.16643637259615385 0.8259034639423077 0.15565095432692308 0.7944135072115385 0.30379956009615383 0.8451549134615385 0.3145849783653846
3 0.8665119423076924 0.16300462740384616 0.8347620961538461 0.31237591586538466 0.9203500096153847 0.3305681899038462 0.9520998581730769 0.18119689903846153 0.8665119423076924 0.16300462740384616
3 0.7045549783653846 0.26361376442307694 0.7240033846153846 0.17211620913461537 0.6214507211538461 0.15031796875 0.6020023173076923 0.24181552403846154 0.7045549783653846 0.26361376442307694