1 0.7274998581730769 0.6478987259615384 0.7034806514423076 0.49624741346153844 0.5042453918269231 0.5278031778846154 0.5282646009615385 0.6794544903846155 0.7274998581730769 0.6478987259615384
1 0.6799289807692308 0.7111187956730769 0.6636337235576922 0.60823459375 0.5247400504807692 0.6302331899038461 0.5410353076923077 0.733117391826923 0.6799289807692308 0.7111187956730769
1 0.5415338028846154 0.6543614615384615 0.5213928653846154 0.5271965889423077 0.3698444350961539 0.5511995 0.38998537259615385 0.678364375 0.5415338028846154 0.6543614615384615
1 0.3940094519230769 0.5319742307692308 0.38778466346153845 0.49267246634615386 0.2993556923076923 0.5066782403846154 0.3055804807692308 0.5459800048076923 0.3940094519230769 0.5319742307692308
1 0.7673536923076922 0.22731951923076923 0.748060108173077 0.10550462259615385 0.4224316081730769 0.1570791105769231 0.4417251923076923 0.27889400721153845 0.7673536923076922 0.22731951923076923
1 0.4180701153846154 0.3113271153846154 0.41037875480769226 0.2627657716346154 0.2700961442307692 0.2849843533653846 0.2777875048076923 0.3335456971153846 0.4180701153846154 0.3113271153846154
1 0.2877937836538461 0.34778062740384613 0.28023278365384613 0.3000423557692308 0.2388733341346154 0.30659305048076924 0.24643433413461538 0.3543313197115384 0.2877937836538461 0.34778062740384613
1 1 0.5982001081730769 0.6954699663461539 0.6464329278846154 0.7336986394230769 0.887799264423077 1 0.8456212740384615 1 0.5982001081730769
1 0.9423280552884615 0.25233886298076924 0.9363965817307692 0.21488900961538462 0.868955985576923 0.22557055048076924 0.8748874591346154 0.2630204038461538 0.9423280552884615 0.25233886298076924
1 0.908647641826923 0.09462424278846153 0.9053885889423078 0.07404740384615384 0.829614375 0.08604886057692308 0.8328734254807693 0.10662569951923076 0.908647641826923 0.09462424278846153
1 0.8459986682692308 0.3582959375 0.8363844663461539 0.2975942596153846 0.5780422355769231 0.33851164903846154 0.5876564375 0.3992133269230769 0.8459986682692308 0.3582959375
1 0.8081235649038461 0.32991313701923075 0.8003996129807691 0.2811460264423077 0.6753953076923077 0.30094476201923076 0.6831192596153847 0.349711875 0.8081235649038461 0.32991313701923075
1 0.8433234927884615 0.1486331298076923 0.8233129182692308 0.022291329326923074 0.746149766826923 0.034512771634615386 0.766160341346154 0.16085457211538462 0.8433234927884615 0.1486331298076923
1 0.9596144711538461 0.32152817067307693 0.9544651706730769 0.28901676442307694 0.8833207451923077 0.30028493509615384 0.888470045673077 0.3327963413461538 0.9596144711538461 0.32152817067307693
2 0.9585801586538462 0.3839164110576923 0.9481511947115385 0.31807051923076923 0.8950629447115385 0.3264788725961539 0.9054919110576923 0.3923247644230769 0.9585801586538462 0.3839164110576923
4 0.44405447836538464 0.2576429903846154 0.46611825721153843 0.39694819951923077 0.6151974663461538 0.3733363725961538 0.5931336875000001 0.23403116346153846 0.44405447836538464 0.2576429903846154
1 0 0.22799337980769233 0.26625530528846153 0.18582268269230767 0.24484333653846152 0.05063284134615385 0 0.08941221634615384 0 0.22799337980769233
1 0 0.33894268509615383 0.2846325240384615 0.29386131971153845 0.2664796081730769 0.1792483173076923 0 0.22145454086538463 0 0.33894268509615383
1 0 0.44945697596153844 0.008866651442307692 0.5054388100961538 0.2999260576923077 0.4593395288461538 0.27623275480769227 0.30974589903846156 0 0.3534968701923077 0 0.44945697596153844
1 0.005581699519230769 0.5156618870192308 0.027482524038461537 0.6539382548076923 0.32332604807692306 0.6070812427884615 0.3014252211538462 0.468804875 0.005581699519230769 0.5156618870192308
1 0.02777966826923077 0.6638049110576923 0.050690798076923074 0.8084601009615385 0.3536333317307693 0.7604787163461538 0.3307222019230769 0.6158235264423078 0.02777966826923077 0.6638049110576923
1 0.36365296875 0.8706847860576924 0.3428276298076923 0.7391987764423077 0.04976198076923077 0.7856158149038461 0.07058731730769231 0.9171018245192308 0.36365296875 0.8706847860576924
1 0.21839642548076924 1 0.39335064903846156 0.9722899735576923 0.3734052548076923 0.8463597091346154 0.06614158413461538 0.8950254951923077 0.08276791346153846 1 0.21839642548076924 1