1 0.898571125 0.5331316923076923 0.8860287403846154 0.43098214903846155 0.4620254302884615 0.4830432091346154 0.47456781730769226 0.5851927524038462 0.898571125 0.5331316923076923
1 0.46851623076923077 0.528213875 0.4610517331730769 0.4674204230769231 0.4184032668269231 0.47265699519230775 0.42586776442307694 0.5334504471153847 0.46851623076923077 0.528213875
1 0.4239203701923077 0.502204875 0.4183600817307692 0.45691995673076924 0.38346588221153843 0.46120442548076923 0.38902617067307693 0.50648934375 0.4239203701923077 0.502204875
1 0.6523331586538461 0 0.5995037860576923 0.006486629807692308 0.6076030192307692 0.07244959375 0.6919694423076923 0.06209069951923077 0.6843456634615385 0 0.6523331586538461 0
1 0.18146424759615384 0.10840082211538461 0.17910302884615387 0.08917024038461538 0.11582821153846154 0.0969394110576923 0.11818943028846154 0.11616999278846155 0.18146424759615384 0.10840082211538461
1 0.24990216346153846 0.10293627163461538 0.24751555528846153 0.0834989110576923 0.18331022596153845 0.09138233413461538 0.18569683413461538 0.11081969471153846 0.24990216346153846 0.10293627163461538
1 0.1870238846153846 0.14214143509615385 0.1851196778846154 0.1266329014423077 0.1182778966346154 0.13484004086538462 0.12018210576923077 0.15034857451923075 0.1870238846153846 0.14214143509615385
1 0.25385741826923075 0.13771347115384616 0.25175009615384614 0.12055069471153845 0.1878549375 0.12839603365384616 0.1899622596153846 0.14555881009615385 0.25385741826923075 0.13771347115384616
1 0.26019168990384617 0.20725151201923075 0.25818592307692306 0.19091585576923079 0.19723738461538462 0.1983993966346154 0.19924315144230767 0.21473505288461536 0.26019168990384617 0.20725151201923075
1 0.3251106706730769 0.20389821634615385 0.3230287379807692 0.18694222115384618 0.2619251153846154 0.19444480288461538 0.2640070480769231 0.21140079807692308 0.3251106706730769 0.20389821634615385
1 0.32764751923076924 0.23738029086538462 0.32561636298076924 0.22083785336538464 0.26466782692307694 0.2283213918269231 0.26669898317307694 0.24486382932692308 0.32764751923076924 0.23738029086538462
1 0.3315629903846154 0.2667050288461538 0.3298111201923077 0.2524371778846154 0.2696380096153846 0.25982550721153846 0.2713898798076923 0.2740933581730769 0.3315629903846154 0.2667050288461538
1 0.26491962259615387 0.24319322596153845 0.2627107427884615 0.22520332692307693 0.20067660817307692 0.23282016105769232 0.20288548798076922 0.25081006009615386 0.26491962259615387 0.24319322596153845
1 0.2692948533653846 0.2749802884615385 0.26746681490384616 0.26009209615384615 0.20496742307692306 0.26776605528846154 0.2067954639423077 0.2826542475961538 0.2692948533653846 0.2749802884615385
1 0.20177725 0.2494768485576923 0.1996699278846154 0.2323140721153846 0.13468917067307692 0.24029270673076922 0.1367964951923077 0.2574554831730769 0.20177725 0.2494768485576923
1 0.20534891586538462 0.2824120673076923 0.20321620432692308 0.2650425096153846 0.13963121634615383 0.27284976442307696 0.14176393028846154 0.29021932211538465 0.20534891586538462 0.2824120673076923
1 0.27867585817307694 0.3693319831730769 0.27679703846153847 0.3540302283653846 0.21553833173076922 0.36155185096153847 0.21741714903846152 0.37685360576923077 0.27867585817307694 0.3693319831730769
1 0.2858680144230769 0.4009830673076923 0.28421769951923076 0.3875423389423077 0.22032254086538464 0.39538767788461543 0.2219728557692308 0.40882840625 0.2858680144230769 0.4009830673076923
1 0.21558151442307694 0.3772888894230769 0.21372808653846154 0.3621939182692308 0.1538651466346154 0.36954416346153846 0.15571857451923077 0.3846391346153846 0.21558151442307694 0.3772888894230769
1 0.22147946153846154 0.40993847596153843 0.21967681009615386 0.39525706490384616 0.16043421153846155 0.40253114182692307 0.16223686298076923 0.41721255288461534 0.22147946153846154 0.40993847596153843
1 0.5894066057692308 0.06271965384615384 0.5873246706730769 0.04576365625 0.41052738701923075 0.06747163461538462 0.4126093221153846 0.08442763221153847 0.5894066057692308 0.06271965384615384
1 0.5925644447115385 0.10766986298076923 0.5870803245192308 0.0630052860576923 0.4126093221153846 0.08442763221153847 0.4180934423076923 0.1290922091346154 0.5925644447115385 0.10766986298076923
1 0.5959666298076923 0.1353784423076923 0.5925644447115385 0.10766986298076923 0.4157671610576923 0.1293778389423077 0.4191693485576923 0.15708641826923075 0.5959666298076923 0.1353784423076923
1 0.6039801466346154 0.18141163221153847 0.5982929110576923 0.13509281009615384 0.4191693485576923 0.15708641826923075 0.4248565841346154 0.20340524038461538 0.6039801466346154 0.18141163221153847
1 0.6079409014423077 0.21366938221153847 0.6039801466346154 0.18141163221153847 0.42826846153846154 0.20298631490384617 0.43222921394230773 0.23524406490384614 0.6079409014423077 0.21366938221153847