1 0.6290625 0.0006481490384615384 0.6290625 0.14935185096153847 0.7235416658653846 0.14935185096153847 0.7235416658653846 0.0006481490384615384 0.6290625 0.0006481490384615384
1 0.7257291658653846 0.0032407403846153844 0.7257291658653846 0.04935185096153846 0.7819791658653846 0.04935185096153846 0.7819791658653846 0.0032407403846153844 0.7257291658653846 0.0032407403846153844
1 0.6442187500000001 0.19425925961538462 0.6442187500000001 0.09037037019230769 0.5829166658653846 0.09037037019230769 0.5829166658653846 0.19425925961538462 0.6442187500000001 0.19425925961538462
1 0.5872395841346154 0.2570370360576923 0.5872395841346154 0.17759259375 0.5432812499999999 0.17759259375 0.5432812499999999 0.2570370360576923 0.5872395841346154 0.2570370360576923
1 0.5425520841346153 0.29037037019230766 0.5425520841346153 0.22240740625 0.5165624999999999 0.22240740625 0.5165624999999999 0.29037037019230766 0.5425520841346153 0.29037037019230766
1 0.5180208341346154 0.3044444447115385 0.5180208341346154 0.2403703701923077 0.4920833341346154 0.2403703701923077 0.4920833341346154 0.3044444447115385 0.5180208341346154 0.3044444447115385
1 0.54109375 0.21342592548076922 0.54109375 0.14555555528846154 0.51296875 0.14555555528846154 0.51296875 0.21342592548076922 0.54109375 0.21342592548076922
1 0.5367708341346155 0.09296296394230769 0.5367708341346155 0.18138888942307693 0.5865625 0.18138888942307693 0.5865625 0.09296296394230769 0.5367708341346155 0.09296296394230769
1 0.0002604158653846154 0.1596296298076923 0.0002604158653846154 0.2365740745192308 0.05 0.2365740745192308 0.05 0.1596296298076923 0.0002604158653846154 0.1596296298076923
1 0.0384375 0.22370370432692305 0.0384375 0.28907407451923073 0.09468750000000001 0.28907407451923073 0.09468750000000001 0.22370370432692305 0.0384375 0.22370370432692305
1 0.08244791586538461 0.27240740625000004 0.08244791586538461 0.3096296298076923 0.12718749999999998 0.3096296298076923 0.12718749999999998 0.27240740625000004 0.08244791586538461 0.27240740625000004
1 0.12718749999999998 0.28907407451923073 0.12718749999999998 0.3211111105769231 0.14953125 0.3211111105769231 0.14953125 0.28907407451923073 0.12718749999999998 0.28907407451923073
1 0.028385415865384615 0.05833333413461539 0.028385415865384615 0.12111111057692307 0.14375 0.12111111057692307 0.14375 0.05833333413461539 0.028385415865384615 0.05833333413461539
1 0.003854165865384615 0.0032407403846153844 0.003854165865384615 0.07240740625 0.11921875 0.07240740625 0.11921875 0.0032407403846153844 0.003854165865384615 0.0032407403846153844
1 0.063125 0.1333333341346154 0.063125 0.1803703701923077 0.18031250000000001 0.1803703701923077 0.18031250000000001 0.1333333341346154 0.063125 0.1333333341346154
1 0.10458333413461539 0.1707407403846154 0.10458333413461539 0.21027777884615384 0.1977083341346154 0.21027777884615384 0.1977083341346154 0.1707407403846154 0.10458333413461539 0.1707407403846154
1 0.16765625 0.19638888942307692 0.16765625 0.22731481490384614 0.2133333341346154 0.22731481490384614 0.2133333341346154 0.19638888942307692 0.16765625 0.19638888942307692
1 0.21031249999999999 0.22305555528846155 0.21031249999999999 0.2433333341346154 0.21994791586538462 0.2433333341346154 0.21994791586538462 0.22305555528846155 0.21031249999999999 0.22305555528846155
1 0.17270833413461537 0.02398148076923077 0.17270833413461537 0.05787037019230769 0.18984374999999998 0.05787037019230769 0.18984374999999998 0.02398148076923077 0.17270833413461537 0.02398148076923077
1 0.11588541586538462 0.32092592548076926 0.11588541586538462 0.3478703701923077 0.1800520841346154 0.3478703701923077 0.1800520841346154 0.32092592548076926 0.11588541586538462 0.32092592548076926
1 0.16708333413461537 0.33379629567307695 0.16708333413461537 0.35425925961538457 0.19447916586538463 0.35425925961538457 0.19447916586538463 0.33379629567307695 0.16708333413461537 0.33379629567307695
1 0.1396875 0.2516666658653846 0.1396875 0.2837962956730769 0.19520833413461539 0.2837962956730769 0.19520833413461539 0.2516666658653846 0.1396875 0.2516666658653846
1 0.31739583413461536 0.5285185192307693 0.31739583413461536 0.5146296298076923 0.2533333341346154 0.5146296298076923 0.2533333341346154 0.5285185192307693 0.31739583413461536 0.5285185192307693
1 0.31515624999999997 0.5640740745192308 0.31515624999999997 0.5390740745192308 0.260625 0.5390740745192308 0.260625 0.5640740745192308 0.31515624999999997 0.5640740745192308
1 0.49343750000000003 0.32990740625 0.49343750000000003 0.2765740745192308 0.474375 0.2765740745192308 0.474375 0.32990740625 0.49343750000000003 0.32990740625
1 0.4783854158653846 0.3406481490384615 0.4783854158653846 0.30231481490384615 0.4658854158653846 0.30231481490384615 0.4658854158653846 0.3406481490384615 0.4783854158653846 0.3406481490384615
1 0.4673958341346154 0.35759259375 0.4673958341346154 0.31481481490384616 0.4553645841346154 0.31481481490384616 0.4553645841346154 0.35759259375 0.4673958341346154 0.35759259375
1 0.4573958341346154 0.36555555528846156 0.4573958341346154 0.33083333413461535 0.44484375000000004 0.33083333413461535 0.44484375000000004 0.36555555528846156 0.4573958341346154 0.36555555528846156
1 0.45432291586538465 0.11731481490384615 0.45432291586538465 0.1635185192307692 0.4903645841346154 0.1635185192307692 0.4903645841346154 0.11731481490384615 0.45432291586538465 0.11731481490384615
1 0.44671875 0.007222221153846154 0.44671875 0.04046296394230769 0.47578125000000004 0.04046296394230769 0.47578125000000004 0.007222221153846154 0.44671875 0.007222221153846154
2 0.35864583413461537 0.51990740625 0.35864583413461537 0.39935185096153847 0.3226041658653846 0.39935185096153847 0.3226041658653846 0.51990740625 0.35864583413461537 0.51990740625
2 0.30890625 0.49425925961538464 0.30890625 0.40444444471153845 0.28005208413461535 0.40444444471153845 0.28005208413461535 0.49425925961538464 0.30890625 0.49425925961538464
3 0.8782291658653846 0.4631481490384616 0.8782291658653846 0.39342592548076927 0.7916145841346154 0.39342592548076927 0.7916145841346154 0.4631481490384616 0.8782291658653846 0.4631481490384616
3 0.8693229158653846 0.5158333341346154 0.8693229158653846 0.4605555552884616 0.79015625 0.4605555552884616 0.79015625 0.5158333341346154 0.8693229158653846 0.5158333341346154
3 0.8663541658653846 0.5815740745192307 0.8663541658653846 0.5171296298076923 0.79234375 0.5171296298076923 0.79234375 0.5815740745192307 0.8663541658653846 0.5815740745192307
3 0.9961458341346153 0.5917592596153847 0.9961458341346153 0.45305555528846153 0.8913020841346154 0.45305555528846153 0.8913020841346154 0.5917592596153847 0.9961458341346153 0.5917592596153847
3 0.9450000000000001 0.8395370360576924 0.9450000000000001 0.735 0.7761979158653846 0.735 0.7761979158653846 0.8395370360576924 0.9450000000000001 0.8395370360576924
3 0.9334895841346154 0.9009259254807692 0.9334895841346154 0.8077777788461538 0.7748958341346154 0.8077777788461538 0.7748958341346154 0.9009259254807692 0.9334895841346154 0.9009259254807692
3 0.9986979158653846 0.9964814807692307 0.9986979158653846 0.8123148149038462 0.8605729158653846 0.8123148149038462 0.8605729158653846 0.9964814807692307 0.9986979158653846 0.9964814807692307
3 0.9040625 0.8577777788461538 0.9040625 0.6440740745192308 0.7147916658653847 0.6440740745192308 0.7147916658653847 0.8577777788461538 0.9040625 0.8577777788461538
3 0.7147916658653847 0.7509259254807692 0.7147916658653847 0.6508333341346154 0.6278125 0.6508333341346154 0.6278125 0.7509259254807692 0.7147916658653847 0.7509259254807692
3 0.7109375 0.65990740625 0.7109375 0.5803703701923077 0.5881770841346154 0.5803703701923077 0.5881770841346154 0.65990740625 0.7109375 0.65990740625
3 0.6572395841346155 0.7167592596153847 0.6572395841346155 0.6462962956730769 0.5971354158653847 0.6462962956730769 0.5971354158653847 0.7167592596153847 0.6572395841346155 0.7167592596153847
3 0.6022395841346154 0.7668518509615385 0.6022395841346154 0.6212962956730769 0.5050520841346153 0.6212962956730769 0.5050520841346153 0.7668518509615385 0.6022395841346154 0.7668518509615385
3 0.6393229158653846 0.4621296298076923 0.6393229158653846 0.4212037043269231 0.5971354158653847 0.4212037043269231 0.5971354158653847 0.4621296298076923 0.6393229158653846 0.4621296298076923
3 0.6393229158653846 0.4894444447115385 0.6393229158653846 0.4621296298076923 0.5945833341346154 0.4621296298076923 0.5945833341346154 0.4894444447115385 0.6393229158653846 0.4894444447115385
3 0.6367708341346153 0.5235185192307692 0.6367708341346153 0.4894444447115385 0.5971354158653847 0.4894444447115385 0.5971354158653847 0.5235185192307692 0.6367708341346153 0.5235185192307692
3 0.66875 0.5417592596153846 0.66875 0.46898148076923074 0.6303645841346154 0.46898148076923074 0.6303645841346154 0.5417592596153846 0.66875 0.5417592596153846
3 0.7198958341346154 0.49851851923076923 0.7198958341346154 0.4439814807692307 0.6648958341346154 0.4439814807692307 0.6648958341346154 0.49851851923076923 0.7198958341346154 0.49851851923076923
3 0.6994270841346153 0.5303703701923077 0.6994270841346153 0.4916666658653846 0.6738541658653846 0.4916666658653846 0.6738541658653846 0.5303703701923077 0.6994270841346153 0.5303703701923077
3 0.8017708341346155 0.5622222211538461 0.8017708341346155 0.4894444447115385 0.6981770841346153 0.4894444447115385 0.6981770841346153 0.5622222211538461 0.8017708341346155 0.5622222211538461
3 0.8017708341346155 0.49851851923076923 0.8017708341346155 0.38259259375000004 0.6904687500000001 0.38259259375000004 0.6904687500000001 0.49851851923076923 0.8017708341346155 0.49851851923076923
3 0.67 0.5187037043269231 0.67 0.4222222211538461 0.6298958341346155 0.4222222211538461 0.6298958341346155 0.5187037043269231 0.67 0.5187037043269231
3 0.5959895841346154 0.4704629639423077 0.5959895841346154 0.43759259375000004 0.5676041658653846 0.43759259375000004 0.5676041658653846 0.4704629639423077 0.5959895841346154 0.4704629639423077
3 0.58734375 0.50009259375 0.58734375 0.4726851850961538 0.5676041658653846 0.4726851850961538 0.5676041658653846 0.50009259375 0.58734375 0.50009259375
3 0.5922916658653846 0.5231481490384615 0.5922916658653846 0.50009259375 0.5676041658653846 0.50009259375 0.5676041658653846 0.5231481490384615 0.5922916658653846 0.5231481490384615
3 0.575 0.5209259254807692 0.575 0.47592592548076923 0.5565104158653846 0.47592592548076923 0.5565104158653846 0.5209259254807692 0.575 0.5209259254807692
3 0.56453125 0.5198148149038462 0.56453125 0.4737962956730769 0.5361458341346154 0.4737962956730769 0.5361458341346154 0.5198148149038462 0.56453125 0.5198148149038462
3 0.5355208341346154 0.5055555552884615 0.5355208341346154 0.4682407403846154 0.4985416658653846 0.4682407403846154 0.4985416658653846 0.5055555552884615 0.5355208341346154 0.5055555552884615
3 0.56328125 0.6283333341346153 0.56328125 0.5340740745192307 0.5090104158653846 0.5340740745192307 0.5090104158653846 0.6283333341346153 0.56328125 0.6283333341346153
3 0.5971875 0.6283333341346153 0.5971875 0.5581481490384615 0.5336979158653846 0.5581481490384615 0.5336979158653846 0.6283333341346153 0.5971875 0.6283333341346153
3 0.49911458413461535 0.5932407403846154 0.49911458413461535 0.5483333341346154 0.4726041658653846 0.5483333341346154 0.4726041658653846 0.5932407403846154 0.49911458413461535 0.5932407403846154
3 0.51578125 0.5746296298076923 0.51578125 0.5505555552884616 0.5046875 0.5505555552884616 0.5046875 0.5746296298076923 0.51578125 0.5746296298076923
3 0.51578125 0.5877777788461539 0.51578125 0.5746296298076923 0.5022395841346154 0.5746296298076923 0.5022395841346154 0.5877777788461539 0.51578125 0.5877777788461539
3 0.51640625 0.6086111105769231 0.51640625 0.59 0.5022395841346154 0.59 0.5022395841346154 0.6086111105769231 0.51640625 0.6086111105769231
3 0.5663541658653846 0.4770370360576923 0.5663541658653846 0.4441666658653846 0.5515625 0.4441666658653846 0.5515625 0.4770370360576923 0.5663541658653846 0.4770370360576923
3 0.5377604158653846 0.13694444471153847 0.5377604158653846 0.10407407451923077 0.50078125 0.10407407451923077 0.50078125 0.13694444471153847 0.5377604158653846 0.13694444471153847
3 0.5300520841346154 0.16259259375000001 0.5300520841346154 0.13240740625 0.50078125 0.13240740625 0.50078125 0.16259259375000001 0.5300520841346154 0.16259259375000001
3 0.5208333341346154 0.17629629567307692 0.5208333341346154 0.15342592548076922 0.5018229158653846 0.15342592548076922 0.5018229158653846 0.17629629567307692 0.5208333341346154 0.17629629567307692
3 0.5208333341346154 0.20824074038461537 0.5208333341346154 0.17444444471153847 0.49921875000000004 0.17444444471153847 0.49921875000000004 0.20824074038461537 0.5208333341346154 0.20824074038461537
3 0.52390625 0.21648148076923077 0.52390625 0.19092592548076923 0.5028125 0.19092592548076923 0.5028125 0.21648148076923077 0.52390625 0.21648148076923077
3 0.52390625 0.23935185096153846 0.52390625 0.21370370432692307 0.5013020841346154 0.21370370432692307 0.5013020841346154 0.23935185096153846 0.52390625 0.23935185096153846
3 0.5213541658653846 0.2612037043269231 0.5213541658653846 0.2320370360576923 0.50078125 0.2320370360576923 0.50078125 0.2612037043269231 0.5213541658653846 0.2612037043269231
3 0.050677084134615386 0.5392592596153846 0.050677084134615386 0.4871296298076923 0.02046875 0.4871296298076923 0.02046875 0.5392592596153846 0.050677084134615386 0.5392592596153846
3 0.0240625 0.5471296298076923 0.0240625 0.4176851850961538 0.0009375000000000001 0.4176851850961538 0.0009375000000000001 0.5471296298076923 0.0240625 0.5471296298076923
3 0.07557291586538462 0.23138888942307692 0.07557291586538462 0.18555555528846154 0.03734375 0.18555555528846154 0.03734375 0.23138888942307692 0.07557291586538462 0.23138888942307692
3 0.038229165865384614 0.1492592596153846 0.038229165865384614 0.19666666586538462 0.07734374999999999 0.19666666586538462 0.07734374999999999 0.1492592596153846 0.038229165865384614 0.1492592596153846
3 0.07645833413461539 0.15398148076923077 0.07645833413461539 0.10824074038461538 0.032916665865384616 0.10824074038461538 0.032916665865384616 0.15398148076923077 0.07645833413461539 0.15398148076923077
3 0.09776041586538461 0.1745370360576923 0.09776041586538461 0.12240740625 0.07109375 0.12240740625 0.07109375 0.1745370360576923 0.09776041586538461 0.1745370360576923
3 0.09510416586538462 0.21240740624999999 0.09510416586538462 0.1713888894230769 0.06578125 0.1713888894230769 0.06578125 0.21240740624999999 0.09510416586538462 0.21240740624999999
3 0.09687499999999999 0.24870370432692307 0.09687499999999999 0.20611111057692308 0.06401041586538461 0.20611111057692308 0.06401041586538461 0.24870370432692307 0.09687499999999999 0.24870370432692307
3 0.07645833413461539 0.6798148149038461 0.07645833413461539 0.6402777788461538 0.052447915865384616 0.6402777788461538 0.052447915865384616 0.6798148149038461 0.07645833413461539 0.6798148149038461
3 0.0515625 0.698703704326923 0.0515625 0.6339814807692308 0.0018229158653846156 0.6339814807692308 0.0018229158653846156 0.698703704326923 0.0515625 0.698703704326923
3 0.030260415865384617 0.7098148149038461 0.030260415865384617 0.6608333341346154 0.0018229158653846156 0.6608333341346154 0.0018229158653846156 0.7098148149038461 0.030260415865384617 0.7098148149038461
3 0.09067708413461538 0.6782407403846153 0.09067708413461538 0.6213888894230769 0.056041665865384616 0.6213888894230769 0.056041665865384616 0.6782407403846153 0.09067708413461538 0.6782407403846153
3 0.11286458413461539 0.6639814807692308 0.11286458413461539 0.6055555552884615 0.07020833413461539 0.6055555552884615 0.07020833413461539 0.6639814807692308 0.11286458413461539 0.6639814807692308
3 0.1270833341346154 0.6292592596153846 0.1270833341346154 0.5913888894230769 0.1021875 0.5913888894230769 0.1021875 0.6292592596153846 0.1270833341346154 0.6292592596153846
3 0.1359375 0.5898148149038461 0.1359375 0.5519444447115385 0.08885416586538461 0.5519444447115385 0.08885416586538461 0.5898148149038461 0.1359375 0.5898148149038461
3 0.13682291586538461 0.61509259375 0.13682291586538461 0.5898148149038461 0.1190625 0.5898148149038461 0.1190625 0.61509259375 0.13682291586538461 0.61509259375
3 0.14927083413461537 0.6213888894230769 0.14927083413461537 0.5835185192307693 0.13682291586538461 0.5835185192307693 0.13682291586538461 0.6213888894230769 0.14927083413461537 0.6213888894230769
3 0.002708334134615385 0.13268518509615385 0.002708334134615385 0.16555555528846153 0.018281250000000002 0.16555555528846153 0.018281250000000002 0.13268518509615385 0.002708334134615385 0.13268518509615385
3 0.00125 0.10370370432692308 0.00125 0.1392592596153846 0.0153125 0.1392592596153846 0.0153125 0.10370370432692308 0.00125 0.10370370432692308
3 0.002708334134615385 0.07611111057692307 0.002708334134615385 0.11027777884615385 0.013854165865384616 0.11027777884615385 0.013854165865384616 0.07611111057692307 0.002708334134615385 0.07611111057692307
3 0.0005208341346153846 0.019537036057692306 0.0005208341346153846 0.08138888942307693 0.013072915865384616 0.08138888942307693 0.013072915865384616 0.019537036057692306 0.0005208341346153846 0.019537036057692306
3 0.03901041586538461 0.08138888942307693 0.03901041586538461 0.031388889423076924 0.0153125 0.031388889423076924 0.0153125 0.08138888942307693 0.03901041586538461 0.08138888942307693
3 0.03901041586538461 0.11166666586538462 0.03901041586538461 0.06555555528846155 0.0153125 0.06555555528846155 0.0153125 0.11166666586538462 0.03901041586538461 0.11166666586538462
3 0.0375 0.13268518509615385 0.0375 0.08666666586538462 0.014583334134615385 0.08666666586538462 0.014583334134615385 0.13268518509615385 0.0375 0.13268518509615385
3 0.040468750000000005 0.16027777884615385 0.040468750000000005 0.11824074038461538 0.011614584134615386 0.11824074038461538 0.011614584134615386 0.16027777884615385 0.040468750000000005 0.16027777884615385
3 0.03901041586538461 0.1971296298076923 0.03901041586538461 0.14981481490384616 0.019010415865384614 0.14981481490384616 0.019010415865384614 0.1971296298076923 0.03901041586538461 0.1971296298076923
3 0.1196875 0.21296296394230768 0.1196875 0.16425925961538462 0.09526041586538461 0.16425925961538462 0.09526041586538461 0.21296296394230768 0.1196875 0.21296296394230768
3 0.12338541586538462 0.24324074038461538 0.12338541586538462 0.20240740625 0.09895833413461538 0.20240740625 0.09895833413461538 0.24324074038461538 0.12338541586538462 0.24324074038461538
3 0.12484375 0.26694444471153844 0.12484375 0.23666666586538462 0.105625 0.23666666586538462 0.105625 0.26694444471153844 0.12484375 0.26694444471153844
3 0.10411458413461538 0.2563888894230769 0.10411458413461538 0.2182407403846154 0.0922916658653846 0.2182407403846154 0.0922916658653846 0.2563888894230769 0.10411458413461538 0.2563888894230769
3 0.11744791586538463 0.53009259375 0.11744791586538463 0.48398148076923075 0.07453125 0.48398148076923075 0.07453125 0.53009259375 0.11744791586538463 0.53009259375
3 0.0796875 0.5313888894230769 0.0796875 0.48138888942307695 0.05010416586538462 0.48138888942307695 0.05010416586538462 0.5313888894230769 0.0796875 0.5313888894230769
3 0.48515624999999996 0.26407407451923076 0.48515624999999996 0.24481481490384616 0.4594270841346154 0.24481481490384616 0.4594270841346154 0.26407407451923076 0.48515624999999996 0.26407407451923076
3 0.49234374999999997 0.3033333341346154 0.49234374999999997 0.27407407451923077 0.4686979158653846 0.27407407451923077 0.4686979158653846 0.3033333341346154 0.49234374999999997 0.3033333341346154
3 0.5026041658653846 0.20555555528846153 0.5026041658653846 0.1891666658653846 0.4903125 0.1891666658653846 0.4903125 0.20555555528846153 0.5026041658653846 0.20555555528846153
3 0.5026041658653846 0.22564814903846153 0.5026041658653846 0.20370370432692309 0.48927083413461536 0.20370370432692309 0.48927083413461536 0.22564814903846153 0.5026041658653846 0.22564814903846153
3 0.5021354158653846 0.24027777884615384 0.5021354158653846 0.22564814903846153 0.48927083413461536 0.22564814903846153 0.48927083413461536 0.24027777884615384 0.5021354158653846 0.24027777884615384
3 0.5036458341346154 0.2586111105769231 0.5036458341346154 0.23666666586538462 0.4903125 0.23666666586538462 0.4903125 0.2586111105769231 0.5036458341346154 0.2586111105769231
3 0.50625 0.2731481490384616 0.50625 0.2586111105769231 0.4903125 0.2586111105769231 0.4903125 0.2731481490384616 0.50625 0.2731481490384616
3 0.5328125 0.47648148076923075 0.5328125 0.4511111105769231 0.49390625 0.4511111105769231 0.49390625 0.47648148076923075 0.5328125 0.47648148076923075
3 0.5075000000000001 0.5 0.5075000000000001 0.4840740745192308 0.49390625 0.4840740745192308 0.49390625 0.5 0.5075000000000001 0.5
3 0.49677083413461537 0.4708333341346154 0.49677083413461537 0.4466666658653846 0.48890625 0.4466666658653846 0.48890625 0.4708333341346154 0.49677083413461537 0.4708333341346154
3 0.4896354158653846 0.47138888942307694 0.4896354158653846 0.4415740745192308 0.4835416658653846 0.4415740745192308 0.4835416658653846 0.47138888942307694 0.4896354158653846 0.47138888942307694
3 0.48567708413461536 0.4708333341346154 0.48567708413461536 0.4460185192307692 0.4803645841346154 0.4460185192307692 0.4803645841346154 0.4708333341346154 0.48567708413461536 0.4708333341346154
3 0.48927083413461536 0.49240740624999996 0.48927083413461536 0.47333333413461537 0.4846354158653846 0.47333333413461537 0.4846354158653846 0.49240740624999996 0.48927083413461536 0.49240740624999996
3 0.49536458413461537 0.49685185096153844 0.49536458413461537 0.4746296298076923 0.4881770841346154 0.4746296298076923 0.4881770841346154 0.49685185096153844 0.49536458413461537 0.49685185096153844
3 0.46859375000000003 0.5367592596153846 0.46859375000000003 0.5151851850961539 0.445 0.5151851850961539 0.445 0.5367592596153846 0.46859375000000003 0.5367592596153846
3 0.47536458413461535 0.573611110576923 0.47536458413461535 0.55009259375 0.4667708341346154 0.55009259375 0.4667708341346154 0.573611110576923 0.47536458413461535 0.573611110576923
3 0.4860416658653846 0.49685185096153844 0.4860416658653846 0.47333333413461537 0.4807291658653846 0.47333333413461537 0.4807291658653846 0.49685185096153844 0.4860416658653846 0.49685185096153844
3 0.47890625 0.4911111105769231 0.47890625 0.4739814807692308 0.4728645841346154 0.4739814807692308 0.4728645841346154 0.4911111105769231 0.47890625 0.4911111105769231
3 0.4807291658653846 0.46888888942307694 0.4807291658653846 0.44351851923076924 0.47322916586538466 0.44351851923076924 0.47322916586538466 0.46888888942307694 0.4807291658653846 0.46888888942307694
3 0.13192708413461537 0.48907407451923074 0.13192708413461537 0.4548148149038462 0.06682291586538461 0.4548148149038462 0.06682291586538461 0.48907407451923074 0.13192708413461537 0.48907407451923074
3 0.13192708413461537 0.52259259375 0.13192708413461537 0.48907407451923074 0.11135416586538462 0.48907407451923074 0.11135416586538462 0.52259259375 0.13192708413461537 0.52259259375
3 0.145625 0.5210185192307693 0.145625 0.4387962956730769 0.07411458413461539 0.4387962956730769 0.07411458413461539 0.5210185192307693 0.145625 0.5210185192307693
3 0.16791666586538462 0.4845370360576923 0.16791666586538462 0.4548148149038462 0.15078125 0.4548148149038462 0.15078125 0.4845370360576923 0.16791666586538462 0.4845370360576923
3 0.16791666586538462 0.5157407403846154 0.16791666586538462 0.4845370360576923 0.1525 0.4845370360576923 0.1525 0.5157407403846154 0.16791666586538462 0.5157407403846154
3 0.17645833413461537 0.5058333341346154 0.17645833413461537 0.4814814807692308 0.16661458413461538 0.4814814807692308 0.16661458413461538 0.5058333341346154 0.17645833413461537 0.5058333341346154
3 0.18890625 0.4807407403846154 0.18890625 0.45712962980769234 0.16791666586538462 0.45712962980769234 0.16791666586538462 0.4807407403846154 0.18890625 0.4807407403846154
3 0.18890625 0.5119444447115384 0.18890625 0.4807407403846154 0.1721875 0.4807407403846154 0.1721875 0.5119444447115384 0.18890625 0.5119444447115384
3 0.1721354158653846 0.6001851850961539 0.1721354158653846 0.57259259375 0.1558333341346154 0.57259259375 0.1558333341346154 0.6001851850961539 0.1721354158653846 0.6001851850961539
3 0.15880208413461538 0.6041666658653846 0.15880208413461538 0.5764814807692308 0.14625000000000002 0.5764814807692308 0.14625000000000002 0.6041666658653846 0.15880208413461538 0.6041666658653846
3 0.1825 0.5883333341346154 0.1825 0.5663888894230769 0.1528645841346154 0.5663888894230769 0.1528645841346154 0.5883333341346154 0.1825 0.5883333341346154
3 0.1911458341346154 0.5423148149038461 0.1911458341346154 0.5160185192307692 0.16708333413461537 0.5160185192307692 0.16708333413461537 0.5423148149038461 0.1911458341346154 0.5423148149038461
3 0.1917708341346154 0.5642592596153846 0.1917708341346154 0.5423148149038461 0.16708333413461537 0.5423148149038461 0.16708333413461537 0.5642592596153846 0.1917708341346154 0.5642592596153846
3 0.1911458341346154 0.5839814807692307 0.1911458341346154 0.5620370360576923 0.180625 0.5620370360576923 0.180625 0.5839814807692307 0.1911458341346154 0.5839814807692307
3 0.20098958413461537 0.57740740625 0.20098958413461537 0.5181481490384615 0.18682291586538463 0.5181481490384615 0.18682291586538463 0.57740740625 0.20098958413461537 0.57740740625
3 0.19916666586538462 0.5061111105769232 0.2120833341346154 0.5061111105769232 0.2120833341346154 0.4710185192307692 0.19916666586538462 0.4710185192307692 0.19916666586538462 0.4760317451923077 0.19822916586538464 0.4759722211538462 0.19916666586538462 0.4810449735576923 0.18682291586538463 0.4809259254807693 0.18682291586538463 0.5017592596153846 0.19729166586538463 0.5017592596153846 0.19916666586538462 0.5010978822115384 0.19916666586538462 0.5061111105769232
3 0.2472395841346154 0.4721296298076923 0.2472395841346154 0.4578703701923077 0.2231770841346154 0.4578703701923077 0.2231770841346154 0.4721296298076923 0.2472395841346154 0.4721296298076923
3 0.2472395841346154 0.4896296298076923 0.2472395841346154 0.4721296298076923 0.23984375000000002 0.4721296298076923 0.23984375000000002 0.4896296298076923 0.2472395841346154 0.4896296298076923
3 0.47187500000000004 0.49009259375 0.47187500000000004 0.46851851923076926 0.4659375 0.46851851923076926 0.4659375 0.49009259375 0.47187500000000004 0.49009259375
3 0.4649479158653846 0.4865740745192308 0.4649479158653846 0.47027777884615385 0.4584895841346154 0.47027777884615385 0.4584895841346154 0.4865740745192308 0.4649479158653846 0.4865740745192308
3 0.46218750000000003 0.4812962956730769 0.46218750000000003 0.44518518509615385 0.44411458413461535 0.44518518509615385 0.44411458413461535 0.4812962956730769 0.46218750000000003 0.4812962956730769
3 0.4624479158653846 0.5594444447115385 0.4624479158653846 0.5329629639423077 0.4461458341346154 0.5329629639423077 0.4461458341346154 0.5594444447115385 0.4624479158653846 0.5594444447115385