4 0.5336661730769231 0.44088059134615387 0.5691246514423077 0.6647566153846154 0.7166605985576923 0.6413892163461538 0.6812021201923077 0.4175131947115384 0.5336661730769231 0.44088059134615387
4 0.7514346754807693 0.8609441057692307 0.7161717403846153 0.6383026899038462 0.5686357932692307 0.6616700889423076 0.6038987307692307 0.8843115048076923 0.7514346754807693 0.8609441057692307
1 0.5393508581730769 1 0.54102459375 0.99973490625 0.5214376947115384 0.8760680937499999 0.2814602932692308 0.91407678125 0.2950691947115385 1 0.5393508581730769 1
1 1 0.6204604783653846 0.9858057139423076 0.5308412836538461 0.8061698966346154 0.5592928028846154 0.8677333774038462 0.9479893173076923 1 0.92704034375 1 0.6204604783653846
1 0.9373184927884615 0.5463253221153846 0.9239889735576923 0.4621660480769231 0.6966663293269231 0.4981704158653846 0.7099958485576923 0.5823296923076924 0.9373184927884615 0.5463253221153846
1 0.9806839471153845 0.9130143557692307 0.9605104182692308 0.7856437139423077 0.7532501947115384 0.8184705072115384 0.773423721153846 0.9458411514423077 0.9806839471153845 0.9130143557692307
1 0.6003971754807692 0.8492188846153846 0.5563999831730769 0.5714315408653846 0.5181270576923077 0.577493375 0.5621242524038462 0.8552807211538462 0.6003971754807692 0.8492188846153846
1 0.34153923798076924 0.8988660937499999 0.3316643125 0.8365182668269231 0.134589625 0.8677318317307693 0.14446455048076923 0.9300796586538461 0.34153923798076924 0.8988660937499999
1 0.3875300913461538 1 0.5308275697115384 0.9773039086538462 0.5092852403846154 0.8412909927884615 0.2750179134615385 0.8783952932692307 0.29427820673076927 1 0.3875300913461538 1
1 0.33432522596153846 0.8633068197115384 0.32451548317307694 0.80137053125 0.12435426682692308 0.8330729543269231 0.13416401201923078 0.8950092427884615 0.33432522596153846 0.8633068197115384
1 0.32912511538461536 0.8434592740384615 0.3175554831730769 0.7704114903846153 0.11600532932692308 0.8023338990384615 0.12757496153846154 0.8753816826923076 0.32912511538461536 0.8434592740384615
1 0.32199162019230765 0.806410735576923 0.31136711298076925 0.7393302379807692 0.11027993990384616 0.7711793173076923 0.12090444711538462 0.8382598149038463 0.32199162019230765 0.806410735576923
1 0.31690078846153846 0.7772649519230769 0.3070584543269231 0.7151228942307692 0.10844050240384616 0.7465808870192308 0.11828283653846154 0.8087229471153846 0.31690078846153846 0.7772649519230769
1 0.3151878846153846 0.7454748533653847 0.30492187259615383 0.6806578052884615 0.0897910048076923 0.7147311875 0.10005701682692308 0.779548235576923 0.3151878846153846 0.7454748533653847
1 0.2900049254807692 0.708332045673077 0.2817269350961538 0.6560668725961538 0.08588685576923077 0.6870848942307692 0.09416484615384615 0.7393500673076924 0.2900049254807692 0.708332045673077
1 0.13791385576923076 0.8887202091346154 0.13061358173076923 0.8426280865384614 0.05098120913461538 0.8552406153846154 0.05828148317307692 0.9013327379807692 0.13791385576923076 0.8887202091346154
1 0.1294604375 0.8603179350961538 0.12216016105769231 0.8142258149038462 0.04792920913461539 0.8259828413461539 0.05522948557692308 0.8720749639423077 0.1294604375 0.8603179350961538
1 0.038334175480769235 0.7713951033653846 0.04524336538461538 0.8150180048076923 0.11793105288461538 0.80350540625 0.11102186538461539 0.7598825048076924 0.038334175480769235 0.7713951033653846
1 0.032560858173076926 0.7419355552884616 0.0386226923076923 0.7802084783653847 0.11485988701923078 0.7681336923076922 0.10879805048076922 0.7298607692307691 0.032560858173076926 0.7419355552884616
1 0.03203654807692308 0.7156523149038462 0.038391697115384614 0.7557771538461538 0.09719001923076923 0.7464644158653846 0.0908348701923077 0.7063395769230769 0.03203654807692308 0.7156523149038462
1 0.02568905528846154 0.6915569639423077 0.030805766826923077 0.7238626033653847 0.09407955048076923 0.7138410192307691 0.08896284134615384 0.6815353798076923 0.02568905528846154 0.6915569639423077
1 0.020085401442307693 0.6601721682692308 0.02634278125 0.6996797019230769 0.15103843509615383 0.6799298509615385 0.14478105528846152 0.6404223173076923 0.020085401442307693 0.6601721682692308
1 0.01701998076923077 0.6368225673076923 0.023081814903846157 0.6750954903846154 0.1460798798076923 0.6556145120192307 0.14001804326923079 0.6173415889423077 0.01701998076923077 0.6368225673076923
1 0.012033632211538461 0.6053400024038461 0.019236134615384613 0.6508148197115384 0.14825292307692306 0.6303805673076923 0.1410504206730769 0.58490575 0.012033632211538461 0.6053400024038461
1 0.004606822115384616 0.5664395480769231 0.012624088942307692 0.6170585745192307 0.1348505216346154 0.5976998100961539 0.1268332548076923 0.5470807836538462 0.004606822115384616 0.5664395480769231
1 0.1276430480769231 0.8308646201923077 0.12063608653846154 0.7866244134615384 0.04192967307692308 0.7990902836538462 0.04893663221153846 0.8433304903846154 0.1276430480769231 0.8308646201923077
1 0.31001937259615386 0.7747690456730769 0.31484276923076926 0.8052227716346153 0.3563565432692308 0.7986476346153846 0.3515331466346154 0.7681939110576923 0.31001937259615386 0.7747690456730769
1 0.30506464663461536 0.7584684495192308 0.30939918509615383 0.7858356466346154 0.3538451586538462 0.7787960961538462 0.3495106201923077 0.7514288990384616 0.30506464663461536 0.7584684495192308
1 0.30520939903846156 0.7384071514423076 0.30960911778846156 0.7661858846153845 0.3522031778846154 0.7594396490384615 0.3478034591346154 0.7316609158653846 0.30520939903846156 0.7384071514423076
1 0.30696451201923075 0.7225203317307692 0.31071242067307697 0.7461836971153846 0.34744208173076924 0.7403662908653845 0.34369417307692307 0.7167029254807692 0.30696451201923075 0.7225203317307692
1 0.3226761514423077 0.6069732451923077 0.3198407764423077 0.5890713942307693 0.2962288533653846 0.59281115625 0.2990642283653846 0.6107130072115384 0.3226761514423077 0.6069732451923077
1 0.32717172836538466 0.6313619158653846 0.32322827644230767 0.6064639374999999 0.28973946875 0.6117680432692307 0.29368292067307694 0.6366660216346154 0.32717172836538466 0.6313619158653846
1 0.3315398245192308 0.6439586826923077 0.32802005048076927 0.6217356947115384 0.2828024423076923 0.6288974591346155 0.28632221875 0.6511204471153846 0.3315398245192308 0.6439586826923077
1 0.3373313629807692 0.6605486009615384 0.33400713221153844 0.6395602235576923 0.2813818629807692 0.6478952475961539 0.28470609375 0.668883625 0.3373313629807692 0.6605486009615384
1 0.3333610432692308 0.6814267403846154 0.32987385817307696 0.6594095216346154 0.2875884519230769 0.6661068725961539 0.2910756370192308 0.6881240913461538 0.3333610432692308 0.6814267403846154
1 0.3430279927884615 0.6995121586538461 0.3394104447115385 0.6766718653846154 0.2892543966346154 0.6846158028846154 0.2928719423076923 0.7074560961538462 0.3430279927884615 0.6995121586538461