1 0.7354699591346154 0.02621968269230769 0.7256830961538461 0.13808404326923077 0.954496564903846 0.15810262980769232 0.9642834302884615 0.04623826682692308 0.7354699591346154 0.02621968269230769
1 1 0.11419309375 0.8643274350961538 0.10232328125 0.85441346875 0.21564043028846153 0.9946590048076923 0.22791032451923077 1 0.1668624735576923 1 0.11419309375
3 0.04183441346153846 0 0 0.47816953605769236 0 0.540325579326923 0.25906191826923075 0.5629905600961538 0.307233625 0.01238544951923077 0.16566729567307695 0 0.04183441346153846 0
3 0.43633410817307694 0.24347499759615385 0.42280681249999996 0.39809271634615384 0.7805029711538461 0.42938707451923075 0.7940302668269231 0.2747693557692308 0.43633410817307694 0.24347499759615385
3 0.4403619110576923 0.3785065456730769 0.42866851682692303 0.5121626682692308 0.7560118677884616 0.5408014999999999 0.7677052620192307 0.40714537740384615 0.4403619110576923 0.3785065456730769
3 0.7683952451923077 0.39925883653846156 0.7582997067307692 0.5146513894230769 0.86149925 0.5236801802884615 0.8715947908653846 0.40828762740384617 0.7683952451923077 0.39925883653846156
3 0.3398738485576923 0.6432558846153846 0.3192469903846154 0.8790219639423077 0.6426989543269231 0.90732034375 0.6633258149038461 0.671554264423077 0.3398738485576923 0.6432558846153846
3 0.32378051682692305 0.7698349302884615 0.3070393533653846 0.9611873293269231 0.6206850264423077 0.9886277692307692 0.6374261923076923 0.7972753701923078 0.32378051682692305 0.7698349302884615
3 0.42614971394230766 0.9927301754807693 0.44209195192307693 0.8105095625000001 0.17171848317307692 0.7868549495192307 0.1557762451923077 0.9690755624999999 0.42614971394230766 0.9927301754807693
3 0 0.9504278076923077 0.06406401442307692 0.9560326826923077 0.07612056009615385 0.8182257524038461 0 0.8115660649038462 0 0.9504278076923077
3 0.5631528725961539 0.5831120673076924 0.547301420673077 0.7642949783653846 0.7865438028846155 0.7852259759615384 0.8023952548076922 0.6040430649038462 0.5631528725961539 0.5831120673076924
3 0.6314666442307693 0.7488634086538462 0.6213892620192307 0.864048420673077 0.7700401899038462 0.8770536899038461 0.7801175721153846 0.7618686778846153 0.6314666442307693 0.7488634086538462
3 0.7899561322115385 0.6332785072115384 0.7806958365384615 0.7391241947115385 0.8683298389423076 0.7467911754807692 0.8775901346153846 0.6409454879807692 0.7899561322115385 0.6332785072115384
3 0.7917112908653846 0.5307496610576923 0.7753514302884615 0.7177437043269231 0.9183987644230769 0.7302587259615384 0.9347586225961538 0.5432646802884615 0.7917112908653846 0.5307496610576923
3 0.9338353677884614 0.5699524326923077 0.9287149687499999 0.6284788725961538 0.9626478509615384 0.6314476153846154 0.96776825 0.5729211754807693 0.9338353677884614 0.5699524326923077
3 0.9288965432692307 0.6264034663461538 0.9249200625 0.6718548485576924 0.9588529447115385 0.6748235913461538 0.9628294254807692 0.6293722091346154 0.9288965432692307 0.6264034663461538
3 0.8510371730769232 0.34207729567307693 0.8464251826923077 0.39479259855769233 0.9525821802884615 0.40408013221153843 0.9571941706730769 0.35136482932692303 0.8510371730769232 0.34207729567307693
3 0.8803580624999999 0.3977613413461538 0.8770534086538462 0.43553372115384614 0.950678423076923 0.4419750769230769 0.9539830769230769 0.40420269471153847 0.8803580624999999 0.3977613413461538
3 0.8793649543269232 0.4413824423076923 0.8748982235576922 0.49243742067307694 0.9457214399038462 0.4986336490384616 0.9501881706730769 0.4475786706730769 0.8793649543269232 0.4413824423076923
3 0.9482105144230769 0.37337393509615385 0.9376428822115385 0.49416254326923076 0.9729766610576923 0.4972538485576923 0.9835442956730769 0.37646524038461543 0.9482105144230769 0.37337393509615385