3 0.4440998389423077 0 0.4148348701923077 0.16596989663461537 0.7145857283653847 0.21882406009615385 0.7448656298076923 0.04709820913461538 0.47775840865384617 0 0.4440998389423077 0
3 0.8815414182692307 0.24826285336538462 0.9020536081730769 0.1319324375 0.7614107524038461 0.1071333076923077 0.7408985600961538 0.2234637235576923 0.8815414182692307 0.24826285336538462
3 1 0.08235410817307692 0.947645966346154 0.07312268028846154 0.9157019375 0.25428627403846155 1 0.2691502980769231 1 0.08235410817307692
3 0.4287234110576923 0.19338138942307692 0.45473446153846153 0.045865396634615384 0.24330854567307691 0.008585302884615386 0.21729749759615385 0.15610129807692308 0.4287234110576923 0.19338138942307692
3 0.08187812740384616 0 0.05698749519230769 0.14116179326923078 0.20670904807692309 0.16756174278846153 0.2317071514423077 0.02579046153846154 0.08544217548076924 0 0.08187812740384616 0
3 0 0.5774779759615385 0.2325500096153846 0.6184828173076924 0.2562095721153846 0.4843027596153846 0.004314213942307693 0.43988681250000006 0 0.4643539375 0 0.5774779759615385
3 0.29912123557692305 0.6746460336538462 0.3215146153846154 0.5476468677884616 0.06823437019230769 0.5029867259615385 0.045840990384615386 0.6299858942307692 0.29912123557692305 0.6746460336538462
3 0.40712499759615384 0.6991902379807692 0.426226298076923 0.5908613846153846 0.27250396153846157 0.5637559903846154 0.25340266346153845 0.67208484375 0.40712499759615384 0.6991902379807692
3 0.6398670048076922 0.6731684687499999 0.6605962572115385 0.5556070432692308 0.4437846754807693 0.5173773125 0.42305542307692307 0.6349387379807693 0.6398670048076922 0.6731684687499999
3 0.6262125528846153 0.7668032548076924 0.6436497235576923 0.667912141826923 0.4211447235576923 0.6286785072115385 0.40370755048076923 0.7275696201923078 0.6262125528846153 0.7668032548076924
3 0.6672629399038462 0.5258966682692308 0.6827103942307692 0.43828981009615386 0.5106767884615384 0.40795564423076924 0.4952293365384615 0.49556250240384614 0.6672629399038462 0.5258966682692308
3 0.6552681105769231 0.5777261947115385 0.6631908076923078 0.5327943413461539 0.5036211754807692 0.5046579086538462 0.4956984783653846 0.5495897620192308 0.6552681105769231 0.5777261947115385
3 0.9442068365384616 0.8556640432692307 0.9721352524038461 0.6972741298076923 0.7697880336538462 0.6615948557692307 0.7418596177884615 0.8199847692307694 0.9442068365384616 0.8556640432692307