1 0 0.12099180288461539 0.011222411057692309 0.28147976201923075 0.3812563269230769 0.25560447115384616 0.3650088798076923 0.023255177884615383 0 0.04877908653846154 0 0.12099180288461539
1 0.6163047620192308 0.7027976610576924 0.6095616370192307 0.6063664711538461 0.3699903942307692 0.6231189230769231 0.3767335216346154 0.7195501129807693 0.6163047620192308 0.7027976610576924
1 0.5990043942307692 0.8025808750000001 0.5917380961538462 0.6986679543269231 0.3719622644230769 0.7140361754807691 0.37922856490384615 0.8179490985576923 0.5990043942307692 0.8025808750000001
1 0.9518328317307693 0.857686375 0.9404683389423076 0.6951665625000001 0.597399829326923 0.7191562499999999 0.6087643197115384 0.8816760625 0.9518328317307693 0.857686375
1 1 0.7670222163461538 0.9529281971153847 0.770313798076923 0.9604560841346154 0.8779675841346154 1 0.8752024038461539 1 0.7670222163461538
1 0.5601907163461538 0 0.34594779326923075 0.014981324519230768 0.35308330048076925 0.11702381490384615 0.5912517163461538 0.10036945673076923 0.5842332019230769 0 0.5601907163461538 0
4 0 0.5040207740384616 0.031116661057692306 0.9490097475961539 0.43622118750000005 0.920682079326923 0.3780617259615384 0.08896305288461538 0 0.11539970432692306 0 0.5040207740384616
3 0.969241766826923 0.7796151442307693 0.9498116802884616 0.5017519903846154 0.7328414999999999 0.5169240240384615 0.7522715841346154 0.7947871754807692 0.969241766826923 0.7796151442307693
3 0.7613470625 0.7408978317307693 0.7555340216346154 0.6577674951923077 0.5825190072115385 0.6698658846153845 0.588332045673077 0.75299621875 0.7613470625 0.7408978317307693
3 0.5900104302884616 0.5933235216346154 0.5955618822115384 0.6727129951923078 0.7543927836538462 0.6616064567307693 0.7488413317307692 0.5822169831730769 0.5900104302884616 0.5933235216346154
3 0.5862037475961539 0.49856657211538463 0.592816079326923 0.5931273317307693 0.7488413317307692 0.5822169831730769 0.742229 0.48765622355769234 0.5862037475961539 0.49856657211538463
3 0.5801291201923077 0.41169537019230773 0.5862037475961539 0.49856657211538463 0.7478402980769231 0.48726384375000004 0.741765670673077 0.40039264182692313 0.5801291201923077 0.41169537019230773
3 0.5796908677884616 0.3225504543269231 0.5858962884615384 0.4112920889423077 0.741765670673077 0.40039264182692313 0.73556025 0.3116510048076923 0.5796908677884616 0.3225504543269231
3 0.5728169495192308 0.22424882932692308 0.5796908677884616 0.3225504543269231 0.7427302427884614 0.3111496298076923 0.7358563245192309 0.21284800721153846 0.5728169495192308 0.22424882932692308
3 0.5748027932692308 0.15185061298076924 0.5811535384615385 0.24267050721153846 0.7371787908653846 0.23176015865384617 0.7308280432692308 0.14094026442307692 0.5748027932692308 0.15185061298076924
3 0.7433981826923077 0.15718632451923076 0.7346786225961538 0.03249081730769231 0.57163925 0.043891641826923074 0.5803588076923076 0.16858714903846156 0.7433981826923077 0.15718632451923076
3 0.5671603629807692 0 0.5731429447115385 0.08555490384615384 0.7829431346153846 0.0708842451923077 0.7779864230769231 0 0.5671603629807692 0
3 0.7237919086538462 0 0.7335028990384616 0.13887364182692308 0.9376917908653847 0.12459536298076923 0.9289792331730768 0 0.7237919086538462 0
3 0.9509258653846153 0.21305435096153846 0.9427294807692307 0.09584057451923077 0.7173423533653847 0.11160117788461539 0.7255387379807693 0.2288149543269231 0.9509258653846153 0.21305435096153846
3 0.9533151923076922 0.30770156730769227 0.9443340456730769 0.17926519471153846 0.7231553918269231 0.1947315144230769 0.7321365384615385 0.3231678846153846 0.9533151923076922 0.30770156730769227
3 0.9605814927884615 0.4116144903846154 0.951731139423077 0.2850485528846154 0.7319553100961538 0.3004167740384615 0.7408056610576923 0.4269827139423077 0.9605814927884615 0.4116144903846154
3 0.9559461538461539 0.5088413413461539 0.9482874735576924 0.3993171225961539 0.7384872836538462 0.41398778125 0.7461459639423077 0.523512 0.9559461538461539 0.5088413413461539
3 1 0.6824411802884616 0.9512509687499999 0.685850045673077 0.9587788533653847 0.7935038317307692 1 0.7906213677884615 1 0.6824411802884616
3 1 0.5684134158653846 0.9405105216346155 0.5725733245192308 0.9491138197115384 0.6956062235576923 1 0.6920479158653846 1 0.5684134158653846
3 1 0.48701949278846157 0.9973367427884615 0.4489331466346154 0.9406002884615384 0.4529005456730769 0.9489274663461539 0.5719847548076923 1 0.5684134158653846 1 0.48701949278846157
3 0.9340024879807692 0.3585476105769231 0.9406002884615384 0.4529005456730769 0.9973367427884615 0.4489331466346154 0.9907389447115384 0.35458021153846153 0.9340024879807692 0.3585476105769231
3 0.9403526754807692 0.2858442115384615 0.9453809543269232 0.35775195192307696 0.9907389447115384 0.35458021153846153 0.9857106658653846 0.28267247115384614 0.9403526754807692 0.2858442115384615
3 0.9361236875000001 0.2253668918269231 0.9403526754807692 0.2858442115384615 0.9843078413461538 0.2827705673076923 0.9800788533653846 0.22229324759615385 0.9361236875000001 0.2253668918269231
3 0.9414779615384615 0.1585807091346154 0.9460993293269231 0.22466932692307692 0.9800788533653846 0.22229324759615385 0.9754574879807693 0.15620462740384616 0.9414779615384615 0.1585807091346154
3 0.9369873894230769 0.09436252163461539 0.9414779615384615 0.1585807091346154 0.9768603125 0.15610653365384616 0.9723697379807692 0.09188834615384615 0.9369873894230769 0.09436252163461539
3 0.9397725264423078 0.03339472596153846 0.9440015120192308 0.09387204807692308 0.9723697379807692 0.09188834615384615 0.9681407524038461 0.03141102644230769 0.9397725264423078 0.03339472596153846
3 0.9374373389423076 0 0.9397725264423078 0.03339472596153846 0.9653351033653846 0.03160721634615385 0.9631249110576923 0 0.9374373389423076 0