1 0.6831133365384615 0.26329734375 0.7091493389423077 0.37607165625 0.8475910865384615 0.34410986057692305 0.8215550841346153 0.23133554807692308 0.6831133365384615 0.26329734375
1 0.7156037235576923 0.3908313605769231 0.6969411177884616 0.3099947307692308 0.6204632187500001 0.3276510456730769 0.639125826923077 0.4084876730769231 0.7156037235576923 0.3908313605769231
1 0.6401857932692308 0.41632035336538464 0.6253765168269231 0.35217432451923075 0.5965514038461538 0.358829125 0.6113606802884616 0.42297515625 0.6401857932692308 0.41632035336538464
1 0.6091713557692308 0.41673360096153844 0.5985070096153846 0.37054124278846157 0.5696311490384616 0.3772077620192308 0.5802954951923077 0.42340012019230766 0.6091713557692308 0.41673360096153844
1 0.5820614495192308 0.4247979519230769 0.57306340625 0.38582314903846154 0.5490593966346153 0.39136491105769233 0.5580574375 0.4303397139423077 0.5820614495192308 0.4247979519230769
1 0.5594124567307692 0.43458823557692305 0.55156 0.40057550240384615 0.5428312692307693 0.4025906875 0.5506837283653846 0.43660342067307695 0.5594124567307692 0.43458823557692305
1 0.5480406634615385 0.4346478605769231 0.541187985576923 0.40496566105769227 0.5241872596153846 0.40889058894230773 0.5310399350961539 0.43857278846153847 0.5480406634615385 0.4346478605769231
1 0.3596328389423077 0.7169509951923078 0.3479687091346154 0.6664281033653846 0.31960032932692306 0.6729774615384615 0.3312644591346154 0.7235003533653847 0.3596328389423077 0.7169509951923078
1 0.3635343389423077 0.6785141418269232 0.35530696153846153 0.6428774567307692 0.34109739663461536 0.6461579927884615 0.34932477403846157 0.6817946778846153 0.3635343389423077 0.6785141418269232
1 0.37918659134615385 0.6569402115384615 0.37214645673076924 0.6264460384615386 0.350476875 0.6314488557692308 0.35751700961538463 0.6619430288461537 0.37918659134615385 0.6569402115384615
1 0.3912134879807692 0.6212838413461538 0.3865894927884615 0.601255125 0.37654130288461535 0.6035749326923077 0.38116529567307694 0.6236036490384615 0.3912134879807692 0.6212838413461538
1 0.26547059615384616 0.37368690625 0.2741978653846154 0.4114888581730769 0.29170607692307693 0.4074467692307693 0.28297881009615383 0.36964481730769233 0.26547059615384616 0.37368690625
1 0.2421756682692308 0.36424057211538463 0.2515902860576923 0.40501976442307697 0.2707731971153846 0.4005910408653846 0.2613585793269231 0.35981184615384615 0.2421756682692308 0.36424057211538463
1 0.19684243990384614 0.3410666057692308 0.2079858485576923 0.38933400961538467 0.24513370673076923 0.38075775 0.23399030048076924 0.3324903461538461 0.19684243990384614 0.3410666057692308
1 0.14642182692307693 0.3241036442307692 0.15783601201923075 0.3735439038461538 0.2007184423076923 0.3636437139423077 0.18930425961538463 0.3142034543269231 0.14642182692307693 0.3241036442307692
1 0.3017376875 0.39486774759615384 0.30915274278846155 0.4269858701923077 0.3235652980769231 0.42365846875 0.3161502451923077 0.39154034615384614 0.3017376875 0.39486774759615384
1 0.6778600096153846 0.6915667115384616 0.7018339591346153 0.7954093004807692 0.7566422740384616 0.7827558028846154 0.7326683245192308 0.6789132139423076 0.6778600096153846 0.6915667115384616
1 0.7763298485576923 0.7066543653846153 0.7541263461538462 0.6104804302884616 0.7101274495192308 0.6206383774038462 0.732330951923077 0.7168123125 0.7763298485576923 0.7066543653846153
4 0.9816390168269231 0.8999613341346154 0.8708922788461538 0.42026451682692306 0.7015447331730769 0.45936147836538466 0.8122914711538461 0.939058295673077 0.9816390168269231 0.8999613341346154
4 0.7006551826923076 0.7280213942307692 0.6372106538461538 0.45321294951923075 0.5929580144230769 0.4634294759615385 0.6564025432692309 0.7382379206730769 0.7006551826923076 0.7280213942307692
4 0.6487881514423077 0.6758518341346154 0.5987157139423077 0.4589642740384615 0.5743057139423077 0.4645997668269231 0.6243781538461538 0.681487326923077 0.6487881514423077 0.6758518341346154
4 0.61967784375 0.6386694687500001 0.57822853125 0.45913276442307693 0.5645264519230769 0.4622961370192308 0.6059757644230769 0.6418328413461538 0.61967784375 0.6386694687500001
4 0.6013116129807693 0.6237139615384616 0.5634656802884616 0.45978521874999995 0.545399235576923 0.4639561875 0.5832451682692308 0.6278849278846154 0.6013116129807693 0.6237139615384616
4 0.5770026225961539 0.5964463894230769 0.5455719615384615 0.46030524038461534 0.5363357451923076 0.4624375889423077 0.56776640625 0.5985787379807692 0.5770026225961539 0.5964463894230769
4 0.56569571875 0.5808113894230769 0.5374518629807692 0.4584738149038462 0.5252722379807693 0.4612857019230769 0.5535160913461539 0.5836232764423077 0.56569571875 0.5808113894230769
4 0.5514047884615384 0.5767935408653846 0.5259728221153847 0.46663559375 0.5152141538461539 0.4691194278846154 0.5406461201923076 0.579277375 0.5514047884615384 0.5767935408653846
4 0.53885484375 0.5715185024038462 0.5142143725961539 0.46478889423076925 0.5088857860576923 0.46601909375 0.5335262572115385 0.5727487019230769 0.53885484375 0.5715185024038462
4 0.38397603365384614 0.6373990192307691 0.35373261298076925 0.5064003774038461 0.3375946105769231 0.5101261298076923 0.36783802884615385 0.6411247716346153 0.38397603365384614 0.6373990192307691
4 0.3470998846153846 0.8094560096153847 0.28540497596153847 0.5422259975961539 0.24541520432692307 0.5514583629807692 0.30711011538461536 0.818688375 0.3470998846153846 0.8094560096153847
4 0.3457665600961538 0.883790766826923 0.2700538677884615 0.5558430649038462 0.20418239182692308 0.5710506923076923 0.2798950841346154 0.8989983942307693 0.3457665600961538 0.883790766826923
4 0.23673354086538462 1 0.31761103125 0.9813279591346155 0.22342318990384616 0.5733556033653846 0.11903364903846153 0.5974558293269231 0.21196829326923078 1 0.23673354086538462 1
4 0.2157634783653846 1 0.12811476201923078 0.6203516923076923 0.02372521875 0.6444519182692308 0.10580996153846155 1 0.2157634783653846 1
4 0.11539200000000001 0.07763729086538462 0.12934729807692308 0.13808432211538463 0.17913151923076923 0.12659072836538462 0.16517622115384614 0.06614369711538462 0.11539200000000001 0.07763729086538462
3 0 0.5433074254807692 0.0009581899038461539 0.5474578028846154 0.050793158653846156 0.5359524927884615 0.01030196875 0.36056588221153846 0 0.3629442788461539 0 0.5433074254807692
3 0.10564348076923077 0.5271854543269231 0.06813081009615385 0.3647002235576923 0.012053783653846155 0.377646625 0.049566454326923075 0.5401318557692307 0.10564348076923077 0.5271854543269231
3 0.2969127524038461 0.4936706177884615 0.2832907163461539 0.4346670985576923 0.2594896995192308 0.4401619951923077 0.2731117355769231 0.49916551682692306 0.2969127524038461 0.4936706177884615
3 0.3031240889423077 0.49765322115384614 0.2892104495192308 0.43738662980769233 0.2841863533653846 0.43854653365384616 0.29809999278846155 0.49881312499999997 0.3031240889423077 0.49765322115384614
3 0.32563142548076923 0.48979620673076923 0.3131966298076923 0.4359351923076923 0.29949455048076923 0.4390985673076923 0.31192934615384615 0.49295958173076926 0.32563142548076923 0.48979620673076923
3 0.3559861322115384 0.48953526682692305 0.3450301826923077 0.4420798389423077 0.3341700144230769 0.4445871057692308 0.3451259639423077 0.49204253365384615 0.3559861322115384 0.48953526682692305
1 0.8178903293269231 0.17193376923076925 0.8508414951923077 0.3146609423076923 0.9605088749999999 0.28934223317307695 0.9275577115384616 0.14661506009615383 0.8178903293269231 0.17193376923076925
1 0.14852922596153847 0.3448083918269231 0.12620075240384615 0.24809314182692305 0.04951985817307692 0.2657963221153846 0.07184833413461539 0.3625115697115385 0.14852922596153847 0.3448083918269231
1 0.2682545216346154 0.24057493509615385 0.2570902836538461 0.19221731009615384 0.2423732331730769 0.1956150096153846 0.2535374711538462 0.2439726346153846 0.2682545216346154 0.24057493509615385
1 0.29915046153846153 0.28086109615384613 0.29156877884615384 0.24802121634615387 0.28141909134615384 0.25036445673076924 0.2890007740384615 0.2832043341346154 0.29915046153846153 0.28086109615384613
1 0.4342590360576923 0.5331378197115385 0.43190537980769234 0.5229430216346154 0.4109970216346154 0.5277700961538462 0.4133506754807692 0.5379648942307692 0.4342590360576923 0.5331378197115385
1 0.46105915865384617 0.5241947067307693 0.4588096466346154 0.5144510072115385 0.4333846778846154 0.5203208221153847 0.43563418990384617 0.5300645240384616 0.46105915865384617 0.5241947067307693
1 0.4880546802884615 0.5174871586538461 0.4852844495192308 0.5054879711538461 0.45869226682692305 0.5116272596153846 0.4614624951923077 0.5236264471153846 0.4880546802884615 0.5174871586538461