1 0.8286889903846154 0.8369514831730769 0.8698814951923077 0.6431559879807692 0.71108534375 0.6094028245192308 0.6698928413461539 0.8031983197115384 0.8286889903846154 0.8369514831730769
1 0.5492530240384615 0.33667115144230764 0.5576561201923077 0.2971376875 0.4619810576923077 0.2768013245192308 0.4535779615384615 0.3163347908653846 0.5492530240384615 0.33667115144230764
1 0.6533490480769231 0.22269835336538463 0.6560345745192309 0.21006394711538462 0.6350961033653846 0.2056133389423077 0.632410576923077 0.2182477451923077 0.6533490480769231 0.22269835336538463
1 0.6738772620192308 0.22983060096153848 0.6760430096153847 0.21964156009615385 0.6558687139423077 0.21535338221153846 0.65370296875 0.22554242067307692 0.6738772620192308 0.22983060096153848
1 0.64389159375 0.25817393028846153 0.6466204350961539 0.24533574278846154 0.6246121129807692 0.24065773076923075 0.6218832716346154 0.2534959182692308 0.64389159375 0.25817393028846153
1 0.6661312884615385 0.2707816658653846 0.6693799086538461 0.25549811057692307 0.6473715865384615 0.25082009615384615 0.6441229663461538 0.2661036538461538 0.6661312884615385 0.2707816658653846
1 0.64013621875 0.27058093509615383 0.6428217451923076 0.2579465264423077 0.6198964110576923 0.25307359615384617 0.6172108846153846 0.2657080048076923 0.64013621875 0.27058093509615383
1 0.6633084182692308 0.27955310096153846 0.6660372596153846 0.26671491346153847 0.6458629639423077 0.2624267355769231 0.643134125 0.2752649230769231 0.6633084182692308 0.27955310096153846
1 0.6547302860576922 0.3056311442307692 0.6584986850961538 0.28790221875 0.6374073774038462 0.28341912259615387 0.6336389783653846 0.3011480480769231 0.6547302860576922 0.3056311442307692
1 0.6761755120192308 0.3129583052884615 0.6791642427884615 0.2988974326923077 0.6580729350961538 0.29441433653846155 0.6550842043269232 0.30847520913461535 0.6761755120192308 0.3129583052884615
1 0.629501860576923 0.30708427884615386 0.6324905913461538 0.2930234086538462 0.6104822692307692 0.2883453942307692 0.6074935384615384 0.30240626682692306 0.629501860576923 0.30708427884615386
1 0.6507305120192307 0.31543034615384613 0.6528962596153847 0.30524131009615385 0.6336389783653846 0.3011480480769231 0.6314732307692308 0.31133708413461536 0.6507305120192307 0.31543034615384613
1 0.6728328629807692 0.32417511057692305 0.6752585 0.31276338701923073 0.6550842043269232 0.30847520913461535 0.6526585673076923 0.3198869326923077 0.6728328629807692 0.32417511057692305
1 0.6250893605769231 0.3180736802884615 0.6278182019230769 0.3052354927884615 0.6058098822115384 0.3005574807692308 0.6030810408653846 0.31339566586538464 0.6250893605769231 0.3180736802884615
1 0.6482615600961539 0.3270458485576923 0.6512502908653846 0.31298497596153846 0.6319930096153846 0.30889171634615387 0.6290042788461538 0.32295258653846154 0.6482615600961539 0.3270458485576923
1 0.6694902139423077 0.3353919158653846 0.6724356274038462 0.32153482451923077 0.6504273076923077 0.3168568125 0.6474818918269231 0.3307139014423077 0.6694902139423077 0.3353919158653846
1 0.6145113413461538 0.34905132211538464 0.6171968677884615 0.3364169158653846 0.5962583966346154 0.33196630769230767 0.5935728701923076 0.3446007115384615 0.6145113413461538 0.34905132211538464
1 0.6363538028846154 0.3590187716346154 0.639039329326923 0.3463843653846154 0.6190178701923077 0.3421286730769231 0.61633234375 0.3547630793269231 0.6363538028846154 0.3590187716346154
1 0.6126995144230769 0.3620844254807692 0.6156882451923077 0.3480235552884615 0.5927629110576923 0.34315062500000004 0.5897741802884615 0.3572114951923077 0.6126995144230769 0.3620844254807692
1 0.6320508245192307 0.37024443990384615 0.6345197764423076 0.3586289375 0.61633234375 0.3547630793269231 0.6138633942307693 0.3663785817307692 0.6320508245192307 0.37024443990384615
2 0.5709768822115385 0.4200941225961538 0.5989583293269231 0.2884517572115385 0.5463828966346154 0.2772765048076923 0.5184014471153846 0.4089188701923077 0.5709768822115385 0.4200941225961538