1 0.5076295504807692 0 0.5030688581730769 0.032451021634615385 0.5480951081730769 0.03877905048076923 0.55309503125 0.0032027524038461537 0.5303062620192308 0 0.5076295504807692 0
1 0.46902468509615386 0 0.4571835096153846 0.08425434855769232 0.49220392548076924 0.08917614663461539 0.5047368149038461 0 0.46902468509615386 0
1 0.45254440625000003 0.11726328365384615 0.46504421153846154 0.02832254086538462 0.43507828605769233 0.024111103365384617 0.4225784783653846 0.11305184855769232 0.45254440625000003 0.11726328365384615
1 0.4206334975961538 0.13736966826923075 0.4300921153846154 0.07006811538461538 0.4022408245192307 0.06615387259615385 0.3927822091346154 0.13345542548076922 0.4206334975961538 0.13736966826923075
1 0 0.5973796610576924 0.03055198798076923 0.6016734615384615 0.04428888701923077 0.5039303365384615 0 0.49770593750000003 0 0.5973796610576924
2 0.21264104807692308 0.4511991033653846 0.26242120432692306 0.09699488461538461 0.18031147596153846 0.0854551153846154 0.13053131971153847 0.4396593317307692 0.21264104807692308 0.4511991033653846
2 0.028024242788461537 0.2828485168269231 0.00375915625 0.45550358653846157 0.05590295913461539 0.46283192067307694 0.08016804807692307 0.29017685096153845 0.028024242788461537 0.2828485168269231
4 0.3277840024038462 0.44924189663461533 0.34889192307692307 0.2990512379807692 0.23196808173076924 0.28261866346153847 0.2108601610576923 0.4328093221153846 0.3277840024038462 0.44924189663461533
4 0.3561916586538461 0.47651646634615386 0.37991551923076927 0.3077124375 0.34994959374999995 0.303501 0.326225735576923 0.47230503125 0.3561916586538461 0.47651646634615386
3 0.8894115096153846 1 0.9043872451923077 0.8934421129807693 0.7080872283653845 0.8658539447115385 0.6892342283653845 1 0.8894115096153846 1
3 0.9307513269230768 1 0.9376455288461538 0.950945201923077 0.8438795216346153 0.93776725 0.8351332788461538 1 0.9307513269230768 1
3 0.7283143221153847 0.5104883942307692 0.7416001971153846 0.4159544735576923 0.635197954326923 0.4010006129807693 0.621912079326923 0.4955345360576923 0.7283143221153847 0.5104883942307692
3 0.842958548076923 0.714914733173077 0.8609995072115384 0.5865466514423077 0.6292148870192308 0.5539714471153846 0.6111739302884616 0.6823395288461539 0.842958548076923 0.714914733173077
3 0.8350227812500001 0.79869975 0.8511565528846153 0.6839020096153846 0.6156068509615384 0.6507976562500001 0.5994730793269231 0.7655953990384615 0.8350227812500001 0.79869975
3 0.8169803100961539 0.9087411225961539 0.8375470024038462 0.7624015072115384 0.6045245480769231 0.7296523365384615 0.5839578557692308 0.8759919519230769 0.8169803100961539 0.9087411225961539
3 0.6247736177884615 0.6405851466346154 0.6418609807692307 0.519002235576923 0.5759978413461538 0.5097457740384616 0.5589104759615384 0.6313286875 0.6247736177884615 0.6405851466346154
3 0.605478141826923 0.7228671682692307 0.6222562307692308 0.6034848509615385 0.5639748317307692 0.5952939326923077 0.5471967403846154 0.71467625 0.605478141826923 0.7228671682692307
3 0.5963030264423077 0.7881515072115385 0.6121275240384615 0.675554358173077 0.5538461225961538 0.6673634423076924 0.538021625 0.7799605889423076 0.5963030264423077 0.7881515072115385
3 0.5497490168269231 0.7058716995192308 0.5649420817307692 0.5977674350961538 0.518059076923077 0.5911784591346154 0.5028660144230769 0.6992827235576923 0.5497490168269231 0.7058716995192308
3 0.5522975 0.6510633581730769 0.5627354831730769 0.5767932524038462 0.48923902403846153 0.566464 0.4788010408653846 0.6407341057692307 0.5522975 0.6510633581730769
3 0.5652361850961538 0.567981454326923 0.5750556201923077 0.49811254086538465 0.4826305985576923 0.48512305048076926 0.4728111634615385 0.5549919639423077 0.5652361850961538 0.567981454326923
3 0.5570146634615385 0.6264806225961539 0.5661897788461538 0.5611962836538461 0.4686586875 0.5474891826923077 0.4594835721153846 0.6127735216346154 0.5570146634615385 0.6264806225961539
3 0.7169075865384615 0.40790252644230773 0.7295620288461537 0.31786148557692306 0.5471876610576923 0.2922304399038462 0.5345332187499999 0.3822714807692308 0.7169075865384615 0.40790252644230773
3 0.6219355985576923 0.4680480913461539 0.6336493365384614 0.3847005264423077 0.5348288317307692 0.37081221153846156 0.5231150961538462 0.45415977403846153 0.6219355985576923 0.4680480913461539
3 0.5392503798076923 0.3576887451923077 0.5471626298076923 0.30139017067307694 0.5154946826923077 0.29693953125 0.5075824350961539 0.3532381057692308 0.5392503798076923 0.3576887451923077
3 0.530075264423077 0.42297308413461543 0.5389411081730769 0.35988934134615386 0.5072731610576923 0.35543870192307697 0.49840731730769233 0.41852244471153843 0.530075264423077 0.42297308413461543
3 0.5070022980769231 0.3543721057692307 0.5147599086538461 0.29917382932692305 0.4908284326923077 0.2958104807692308 0.4830708197115384 0.35100875480769234 0.5070022980769231 0.3543721057692307
3 0.5004694807692307 0.40796596634615384 0.5084848197115385 0.35093386057692305 0.4855848701923077 0.34771548317307693 0.47756953125 0.4047475889423077 0.5004694807692307 0.40796596634615384
3 0.4837022524038461 0.346515875 0.49196243509615384 0.2877416298076923 0.47210549519230766 0.28495091826923075 0.4638453149038462 0.3437251634615385 0.4837022524038461 0.346515875
3 0.47773646875 0.39644932211538464 0.4856229423076923 0.34033413221153846 0.4642187139423077 0.3373259639423077 0.4563322379807693 0.3934411538461538 0.47773646875 0.39644932211538464
3 0.45390715625 0.3811320048076923 0.46077560576923077 0.3322604399038462 0.44298172596153845 0.3297596730769231 0.4361132764423077 0.3786312379807692 0.45390715625 0.3811320048076923
3 0.4603887043269231 0.3312710408653846 0.4661102644230769 0.29056001923076924 0.4488321514423077 0.28813174038461536 0.44311058894230765 0.3288427596153846 0.4603887043269231 0.3312710408653846
3 0.4394137067307692 0.3734849302884615 0.44563783653846156 0.32919793990384616 0.4303712043269231 0.32705235576923075 0.4241470721153846 0.3713393461538462 0.4394137067307692 0.3734849302884615
3 0.49145367788461536 0.3725704471153846 0.5053194423076923 0.27391040625 0.4213529615384616 0.26210968509615384 0.40748719711538467 0.36076972596153845 0.49145367788461536 0.3725704471153846
3 0.4079894591346154 0.3534536129807692 0.41320844951923075 0.31631856009615383 0.3786006418269231 0.31145475 0.37338165144230767 0.3485898028846154 0.4079894591346154 0.3534536129807692
3 0.38266188221153846 0.4633126514423077 0.3882545793269231 0.42351854567307695 0.3592686081730769 0.41944483413461536 0.3536759110576923 0.4592389399038461 0.38266188221153846 0.4633126514423077
3 0.3834359903846154 0.4690315985576923 0.38750809374999995 0.4400570889423077 0.3712099326923077 0.43776653125 0.36713783173076925 0.46674104086538465 0.3834359903846154 0.4690315985576923
3 0.4669244735576923 0.4696383341346154 0.4730197379807692 0.42626826201923074 0.39003321153846154 0.41460526682692306 0.38393794471153847 0.4579753389423077 0.4669244735576923 0.4696383341346154
3 0.39236069471153845 0.49422253846153846 0.39706423076923075 0.46075514423076924 0.3868520913461539 0.4593199230769231 0.3821485552884616 0.4927873149038462 0.39236069471153845 0.49422253846153846
3 0.4701012235576923 0.5282433870192308 0.47760110817307694 0.47487893990384616 0.3992048846153846 0.46386106971153845 0.3917050024038462 0.5172255168269231 0.4701012235576923 0.5282433870192308