1 0.11169775721153846 0.9826879495192308 0.28556440384615384 0.9361005216346154 0.2621748317307692 0.8488094471153846 0.0883081826923077 0.895396875 0.11169775721153846 0.9826879495192308
2 0.7041176754807693 0.9609318870192307 0.5906446971153846 0.5374449615384616 0.47573976923076927 0.5682336442307693 0.58921275 0.9917205697115385 0.7041176754807693 0.9609318870192307
2 0.9518037475961538 0.8932225793269232 0.7646631995192308 0.19480454567307692 0.5904946995192307 0.24147285336538463 0.7776352475961539 0.939890889423077 0.9518037475961538 0.8932225793269232
4 0.7893530769230769 0.5823607307692308 0.7127138822115384 0.29633936298076924 0.5538895144230769 0.33889622355769233 0.6305287091346153 0.6249175913461538 0.7893530769230769 0.5823607307692308
4 0.8967016490384616 0.8827762499999999 0.8104286346153846 0.5608009759615384 0.6265505649038462 0.610070954326923 0.7128235793269231 0.9320462283653845 0.8967016490384616 0.8827762499999999
4 0.7177940985576924 0.9254421442307692 0.6341811682692308 0.6133944399038461 0.46765958173076927 0.6580137644230769 0.5512725120192308 0.97006146875 0.7177940985576924 0.9254421442307692
4 0.40253375480769227 0.36746951442307696 0.4818569975961538 0.663507891826923 0.6365057475961537 0.6220698846153846 0.5571825024038461 0.32603150721153845 0.40253375480769227 0.36746951442307696
4 0.25612434134615386 0.24747815625 0.28665540384615384 0.36142162740384615 0.40437761298076924 0.3298780552884616 0.3738465528846154 0.2159345841346154 0.25612434134615386 0.24747815625
4 0.42985043028846154 0.4331945168269231 0.39931936778846155 0.31925104567307694 0.28295549278846155 0.35043065144230773 0.31348655288461535 0.46437412499999997 0.42985043028846154 0.4331945168269231
4 0.4532505576923077 0.5317941153846154 0.42669764182692305 0.43269728125 0.3069127764423077 0.4647935384615384 0.33346569230769235 0.5638903725961538 0.4532505576923077 0.5317941153846154
4 0.4769126081730769 0.6396218461538462 0.4490176658653846 0.5355165048076923 0.3348170625 0.5661164639423076 0.3627120048076923 0.6702218052884615 0.4769126081730769 0.6396218461538462
4 0.5003963533653846 0.7355149879807693 0.47516149759615384 0.6413372211538462 0.36091058413461535 0.6719506610576923 0.38614543990384614 0.7661284278846154 0.5003963533653846 0.7355149879807693
4 0.5358548028846154 0.8706650120192307 0.4986855120192307 0.7319473317307692 0.3830762644230769 0.7629247379807692 0.4202455552884615 0.9016424182692307 0.5358548028846154 0.8706650120192307
4 0.24483760817307693 0.7708245649038462 0.2919522596153846 0.9466588413461537 0.42220131971153846 0.9117587115384616 0.37508666826923076 0.7359244350961538 0.24483760817307693 0.7708245649038462
1 0.8565619807692308 0.18963969711538461 0.8443639350961539 0.14411597115384617 0.6887090120192307 0.18582358173076924 0.7009070600961539 0.2313473076923077 0.8565619807692308 0.18963969711538461
1 0.8666750961538461 0.22738235576923077 0.8569933461538461 0.1912495721153846 0.70400478125 0.23224273557692307 0.71368653125 0.26837551682692307 0.8666750961538461 0.22738235576923077
1 0.8755345600961538 0.25702534375 0.86753034375 0.22715319230769232 0.7287288149038461 0.26434494951923077 0.7367330336538462 0.29421710096153847 0.8755345600961538 0.25702534375
1 0.8851998293269231 0.2965176033653846 0.8767882115384615 0.2651250120192308 0.7396971754807692 0.3018584447115385 0.7481087932692307 0.3332510336538462 0.8851998293269231 0.2965176033653846
1 0.8949813317307692 0.32255846875 0.8895173725961538 0.30216669951923075 0.7480494879807692 0.34007290625 0.7535134447115385 0.3604646754807692 0.8949813317307692 0.32255846875
1 0.9054260576923077 0.3720029158653846 0.8957443100961539 0.3358701346153846 0.7613196298076923 0.3718891201923077 0.7710013798076923 0.40802189903846153 0.9054260576923077 0.3720029158653846
1 0.8253357860576924 0.43391549759615383 0.8177389687500001 0.40556378605769233 0.7726624302884615 0.41764200961538467 0.7802592475961538 0.44599371875 0.8253357860576924 0.43391549759615383
1 0.8283389014423077 0.47691833413461543 0.8194959182692307 0.4439158701923077 0.7823681442307693 0.45386422836538465 0.7912111274038461 0.4868666923076923 0.8283389014423077 0.47691833413461543
1 0.8283943581730769 0.5089203509615385 0.8207975384615385 0.4805686394230769 0.7862858125 0.48981602884615383 0.7938826298076923 0.5181677403846154 0.8283943581730769 0.5089203509615385
1 0.9022235024038461 0.6289001754807693 0.8942192860576923 0.5990280240384616 0.8535195985576922 0.6099334735576923 0.8615238173076923 0.6398056225961538 0.9022235024038461 0.6289001754807693
1 0.9214722427884615 0.6759855961538462 0.9096815961538461 0.6319823076923077 0.8681266610576923 0.6431169182692307 0.8799173076923077 0.6871202067307693 0.9214722427884615 0.6759855961538462
1 0.9435463966346155 0.7054427788461539 0.9355421778846154 0.6755706274038461 0.8816113221153846 0.6900213581730769 0.8896155384615384 0.7198935072115386 0.9435463966346155 0.7054427788461539
1 0.9589922283653846 0.7417565384615384 0.9505566442307691 0.7102745120192308 0.8904378221153847 0.7263833004807693 0.89887340625 0.7578653293269231 0.9589922283653846 0.7417565384615384
1 0.9700034134615384 0.7758076370192307 0.9607530288461539 0.741284733173077 0.9059166153846154 0.7559781057692307 0.9151670000000001 0.7905010096153846 0.9700034134615384 0.7758076370192307
1 0.9822254230769231 0.8214208028846154 0.9733824399038462 0.7884183365384616 0.9221179399038462 0.8021546177884615 0.930960923076923 0.8351570841346153 0.9822254230769231 0.8214208028846154
1 1 0.5168114639423077 0.9841856682692308 0.5210489014423076 0.9913511201923076 0.547790735576923 1 0.5454732740384615 1 0.5168114639423077
1 1 0.48652004807692306 0.97133040625 0.4942020432692308 0.9776331298076923 0.517724125 1 0.5117309399038461 1 0.48652004807692306
1 1 0.4594878389423077 0.9627612427884615 0.46946593269230774 0.9686565649038462 0.4914675745192308 1 0.48306912740384617 1 0.4594878389423077
1 1 0.4456441153846154 0.9958880769230769 0.43029820913461536 0.949905983173077 0.44261907451923077 0.9574788365384616 0.4708813485576923 1 0.4594878389423077 1 0.4456441153846154
1 0.9963787475961539 0.4250862115384615 0.9909147884615385 0.4046944447115385 0.9414110913461537 0.41795892067307694 0.946875048076923 0.43835068749999995 0.9963787475961539 0.4250862115384615
1 0.9831753942307693 0.38989704326923075 0.9756025408653847 0.36163476923076926 0.9242877307692308 0.37538453125 0.9318605841346154 0.40364680528846153 0.9831753942307693 0.38989704326923075