1 0 0.7222199735576923 0.8024552115384616 0.8782014663461539 0.8430021225961538 0.6696056899038462 0 0.5057426754807692 0 0.7222199735576923
1 0.725934045673077 1 0.72990828125 0.9795543317307692 0 0.8376745336538461 0 0.9121681923076923 0.45185547836538464 1 0.725934045673077 1
1 0.9430106658653846 0.6824661730769231 0.9519945913461538 0.6362478918269231 0.8694765552884616 0.6202080096153846 0.8604926322115385 0.6664262908653846 0.9430106658653846 0.6824661730769231
2 0.8629376826923078 0.9805814086538462 0.9895076490384616 0.32943537500000003 0.8620494951923077 0.30466002163461536 0.7354795264423076 0.9558060528846154 0.8629376826923078 0.9805814086538462
4 0.39030869471153845 0.07182818990384615 0.3741694326923077 0.15485749038461538 0.5148182043269232 0.18219684134615385 0.5309574639423077 0.09916754086538462 0.39030869471153845 0.07182818990384615
4 0.4979271610576923 0.23388180769230768 0.51040925 0.16966703125 0.3697604783653846 0.14232768028846154 0.3572783918269231 0.20654245673076924 0.4979271610576923 0.23388180769230768
4 0.48328615144230774 0.2936445168269231 0.4955297283653846 0.23065677163461537 0.3521201322115385 0.2027807716346154 0.3398765552884615 0.2657685144230769 0.48328615144230774 0.2936445168269231
4 0.46657592067307696 0.3296594158653846 0.4739300192307692 0.29182586778846153 0.33895628125 0.2655896298076923 0.3316021826923077 0.30342317788461537 0.46657592067307696 0.3296594158653846
4 0.18781758173076923 0.2742008870192308 0.2177109903846154 0.12041262980769231 0.07092705048076922 0.09188072115384616 0.041033641826923074 0.24566897836538462 0.18781758173076923 0.2742008870192308
1 0.55731940625 0.25179347115384615 0.5613343461538461 0.23113839903846156 0.49216030528846155 0.21769232932692306 0.48814536778846157 0.23834739903846153 0.55731940625 0.25179347115384615
1 0.5575533533653846 0.26860532451923075 0.56069375 0.25244937740384615 0.48814536778846157 0.23834739903846153 0.48500496875 0.2545033485576923 0.5575533533653846 0.26860532451923075
1 0.5555657596153846 0.2788306081730769 0.5575533533653846 0.26860532451923075 0.481630625 0.2538474423076923 0.47964303124999996 0.2640727235576923 0.5555657596153846 0.2788306081730769
1 0.5490510168269231 0.29433064903846157 0.5521914158653846 0.2781747019230769 0.47964303124999996 0.2640727235576923 0.4765026322115385 0.2802286730769231 0.5490510168269231 0.29433064903846157
1 0.5459106201923076 0.31048659855769234 0.5490510168269231 0.29433064903846157 0.4788033221153846 0.28067588221153844 0.4756629230769231 0.2968318293269231 0.5459106201923076 0.31048659855769234
1 0.5362146658653846 0.32515604326923075 0.5393153125 0.30920460096153846 0.4756629230769231 0.2968318293269231 0.4725622788461538 0.3127832716346154 0.5362146658653846 0.32515604326923075
1 0.5336307932692308 0.33844890865384614 0.5362146658653846 0.32515604326923075 0.4725622788461538 0.3127832716346154 0.46997840625000004 0.3260761394230769 0.5336307932692308 0.33844890865384614