1 0.39815221153846153 0.9265735120192308 0.4441677740384616 0.7420151802884616 0.10365461538461539 0.6571157163461538 0.05763905528846154 0.8416740480769231 0.39815221153846153 0.9265735120192308
1 0 0.8487741346153845 0.019396709134615386 0.8536102764423077 0.035776838942307695 0.787913170673077 0 0.7789930024038461 0 0.8487741346153845
1 0.07679422115384615 0.13060291826923076 0.1592693581730769 0.15116627884615383 0.18230233894230768 0.058786038461538466 0.09982720192307691 0.038222677884615384 0.07679422115384615 0.13060291826923076
1 0.8434918124999999 0.42117336778846154 0.8554871057692307 0.37306287259615384 0.7872631875 0.3560527403846154 0.7752678942307691 0.404163235576923 0.8434918124999999 0.42117336778846154
1 0.8761450120192307 0.44005028605769236 0.8856202884615385 0.4020470360576923 0.8419569807692308 0.39116055048076925 0.832481704326923 0.42916380048076924 0.8761450120192307 0.44005028605769236
1 0.9017213749999999 0.4543715 0.9077190216346154 0.43031625240384613 0.8764876274038461 0.42252939182692306 0.8704899807692308 0.4465846394230769 0.9017213749999999 0.4543715
1 0.7562510408653846 0.6948643774038461 0.7811488365384616 0.5950047740384615 0.5648032115384616 0.54106375 0.5399054158653847 0.6409233533653846 0.7562510408653846 0.6948643774038461
1 0.8646601009615384 0.6559774591346154 0.8744377764423077 0.6167613413461539 0.7804403774038462 0.5933251586538462 0.770662701923077 0.6325412764423077 0.8646601009615384 0.6559774591346154
1 0.9217439110576924 0.4754670192307692 0.928648766826923 0.4477731610576923 0.9059074591346155 0.4421031177884615 0.8990026057692307 0.4697969735576923 0.9217439110576924 0.4754670192307692
1 0.8914526129807693 0.19651962740384615 0.9122679759615384 0.11303376442307693 0.8420731442307693 0.09553222836538462 0.82125778125 0.17901809134615385 0.8914526129807693 0.19651962740384615
1 0.9237733870192308 0.24902331490384616 0.9398511129807693 0.18453907692307692 0.8933072379807693 0.17293438701923075 0.8772295120192308 0.237418625 0.9237733870192308 0.24902331490384616
1 0.9449702115384616 0.28930619711538463 0.9576207091346153 0.23856781730769233 0.9244184038461539 0.23028955048076924 0.9117679038461539 0.2810279326923077 0.9449702115384616 0.28930619711538463
1 1 0.10957189903846154 0.9676396610576923 0.10150356009615386 0.9553419639423077 0.15082692548076923 0.9903635769230769 0.15955879326923078 1 0.12090920673076923 1 0.10957189903846154
1 0.9651914975961537 0.3050834903846154 0.9778419975961538 0.25434510817307693 0.9513104735576923 0.24773005528846154 0.9386599735576924 0.2984684375 0.9651914975961537 0.3050834903846154
2 0.9097244326923076 0.6450980072115384 0.9509519543269231 0.47974344471153846 0.9080466899038462 0.46904596153846156 0.8668191682692308 0.6344005240384616 0.9097244326923076 0.6450980072115384
2 0.9380593653846153 0.6270414927884616 0.9706180216346154 0.49645586298076927 0.9416607572115385 0.4892360048076923 0.9091021033653846 0.6198216370192308 0.9380593653846153 0.6270414927884616
4 0.5476410072115384 0.3289443173076923 0.4881181394230769 0.5676774951923077 0.5701384519230769 0.588127454326923 0.6296613173076923 0.3493942788461538 0.5476410072115384 0.3289443173076923