3 0.7082366322115384 0.5162264206730769 0.682550875 0.3953844375 0.47607003124999997 0.43927329567307694 0.5017557884615385 0.56011528125 0.7082366322115384 0.5162264206730769
3 0.8794657355769231 0.38164325721153847 0.864435454326923 0.31093133894230773 0.6761420408653845 0.3509543389423077 0.6911723245192308 0.4216662596153846 0.8794657355769231 0.38164325721153847
3 0.8308199302884615 0.47142762740384614 0.8144035673076923 0.3941947235576923 0.6860216947115384 0.4214831322115385 0.7024380576923076 0.49871603846153845 0.8308199302884615 0.47142762740384614
3 1 0.4557146105769231 0.9761740408653845 0.34362228846153847 0.8025528413461539 0.38052661298076923 0.8282819134615385 0.5015723774038462 1 0.4650725721153846 1 0.4557146105769231
3 1 0.6022366033653846 0.8629014975961538 0.6313777908653846 0.8978999639423078 0.7960326346153846 1 0.7743306033653846 1 0.6022366033653846
3 0.9409643701923076 0.7949725432692307 0.9141524254807692 0.6688322596153846 0.7636093942307693 0.7008311682692308 0.7904213413461538 0.826971451923077 0.9409643701923076 0.7949725432692307
3 0.7943612235576923 0.859786048076923 0.7637375649038461 0.7157130576923076 0.59577128125 0.7514153942307692 0.6263949423076922 0.8954883846153846 0.7943612235576923 0.859786048076923
3 0.44147453605769227 0.5192555745192308 0.41765132211538464 0.4071761634615385 0.24494713701923077 0.4438855721153846 0.26877035096153845 0.5559649831730769 0.44147453605769227 0.5192555745192308
3 0.5055228269230769 0.8822038100961538 0.4642003798076923 0.6877969735576923 0.2807977043269231 0.7267804158653846 0.32212015144230766 0.9211872524038461 0.5055228269230769 0.8822038100961538
3 0.3327337860576923 0.904235108173077 0.3122025072115384 0.8076430336538463 0.27261809615384613 0.8160569591346154 0.293149375 0.9126490336538461 0.3327337860576923 0.904235108173077
3 0.05546066105769231 0.79618903125 0.0743459735576923 0.8850374399038461 0.1130133701923077 0.8768184302884615 0.09412805769230768 0.7879700240384615 0.05546066105769231 0.79618903125