1 0.5977648149038461 0.009068692307692307 0.5551764831730769 0.17988116826923078 0.8539972451923077 0.2543855504807692 0.8965855769230769 0.08357307451923077 0.5977648149038461 0.009068692307692307
3 0.45302452884615385 0.5250033100961539 0.47882953125 0.4215051009615385 0.2491423389423077 0.3642376514423077 0.2233373389423077 0.46773586057692307 0.45302452884615385 0.5250033100961539
3 0.6754831418269232 0.4975899591346154 0.6965001057692307 0.41329551923076924 0.5088085264423077 0.36649875240384616 0.4877915600961539 0.4507931923076923 0.6754831418269232 0.4975899591346154
3 0.6577450552884615 0.573254625 0.6768468028846153 0.49664169230769234 0.49006487740384613 0.4500717283653846 0.47096312740384616 0.5266846586538462 0.6577450552884615 0.573254625
3 0.7799424879807693 0.6050101322115384 0.8257564471153847 0.42126037980769226 0.6706607403846154 0.3825906778846154 0.62484678125 0.5663404302884616 0.7799424879807693 0.6050101322115384
3 0.9082659471153847 0.5760267932692308 0.9247972764423077 0.50972325 0.8338320528846155 0.4870430721153846 0.8173007235576922 0.5533466153846154 0.9082659471153847 0.5760267932692308
3 0.886172235576923 0.6355756971153846 0.9017459591346154 0.5731129086538462 0.8136613004807691 0.5511509375 0.798087576923077 0.6136137259615384 0.886172235576923 0.6355756971153846
3 0.96793646875 0.6505940288461538 0.9841653966346153 0.5855033605769231 0.9036611730769231 0.5654314014423076 0.8874322451923077 0.6305220721153847 0.96793646875 0.6505940288461538
3 0.9850413581730769 0.6123459447115385 0.9972886538461538 0.5632247235576924 0.9248196923076922 0.5451561826923077 0.9125723942307692 0.5942774038461539 0.9850413581730769 0.6123459447115385
3 0.9750649326923077 0.6568802908653846 0.9861026177884615 0.6126105480769231 0.9745803557692307 0.6097377235576923 0.963542670673077 0.6540074663461539 0.9750649326923077 0.6568802908653846
3 0.9349462163461539 0.8177876658653845 0.9544007692307692 0.73975971875 0.8567647620192307 0.715416326923077 0.8373102091346154 0.7934442740384615 0.9349462163461539 0.8177876658653845
3 0.8924514903846154 0.8170692548076922 0.9115532403846154 0.7404563197115385 0.7931468413461539 0.7109342884615385 0.7740450913461537 0.7875472235576922 0.8924514903846154 0.8170692548076922
3 0.8155538149038463 0.8270972283653847 0.8419132211538461 0.7213754254807692 0.6936399062499999 0.6844067355769231 0.6672804999999999 0.7901285384615384 0.8155538149038463 0.8270972283653847
3 0.7090501899038462 0.8428409951923077 0.7426672548076922 0.7080103173076923 0.636995985576923 0.6816635120192308 0.6033789206730769 0.8164941899038461 0.7090501899038462 0.8428409951923077
3 0.6323486850961538 0.7635980336538462 0.6621353197115384 0.6441303725961538 0.528871264423077 0.6109039110576924 0.4990846322115384 0.7303715721153845 0.6323486850961538 0.7635980336538462
3 0.600707701923077 0.8272078701923077 0.6205654567307692 0.7475627620192308 0.5010977956730769 0.7177761274038462 0.48124003846153846 0.7974212355769231 0.600707701923077 0.8272078701923077
3 0.4807986610576923 0.81856759375 0.5205645745192308 0.659075235576923 0.3722912572115385 0.6221065456730769 0.33252534615384616 0.7815989062500001 0.4807986610576923 0.81856759375
3 0.3437484663461538 0.7908384783653847 0.3807927548076923 0.6422619447115385 0.23130656971153846 0.6049908533653846 0.19426228125 0.7535673870192308 0.3437484663461538 0.7908384783653847
3 0.19733670432692307 0.7412365432692307 0.22596412740384614 0.62641821875 0.12029286057692307 0.6000714110576923 0.09166543509615385 0.7148897379807693 0.19733670432692307 0.7412365432692307
3 0 0.6855936418269231 0.06558466346153846 0.7019457355769231 0.09310327884615385 0.5915745961538461 0.0012284014423076923 0.5686676177884615 0 0.5735944663461539 0 0.6855936418269231
3 0.12432055048076923 0.4172828629807693 0.14422870673076923 0.33743561057692306 0.032796307692307694 0.30965239423076923 0.012888151442307693 0.3894996466346154 0.12432055048076923 0.4172828629807693
3 0.3741200769230769 0.47784719230769235 0.40315070432692307 0.3614117043269231 0.24001973557692308 0.32073858653846155 0.21098910817307692 0.4371740721153846 0.3741200769230769 0.47784719230769235