1 0.2 0.1070370360576923 0.2 0.040370370192307686 0.1545833341346154 0.040370370192307686 0.1545833341346154 0.1070370360576923 0.2 0.1070370360576923
1 0.1509375 0.14805555528846154 0.1509375 0.10833333413461539 0.12140625000000001 0.10833333413461539 0.12140625000000001 0.14805555528846154 0.1509375 0.14805555528846154
1 0.12140625000000001 0.17370370432692306 0.12140625000000001 0.12370370432692307 0.10625000000000001 0.12370370432692307 0.10625000000000001 0.17370370432692306 0.12140625000000001 0.17370370432692306
1 0.10770833413461538 0.18268518509615386 0.10770833413461538 0.14555555528846154 0.09687499999999999 0.14555555528846154 0.09687499999999999 0.18268518509615386 0.10770833413461538 0.18268518509615386
1 0.09687499999999999 0.19555555528846155 0.09687499999999999 0.15324074038461538 0.08244791586538461 0.15324074038461538 0.08244791586538461 0.19555555528846155 0.09687499999999999 0.19555555528846155
4 0.0009375000000000001 0.3147222211538461 0.0009375000000000001 0.4455555552884615 0.08604166586538461 0.4455555552884615 0.08604166586538461 0.3147222211538461 0.0009375000000000001 0.3147222211538461
4 0.09833333413461538 0.4506481490384615 0.09833333413461538 0.32240740625 0.0803125 0.32240740625 0.0803125 0.4506481490384615 0.09833333413461538 0.4506481490384615
3 0.8875 0.5642592596153846 0.8875 0.1832407403846154 0.59171875 0.1832407403846154 0.59171875 0.5642592596153846 0.8875 0.5642592596153846
3 0.9988541658653846 0.6298148149038462 0.9988541658653846 0.4369444447115385 0.7975520841346154 0.4369444447115385 0.7975520841346154 0.6298148149038462 0.9988541658653846 0.6298148149038462
3 0.59609375 0.29444444471153847 0.59609375 0.21111111057692306 0.5119270841346154 0.21111111057692306 0.5119270841346154 0.29444444471153847 0.59609375 0.29444444471153847
3 0.59609375 0.3683333341346154 0.59609375 0.2963888894230769 0.5119270841346154 0.2963888894230769 0.5119270841346154 0.3683333341346154 0.59609375 0.3683333341346154
3 0.60140625 0.4403703701923077 0.60140625 0.36268518509615383 0.51296875 0.36268518509615383 0.51296875 0.4403703701923077 0.60140625 0.4403703701923077
3 0.60140625 0.5066666658653847 0.60140625 0.4271296298076923 0.5119270841346154 0.4271296298076923 0.5119270841346154 0.5066666658653847 0.60140625 0.5066666658653847
3 0.8476041658653847 0.953796295673077 0.8476041658653847 0.6393518509615385 0.5566666658653846 0.6393518509615385 0.5566666658653846 0.953796295673077 0.8476041658653847 0.953796295673077
3 0.8380208341346154 0.9969444447115384 0.8380208341346154 0.811203704326923 0.5609375 0.811203704326923 0.5609375 0.9969444447115384 0.8380208341346154 0.9969444447115384
3 1 0.8087962956730769 0.7780208341346154 0.8087962956730769 0.7780208341346154 0.9963888894230769 1 0.9963888894230769 1 0.8087962956730769
3 0.6866666658653846 0.9045370360576922 0.6866666658653846 0.5767592596153845 0.49911458413461535 0.5767592596153845 0.49911458413461535 0.9045370360576922 0.6866666658653846 0.9045370360576922
3 0.5450520841346154 0.83259259375 0.5450520841346154 0.5432407403846153 0.40640624999999997 0.5432407403846153 0.40640624999999997 0.83259259375 0.5450520841346154 0.83259259375
3 0.41703125 0.7529629639423077 0.41703125 0.6165740745192309 0.3808333341346154 0.6165740745192309 0.3808333341346154 0.7529629639423077 0.41703125 0.7529629639423077
3 0.40958333413461534 0.5995370360576924 0.40958333413461534 0.4896296298076923 0.31151041586538464 0.4896296298076923 0.31151041586538464 0.5995370360576924 0.40958333413461534 0.5995370360576924
3 0.40744791586538465 0.6601851850961539 0.40744791586538465 0.5711111105769231 0.31151041586538464 0.5711111105769231 0.31151041586538464 0.6601851850961539 0.40744791586538465 0.6601851850961539
3 0.31578125 0.5691666658653847 0.31578125 0.48777777884615386 0.2667708341346154 0.48777777884615386 0.2667708341346154 0.5691666658653847 0.31578125 0.5691666658653847
3 0.31578125 0.6355555552884616 0.31578125 0.5464814807692308 0.27744791586538464 0.5464814807692308 0.27744791586538464 0.6355555552884616 0.31578125 0.6355555552884616
3 0.2838020841346154 0.5937962956730769 0.2838020841346154 0.5388888894230769 0.2518229158653846 0.5388888894230769 0.2518229158653846 0.5937962956730769 0.2838020841346154 0.5937962956730769
3 0.27635416586538464 0.5711111105769231 0.27635416586538464 0.5142592596153845 0.22734375 0.5142592596153845 0.22734375 0.5711111105769231 0.27635416586538464 0.5711111105769231
3 0.23052083413461538 0.5597222211538462 0.23052083413461538 0.5142592596153845 0.2049479158653846 0.5142592596153845 0.2049479158653846 0.5597222211538462 0.23052083413461538 0.5597222211538462
3 0.4138541658653846 0.3664814807692308 0.4138541658653846 0.29064814903846153 0.2678125 0.29064814903846153 0.2678125 0.3664814807692308 0.4138541658653846 0.3664814807692308
3 0.46499999999999997 0.4479629639423077 0.46499999999999997 0.3588888894230769 0.3211458341346154 0.3588888894230769 0.3211458341346154 0.4479629639423077 0.46499999999999997 0.4479629639423077
3 0.3243229158653846 0.43092592548076925 0.3243229158653846 0.3570370360576923 0.27421875 0.3570370360576923 0.27421875 0.43092592548076925 0.3243229158653846 0.43092592548076925
3 0.3434895841346154 0.41009259375 0.3434895841346154 0.2641666658653846 0.2230729158653846 0.2641666658653846 0.2230729158653846 0.41009259375 0.3434895841346154 0.41009259375
3 0.21348958413461538 0.3778703701923077 0.21348958413461538 0.34750000000000003 0.1761979158653846 0.34750000000000003 0.1761979158653846 0.3778703701923077 0.21348958413461538 0.3778703701923077
3 0.2720833341346154 0.4536111105769231 0.2720833341346154 0.4081481490384615 0.17833333413461538 0.4081481490384615 0.17833333413461538 0.4536111105769231 0.2720833341346154 0.4536111105769231
3 0.27421875 0.4914814807692308 0.27421875 0.4441666658653846 0.18364583413461538 0.4441666658653846 0.18364583413461538 0.4914814807692308 0.27421875 0.4914814807692308
3 0.23796875 0.5370370360576924 0.23796875 0.4896296298076923 0.19005208413461538 0.4896296298076923 0.19005208413461538 0.5370370360576924 0.23796875 0.5370370360576924
3 0.18255208413461538 0.4385185192307692 0.18255208413461538 0.40055555528846154 0.1697916658653846 0.40055555528846154 0.1697916658653846 0.4385185192307692 0.18255208413461538 0.4385185192307692
3 0.1879166658653846 0.46879629567307696 0.1879166658653846 0.4403703701923077 0.17192708413461538 0.4403703701923077 0.17192708413461538 0.46879629567307696 0.1879166658653846 0.46879629567307696
3 0.18895833413461538 0.5086111105769231 0.18895833413461538 0.47259259375 0.17083333413461538 0.47259259375 0.17083333413461538 0.5086111105769231 0.18895833413461538 0.5086111105769231
3 0.17510416586538463 0.49342592548076925 0.17510416586538463 0.45740740625000004 0.1580729158653846 0.45740740625000004 0.1580729158653846 0.49342592548076925 0.17510416586538463 0.49342592548076925
3 0.21239583413461538 0.33620370432692304 0.21239583413461538 0.29444444471153847 0.1463541658653846 0.29444444471153847 0.1463541658653846 0.33620370432692304 0.21239583413461538 0.33620370432692304
3 0.1815104158653846 0.38731481490384617 0.1815104158653846 0.33620370432692304 0.15057291586538463 0.33620370432692304 0.15057291586538463 0.38731481490384617 0.1815104158653846 0.38731481490384617
3 0.14953125 0.33990740625 0.14953125 0.30203703605769233 0.1346354158653846 0.30203703605769233 0.1346354158653846 0.33990740625 0.14953125 0.33990740625
3 0.1527083341346154 0.37972222115384613 0.1527083341346154 0.3418518509615385 0.1409895841346154 0.3418518509615385 0.1409895841346154 0.37972222115384613 0.1527083341346154 0.37972222115384613
3 0.14526041586538463 0.3721296298076923 0.14526041586538463 0.3418518509615385 0.12822916586538463 0.3418518509615385 0.12822916586538463 0.3721296298076923 0.14526041586538463 0.3721296298076923
3 0.13354166586538463 0.3304629639423077 0.13354166586538463 0.3058333341346154 0.12395833413461539 0.3058333341346154 0.12395833413461539 0.3304629639423077 0.13354166586538463 0.3304629639423077
3 0.13671875 0.3588888894230769 0.13671875 0.2868518509615385 0.10901041586538461 0.2868518509615385 0.10901041586538461 0.3588888894230769 0.13671875 0.3588888894230769
3 0.11541666586538463 0.35129629567307696 0.11541666586538463 0.31722222115384613 0.08557291586538461 0.31722222115384613 0.08557291586538461 0.35129629567307696 0.11541666586538463 0.35129629567307696
3 0.14515625 0.4235185192307692 0.14515625 0.3945370360576923 0.10859374999999999 0.3945370360576923 0.10859374999999999 0.4235185192307692 0.14515625 0.4235185192307692
3 0.14526041586538463 0.4573148149038462 0.14526041586538463 0.4233333341346154 0.11505208413461537 0.4233333341346154 0.11505208413461537 0.4573148149038462 0.14526041586538463 0.4573148149038462
3 0.11114583413461537 0.4385185192307692 0.11114583413461537 0.4032407403846153 0.09494791586538462 0.4032407403846153 0.09494791586538462 0.4385185192307692 0.11114583413461537 0.4385185192307692