1 0 0.8334501033653846 0.1001435 0.8511081033653846 0.12231981971153846 0.7253399447115385 0 0.7037716610576923 0 0.8334501033653846
1 0.5835245048076924 0.8172401346153847 0.6165900096153846 0.6297163245192308 0.1757346658653846 0.5519816322115385 0.14266915865384616 0.7395054423076922 0.5835245048076924 0.8172401346153847
1 0.28988192307692306 0 0.2685592716346154 0.12092676442307693 0.5949307163461538 0.17847485576923078 0.6166367379807693 0.05537388701923077 0.3025958197115385 0 0.28988192307692306 0
1 0.7813041658653846 0.29214856009615386 0.7989583990384616 0.1920264375 0.5996887043269231 0.15688981249999998 0.5820344735576923 0.25701193509615383 0.7813041658653846 0.29214856009615386
1 0.8439454615384616 0.33640681971153846 0.8548346490384616 0.27465116826923075 0.7826667067307693 0.26192601442307695 0.7717775192307692 0.32368166586538466 0.8439454615384616 0.33640681971153846
1 0.7104391658653846 0.6661499014423077 0.7265016225961538 0.5750551850961538 0.6215580456730769 0.5565508004807692 0.6054955889423077 0.6476455192307693 0.7104391658653846 0.6661499014423077
1 0.7995983317307692 0.6275034350961538 0.8102342836538461 0.5671839591346154 0.7265256250000001 0.5524238629807692 0.7158896730769231 0.6127433389423077 0.7995983317307692 0.6275034350961538
1 0.8585905961538463 0.5970767524038462 0.8658621129807693 0.5558379278846154 0.813851954326923 0.5466671322115384 0.8065804375 0.5879059567307693 0.8585905961538463 0.5970767524038462
1 0.9041079014423077 0.3893245264423077 0.9106920625 0.3519838966346154 0.8606822932692307 0.3431658245192307 0.8540981322115384 0.3805064543269231 0.9041079014423077 0.3893245264423077
1 0.9308125144230769 0.4124378774038462 0.936673139423077 0.37920061538461536 0.9049746394230769 0.37361131490384614 0.8991140144230769 0.4068485769230769 0.9308125144230769 0.4124378774038462
1 0.894748 0.5782781586538461 0.9006448028846153 0.5448357283653846 0.8669459110576923 0.5388937067307692 0.861049108173077 0.5723361346153847 0.894748 0.5782781586538461
1 0.9185422932692308 0.5666076923076923 0.9231005576923077 0.5407564903846154 0.8990958701923077 0.5365238149038462 0.8945376033653846 0.5623750192307692 0.9185422932692308 0.5666076923076923
1 0.9309685865384616 0.5582214230769231 0.9343691971153846 0.5389356057692308 0.9228284807692309 0.5369006658653845 0.9194278701923077 0.5561864855769231 0.9309685865384616 0.5582214230769231
1 0.9583295408653847 0.5497184254807692 0.9610427956730769 0.5343308028846153 0.9495020793269231 0.5322958629807693 0.9467888269230769 0.547683485576923 0.9583295408653847 0.5497184254807692
1 0.9464997187499999 0.42155037019230773 0.9505876875 0.3983663533653846 0.9318147884615384 0.39505618509615387 0.9277268221153846 0.4182402019230769 0.9464997187499999 0.42155037019230773
1 0.8394888269230769 0.05214773317307692 0.8262119783653846 0.1274444951923077 0.8957640240384616 0.13970839663461537 0.909040875 0.06441163701923078 0.8394888269230769 0.05214773317307692
1 0.9268178557692307 0.19574380769230768 0.9380326346153847 0.13214163942307694 0.8958705528846154 0.12470732692307693 0.8846557740384615 0.1883094951923077 0.9268178557692307 0.19574380769230768