1 0.7577175649038461 0.04634673317307692 0.7359722956730769 0.1405358389423077 0.9456141057692308 0.1889354639423077 0.9673593749999999 0.09474636057692307 0.7577175649038461 0.04634673317307692
1 0.7119306514423077 0.2446716394230769 0.7450640673076923 0.10115505048076923 0.40784067788461537 0.023300896634615383 0.37470726201923077 0.16681748557692308 0.7119306514423077 0.2446716394230769
1 0.10228204086538462 0 0.10035841826923077 0.008332122596153846 0.3993682331730769 0.07736397836538461 0.4172291153846154 0 0.10228204086538462 0
1 0 0.7089207644230769 0.19703646874999997 0.7544102163461539 0.22398372836538463 0.6376888028846154 0 0.5859780841346154 0 0.7089207644230769
1 0.6219300625 0.5997772475961539 0.6483149471153846 0.4854917572115385 0.25689222115384613 0.3951247019230769 0.23050733894230768 0.5094101899038461 0.6219300625 0.5997772475961539
1 0.5591983605769231 0.7805060865384615 0.594393826923077 0.6280577692307693 0.23433363942307692 0.5449313245192308 0.19913817307692308 0.6973796418269231 0.5591983605769231 0.7805060865384615
1 0.7484986971153845 0.6905761634615384 0.7670102932692308 0.6103936274038462 0.6316642019230769 0.5791465216346153 0.6131526057692308 0.6593290576923077 0.7484986971153845 0.6905761634615384
1 0.9025784759615385 0.39687571875 0.9169191057692309 0.3347596274038462 0.8063890024038461 0.3092417403846154 0.7920483725961538 0.37135783173076925 0.9025784759615385 0.39687571875
1 0.8901425889423076 0.6285579182692308 0.9000310625 0.5857262331730769 0.7779303149038461 0.5575370552884615 0.7680418413461538 0.6003687379807693 0.8901425889423076 0.6285579182692308
1 0.9180762620192309 0.6082802451923077 0.9235125793269231 0.58473296875 0.9028072163461538 0.5799527572115385 0.8973708990384615 0.6035000360576923 0.9180762620192309 0.6082802451923077
1 0.933049014423077 0.4246502908653846 0.9421407860576922 0.3852695 0.9100170240384616 0.37785314663461544 0.9009252524038461 0.41723393509615386 0.933049014423077 0.4246502908653846
1 0.9665136177884615 0.24635858413461537 0.9821664615384615 0.17855866826923078 0.9480635096153847 0.1706853798076923 0.9324106658653846 0.23848529567307694 0.9665136177884615 0.24635858413461537
1 0.9803886322115385 0.27864049999999996 0.9915893197115384 0.23012499038461537 0.9686002764423077 0.22481755288461538 0.9573995889423077 0.2733330600961538 0.9803886322115385 0.27864049999999996
1 1 0.3015560889423077 0.9909738100961539 0.2994722283653846 0.9823975504807693 0.33662008653846154 1 0.3406839326923077 1 0.3015560889423077
1 0.9882916490384616 0.3020602019230769 0.9951339110576923 0.2724231153846154 0.9809750961538461 0.2691542932692308 0.9741328341346154 0.29879138221153845 0.9882916490384616 0.3020602019230769
1 0.9488581826923077 0.43813553846153847 0.9558410384615385 0.40788946875 0.9358968990384615 0.4032850024038461 0.9289140456730769 0.4335310721153846 0.9488581826923077 0.43813553846153847
1 0.9595262211538462 0.44957861057692305 0.9652905937499999 0.4246103774038461 0.9518930048076922 0.42151730048076924 0.9461286346153847 0.44648553365384613 0.9595262211538462 0.44957861057692305
1 0.9735084447115384 0.4626420769230769 0.9781011971153847 0.4427486875 0.9654648341346154 0.4398313533653846 0.9608720841346153 0.45972474278846154 0.9735084447115384 0.4626420769230769