1 0.4608139254807692 0.6721287932692307 0.4548861826923077 0.6299507067307691 0.3695787139423077 0.6419398894230769 0.37550645673076927 0.6841179759615384 0.4608139254807692 0.6721287932692307
1 0.5417373942307692 0.6607557403846154 0.5364668581730769 0.6232539230769232 0.45554338942307687 0.6346269735576923 0.4608139254807692 0.6721287932692307 0.5417373942307692 0.6607557403846154
1 0.628798985576923 0.6421618605769231 0.6213248750000001 0.5889807956730769 0.5377710072115385 0.6007235264423076 0.5452451177884615 0.6539045889423077 0.628798985576923 0.6421618605769231
1 0.967858170673077 0.6487416778846153 0.9533480865384616 0.5454970649038462 0.8750550168269231 0.5565004375 0.8895651009615384 0.6597450504807691 0.967858170673077 0.6487416778846153
1 1 0.5549295024038462 0.9476088870192307 0.5622925913461538 0.9636395649038462 0.6763568028846154 1 0.6712466754807692 1 0.5549295024038462
1 1 0.6983624182692308 0.9726889951923077 0.7022007307692307 0.9858846658653846 0.7960928125 1 0.79410903125 1 0.6983624182692308
1 0.9843285600961539 0.74684865625 0.9698184759615385 0.6436040432692308 0.8906486081730769 0.6547306442307692 0.9051586923076923 0.7579752572115385 0.9843285600961539 0.74684865625
1 0.8952743028846153 0.6940061346153846 0.8829677908653846 0.6064407644230769 0.8170014951923077 0.6157117211538462 0.8293080072115384 0.7032770913461538 0.8952743028846153 0.6940061346153846
1 0.8854091225961539 0.55345571875 0.8781540817307693 0.5018334110576923 0.8069269855769231 0.5118437259615385 0.8141820288461539 0.5634660336538462 0.8854091225961539 0.55345571875
1 0.8187856201923077 0.5580504110576923 0.8106543028846154 0.5001930817307693 0.7323612355769231 0.5111964543269231 0.7404925528846154 0.5690537836538462 0.8187856201923077 0.5580504110576923
1 0.8161660096153847 0.5839447716346153 0.8082537620192307 0.5276461971153846 0.7308374903846153 0.5385263461538462 0.7387497403846154 0.5948249182692308 0.8161660096153847 0.5839447716346153
1 0.740510610576923 0.3502552716346154 0.7339514326923078 0.30358430528846153 0.7021803341346153 0.3080494423076923 0.7087395120192308 0.3547204086538462 0.740510610576923 0.3502552716346154
1 0.7834490192307692 0.33206534134615384 0.7767352043269231 0.2842940745192308 0.7321215649038462 0.29056411298076923 0.7388353798076923 0.33833537980769235 0.7834490192307692 0.33206534134615384
1 0.7724432932692308 0.2627371610576923 0.7651109326923078 0.21056470432692306 0.7156491081730769 0.21751611057692305 0.72298146875 0.2696885673076923 0.7724432932692308 0.2627371610576923
1 0.9111242980769231 0.18518173076923078 0.8988177884615385 0.09761635817307691 0.805567545673077 0.11072182451923077 0.8178740552884616 0.19828719711538462 0.9111242980769231 0.18518173076923078
1 0.9690638629807692 0.25689003365384616 0.9561388052884615 0.16492347115384615 0.8854274759615385 0.17486130048076923 0.8983525336538462 0.2668278629807692 0.9690638629807692 0.25689003365384616
1 0.9205027259615384 0.2867164855769231 0.9086343533653847 0.202268625 0.8199744134615384 0.21472896634615385 0.8318427884615385 0.2991768269230769 0.9205027259615384 0.2867164855769231
1 0.83656109375 0.3099210240384615 0.8286617307692308 0.2537141418269231 0.7801282788461539 0.2605350745192308 0.7880276418269231 0.31674195673076927 0.83656109375 0.3099210240384615
1 0.7287332163461537 0 0.7360867836538462 0.05232334855769231 0.8155145336538462 0.0411605048076923 0.8097298028846154 0 0.7287332163461537 0
1 0.7507680625 0.11225222115384616 0.7376497091346154 0.018910286057692308 0.6936549879807692 0.025093341346153843 0.7067733413461539 0.1184352764423077 0.7507680625 0.11225222115384616
1 0.6882875168269231 0 0.6904709663461539 0.015536055288461538 0.7289470096153846 0.010128598557692308 0.7275235264423077 0 0.6882875168269231 0
1 0.7131980841346154 0.07545618990384616 0.7044997668269232 0.013564435096153847 0.6605050432692308 0.019747490384615388 0.6692033629807692 0.08163924519230768 0.7131980841346154 0.07545618990384616
1 0.7264600096153846 0.14773987259615384 0.7153261610576924 0.06851842548076924 0.6707640985576924 0.07478121634615385 0.6818979447115385 0.1540026610576923 0.7264600096153846 0.14773987259615384
1 0.6589919975961538 0 0.6617428774038461 0.019573524038461538 0.7020756706730769 0.013905120192307692 0.7001214326923078 0 0.6589919975961538 0
1 0.19596541586538463 0.5940621778846154 0.18651968509615385 0.5268523173076923 0.07305146875 0.542799233173077 0.08249719711538463 0.61000909375 0.19596541586538463 0.5940621778846154
1 0.2606054591346154 0.5626305 0.2533633028846154 0.5110998822115385 0.17507023557692308 0.5221032572115385 0.18231238942307693 0.573633875 0.2606054591346154 0.5626305
1 0.3050077932692308 0.6169798149038462 0.2973146129807692 0.5622399951923077 0.24805909134615384 0.56916240625 0.2557522716346154 0.6239022259615384 0.3050077932692308 0.6169798149038462
1 0.3199447019230769 0.7041755048076923 0.3109371105769231 0.6400831538461538 0.2634351875 0.6467591153846153 0.27244278125 0.7108514663461538 0.3199447019230769 0.7041755048076923
1 0.33422440625 0.7866949326923076 0.3234513774038461 0.7100408485576923 0.2680582572115385 0.7178258437499999 0.2788312860576923 0.7944799278846154 0.33422440625 0.7866949326923076
1 0.15161187740384616 0.8858524543269231 0.13339050961538462 0.7562006923076924 0.03854139663461539 0.7695308653846153 0.05676276442307692 0.8991826298076924 0.15161187740384616 0.8858524543269231
1 0.1732293581730769 1 0.16345774759615386 0.9304713918269231 0.06314153125000001 0.9445699158653846 0.07093172115384615 1 0.1732293581730769 1
1 0 0.4073889711538462 0.07025257451923077 0.39751561538461544 0.05695381009615385 0.30289 0 0.31089433653846155 0 0.4073889711538462
1 0 0.26133798317307694 0.05316703365384615 0.25386584375 0.03646625961538462 0.13503367548076922 0 0.14015867307692306 0 0.26133798317307694
1 0.15594106490384615 0.2995440360576923 0.13695939903846155 0.1644824735576923 0.03561165144230769 0.17872597115384614 0.054593317307692305 0.31378753365384615 0.15594106490384615 0.2995440360576923
1 0.17142974278846154 0.41910756730769233 0.15782170673076923 0.3222813581730769 0.06029061778846154 0.3359884591346154 0.07389865384615385 0.43281466826923076 0.17142974278846154 0.41910756730769233
1 0.22370988221153845 0.3221846298076923 0.21168687259615385 0.23663647115384615 0.14200706971153848 0.24642932932692307 0.1540300793269231 0.3319774879807692 0.22370988221153845 0.3221846298076923
1 0.2325324951923077 0.4403474519230769 0.21987805048076922 0.3503064110576923 0.1654133076923077 0.35796093269230767 0.17806775 0.4480019735576923 0.2325324951923077 0.4403474519230769
1 0.2714600841346154 0.4317909519230769 0.26245249278846156 0.36769860096153845 0.2228417692307692 0.3732655240384615 0.23184936298076925 0.437357875 0.2714600841346154 0.4317909519230769
1 0.33018448557692304 0.5240530192307692 0.32579022355769227 0.4927862211538461 0.28004189903846155 0.49921572836538464 0.2844361610576923 0.5304825264423078 0.33018448557692304 0.5240530192307692
1 0.37302018509615387 0.656697139423077 0.36753057932692307 0.6176365673076922 0.32797143269230766 0.6231962427884615 0.3334610384615385 0.6622568149038461 0.37302018509615387 0.656697139423077
1 0.37676907692307693 0.696095858173077 0.3692949663461539 0.642914795673077 0.3341198197115384 0.6478583413461538 0.3415939302884615 0.7010394014423077 0.37676907692307693 0.696095858173077
1 0.17828168509615386 0.04310585096153847 0.1912454014423077 0.13534748798076923 0.22905094711538462 0.13003426442307692 0.21608723076923075 0.03779262980769231 0.17828168509615386 0.04310585096153847
1 0.12524831730769231 0.04896966105769231 0.12964257932692308 0.08023645913461538 0.18158007692307693 0.07293712019230769 0.1771858173076923 0.041670322115384614 0.12524831730769231 0.04896966105769231
1 0.2721501802884615 0.19419748076923077 0.25895450961538463 0.10030539663461538 0.2229025625 0.10537216826923078 0.23609823317307693 0.19926425240384615 0.2721501802884615 0.19419748076923077
4 0.73171646875 0.3557923269230769 0.712953872596154 0.22228951923076926 0.6313599110576923 0.23375680288461537 0.6501225072115384 0.3672596105769231 0.73171646875 0.3557923269230769
4 0.7282864326923076 0.3587054519230769 0.7165855841346154 0.2754495817307692 0.6514960889423077 0.28459731490384615 0.6631969399038462 0.3678531826923077 0.7282864326923076 0.3587054519230769
4 0.6574845288461538 0.3724896153846154 0.6419950769230769 0.2622764471153846 0.6220349879807692 0.26508165384615384 0.6375244375 0.3752948245192308 0.6574845288461538 0.3724896153846154
4 0.6765023846153846 0.5377474158653845 0.6592088365384616 0.41469743990384617 0.6416728389423076 0.4171619615384615 0.6589663870192308 0.5402119399038462 0.6765023846153846 0.5377474158653845
4 0.6892411514423077 0.5434373028846153 0.6713419447115385 0.41607782692307693 0.6582931009615384 0.41791172115384617 0.6761923076923076 0.5452711971153846 0.6892411514423077 0.5434373028846153
4 0.7880281802884616 0.46643946634615385 0.7781443149038462 0.3961120985576923 0.6710200024038462 0.4111674375 0.6809038677884616 0.4814948076923077 0.7880281802884616 0.46643946634615385
4 0.7584940024038461 0.5511894254807692 0.7476436562500001 0.47398519471153844 0.6808005600961539 0.4833793798076923 0.6916509086538463 0.5605836105769231 0.7584940024038461 0.5511894254807692
4 0.262234375 0.9795164591346153 0.20228684855769233 0.5529676586538461 0.09603933894230769 0.5678997740384616 0.15598686298076922 0.9944485745192307 0.262234375 0.9795164591346153
4 0.3109056105769231 0.8655222379807692 0.2637929375 0.5302981586538462 0.18580932692307692 0.5412580408653846 0.232922 0.8764821201923076 0.3109056105769231 0.8655222379807692
4 0.3619128629807692 0.7247384879807692 0.33129478124999995 0.5068795144230769 0.2875579423076923 0.5130263245192308 0.3181760240384615 0.7308853004807693 0.3619128629807692 0.7247384879807692
3 0.5348430192307693 0.30108533413461536 0.5381419375 0.32455835576923076 0.5740391538461538 0.3195133317307692 0.5749416346153846 0.32069553125000005 0.5754832956730769 0.3193103701923077 0.5721843774038462 0.2958373485576923 0.5348430192307693 0.30108533413461536
3 0.5802903870192307 0.3479010769230769 0.5773522860576923 0.32699541826923073 0.5399593509615385 0.3322506538461539 0.5428974495192308 0.3531563125 0.5802903870192307 0.3479010769230769
3 0.5830351899038462 0.3674313653846154 0.5802903870192307 0.3479010769230769 0.5443415913461538 0.35295335096153846 0.5470863942307692 0.37248363942307694 0.5830351899038462 0.3674313653846154
3 0.5839230216346154 0.3898407043269231 0.5808174014423076 0.3677430552884615 0.5470863942307692 0.37248363942307694 0.5501920168269231 0.39458128846153845 0.5839230216346154 0.3898407043269231
3 0.5875956466346154 0.41597277644230773 0.5844771370192308 0.3937834375 0.5522418485576923 0.3983138125 0.5553603557692308 0.4205031514423077 0.5875956466346154 0.41597277644230773
3 0.5910749735576923 0.4407294783653847 0.5883172836538462 0.4211075 0.5545862788461539 0.4258480841346154 0.5573439663461538 0.44547006250000004 0.5910749735576923 0.4407294783653847
3 0.5941805961538461 0.4628271274038462 0.5910749735576923 0.4407294783653847 0.5558998245192307 0.4456730216346154 0.5590054471153846 0.4677706706730769 0.5941805961538461 0.4628271274038462
3 0.59621578125 0.4877867884615385 0.592736454326923 0.46303008653846156 0.5590054471153846 0.4677706706730769 0.5624847740384615 0.49252737259615387 0.59621578125 0.4877867884615385
3 0.5998755192307692 0.513827173076923 0.59621578125 0.4877867884615385 0.5624847740384615 0.49252737259615387 0.5661445120192308 0.5185677572115385 0.5998755192307692 0.513827173076923
3 0.6062431298076923 0.5381779543269231 0.6029570961538462 0.5147966225961539 0.5663378076923077 0.5199431274038462 0.5696238389423077 0.5433244591346154 0.6062431298076923 0.5381779543269231
3 0.6111915048076922 0.5733874831730769 0.6062431298076923 0.5381779543269231 0.5666839807692308 0.5437376298076922 0.5716323581730769 0.5789471610576923 0.6111915048076922 0.5733874831730769
3 0.6150445384615385 0.6008032379807692 0.6111915048076922 0.5733874831730769 0.5716323581730769 0.5789471610576923 0.5754853918269232 0.6063629158653846 0.6150445384615385 0.6008032379807692
3 0.5450881370192308 0.3687438629807692 0.5408742860576923 0.33876075 0.5034813509615385 0.3440159831730769 0.5076952019230769 0.3739990985576923 0.5450881370192308 0.3687438629807692
3 0.5482066466346154 0.390933204326923 0.5450881370192308 0.3687438629807692 0.5069731322115385 0.3741005793269231 0.5100916418269231 0.3962899206730769 0.5482066466346154 0.390933204326923
3 0.5534909326923076 0.4180543076923077 0.5498311971153846 0.39201392548076924 0.5102720504807693 0.39757360096153843 0.5139317884615384 0.42361398317307697 0.5534909326923076 0.4180543076923077
3 0.5571506706730769 0.44409468990384615 0.5534909326923076 0.4180543076923077 0.5124876466346154 0.42381694230769235 0.5161473846153846 0.4498573269230769 0.5571506706730769 0.44409468990384615
3 0.559185858173077 0.4690543533653846 0.5557065288461538 0.4442976514423077 0.5161473846153846 0.4498573269230769 0.5196267115384615 0.47461402884615383 0.559185858173077 0.4690543533653846
3 0.5637734134615384 0.5016965216346153 0.5593791538461539 0.4704297235576923 0.52198621875 0.4756849591346154 0.5263804807692307 0.5069517572115385 0.5637734134615384 0.5016965216346153
3 0.56466125 0.5241058605769231 0.5615556274038462 0.5020082115384615 0.5263804807692307 0.5069517572115385 0.5294861033653846 0.5290494038461538 0.56466125 0.5241058605769231
3 0.5696362932692307 0.5486523533653846 0.5661569663461539 0.5238956514423078 0.531703891826923 0.5287377139423077 0.5351832187500001 0.5534944158653846 0.5696362932692307 0.5486523533653846
3 0.5774978629807692 0.5941117524038462 0.5716345504807692 0.552392125 0.5298576177884615 0.5582634903846154 0.5357209278846153 0.5999831177884615 0.5774978629807692 0.5941117524038462
3 0.5824208990384615 0.6239016971153847 0.5782199326923076 0.5940102716346154 0.5357209278846153 0.5999831177884615 0.5399218942307692 0.6298745432692308 0.5824208990384615 0.6239016971153847
3 0.5033258485576924 0.35338809374999997 0.4981970625 0.3168948798076923 0.4556980576923077 0.32286772596153845 0.46082684615384617 0.3593609375 0.5033258485576924 0.35338809374999997
3 0.5055023245192308 0.3849665769230769 0.5011080625 0.35369978365384613 0.46082684615384617 0.3593609375 0.46522110576923076 0.3906277331730769 0.5055023245192308 0.3849665769230769
3 0.5091620625 0.4110069615384615 0.5053219158653847 0.38368289903846153 0.4664848389423077 0.38914109375000006 0.47032498557692304 0.41646515625 0.5091620625 0.4110069615384615
3 0.5135438677884616 0.4369458629807692 0.5098841322115384 0.4109054831730769 0.47032498557692304 0.41646515625 0.47398472355769233 0.44250553846153845 0.5135438677884616 0.4369458629807692
3 0.5172164927884615 0.4630779375 0.5135438677884616 0.4369458629807692 0.47470679326923076 0.44240406009615385 0.4783794158653846 0.4685361346153846 0.5172164927884615 0.4630779375
3 0.5223719447115385 0.48890811057692307 0.5187122091346154 0.46286772836538465 0.4783794158653846 0.4685361346153846 0.48203915384615387 0.49457651442307693 0.5223719447115385 0.48890811057692307
3 0.5263925024038462 0.5175158557692308 0.5221915360576923 0.48762443028846153 0.4804146009615385 0.49349579567307694 0.4846155673076923 0.5233872211538462 0.5263925024038462 0.5175158557692308
3 0.5250754350961538 0.5403285745192308 0.5219569278846155 0.5181392355769231 0.4846155673076923 0.5233872211538462 0.48773407692307696 0.5455765600961539 0.5250754350961538 0.5403285745192308
3 0.5318678942307693 0.5725673629807692 0.5272932235576924 0.5400168846153846 0.4884561490384615 0.5454750793269231 0.49303081971153845 0.5780255576923077 0.5318678942307693 0.5725673629807692
3 0.5336835504807692 0.6015784903846154 0.5303846322115384 0.57810546875 0.49082548557692307 0.5836651442307692 0.49412440384615386 0.6071381658653846 0.5336835504807692 0.6015784903846154
3 0.5371628774038462 0.6263351923076923 0.5336835504807692 0.6015784903846154 0.49634218990384615 0.6068264759615385 0.49982151682692305 0.6315831778846154 0.5371628774038462 0.6263351923076923
3 0.49670081730769233 0.6359488677884616 0.4926802620192308 0.607341125 0.44868553846153847 0.6135241802884616 0.45270609615384616 0.6421319230769231 0.49670081730769233 0.6359488677884616
3 0.4505318125 0.5839984038461539 0.45456525721153845 0.6126978413461539 0.49706426201923076 0.6067249951923077 0.49303081971153845 0.5780255576923077 0.4505318125 0.5839984038461539
3 0.4490507427884615 0.5629814759615385 0.45197595432692306 0.5837954423076923 0.49303081971153845 0.5780255576923077 0.49010560817307697 0.5572115913461538 0.4490507427884615 0.5629814759615385
3 0.44392195673076923 0.5264882620192307 0.4488703317307693 0.5616977932692307 0.49064726682692306 0.5558264278846153 0.48569888942307693 0.5206168966346154 0.44392195673076923 0.5264882620192307
3 0.4417183822115385 0.5108090192307693 0.44392195673076923 0.5264882620192307 0.48569888942307693 0.5206168966346154 0.4834953173076923 0.5049376538461539 0.4417183822115385 0.5108090192307693
3 0.43879317067307694 0.48999505048076925 0.4417183822115385 0.5108090192307693 0.47983338942307696 0.5054523052884615 0.47690817548076925 0.4846383365384615 0.43879317067307694 0.48999505048076925
3 0.4333013725961538 0.4774895096153846 0.43513124278846155 0.4905097019230769 0.47690817548076925 0.4846383365384615 0.4750783076923077 0.47161814423076925 0.4333013725961538 0.4774895096153846
3 0.4300024543269231 0.4540164879807692 0.4333013725961538 0.4774895096153846 0.4758003774038461 0.4715166634615385 0.4725014591346154 0.4480436418269231 0.4300024543269231 0.4540164879807692
3 0.43643804567307687 0.4358140552884615 0.43882202884615384 0.4527769783653846 0.4725014591346154 0.4480436418269231 0.47011747596153847 0.43108071875 0.43643804567307687 0.4358140552884615
3 0.43329330288461537 0.4190515480769231 0.43566439903846155 0.4359227836538461 0.46573347596153847 0.4316968509615385 0.4633623774038461 0.4148256153846154 0.43329330288461537 0.4190515480769231
3 0.42856269711538464 0.4011093846153846 0.43112709134615385 0.41935599038461535 0.4633623774038461 0.4148256153846154 0.46079798557692303 0.3965790096153846 0.42856269711538464 0.4011093846153846
3 0.42490252644230775 0.38030520673076923 0.427840625 0.40121086538461537 0.4651819855769231 0.39596287980769235 0.46224388701923075 0.3750572211538462 0.42490252644230775 0.38030520673076923
3 0.4197719807692308 0.36513082451923073 0.4219626682692308 0.38071837499999994 0.46224388701923075 0.3750572211538462 0.46005319951923074 0.35946966826923077 0.4197719807692308 0.36513082451923073
3 0.4179421129807693 0.3521106322115385 0.4197719807692308 0.36513082451923073 0.45566919711538467 0.3600857980769231 0.45383932932692306 0.34706560576923073 0.4179421129807693 0.3521106322115385
3 0.42232830288461537 0.32493946875 0.4259880408653846 0.3509798509615385 0.45383932932692306 0.34706560576923073 0.45017959375 0.3210252235576923 0.42232830288461537 0.32493946875
3 0.4184588653846154 0.3400696802884615 0.4135104879807692 0.30486014663461536 0.3710114831730769 0.31083299278846155 0.3759598605769231 0.34604252644230765 0.4184588653846154 0.3400696802884615
3 0.42175778124999996 0.3635426995192308 0.4184588653846154 0.3400696802884615 0.37451571875 0.34624548798076926 0.37781463701923074 0.3697185072115384 0.42175778124999996 0.3635426995192308
3 0.42651286298076924 0.39737686057692306 0.42175778124999996 0.3635426995192308 0.3770925673076923 0.3698199855769231 0.3818476490384616 0.4036541466346154 0.42651286298076924 0.39737686057692306
3 0.42819968509615386 0.42509705528846153 0.42452706250000005 0.3989649807692308 0.38202805769230774 0.40493782692307695 0.38570068028846155 0.43106990144230767 0.42819968509615386 0.42509705528846153
3 0.4325939471153846 0.4563638509615385 0.42819968509615386 0.42509705528846153 0.3827608221153846 0.4314830721153846 0.38715508413461536 0.4627498677884615 0.4325939471153846 0.4563638509615385
3 0.4358924326923077 0.48507307692307694 0.4318718774038462 0.45646533173076925 0.38715508413461536 0.4627498677884615 0.39117564182692305 0.4913576129807692 0.4358924326923077 0.48507307692307694
3 0.43974546634615386 0.5124888317307692 0.4358924326923077 0.48507307692307694 0.39261978365384614 0.4911546514423077 0.39647281490384617 0.5185704062500001 0.43974546634615386 0.5124888317307692
3 0.44519770913461537 0.5355657211538462 0.4419116778846154 0.5121843894230769 0.39647281490384617 0.5185704062500001 0.3997588485576923 0.5419517379807692 0.44519770913461537 0.5355657211538462
3 0.4490631971153846 0.5683093701923077 0.44447563942307694 0.5356672019230769 0.40125456490384614 0.5417415288461538 0.4058421225961538 0.5743836971153846 0.4490631971153846 0.5683093701923077
3 0.4615256706730769 0.6408924134615385 0.4512809831730769 0.5679976802884615 0.4058421225961538 0.5743836971153846 0.41608680769230766 0.6472784278846154 0.4615256706730769 0.6408924134615385
3 0.41736299278846156 0.6511196850961538 0.4131491418269231 0.6211365673076923 0.3706501370192308 0.6271094110576924 0.3748639903846154 0.6570925288461538 0.41736299278846156 0.6511196850961538
3 0.3684345408653846 0.6008660697115384 0.37282880288461534 0.6321328677884614 0.4138836658653846 0.6263629831730769 0.40948940384615384 0.5950961850961538 0.3684345408653846 0.6008660697115384
3 0.36717299999999997 0.5757976778846154 0.3706523269230769 0.6005543798076923 0.40948940384615384 0.5950961850961538 0.40601007692307695 0.5703394831730769 0.36717299999999997 0.5757976778846154
3 0.3633328533653846 0.5484736129807692 0.36717299999999997 0.5757976778846154 0.40601007692307695 0.5703394831730769 0.40216993028846154 0.5430154182692308 0.3633328533653846 0.5484736129807692
3 0.35835781009615386 0.5239271201923077 0.36183713701923076 0.5486838221153846 0.40216993028846154 0.5430154182692308 0.39869060096153847 0.5182587163461538 0.35835781009615386 0.5239271201923077
3 0.3537702524038462 0.4912849519230769 0.35835781009615386 0.5239271201923077 0.4001347427884615 0.5180557548076923 0.39554718509615383 0.48541358653846156 0.3537702524038462 0.4912849519230769
3 0.35250871394230765 0.46621656009615386 0.3559880408653846 0.49097326201923075 0.39554718509615383 0.48541358653846156 0.39206785817307693 0.4606568846153846 0.35250871394230765 0.46621656009615386
3 0.34790737259615384 0.4443291225961538 0.35120629086538463 0.4678021418269231 0.39153908413461536 0.4621337355769231 0.3882401658653846 0.43866071634615383 0.34790737259615384 0.4443291225961538
3 0.3433327019230769 0.4117786442307692 0.34790737259615384 0.4443291225961538 0.3882401658653846 0.43866071634615383 0.3836654951923077 0.40611023798076923 0.3433327019230769 0.4117786442307692
3 0.33893800721153844 0.38574805048076927 0.3424173341346154 0.4105047524038462 0.3856899855769231 0.40442317788461535 0.3822106586538461 0.3796664759615384 0.33893800721153844 0.38574805048076927
3 0.33290674278846155 0.34807263701923075 0.3382159375 0.38584952884615387 0.3822106586538461 0.3796664759615384 0.37690146153846155 0.3418895817307692 0.33290674278846155 0.34807263701923075
3 0.3281516610576923 0.3142384783653846 0.3330871514423077 0.34935631971153847 0.37558615625 0.3433834735576923 0.37065066346153847 0.30826563221153847 0.3281516610576923 0.3142384783653846
1 0.26963179086538464 0.3996960168269231 0.27472191826923076 0.43591415625 0.31459052163461537 0.4303109879807692 0.3095003942307692 0.39409285096153845 0.26963179086538464 0.3996960168269231
1 0.26441252163461537 0.36592709615384617 0.26950264903846155 0.40214523557692305 0.30576089903846154 0.39704946875 0.3006707716346154 0.3608313317307692 0.26441252163461537 0.36592709615384617
1 0.2602244423076923 0.33612736057692305 0.26509550000000004 0.3707867451923077 0.30135375240384615 0.3656909783653846 0.2964826923076923 0.3310315961538462 0.2602244423076923 0.33612736057692305
1 0.25372886298076924 0.3000132451923077 0.25939887980769233 0.3403575 0.2933877668269231 0.3355806730769231 0.28771775 0.29523641826923075 0.25372886298076924 0.3000132451923077
1 0.2498889951923077 0.2693230504807692 0.25521107692307693 0.3071916346153846 0.2887357764423077 0.3024800456730769 0.2834136947115385 0.26461146153846155 0.2498889951923077 0.2693230504807692
1 0.24709348076923077 0.23932760576923076 0.2527634951923077 0.27967185817307694 0.2880933701923077 0.27470656971153845 0.2824233533653846 0.23436231490384613 0.24709348076923077 0.23932760576923076
1 0.30848128846153844 0.39993973317307696 0.31176732211538466 0.4233210625 0.33714293990384614 0.41975475 0.3338569086538462 0.3963734230769231 0.30848128846153844 0.39993973317307696