1 1 0.49328218509615385 0.8629192788461538 0.5174532163461538 0.8973233245192307 0.7125682524038462 1 0.6944635841346154 1 0.49328218509615385
1 1 0.6481347451923077 0.8681657091346153 0.6713806875 0.9023526923076923 0.8652647139423078 1 0.848046860576923 1 0.6481347451923077
1 0.9400200096153846 0.1160922403846154 0.8938571466346155 0.12423199759615386 0.9001880697115384 0.16013644471153846 0.9463509326923076 0.1519966875 0.9400200096153846 0.1160922403846154
1 0.9008565865384616 0.16932664663461539 0.8951768437500001 0.13711522596153847 0.8479368485576924 0.1454449110576923 0.8536165913461539 0.17765633413461537 0.9008565865384616 0.16932664663461539
1 0.7645898365384615 0 0.7474598822115385 0.0030204735576923078 0.7542611033653847 0.04159211057692307 0.7830359543269231 0.036518329326923074 0.7765967860576922 0 0.7645898365384615 0
1 0.754955125 0.06262445673076923 0.7486242019230769 0.02672000721153846 0.7244656370192307 0.030979814903846156 0.7307965600961539 0.06688426201923077 0.754955125 0.06262445673076923
1 0.8479420096153846 0.17336823317307692 0.8427325649038462 0.143824 0.777181298076923 0.15538245673076923 0.7823907427884615 0.18492668990384614 0.8479420096153846 0.17336823317307692
1 0.7807424495192308 0.19177529326923076 0.775967125 0.16469307932692306 0.7508853028846154 0.1691156826923077 0.7556606274038462 0.19619789663461537 0.7807424495192308 0.19177529326923076
1 0.7357454086538462 0.21282541105769232 0.7316936177884615 0.18984656490384613 0.7115358341346153 0.19340092548076923 0.7155876250000001 0.21637977403846154 0.7357454086538462 0.21282541105769232
1 0.7151978485576923 0.22046789903846153 0.7117972379807692 0.20118207932692306 0.6964096177884616 0.20389533173076924 0.6998102283653846 0.2231811514423077 0.7151978485576923 0.22046789903846153
1 0.4169457620192307 0.17024584375000001 0.4101445408653846 0.13167420673076924 0.39337203365384615 0.1346316514423077 0.4001732548076923 0.17320329086538463 0.4169457620192307 0.17024584375000001
1 0.43376060817307693 0.18822410817307694 0.4278999831730769 0.15498684615384617 0.4155898870192308 0.15715744711538462 0.4214505120192307 0.1903947091346154 0.43376060817307693 0.18822410817307694
1 0.4482591466346154 0.20026438221153847 0.4427964639423077 0.16928397115384616 0.43171737740384614 0.17123751201923076 0.43718006009615384 0.2022179230769231 0.4482591466346154 0.20026438221153847
3 0.8711522740384615 0.3490907668269231 0.862903985576923 0.3023123990384616 0.8162794927884616 0.31053355528846155 0.82452778125 0.3573119230769231 0.8711522740384615 0.3490907668269231
3 0.9757097331730769 0.37338700240384615 0.965652610576923 0.3163502211538462 0.9307227091346154 0.3225093028846154 0.9407798341346154 0.37954608653846156 0.9757097331730769 0.37338700240384615
3 0.9305011418269231 0.3536458125 0.92605140625 0.3284101129807692 0.9057397475961538 0.33199160817307694 0.9101894807692308 0.3572273052884615 0.9305011418269231 0.3536458125
3 0.9089232980769231 0.3500464158653846 0.9044735625 0.32481071875 0.8883165600961539 0.3276596346153846 0.892766295673077 0.35289533173076926 0.9089232980769231 0.3500464158653846
3 0.8970801442307692 0.4439461730769231 0.8891574471153846 0.39901431971153845 0.8411480697115384 0.40747966826923077 0.8490707668269231 0.4524115216346154 0.8970801442307692 0.4439461730769231
3 0.817828079326923 0.36970526442307694 0.8127633413461539 0.3409817043269231 0.7810648413461538 0.3465710048076923 0.7861295793269231 0.3752945649038461 0.817828079326923 0.36970526442307694
3 0.8195080408653846 0.3954293485576923 0.8144433028846154 0.36670578846153845 0.7827448028846155 0.3722950889423077 0.7878095432692308 0.4010186490384615 0.8195080408653846 0.3954293485576923
3 0.8186908100961539 0.41418960336538463 0.8133004807692308 0.3836195264423077 0.7836023725961538 0.38885610576923074 0.7889927019230769 0.4194261802884615 0.8186908100961539 0.41418960336538463
3 0.28518595673076924 0.6233425841346154 0.24727277163461536 0.40832622596153845 0.08693375961538462 0.43659831971153845 0.12484694471153847 0.6516146778846154 0.28518595673076924 0.6233425841346154
3 0.18929056490384613 0.6643679110576923 0.1684889591346154 0.5463961490384615 0.10632296875000001 0.5573576899038462 0.12712457451923076 0.6753294519230769 0.18929056490384613 0.6643679110576923
3 0 0.41977190865384617 0.06789379326923077 0.4078004014423077 0.05031191586538461 0.3080886177884615 0 0.3169599639423077 0 0.41977190865384617
3 0.23376287259615386 0.25162488221153845 0.22598488221153845 0.20751370192307692 0.10057576923076923 0.22962671153846154 0.10835376201923076 0.27373789182692304 0.23376287259615386 0.25162488221153845
3 0.23975753365384617 0.2973197956730769 0.23176248317307693 0.2519776033653846 0.10927701923076924 0.2735750961538461 0.11727206971153846 0.31891728846153844 0.23975753365384617 0.2973197956730769
3 0.24117509134615386 0.3224555072115385 0.23614652884615386 0.29393711538461537 0.12350914182692309 0.31379812740384616 0.12853770432692307 0.3423165192307692 0.24117509134615386 0.3224555072115385
3 0.23919719951923077 0.35622872115384613 0.23348127884615386 0.3238121346153846 0.12853770432692307 0.3423165192307692 0.13425362259615387 0.37473310576923075 0.23919719951923077 0.35622872115384613
3 0.30589745192307694 0.3484870649038462 0.28212935576923076 0.21369150480769233 0.21611646153846154 0.2253313581730769 0.2398845576923077 0.36012692067307694 0.30589745192307694 0.3484870649038462
3 0.3418856442307692 0.34743005528846155 0.33551854567307693 0.3113204375 0.28874017788461537 0.3195687259615384 0.2951072764423077 0.35567834374999996 0.3418856442307692 0.34743005528846155
3 0.29492434855769234 0.5642961490384615 0.2665618125 0.40344421634615385 0.18977758413461537 0.41698334855769226 0.2181401201923077 0.57783528125 0.29492434855769234 0.5642961490384615
3 0.33457074519230773 0.48770638701923075 0.3192679975961538 0.40092020432692305 0.25217797115384616 0.41274998557692305 0.26748071634615384 0.4995361682692308 0.33457074519230773 0.48770638701923075
3 0.3394250889423077 0.5323330865384616 0.3266185336538462 0.4597035144230769 0.2613750216346154 0.4712077067307692 0.27418157451923075 0.5438372788461538 0.3394250889423077 0.5323330865384616
3 0.3499568629807692 0.4957823076923077 0.3385250240384616 0.4309491322115384 0.303595125 0.4371082163461538 0.3150269639423077 0.5019413918269231 0.3499568629807692 0.4957823076923077
3 0.36571542067307694 0.49427293028846153 0.35337916346153847 0.4243105480769231 0.3115248341346154 0.4316905961538462 0.3238610913461538 0.5016529783653846 0.36571542067307694 0.49427293028846153
3 0.38839324519230767 0.4636192692307692 0.3783361225961538 0.40658248798076924 0.33355814423076924 0.4144780552884615 0.34361526682692306 0.47151483653846155 0.38839324519230767 0.4636192692307692
3 0.4043260216346154 0.44600158894230774 0.39589684855769225 0.39819737740384614 0.3637367211538462 0.4038680769230769 0.37216589423076923 0.4516722860576923 0.4043260216346154 0.44600158894230774
3 0.4152664134615385 0.4000706826923077 0.40795871875 0.35862668750000004 0.3379450408653846 0.3709719879807692 0.34525273557692304 0.41241598317307687 0.4152664134615385 0.4000706826923077
3 0.4171354254807692 0.4331655841346154 0.41094920913461536 0.3980818076923077 0.3895604158653846 0.4018532283653846 0.39574663221153844 0.4369370048076923 0.4171354254807692 0.4331655841346154
3 0.4374362620192308 0.3773338389423077 0.43204593269230773 0.34676376442307694 0.39557726923076925 0.3531941730769231 0.4009675985576923 0.38376424759615385 0.4374362620192308 0.3773338389423077
3 0.38315247836538463 0.3340187307692308 0.37551919471153844 0.29072822355769234 0.34320518990384613 0.2964260528846154 0.35083847355769227 0.3397165625 0.38315247836538463 0.3340187307692308
3 0.35592505769230764 0.34156977403846156 0.34847265625 0.29930510576923075 0.3107729855769231 0.3059525769230769 0.3182253870192308 0.34821724278846156 0.35592505769230764 0.34156977403846156
3 0.30653599759615385 0.1829445528846154 0.3163760600961538 0.23875032692307693 0.3843893461538462 0.22675775 0.37454928125 0.17095197596153847 0.30653599759615385 0.1829445528846154
3 0.40347731490384614 0.30081830528846154 0.39504814182692305 0.25301409375 0.3308817620192308 0.2643283581730769 0.33931093509615384 0.31213256971153847 0.40347731490384614 0.30081830528846154
3 0.4011473269230769 0.3280956394230769 0.3951781706730769 0.29424287259615384 0.3534777163461538 0.30159578846153845 0.3594468725961538 0.33544855288461534 0.4011473269230769 0.3280956394230769
3 0.8157410024038462 0.3425721322115385 0.8099165528846155 0.3095400408653846 0.8003762283653846 0.31122225721153846 0.8062006778846154 0.3442543485576923 0.8157410024038462 0.3425721322115385
3 0.8370926177884616 0.34578832451923075 0.83047228125 0.30824252884615383 0.8086218581730769 0.3120953485576923 0.8152421971153847 0.34964114423076925 0.8370926177884616 0.34578832451923075
3 0.8559670336538462 0.39344313461538466 0.8486955168269231 0.3522043100961539 0.8093032067307693 0.3591502379807692 0.8165747235576923 0.4003890625 0.8559670336538462 0.39344313461538466
3 0.8480699927884616 0.4242406586538462 0.8410517139423077 0.3844380120192307 0.8062756899038461 0.3905699615384615 0.8132939711538462 0.4303726105769231 0.8480699927884616 0.4242406586538462
3 0.8161444567307693 0.30526868509615385 0.8118032524038461 0.28064849038461537 0.7724109423076922 0.28759441826923077 0.7767521466346154 0.31221461298076925 0.8161444567307693 0.30526868509615385
3 0.811551670673077 0.33231037259615387 0.8076084110576923 0.3099470288461538 0.7862196177884615 0.3137184495192308 0.7901628774038462 0.33608179326923077 0.811551670673077 0.33231037259615387
3 0.7760652908653847 0.30472002403846155 0.7723390889423077 0.2835876899038462 0.7391018269230769 0.28944831490384615 0.7428280288461538 0.31058064903846155 0.7760652908653847 0.30472002403846155
3 0.7685860360576923 0.32528961538461537 0.7644980673076923 0.3021055985576923 0.7386468629807692 0.3066638629807692 0.7427348317307693 0.32984787980769226 0.7685860360576923 0.32528961538461537
3 0.7920182139423078 0.4023920192307692 0.7876408341346154 0.37756665625 0.7674830504807691 0.3811210168269231 0.7718604302884615 0.4059463798076923 0.7920182139423078 0.4023920192307692
3 0.7787598557692307 0.38928687740384615 0.7751783629807693 0.36897521875000006 0.7493271586538461 0.3735334831730769 0.7529086538461538 0.39384514182692304 0.7787598557692307 0.38928687740384615
3 0.5189616418269231 0.37628618990384616 0.511943360576923 0.33648354086538457 0.4748591947115385 0.34302248076923075 0.48187747596153846 0.38282512740384617 0.5189616418269231 0.37628618990384616
3 0.46140126682692306 0.3980707307692307 0.45543211057692307 0.36421796394230765 0.43619758413461535 0.36760953125 0.44216674038461534 0.4014622980769231 0.46140126682692306 0.3980707307692307
3 0.4369599519230769 0.4178233413461539 0.43008637980769227 0.3788413677884615 0.40531231009615387 0.38320970432692303 0.41218588221153846 0.4221916778846154 0.4369599519230769 0.4178233413461539
3 0.03974222596153846 0.6818523341346154 0.018434149038461536 0.5610082187500001 0.0065856802884615385 0.563097423076923 0.027893759615384615 0.6839415384615385 0.03974222596153846 0.6818523341346154
3 0.07636807692307693 0.7815909110576923 0.05267233653846153 0.6472056850961538 0.020666084134615386 0.6528492499999999 0.04436182451923077 0.7872344759615384 0.07636807692307693 0.7815909110576923