1 1 0.5977865096153846 0.8095458846153847 0.6313687067307693 0.8335310384615385 0.7673952788461539 1 0.7380423076923077 1 0.5977865096153846
1 0.8497931057692308 0.5950785216346154 0.8287744399038461 0.47587575000000004 0.6227341923076923 0.5122062043269231 0.6437528581730769 0.6314089759615384 0.8497931057692308 0.5950785216346154
1 0.7855855384615384 0.6421515264423078 0.7731407524038462 0.5715736370192308 0.6383451923076924 0.5953417307692308 0.6507899783653847 0.6659196201923077 0.7855855384615384 0.6421515264423078
1 0.844559891826923 0.21627403365384618 0.8282441995192307 0.12374313942307692 0.5568065625 0.17160491826923077 0.5731222548076923 0.2641358125 0.844559891826923 0.21627403365384618
1 0.7719397956730769 0.3560072427884616 0.7647044567307693 0.3149735865384615 0.6626845288461538 0.33296245192307694 0.6699198677884616 0.37399610817307694 0.7719397956730769 0.3560072427884616
1 0.7826370817307692 0.4958576538461538 0.7751485048076923 0.45338781971153846 0.6866696826923077 0.46898902403846154 0.6941582596153846 0.5114588581730769 0.7826370817307692 0.4958576538461538
1 0.5245484278846153 1 0.662413985576923 0.9756905817307693 0.6486668389423078 0.8977266346153846 0.47109368990384615 0.9290375721153846 0.48360628125000005 1 0.5245484278846153 1
4 0.5674685192307692 0.24017014903846154 0.5919601466346154 0.3790690745192308 0.6847475024038462 0.3627081610576923 0.660255875 0.22380923557692306 0.5674685192307692 0.24017014903846154
1 0.5413448509615384 1 0.6783080817307692 0.9758496875 0.6513202596153846 0.8227941466346155 0.2377010048076923 0.8957263822115386 0.25608725721153847 1 0.5413448509615384 1
1 0.36018351923076924 1 0.6860787524038462 0.9425358774038461 0.6451267235576924 0.7102853822115385 0.20057834855769233 0.7886712548076923 0.2378413076923077 1 0.36018351923076924 1
1 0.16409520192307692 0.7041389182692307 0.19987396153846154 0.9070503485576923 0.6730433125 0.823617826923077 0.6372645528846154 0.6207063966346154 0.16409520192307692 0.7041389182692307
1 0.13883935576923076 0.5932989735576923 0.1764269495192308 0.8064688197115385 0.6585211201923078 0.7214626105769231 0.6209335264423077 0.5082927644230769 0.13883935576923076 0.5932989735576923
1 0.09350824999999999 0.4783831442307692 0.12436697836538461 0.6533916875 0.6395445336538461 0.5625519855769231 0.6086858052884615 0.38754343990384615 0.09350824999999999 0.4783831442307692
1 0.06465557451923078 0.32734880769230773 0.09135398317307691 0.4787629975961538 0.6086858052884615 0.38754343990384615 0.5819873966346154 0.23612924759615384 0.06465557451923078 0.32734880769230773
1 0.04052571394230769 0.1905015625 0.06465557451923078 0.32734880769230773 0.612916516826923 0.2306756105769231 0.5887866538461538 0.09382836538461539 0.04052571394230769 0.1905015625
1 0.4850495192307692 0 0.04458736778846154 0.07766536057692308 0.072841375 0.23790179086538463 0.56909215625 0.15039938942307693 0.5425726875 0 0.4850495192307692 0