1 0.6787253966346154 0.9280831153846154 0.708136826923077 0.8101203100961538 0.6141899639423077 0.7866967259615384 0.5847785336538461 0.90465953125 0.6787253966346154 0.9280831153846154
1 0.93820459375 0.5371137211538461 0.9683776298076924 0.41609628365384616 0.8304642427884615 0.38171061538461537 0.8002912067307691 0.5027280528846154 0.93820459375 0.5371137211538461
1 1 0.39792900240384615 0.966710298076923 0.38962894711538465 0.9350140504807692 0.5167556586538461 1 0.5329584735576923 1 0.39792900240384615
1 0.7884586033653846 0.5062669014423077 0.8113739807692307 0.41435833413461537 0.7286461658653847 0.3937319735576923 0.7057307860576922 0.4856405408653846 0.7884586033653846 0.5062669014423077
1 0.7092647572115385 0.48976618269230765 0.724160875 0.4300211225961539 0.6793352331730769 0.4188448341346154 0.6644391177884615 0.47858989663461543 0.7092647572115385 0.48976618269230765
1 0.713935829326923 0.44541204567307696 0.7254047211538462 0.3994128389423077 0.6848746586538461 0.38930756009615386 0.6734057692307692 0.4353067644230769 0.713935829326923 0.44541204567307696
1 0.6712184615384615 0.4477395048076923 0.683807360576923 0.3972481923076923 0.6554059951923077 0.39016693509615386 0.6428170961538461 0.44065825 0.6712184615384615 0.4477395048076923
1 0.6621318990384615 0.4878436418269231 0.6743623942307693 0.43878980288461544 0.6485383774038461 0.4323511514423077 0.6363078822115384 0.48140499038461537 0.6621318990384615 0.4878436418269231
1 0.6393854014423077 0.4828402932692307 0.6495326802884616 0.44214177884615385 0.6273472716346155 0.43661033413461536 0.6171999927884616 0.47730885096153847 0.6393854014423077 0.4828402932692307
1 0.617710548076923 0.47676815384615384 0.6270738221153846 0.43921411778846153 0.6100936466346154 0.4349804855769231 0.6007303725961538 0.4725345216346154 0.617710548076923 0.47676815384615384
1 0.6174221778846154 0.6066680889423077 0.625172639423077 0.5755826875 0.5882811875 0.5663846129807693 0.5805307259615384 0.5974700144230769 0.6174221778846154 0.6066680889423077
1 0.5899154879807692 0.7447637956730768 0.60207878125 0.6959794855769231 0.5751429663461539 0.6892636322115385 0.562979670673077 0.7380479423076923 0.5899154879807692 0.7447637956730768
1 0.5752054591346154 0.7081737932692308 0.5864727475961539 0.6629831682692308 0.5705032956730769 0.6590015384615384 0.5592360072115384 0.7041921634615385 0.5752054591346154 0.7081737932692308
1 0.5697441033653846 0.674748591346154 0.5781441682692308 0.6410577668269231 0.5621747211538461 0.6370761370192307 0.5537746538461539 0.6707669591346155 0.5697441033653846 0.674748591346154
1 0.5700694230769231 0.6032593100961539 0.5773494807692308 0.5740605985576923 0.5589037548076923 0.5694615625 0.5516236971153846 0.5986602740384616 0.5700694230769231 0.6032593100961539
1 0.5802374110576923 0.5775480288461539 0.5873158677884616 0.5491578942307692 0.5588639663461539 0.5420640384615385 0.5517855096153846 0.570454173076923 0.5802374110576923 0.5775480288461539
1 0.6301443990384615 0.39417464903846156 0.6365732500000001 0.3683899375 0.6156512475961539 0.36317349759615386 0.6092223966346154 0.3889582067307692 0.6301443990384615 0.39417464903846156
1 0.6326629399038463 0.33735542548076924 0.642407016826923 0.29827406730769235 0.6254773798076924 0.29405303605769234 0.6157333028846155 0.3331343918269231 0.6326629399038463 0.33735542548076924
1 0.6097174951923077 0.35510956971153845 0.6187671658653847 0.3188133245192307 0.6088115288461539 0.3163311033653846 0.5997618581730769 0.35262735096153847 0.6097174951923077 0.35510956971153845
1 0.11107487740384615 0 0.08250501442307692 0.11458745673076923 0.1693768028846154 0.13624702644230768 0.20329066826923076 0.0002259423076923077 0.2023844639423077 0 0.11107487740384615 0
1 0.26350703125 0.21878575961538463 0.28671361298076925 0.12570924278846154 0.20767493750000002 0.1060026875 0.1844683557692308 0.19907920432692305 0.26350703125 0.21878575961538463
1 0.31543141105769235 0.26026468990384616 0.3339339543269231 0.1860550360576923 0.2788999951923077 0.17233352884615386 0.2603974495192308 0.2465431826923077 0.31543141105769235 0.26026468990384616
1 0.34181500721153846 0.30816283173076925 0.36336397596153847 0.22173463942307692 0.32096407451923076 0.21116315625 0.2994151057692308 0.29759135096153844 0.34181500721153846 0.30816283173076925
1 0.36236381490384617 0.3269323125 0.37656552644230773 0.2699723605769231 0.3528134927884615 0.2640503125 0.33861178125 0.3210102668269231 0.36236381490384617 0.3269323125
1 0.15970624759615384 0.6376914399038461 0.18217362259615386 0.5475797163461539 0.10768321153846154 0.5290071706730769 0.08521583413461539 0.6191188942307692 0.15970624759615384 0.6376914399038461
1 0.11883968990384616 0.8500384639423076 0.1527535576923077 0.7140173798076923 0.06072707211538461 0.6910725985576923 0.026813206730769232 0.8270936850961538 0.11883968990384616 0.8500384639423076
1 0.22461228365384617 0.6460493052884615 0.24203962019230768 0.5761520745192308 0.1851358173076923 0.5619643629807692 0.16770848076923078 0.63186159375 0.22461228365384617 0.6460493052884615
1 0.1844601201923077 0.7629564038461538 0.20829390865384617 0.6673643076923077 0.16281129567307692 0.6560242187499999 0.13897750961538463 0.7516163149038462 0.1844601201923077 0.7629564038461538
1 0.43156089423076927 0.5421964975961538 0.4351897211538462 0.5276420625 0.39491234134615383 0.5175997836538462 0.3912835120192308 0.53215421875 0.43156089423076927 0.5421964975961538
1 0.47707000961538465 0.5510620889423077 0.4807212379807692 0.5364178100961539 0.4416567283653846 0.5266779350961538 0.4380055 0.5413222139423077 0.47707000961538465 0.5510620889423077
1 0.5220404399038462 0.5603659302884615 0.5257364663461538 0.5455419711538462 0.4860149855769231 0.5356382932692307 0.48231895673076924 0.5504622548076923 0.5220404399038462 0.5603659302884615
1 0.4070033701923077 0.3545711081730769 0.41381302403846154 0.3272590793269231 0.40507025240384614 0.32507926201923076 0.3982605985576923 0.3523912908653846 0.4070033701923077 0.3545711081730769
1 0.4183376754807692 0.362073 0.42275050961538463 0.3443740865384616 0.41153146634615384 0.3415768653846154 0.4071186322115385 0.3592757788461538 0.4183376754807692 0.362073
1 0.39938060817307697 0.3478991802884615 0.40746707211538463 0.3154661490384615 0.38502898317307693 0.3098717043269231 0.3769425192307692 0.34230473798076927 0.39938060817307697 0.3478991802884615
1 0.3849852091346154 0.32942336298076924 0.3936316754807692 0.2947442764423077 0.37205270432692306 0.28936403365384616 0.36340623798076926 0.32404312259615387 0.3849852091346154 0.32942336298076924
1 0.36711794951923077 0 0.35776792548076924 0.03750089663461538 0.40325053846153847 0.048840985576923075 0.4154279615384615 0 0.36711794951923077 0
1 0.40669479326923075 0.00876146875 0.3874530408653846 0.08593591826923076 0.4184317548076923 0.09365977884615385 0.43767350721153847 0.01648532932692308 0.40669479326923075 0.00876146875
1 0.41924667548076927 0.07725862740384616 0.4025361442307692 0.14428090625 0.42947195673076927 0.1509967596153846 0.44618248798076926 0.08397448076923077 0.41924667548076927 0.07725862740384616
1 0.43338957451923077 0.12258195673076923 0.4209126754807692 0.17262406009615386 0.43824660576923075 0.17694589423076923 0.4507235048076923 0.1269037908653846 0.43338957451923077 0.12258195673076923
1 0.4408426105769231 0.15383178125 0.42863451442307693 0.20279578125 0.4471813125 0.20742001682692307 0.4593894086538462 0.15845601923076924 0.4408426105769231 0.15383178125
1 0.36633503125 0.596263701923077 0.37563110576923076 0.5589791899038462 0.27986493990384614 0.5351020024038461 0.2705688653846154 0.5723865144230769 0.36633503125 0.596263701923077
4 0.58881825 0.48349686538461534 0.6196408918269231 0.35987400480769227 0.6078154134615384 0.3569255817307692 0.5769927716346154 0.48054844230769234 0.58881825 0.48349686538461534
4 0.8050267331730769 1 0.9010705408653846 0.6147893293269231 0.7635109062500001 0.580491860576923 0.65891578125 1 0.8050267331730769 1
4 0.8901060336538461 1 0.9734648125 0.6656662043269231 0.8933648798076923 0.6456950480769231 0.8050267331730769 1 0.8901060336538461 1
1 0.7084919350961538 0.1822025264423077 0.7285624927884615 0.10170391586538462 0.7090049687500001 0.09682767788461538 0.6889344110576924 0.17732628605769232 0.7084919350961538 0.1822025264423077