1 0.6930013317307692 0.5929737427884615 0.6984812716346155 0.5539819375 0.6469563870192307 0.5467405865384616 0.6414764471153845 0.585732391826923 0.6930013317307692 0.5929737427884615
1 0.6390194567307692 0.5773926153846154 0.6462680552884615 0.5258161538461539 0.5617858125 0.5139429495192307 0.5545372139423077 0.5655194086538462 0.6390194567307692 0.5773926153846154
1 0.744608579326923 0.1920880216346154 0.7485518173076924 0.1640304278846154 0.6241493894230769 0.1465468076923077 0.6202061514423077 0.17460440144230768 0.744608579326923 0.1920880216346154
1 0.6925472788461539 0.24704398557692306 0.6978242596153846 0.20949631971153845 0.6145798509615384 0.19779708173076924 0.6093028701923078 0.23534474759615384 0.6925472788461539 0.24704398557692306
1 0.7925796899038461 0.25941957692307693 0.7987265 0.21568273798076923 0.6978429423076923 0.2015044783653846 0.6916961298076922 0.2452413173076923 0.7925796899038461 0.25941957692307693
1 0.9264825192307692 0.20818160336538463 0.9317595 0.17063393990384615 0.8085949086538461 0.1533242860576923 0.8033179278846153 0.19087194951923078 0.9264825192307692 0.20818160336538463
1 0.901527858173077 0.2667367764423077 0.9065728822115384 0.2308395576923077 0.8080102644230769 0.2169874855769231 0.8029652379807692 0.25288470192307694 0.901527858173077 0.2667367764423077
1 0.6088361826923077 0.20498433173076924 0.6147800336538461 0.16269163221153848 0.53973628125 0.15214492067307692 0.5337924302884616 0.19443762019230768 0.6088361826923077 0.20498433173076924
1 0.6034922884615385 0.25198972355769234 0.6096391009615385 0.20825288461538463 0.5297987379807693 0.1970320528846154 0.5236519254807692 0.24076889182692307 0.6034922884615385 0.25198972355769234
1 0.5216803076923078 0.25479768990384616 0.5280590745192307 0.20941040384615384 0.4624538149038461 0.2001901875 0.45607504807692306 0.24557747115384615 0.5216803076923078 0.25479768990384616
1 0.4526523197115385 0.25309090865384615 0.4574943846153846 0.21863782932692308 0.41169448557692306 0.2122010745192308 0.4068524206730769 0.24665415144230768 0.4526523197115385 0.25309090865384615
1 0.4701905625 0.20464360576923074 0.47482966586538466 0.17163467067307694 0.4254709903846154 0.16469776201923075 0.4208318870192308 0.19770669711538463 0.4701905625 0.20464360576923074
1 0.475032625 0.17019052884615385 0.47987468990384613 0.13573745432692308 0.42711196875 0.12832213701923076 0.42226990625 0.1627752139423077 0.475032625 0.17019052884615385
1 0.5590108197115384 0.16768700480769233 0.5636499230769231 0.13467806971153845 0.4757636322115385 0.12232645673076922 0.47112452884615386 0.15533539182692307 0.5590108197115384 0.16768700480769233
1 0.5320527668269232 0.20681597115384615 0.5364309206730768 0.17566378605769228 0.4706709302884615 0.16642182211538462 0.46629277644230765 0.19757400721153845 0.5320527668269232 0.20681597115384615
1 0.5467819182692307 0.1020125985576923 0.5535666081730769 0.05373703125 0.4972451105769231 0.04582156009615385 0.49046042307692306 0.0940971298076923 0.5467819182692307 0.1020125985576923
1 0.4827161418269231 0.11551948076923077 0.48822507692307693 0.0763213701923077 0.44134207211538456 0.06973239423076924 0.4358331370192308 0.10893050240384615 0.4827161418269231 0.11551948076923077
1 0.42839803605769233 0.12703021634615383 0.4330371394230769 0.09402127884615384 0.38971291105769235 0.08793245673076923 0.3850738076923077 0.12094139423076923 0.42839803605769233 0.12703021634615383
1 0.3807625673076923 0.1426358485576923 0.38583658653846153 0.1065323221153846 0.36015150721153844 0.10292252163461539 0.3550774879807692 0.13902604567307691 0.3807625673076923 0.1426358485576923
1 0.3504272379807692 0.15415105048076921 0.3552403076923077 0.11990427884615386 0.3283173966346154 0.11612050961538462 0.3235043269230769 0.15036728124999998 0.3504272379807692 0.15415105048076921
1 0.6129076875 0.09068865625 0.6192864567307693 0.04530137019230769 0.5488845865384615 0.035407033653846155 0.5425058173076923 0.08079431971153846 0.6129076875 0.09068865625
1 0.5607480168269231 0.008252168269230769 0.5575876274038462 0.03073950480769231 0.6200982980769231 0.03952480528846154 0.6232586875 0.01703746875 0.5607480168269231 0.008252168269230769
1 0.41895406730769236 0 0.41719984375 0.012481954326923077 0.45727475480769236 0.018114115384615385 0.4598205288461538 0 0.41895406730769236 0
1 0.7183634399038462 0.08131570913461537 0.724597233173077 0.036959954326923075 0.6435190360576922 0.02556515625 0.6372852403846154 0.06992091346153846 0.7183634399038462 0.08131570913461537
1 0.06851234134615385 0 0.052466951923076925 0.11416888942307693 0.28038333653846154 0.14620044951923078 0.3009304711538462 0 0.06851234134615385 0
2 0.8326026225961538 0.6898031562500001 0.8993477211538461 0.21488709615384616 0.732704173076923 0.19146687259615386 0.6659590745192308 0.6663829326923078 0.8326026225961538 0.6898031562500001
4 0.5073600769230769 1 0.5953211490384616 0.3741244615384615 0.027928490384615385 0.294382625 0 0.49310415865384616 0 0.9340122259615384 0.46952741105769236 1 0.5073600769230769 1
3 0.7637673509615385 0.4453440793269231 0.7692472908653846 0.4063522740384615 0.7341237211538462 0.40141597596153844 0.7286437788461538 0.44040778124999996 0.7637673509615385 0.4453440793269231
3 0.57196315625 0.3281344182692308 0.5758194110576923 0.3006957403846154 0.5377559831730769 0.2953462764423077 0.5338997283653846 0.3227849519230769 0.57196315625 0.3281344182692308
3 0.5741890240384616 0.34822303365384616 0.577291423076923 0.3261483076923077 0.5304084206730769 0.3195593317307692 0.5273060192307693 0.3416340576923077 0.5741890240384616 0.34822303365384616
3 0.5716085216346154 0.3665842524038462 0.5741890240384616 0.34822303365384616 0.5232830552884615 0.34106866586538465 0.5207025552884615 0.35942988701923073 0.5716085216346154 0.3665842524038462
3 0.5666686057692307 0.3871384495192308 0.5699739663461538 0.36361958413461537 0.5201511057692307 0.3566174375 0.5168457427884615 0.3801363028846154 0.5666686057692307 0.3871384495192308