1 0.6105575192307693 0.6624037019230768 0.6407977572115384 0.5411167379807693 0.44719343749999996 0.49284575961538457 0.41695319951923077 0.6141327235576923 0.6105575192307693 0.6624037019230768
1 0.5455824447115385 0.9087953605769231 0.5808123197115385 0.7674960456730768 0.3905433942307692 0.720056673076923 0.355313516826923 0.8613559879807693 0.5455824447115385 0.9087953605769231
1 0 0.8852750336538461 0.27432457692307693 0.9536718317307693 0.3112176658653846 0.8057017331730769 0.014974250000000001 0.7318399543269231 0 0.7918983918269231 0 0.8852750336538461
1 0.7083002980769231 0.8555366971153846 0.7390949399038462 0.7320261346153847 0.6017374495192308 0.6977790673076923 0.5709428076923077 0.8212896274038461 0.7083002980769231 0.8555366971153846
1 0.8625893341346154 0.7372661177884615 0.8782638557692307 0.6743990408653846 0.8288394182692307 0.6620761442307692 0.8131648966346153 0.7249432211538461 0.8625893341346154 0.7372661177884615
1 0.8997077932692308 0.7059403774038462 0.9115518870192307 0.6584363149038462 0.8806237091346154 0.6507250528846154 0.8687796177884616 0.6982291153846153 0.8997077932692308 0.7059403774038462
1 0.9188538293269232 0.6194617716346154 0.9283795048076923 0.5812563774038462 0.8721326754807692 0.56723246875 0.862607 0.6054378629807693 0.9188538293269232 0.6194617716346154
1 0.947186045673077 0.6769829110576923 0.9555525096153846 0.6434268509615385 0.9349337259615385 0.6382860120192307 0.9265672620192308 0.6718420697115385 0.947186045673077 0.6769829110576923
1 0.9261701706730769 0.6831227572115384 0.9364518509615384 0.6418851899038462 0.9123460673076923 0.6358749423076924 0.9020643870192308 0.6771125120192308 0.9261701706730769 0.6831227572115384
1 0.6279861634615386 0.01767727403846154 0.60707 0.10156742788461538 0.7856650576923077 0.14609617548076922 0.8065812211538461 0.06220602403846154 0.6279861634615386 0.01767727403846154
1 0.7977566682692309 0.09049480288461538 0.7641900072115385 0.22512333653846153 0.8883575360576923 0.25608177884615385 0.9219241995192308 0.12145324519230769 0.7977566682692309 0.09049480288461538
1 0.88723528125 0.23926920913461538 0.8679823293269231 0.31648857451923074 0.9440899014423076 0.33546432451923075 0.9633428509615385 0.25824495673076925 0.88723528125 0.23926920913461538
1 0.9529189350961539 0.3142621322115385 0.9386052235576923 0.37167129567307694 0.9699882259615384 0.37949595673076925 0.9843019375 0.32208679326923073 0.9529189350961539 0.3142621322115385
1 0.9742149302884615 0.35156378605769234 0.9618164326923077 0.4012914399038462 0.9875899134615385 0.4077174903846154 0.9999884110576923 0.3579898341346154 0.9742149302884615 0.35156378605769234
1 1 0.3884817139423077 0.991467076923077 0.38635421634615386 0.9811349951923076 0.4277939278846154 0.9946281706730769 0.43115815384615386 1 0.4096129206730769 1 0.3884817139423077
1 1 0.40651745192307687 0.9984524879807692 0.4061316129807692 0.9899852211538461 0.4400919639423077 1 0.4425889278846154 1 0.40651745192307687
4 0.8184046322115385 0.7807862692307693 0.8924932115384615 0.4836332043269231 0.7060145024038461 0.4371388389423077 0.631925920673077 0.7342919062500001 0.8184046322115385 0.7807862692307693
3 0.6174964927884615 0.1295029639423077 0.5746057572115385 0.3015283076923077 0.7413753365384615 0.3431086346153846 0.7842660721153846 0.17108328846153847 0.6174964927884615 0.1295029639423077
3 0.2343190889423077 0 0.19797060576923078 0.14578580048076922 0.3885427524038461 0.19330077403846155 0.43673804807692307 0 0.2343190889423077 0
3 0.1141881875 0 0.08880174278846154 0.1018194735576923 0.19993092548076924 0.12952709134615387 0.23222565625 0 0.1141881875 0
3 0.9346216875 0.4645068701923077 0.95775546875 0.37172234134615384 0.9101503341346154 0.3598530480769231 0.8870165528846155 0.45263757692307693 0.9346216875 0.4645068701923077