1 0.9695876899038461 0.3154695865384615 0.9332622620192308 0.15812686298076925 0.7986773966346153 0.18919822596153846 0.8350028245192308 0.34654094951923076 0.9695876899038461 0.3154695865384615
1 0.8400514423076924 0.3570638461538461 0.8129323437499999 0.23959812259615385 0.7007782860576923 0.26549092548076925 0.7278973870192308 0.38295665144230767 0.8400514423076924 0.3570638461538461
1 0.729938608173077 0.39179815625000003 0.7105053365384616 0.3076234086538462 0.6506729254807693 0.3214368100961539 0.6701061971153847 0.4056115576923077 0.729938608173077 0.39179815625000003
1 0.6669014543269232 0.40863210817307694 0.6525920673076923 0.34665134375 0.6351346009615385 0.3506817163461538 0.6494439879807692 0.4126624807692308 0.6669014543269232 0.40863210817307694
1 0.6515060408653847 0.42159420673076925 0.63871715625 0.3661994639423077 0.6225284038461538 0.3699369326923077 0.6353172884615385 0.42533167307692304 0.6515060408653847 0.42159420673076925
1 0.6294998509615385 0.4172669495192308 0.6208142403846153 0.37964543509615384 0.59711471875 0.3851169014423077 0.6058003293269231 0.4227384134615385 0.6294998509615385 0.4172669495192308
1 0.6538323221153846 0.3066432403846154 0.6379816033653847 0.23798623798076923 0.6018487139423077 0.2463281730769231 0.6176994326923076 0.3149851754807692 0.6538323221153846 0.3066432403846154
1 0.5292106394230769 0 0.5577176033653847 0.12347722115384616 0.59263253125 0.1154164735576923 0.5659865384615385 0 0.5292106394230769 0
1 0.5654034302884615 0.15676819951923077 0.5464700504807692 0.07475871634615384 0.5265259110576923 0.07936318509615384 0.5454592932692308 0.16137266586538462 0.5654034302884615 0.15676819951923077
1 0.8586876706730769 0.8357894639423077 0.8300272403846154 0.7116475 0.7602481322115384 0.7277572764423077 0.7889085625000001 0.8518992379807693 0.8586876706730769 0.8357894639423077
1 0.3582928221153846 0.9139686490384615 0.33169444230769235 0.7987584110576923 0.260646625 0.81516109375 0.28724500480769233 0.9303713317307692 0.3582928221153846 0.9139686490384615
1 0.3383213509615385 0.696878735576923 0.3234912427884616 0.6326424855769232 0.22757668990384616 0.6547861057692308 0.24240679567307694 0.7190223557692307 0.3383213509615385 0.696878735576923
1 0.37765563701923077 0.8160857139423077 0.36130502644230766 0.7452634447115384 0.3189300793269231 0.7550464735576923 0.3352806875 0.8258687427884616 0.37765563701923077 0.8160857139423077
1 0.3726179927884615 0.7146183341346154 0.3644322740384615 0.6791620889423077 0.33575940625 0.6857817427884616 0.3439451274038462 0.7212379879807693 0.3726179927884615 0.7146183341346154
1 0.3832903870192308 0.7495004831730768 0.37306344471153846 0.7052027331730769 0.346928 0.711236576923077 0.35715493990384617 0.7555343269230769 0.3832903870192308 0.7495004831730768
1 0.4160774326923077 0.7243507884615384 0.4012473245192308 0.6601145384615384 0.36886982211538466 0.6675894759615384 0.3836999278846154 0.7318257235576924 0.4160774326923077 0.7243507884615384
1 0.3862557788461538 0.608839391826923 0.3790906706730769 0.5778039014423076 0.3516865120192308 0.5841306490384615 0.3588516201923077 0.6151661418269231 0.3862557788461538 0.608839391826923
1 0.4077282548076923 0.6249783317307693 0.39983413942307694 0.5907851586538462 0.3806004807692308 0.5952255985576923 0.3884945961538462 0.6294187716346153 0.4077282548076923 0.6249783317307693
1 0.4158467860576923 0.6793606923076924 0.4079526682692308 0.6451675192307692 0.39293113221153847 0.648635514423077 0.40082524759615384 0.6828286875 0.4158467860576923 0.6793606923076924
1 0.3684324230769231 0.3887828125 0.3748268653846154 0.4164801850961538 0.38802146153846157 0.4134339735576923 0.38162701923076925 0.38573659855769227 0.3684324230769231 0.3887828125
1 0.34910531490384616 0.3819364783653846 0.3564995384615385 0.4139643822115385 0.3721300576923077 0.4103557932692308 0.3647358341346154 0.37832788701923076 0.34910531490384616 0.3819364783653846
1 0.3292991442307692 0.37301509375 0.3364434230769231 0.40396036538461544 0.35090672836538467 0.4006212475961538 0.34376244951923074 0.36967597596153845 0.3292991442307692 0.37301509375
1 0.3002817283653846 0.3688810817307692 0.30684280048076923 0.3973002067307692 0.33110055528846155 0.39169986298076925 0.3245394807692307 0.3632807379807692 0.3002817283653846 0.3688810817307692
1 0.26591844951923077 0.3483060216346154 0.27512478125 0.38818301923076926 0.3000422668269231 0.3824303653846154 0.29083593750000003 0.34255336538461534 0.26591844951923077 0.3483060216346154
1 0.2377192860576923 0.13378081490384616 0.25163292548076927 0.19404740865384615 0.2847716586538462 0.18639673076923075 0.27085801923076924 0.1261301346153846 0.2377192860576923 0.13378081490384616
1 0.21567516346153845 0.3212291370192308 0.23077604326923076 0.38663823798076924 0.2733032355769231 0.3768200625 0.2582023557692308 0.3114109615384616 0.21567516346153845 0.3212291370192308
1 0.13242051923076922 0.2863789639423077 0.15343677884615387 0.3774103918269231 0.22483983653846154 0.36092569711538464 0.20382357451923075 0.2698942692307692 0.13242051923076922 0.2863789639423077
1 0.012143894230769229 0.24259081009615385 0.03878393269230769 0.3579814855769231 0.14550790384615386 0.33334231490384614 0.11886786538461538 0.21795163942307694 0.012143894230769229 0.24259081009615385
1 0.27809724519230766 0.17045245673076923 0.2899280048076923 0.22169710576923077 0.3108363629807692 0.21687003125 0.2990056033653846 0.16562538221153847 0.27809724519230766 0.17045245673076923
1 0.30556921875 0.20725283653846155 0.31712920432692304 0.2573246298076923 0.33443442067307694 0.25332940625 0.3228744375 0.20325761298076922 0.30556921875 0.20725283653846155
1 0.32631603124999997 0.2281206610576923 0.3360847379807692 0.2704335841346154 0.3483658605769231 0.26759826201923076 0.33859715384615385 0.22528534134615383 0.32631603124999997 0.2281206610576923
1 0.3817518870192308 0.3990117139423077 0.38679245673076923 0.4208448197115385 0.40262597115384613 0.41718936538461543 0.39758540144230764 0.39535625961538456 0.3817518870192308 0.3990117139423077
1 0.48680543990384617 0.5449536225961539 0.4823480745192308 0.5256466610576923 0.44920934375 0.5332973389423077 0.4536667091346154 0.5526043028846154 0.48680543990384617 0.5449536225961539
1 0.5218646706730768 0.5354341394230769 0.5174281370192307 0.5162173942307692 0.48205647115384614 0.5243835865384615 0.48649300721153843 0.5436003317307693 0.5218646706730768 0.5354341394230769
1 0.5614992019230769 0.5262837860576923 0.5567710649038461 0.5058039711538462 0.5221606298076923 0.5137944182692308 0.5268887668269231 0.5342742355769231 0.5614992019230769 0.5262837860576923
1 0.25249411778846154 0.14985055048076923 0.23151951442307692 0.058999562500000005 0.2003599735576923 0.06619330769230769 0.2213345769230769 0.15704429807692308 0.25249411778846154 0.14985055048076923
1 0.1651932548076923 0.06737513221153846 0.1733789735576923 0.102831375 0.20575647836538463 0.0953564375 0.19757075961538462 0.05990019711538462 0.1651932548076923 0.06737513221153846
1 0.2150282235576923 0.05586982211538461 0.2252551658653846 0.10016757211538461 0.25641470673076927 0.09297382451923077 0.2461877668269231 0.04867607451923077 0.2150282235576923 0.05586982211538461
4 1 0.4441898509615385 0.9939922548076924 0.4181674471153846 0.8654464543269231 0.44784458413461536 0.9698612331730769 0.9001146899038462 1 0.893156608173077 1 0.4441898509615385
4 0.9739252548076922 0.9017421971153846 0.8634701201923077 0.4233084495192308 0.7643584158653846 0.4461901899038461 0.8748135480769231 0.9246239350961538 0.9739252548076922 0.9017421971153846
4 0.8184203677884615 0.7442610264423077 0.7445822692307692 0.42443307451923074 0.6546052836538461 0.4452058990384616 0.7284433822115385 0.7650338509615384 0.8184203677884615 0.7442610264423077
4 0.719790201923077 0.6986113221153847 0.660657233173077 0.4424783028846154 0.6311216418269231 0.4492971322115385 0.6902546081730769 0.7054301514423076 0.719790201923077 0.6986113221153847
4 0.30978790384615384 1 0.21400700480769233 0.58512734375 0.026390016826923077 0.628442139423077 0.11217090865384614 1 0.30978790384615384 1
3 0.22404143990384615 0.5056478485576923 0.19592255769230768 0.3838515913461539 0.1050828485576923 0.4048235889423077 0.13320173076923078 0.5266198485576923 0.22404143990384615 0.5056478485576923