1 0.6956933653846153 0.5199292019230769 0.7099296129807692 0.41863303125 0.5494752403846154 0.3960826394230769 0.5352389927884615 0.4973788100961538 0.6956933653846153 0.5199292019230769
1 0.66735025 0.6497479903846154 0.67946990625 0.5635121442307692 0.5218006634615384 0.5413531778846153 0.5096810048076923 0.6275890240384616 0.66735025 0.6497479903846154
1 0.6418036850961539 0.8012082620192308 0.6536623942307693 0.7168291730769231 0.49042289182692306 0.6938873557692309 0.47856418269230766 0.7782664471153846 0.6418036850961539 0.8012082620192308
1 0.8372177307692308 0.7175908822115384 0.8440604086538461 0.6689027043269231 0.7427126610576923 0.6546592067307693 0.735869983173077 0.7033473846153846 0.8372177307692308 0.7175908822115384
1 0.8272999807692307 0.7679506971153847 0.835215451923077 0.7116291995192309 0.7408305264423076 0.698364264423077 0.7329150552884616 0.7546857596153846 0.8272999807692307 0.7679506971153847
1 0.95901621875 0.8209646514423077 0.9695701778846153 0.7458693221153846 0.8330988605769231 0.7266895288461538 0.8225449014423076 0.801784858173077 0.95901621875 0.8209646514423077
1 0.8004775216346154 0.4580770625 0.8102486322115384 0.3885519951923077 0.7089008846153846 0.3743084975961538 0.6991297740384615 0.4438335673076923 0.8004775216346154 0.4580770625
1 0.5755899567307693 0.33264136538461536 0.598002625 0.17316694711538463 0.3375930673076923 0.13656876923076922 0.31518039903846157 0.29604318990384615 0.5755899567307693 0.33264136538461536
1 0.06835455528846154 0 0.04761512980769231 0.14756869230769232 0.3347928701923077 0.1879288918269231 0.3612045528846154 0 0.06835455528846154 0
1 0.4467243245192308 0 0.43628478846153845 0.07428115625 0.6136046658653846 0.09920183894230769 0.6256373389423077 0.01358491346153846 0.5289756538461539 0 0.4467243245192308 0
1 0.7240234254807691 0.2319022596153846 0.7484077115384615 0.05839904086538462 0.6150309807692308 0.03965416346153846 0.5906466947115384 0.2131573822115385 0.7240234254807691 0.2319022596153846
1 0.90495221875 0.39618143509615383 0.9213050576923076 0.2798249375 0.8298599903846154 0.2669731706730769 0.8135071514423077 0.38332966826923076 0.90495221875 0.39618143509615383
1 0.8802544399038462 0.052103961538461536 0.8670619903846154 0.145973125 0.9852752403846154 0.16258691346153847 0.9984676923076923 0.06871775 0.8802544399038462 0.052103961538461536
4 0.5192551995192308 0.8670855913461538 0.6086449230769231 0.23104466105769234 0.2888192836538461 0.1860960985576923 0.19942956009615387 0.8221370288461538 0.5192551995192308 0.8670855913461538
4 0 0.829032233173077 0.2678034903846154 0.8666695600961538 0.3766194591346154 0.0924037139423077 0.060507322115384614 0.04797705048076923 0 0.4785090264423077 0 0.829032233173077
4 0.7721413173076923 0.7888104350961539 0.8235483822115385 0.4230301658653846 0.6853750384615385 0.4036111706730769 0.6339679759615385 0.7693914375 0.7721413173076923 0.7888104350961539
3 1 0.16360443749999998 0.9468925961538462 0.1561406778846154 0.9384552259615385 0.21617568028846154 1 0.22482523557692308 1 0.16360443749999998
3 1 0.22482523557692308 0.9384552259615385 0.21617568028846154 0.9303947836538462 0.27352870673076923 1 0.28331108173076924 1 0.22482523557692308
3 1 0.28331108173076924 0.9303947836538462 0.27352870673076923 0.9241609903846153 0.3178844639423077 1 0.3285429423076923 1 0.28331108173076924
3 1 0.3285429423076923 0.9144130384615384 0.3165144783653846 0.9076573437500001 0.3645837403846154 1 0.37756165384615387 1 0.3285429423076923
3 1 0.3790343197115385 0.9083827596153846 0.3661583581730769 0.9014241033653847 0.4156717596153846 0.9953448413461538 0.4288714591346154 1 0.3957482884615385 1 0.3790343197115385
3 0.9896914903846153 0.47583336057692305 0.9960992524038462 0.43023976923076923 0.9032616201923077 0.4171922908653846 0.896853858173077 0.46278588221153844 0.9896914903846153 0.47583336057692305
3 0.9807026706730769 0.5330559134615385 0.9882122211538462 0.47962269711538463 0.8942914831730769 0.46642300000000003 0.8867819350961538 0.5198562139423077 0.9807026706730769 0.5330559134615385
3 0.9752227307692307 0.5720477187499999 0.9807026706730769 0.5330559134615385 0.8799738413461539 0.5188993990384616 0.8744939014423078 0.5578912043269231 0.9752227307692307 0.5720477187499999
3 0.9610977379807693 0.6152944399038461 0.96733153125 0.5709386826923077 0.8755770072115384 0.5580434254807692 0.8693432115384615 0.6023991826923077 0.9610977379807693 0.6152944399038461
3 0.9545160096153846 0.6621258653846154 0.9609237716346153 0.6165322740384614 0.8691692451923078 0.6036370168269231 0.8627614831730769 0.6492306081730769 0.9545160096153846 0.6621258653846154
3 0.9491919086538462 0.7146039423076923 0.95632453125 0.6638527043269231 0.8625585216346153 0.6506747500000001 0.8554259014423077 0.7014259879807692 0.9491919086538462 0.7146039423076923
3 0.9435090072115385 0.7550398894230769 0.9491919086538462 0.7146039423076923 0.8475347019230769 0.700316951923077 0.8418518004807692 0.7407528990384615 0.9435090072115385 0.7550398894230769
3 0.9644950480769231 0.7685083197115384 0.98334140625 0.6344095216346154 0.9638455024038461 0.6316695504807692 0.9449991466346154 0.7657683509615385 0.9644950480769231 0.7685083197115384
3 0.9687926754807693 0.5818734519230769 0.9609351947115384 0.6377823341346154 0.9824425793269231 0.6408050000000001 0.9903000600961539 0.5848961177884615 0.9687926754807693 0.5818734519230769
3 0.9847443173076923 0.5256294591346153 0.9766838750000001 0.5829824879807692 0.9912284375 0.5850265913461539 0.9992888798076923 0.5276735649038462 0.9847443173076923 0.5256294591346153
3 1 0.4838039326923077 0.9908041466346155 0.48251153846153844 0.9845703509615386 0.5268672956730769 0.9991149134615385 0.5289113990384615 1 0.5226136802884616 1 0.4838039326923077
3 1 0.43478521875000004 0.9926085 0.4337464110576923 0.9862007379807692 0.47934000240384617 1 0.4812793629807692 1 0.43478521875000004
1 0.7502081081730769 0.19603069471153844 0.7354499615384615 0.30104037499999997 0.8372618966346154 0.31534910817307693 0.8520200456730769 0.21033943028846155 0.7502081081730769 0.19603069471153844
1 0.7623115841346154 0.14808187259615385 0.7487132139423077 0.24483931730769232 0.8427886802884615 0.2580607620192308 0.8563870528846155 0.16130331730769232 0.7623115841346154 0.14808187259615385
1 0.77238434375 0.1011099375 0.7590469206730769 0.196010625 0.8508014471153846 0.20890588221153847 0.8641388677884615 0.11400519471153846 0.77238434375 0.1011099375
1 0.7837629591346154 0.058318759615384616 0.7705125192307692 0.15260053365384615 0.8602555649038461 0.16521309615384616 0.8735060024038461 0.07093132211538461 0.7837629591346154 0.058318759615384616