1 0.28078125000000004 0.03270833413461539 0.28078125000000004 0.21083333413461539 0.59609375 0.21083333413461539 0.59609375 0.03270833413461539 0.28078125000000004 0.03270833413461539
1 0.5884375 0.012083334134615384 0.5884375 0.125 0.71921875 0.125 0.71921875 0.012083334134615384 0.5884375 0.012083334134615384
1 0.5817187500000001 0.1441666658653846 0.5817187500000001 0.2595833341346154 0.7106250000000001 0.2595833341346154 0.7106250000000001 0.1441666658653846 0.5817187500000001 0.1441666658653846
1 0.7 0.21479166586538462 0.7 0.298125 0.776875 0.298125 0.776875 0.21479166586538462 0.7 0.21479166586538462
1 0.739375 0.1545833341346154 0.739375 0.2302083341346154 0.8625 0.2302083341346154 0.8625 0.1545833341346154 0.739375 0.1545833341346154
1 0.84328125 0.199375 0.84328125 0.2595833341346154 0.91734375 0.2595833341346154 0.91734375 0.199375 0.84328125 0.199375
1 0.70390625 0.051875 0.70390625 0.13020833413461538 0.860625 0.13020833413461538 0.860625 0.051875 0.70390625 0.051875
1 0.76640625 0.0018750000000000001 0.76640625 0.03645833413461538 0.86734375 0.03645833413461538 0.86734375 0.0018750000000000001 0.76640625 0.0018750000000000001
1 0.91921875 0.04416666586538461 0.8625 0.04416666586538461 0.8625 0.10583333413461539 0.82984375 0.10583333413461539 0.82984375 0.18145833413461537 0.9085937500000001 0.18145833413461537 0.9085937500000001 0.12125 0.91921875 0.12125 0.91921875 0.04416666586538461
1 0.9076562499999999 0.17124999999999999 0.9076562499999999 0.21729166586538462 0.948125 0.21729166586538462 0.948125 0.17124999999999999 0.9076562499999999 0.17124999999999999
1 0.9039062499999999 0.24041666586538463 0.9039062499999999 0.28916666586538464 0.94421875 0.28916666586538464 0.94421875 0.24041666586538463 0.9039062499999999 0.24041666586538463
1 0.94328125 0.21479166586538462 0.94328125 0.2595833341346154 0.9807812499999999 0.2595833341346154 0.9807812499999999 0.21479166586538462 0.94328125 0.21479166586538462
1 0.94328125 0.2697916658653846 0.94328125 0.3275 0.9807812499999999 0.3275 0.9807812499999999 0.2697916658653846 0.94328125 0.2697916658653846
1 0.9990625000000001 0.33916666586538463 0.9990625000000001 0.301875 0.97984375 0.301875 0.97984375 0.33916666586538463 0.9990625000000001 0.33916666586538463
1 0.9076562499999999 0.6954166658653846 0.9076562499999999 0.6441666658653846 0.8403125 0.6441666658653846 0.8403125 0.6954166658653846 0.9076562499999999 0.6954166658653846
1 0.926875 0.67125 0.926875 0.6416666658653847 0.89515625 0.6416666658653847 0.89515625 0.67125 0.926875 0.67125
1 1 0.651875 0.9606250000000001 0.651875 0.9606250000000001 0.6916666658653846 1 0.6916666658653846 1 0.651875
1 0.6865625000000001 0.6314583341346154 0.6865625000000001 0.546875 0.61921875 0.546875 0.61921875 0.6314583341346154 0.6865625000000001 0.6314583341346154
1 0.60921875 0.8441666658653847 0.60921875 0.5247916658653846 0.00390625 0.5247916658653846 0.00390625 0.8441666658653847 0.60921875 0.8441666658653847
1 0.6153125 0.996875 0.6153125 0.9314583341346154 0.49421875 0.9314583341346154 0.49421875 0.996875 0.6153125 0.996875
1 0.8759374999999999 0.0045833341346153845 0.8759374999999999 0.06729166586538461 0.95390625 0.06729166586538461 0.95390625 0.0045833341346153845 0.8759374999999999 0.0045833341346153845
1 0.94328125 0.049374999999999995 0.94328125 0.11479166586538461 0.985625 0.11479166586538461 0.985625 0.049374999999999995 0.94328125 0.049374999999999995
1 0.8490624999999999 0.6904166658653845 0.8490624999999999 0.6493749999999999 0.7798437500000001 0.6493749999999999 0.7798437500000001 0.6904166658653845 0.8490624999999999 0.6904166658653845
1 0.6778125 0.7274999999999999 0.6778125 0.6697916658653846 0.6134375 0.6697916658653846 0.6134375 0.7274999999999999 0.6778125 0.7274999999999999
3 0.9931249999999999 0.5152083341346153 0.9931249999999999 0.4852083341346154 0.94921875 0.4852083341346154 0.94921875 0.5152083341346153 0.9931249999999999 0.5152083341346153
1 0.6943750000000001 0.6695833341346155 0.6943750000000001 0.7172916658653846 0.78640625 0.7172916658653846 0.78640625 0.6695833341346155 0.6943750000000001 0.6695833341346155
1 0.6799999999999999 0.6254166658653847 0.6799999999999999 0.6675 0.7878125 0.6675 0.7878125 0.6254166658653847 0.6799999999999999 0.6254166658653847
1 0.68875 0.5814583341346153 0.68875 0.6254166658653847 0.7878125 0.6254166658653847 0.7878125 0.5814583341346153 0.68875 0.5814583341346153