1 0.791886795673077 1 0.8411691057692308 0.688843735576923 0.41924099278846155 0.6220168870192307 0.36267834615384614 0.9791393822115384 0.4943871033653846 1 0.791886795673077 1
1 0.4276049326923077 0.7336815528846153 0.45082386298076926 0.5870829975961539 0.3754097403846154 0.5751385745192308 0.3521908100961539 0.7217371298076922 0.4276049326923077 0.7336815528846153
1 0.4039769735576923 0.6388173918269231 0.42250287019230764 0.521849485576923 0.27687028125 0.4987835504807692 0.2583443846153846 0.615751454326923 0.4039769735576923 0.6388173918269231
1 0.43250634375 0.45303005288461534 0.4436160865384616 0.38288589182692306 0.29973252884615387 0.36009697596153845 0.2886227860576923 0.4302411370192308 0.43250634375 0.45303005288461534
1 0.5020289711538461 0.23548672836538462 0.5096913629807692 0.1871082908653846 0.35968619711538463 0.1633498076923077 0.35202380528846156 0.2117282451923077 0.5020289711538461 0.23548672836538462
1 0.3589221225961538 0.1568540096153846 0.3685544302884616 0.09603801442307693 0.3317218870192308 0.0902043125 0.32208957932692306 0.15102030769230768 0.3589221225961538 0.1568540096153846
1 0.3186277427884615 0.1728774855769231 0.3250589375 0.13227251923076924 0.2952225168269231 0.12754689423076923 0.2887913221153846 0.16815186057692305 0.3186277427884615 0.1728774855769231
1 0.1885678125 0.2785549158653846 0.19326084615384614 0.2489242644230769 0.10730109615384616 0.23530957932692306 0.10260806009615385 0.2649402283653846 0.1885678125 0.2785549158653846
1 0.5703156009615384 0.007435497596153847 0.5531222932692308 0.11598975961538462 0.6826020625000001 0.13649734134615385 0.6997953677884615 0.027943076923076925 0.5703156009615384 0.007435497596153847
1 0.6997953677884615 0.027943076923076925 0.6932772668269231 0.06909675721153846 0.9038297836538463 0.102445 0.9103478870192308 0.06129131971153846 0.6997953677884615 0.027943076923076925
4 0.167128375 0.42590405048076924 0.19220134375 0.2675995576923077 0.10387525721153847 0.2536100793269231 0.07880228846153846 0.4119145721153846 0.167128375 0.42590405048076924
1 0.32058915384615383 0.017662247596153847 0.31473734615384613 0.054609108173076924 0.34369924759615383 0.05919622355769231 0.34955105528846153 0.02224936298076923 0.32058915384615383 0.017662247596153847