1 0.11551483173076924 0 0.11444756730769232 0.006738442307692308 0.3095160144230769 0.03763425 0.31547669471153844 0 0.11551483173076924 0
1 0.2811325168269231 0.15990781730769232 0.2933865504807692 0.08253889663461539 0.08195951442307692 0.04905214423076923 0.06970548076923076 0.12642106490384616 0.2811325168269231 0.15990781730769232
1 0.3124709375 0 0.29905540625 0.08470233653846154 0.4864075384615385 0.114376 0.5000629639423078 0.02815903846153846 0.3222737980769231 0 0.3124709375 0
1 0.46514125 0.2166837980769231 0.47817745432692305 0.13437643509615385 0.2880474495192308 0.10426280048076923 0.27501124278846156 0.18657016346153846 0.46514125 0.2166837980769231
1 0.6011113701923076 0.27112446634615384 0.6133328124999999 0.19396131490384613 0.47999488701923076 0.1728426610576923 0.4677734447115384 0.25000581250000004 0.6011113701923076 0.27112446634615384
1 0.6765980360576923 0.3069154951923077 0.6863751899038462 0.2451849735576923 0.5994894807692307 0.2314236298076923 0.5897123269230768 0.29315414903846154 0.6765980360576923 0.3069154951923077
1 0.7326529663461538 0.2776153533653846 0.7414198149038461 0.2222636514423077 0.6864796514423077 0.21356198317307692 0.6777128028846153 0.2689136850961539 0.7326529663461538 0.2776153533653846
1 0.7704054110576923 0.3019456826923077 0.7767279711538462 0.26202661057692306 0.7332079519230769 0.25513371634615384 0.726885391826923 0.2950527884615385 0.7704054110576923 0.3019456826923077
1 0.7238861201923077 0.3329670528846154 0.7306323557692308 0.2903729927884615 0.6784700649038461 0.2821112980769231 0.6717238293269231 0.3247053581730769 0.7238861201923077 0.3329670528846154
1 0.7636860216346153 0.35635608653846157 0.7695849038461537 0.3191120048076923 0.7252932548076922 0.31209689663461543 0.7193943725961538 0.34934097836538464 0.7636860216346153 0.35635608653846157
1 0.6078751201923077 0.6339410889423077 0.6195099326923077 0.5604817692307692 0.40916318028846155 0.5271661177884616 0.39752836778846157 0.6006254375 0.6078751201923077 0.6339410889423077
1 0.7033090288461538 0.4379151706730769 0.7110655697115384 0.3889422908653846 0.5209355649038462 0.35882865625 0.5131790216346154 0.4078015384615385 0.7033090288461538 0.4379151706730769
1 0.6897849110576922 0.5043254903846154 0.6971177764423077 0.4580275985576923 0.5079137283653846 0.4280606201923077 0.5005808629807692 0.4743585120192308 0.6897849110576922 0.5043254903846154
1 0.7437482644230768 0.43229709374999997 0.7478220769230769 0.4065760432692308 0.7092405024038461 0.4004653221153846 0.7051666875 0.42618637259615383 0.7437482644230768 0.43229709374999997
1 0.6659219230769231 0.6180341033653847 0.675699076923077 0.5563035817307692 0.6206045865384616 0.5475774711538461 0.6108274326923077 0.6093079927884616 0.6659219230769231 0.6180341033653847
1 0.7423948870192307 0.5786792524038462 0.7479026826923078 0.5439043942307692 0.7179633798076923 0.5391624735576923 0.7124555841346154 0.5739373317307692 0.7423948870192307 0.5786792524038462
1 0.7525487572115386 0.5275549110576923 0.7574699230769231 0.4964838798076923 0.7275306225961539 0.49174196153846156 0.722609454326923 0.5228129903846154 0.7525487572115386 0.5275549110576923
1 0.7922613197115385 0.3767017379807692 0.7981602019230769 0.33945765384615384 0.7662146586538461 0.3343979783653846 0.7603157740384615 0.3716420600961538 0.7922613197115385 0.3767017379807692
1 0.8174509903846154 0.34251301682692303 0.8221440240384615 0.3128823653846154 0.7699817331730769 0.3046206706730769 0.7652886995192307 0.3342513197115385 0.8174509903846154 0.34251301682692303
1 0.652293858173077 0.017888413461538463 0.6469164230769231 0.05184020192307692 0.700004670673077 0.060248552884615385 0.7053821057692308 0.026296766826923078 0.652293858173077 0.017888413461538463
1 0.7508854134615385 0.11555564423076924 0.7612166057692308 0.05032706009615385 0.7030355889423077 0.04111209134615385 0.6927043966346154 0.10634067548076923 0.7508854134615385 0.11555564423076924
1 0.7855944831730769 0.1680904639423077 0.7932532548076924 0.11973488701923077 0.7555976346153847 0.11377082211538461 0.7479388653846153 0.16212639903846154 0.7855944831730769 0.1680904639423077
1 0.8164770168269231 0.20483224278846152 0.8235491586538461 0.16018049759615385 0.7886714134615385 0.15465640625 0.7815992740384616 0.19930814903846153 0.8164770168269231 0.20483224278846152
1 0.8394208245192308 0.1958103701923077 0.8449286225961538 0.16103550961538463 0.8169955625 0.15661134615384614 0.8114877644230769 0.1913862091346154 0.8394208245192308 0.1958103701923077
1 0.8330589639423077 0.2329811201923077 0.8385667596153846 0.19820626201923078 0.8110966778846154 0.19385542788461538 0.8055888822115385 0.2286302884615385 0.8330589639423077 0.2329811201923077
1 0.9006540793269231 0.5493250456730769 0.9030983677884615 0.5338924158653846 0.8592696971153846 0.5269506370192307 0.8568254086538462 0.5423832668269231 0.9006540793269231 0.5493250456730769
1 0.9432443100961538 0.5640860264423077 0.946373 0.5443322596153846 0.9017726971153847 0.537268264423077 0.8986440072115385 0.55702203125 0.9432443100961538 0.5640860264423077
1 0.9830652932692308 0.5773537475961539 0.9859332596153846 0.5592461274038462 0.9436478509615385 0.5525487764423077 0.9407798870192308 0.5706563966346153 0.9830652932692308 0.5773537475961539
1 0.7817385 0.5709892740384616 0.7860078557692307 0.5440336129807692 0.7486608918269231 0.5381184350961539 0.7443915336538461 0.56507409375 0.7817385 0.5709892740384616
1 0.7920524399038461 0.5078672596153846 0.7954092620192307 0.48667311298076926 0.7592969086538462 0.48095347836538466 0.7559400841346153 0.502147625 0.7920524399038461 0.5078672596153846
1 0.8107047548076923 0.38510707451923076 0.8147133870192308 0.35979756249999995 0.7914101153846154 0.35610668509615384 0.7874014831730769 0.3814161995192308 0.8107047548076923 0.38510707451923076
1 0.8380856682692308 0.35506215865384616 0.84105140625 0.33633723317307695 0.8202173557692307 0.33303744471153846 0.8172516177884616 0.3517623701923077 0.8380856682692308 0.35506215865384616
1 0.853012125 0.2608202283653846 0.8577703389423077 0.23077804326923076 0.8352386995192307 0.22720938221153847 0.8304804831730769 0.2572515673076923 0.853012125 0.2608202283653846
1 0.8311611418269231 0.3967842596153846 0.8346809182692307 0.3745612716346154 0.8144641730769231 0.37135925240384615 0.8109443966346154 0.39358224038461537 0.8311611418269231 0.3967842596153846
1 0.8442357475961538 0.4041283293269231 0.8469407596153846 0.3870495504807692 0.8325884134615384 0.3847763629807692 0.8298834014423077 0.40185514182692306 0.8442357475961538 0.4041283293269231
1 0.8178555649038461 0.44783128125 0.8203324447115385 0.43219288221153845 0.8067517283653847 0.43004190865384617 0.8042748509615384 0.4456803076923077 0.8178555649038461 0.44783128125
1 0.8381528293269231 0.4525225649038462 0.8401082596153846 0.4401764615384615 0.822360735576923 0.4373655288461539 0.8204053052884616 0.4497116322115385 0.8381528293269231 0.4525225649038462
1 0.8545411033653847 0.4099791418269231 0.8570831634615386 0.39392920673076925 0.8438111009615384 0.3918271177884615 0.8412690408653846 0.40787705288461534 0.8545411033653847 0.4099791418269231
1 0.8323575048076923 0.5450467692307692 0.8351602884615384 0.5273506875 0.8218882259615385 0.5252485985576923 0.8190854423076923 0.5429446802884615 0.8323575048076923 0.5450467692307692
1 0.8537398293269232 0.5229108365384616 0.8555323076923076 0.5115935769230769 0.8461184038461538 0.5101025600961538 0.8443259254807691 0.5214198221153846 0.8537398293269232 0.5229108365384616
1 0.8388046826923077 0.5163267379807692 0.8416726490384616 0.4982191177884615 0.8285549134615385 0.49614147355769234 0.8256869471153846 0.51424909375 0.8388046826923077 0.5163267379807692
1 0.8452863653846154 0.48339356971153846 0.8475025216346155 0.4694013173076923 0.8339218076923077 0.46725034134615384 0.8317056514423077 0.4812425961538462 0.8452863653846154 0.48339356971153846
1 0.8595064134615384 0.4565374302884615 0.8610707596153847 0.44666054807692307 0.8513482019230769 0.44512064663461537 0.8497838581730769 0.45499752884615385 0.8595064134615384 0.4565374302884615
1 0.849548 0.37058807932692306 0.8525789182692307 0.3514516177884615 0.8386895504807692 0.3492517572115385 0.8356586322115385 0.36838821874999994 0.849548 0.37058807932692306
1 0.8675437067307693 0.24498180528846153 0.871389389423077 0.22070113461538463 0.8578086730769231 0.21855015865384614 0.8539629927884616 0.24283083173076925 0.8675437067307693 0.24498180528846153
1 0.8801025649038461 0.1756765144230769 0.8855125889423078 0.14151895913461537 0.8669934326923077 0.13858581250000002 0.8615834086538462 0.17274336778846155 0.8801025649038461 0.1756765144230769
4 0.7251113076923077 0.5909178509615385 0.7518029399038462 0.4223935288461539 0.6919243341346154 0.4129096875 0.6652327019230769 0.5814340120192308 0.7251113076923077 0.5909178509615385
4 0.7894806057692307 0.43321247836538457 0.7710995576923078 0.5492658581730769 0.8028907764423077 0.55430109375 0.8212718245192308 0.43824771394230766 0.7894806057692307 0.43321247836538457
4 0.8278283701923077 0.5546650072115384 0.8454924278846154 0.44313853125 0.8144728413461538 0.43822550961538465 0.7968087836538462 0.5497519879807693 0.8278283701923077 0.5546650072115384
4 0.8454253341346154 0.44755743750000004 0.8307921923076923 0.5399474543269231 0.8493113485576923 0.5428805985576923 0.8639444903846154 0.4504905841346154 0.8454253341346154 0.44755743750000004