1 0.615445798076923 0.2640351802884615 0.6039739375000001 0.19160469951923076 0.5079829783653846 0.20680817548076924 0.5194548389423077 0.2792386538461539 0.615445798076923 0.2640351802884615
1 0.6750098365384616 0.26205403125 0.668122375 0.21856831009615385 0.59929284375 0.22946983653846154 0.6061803052884616 0.27295555769230767 0.6750098365384616 0.26205403125
1 0.6670968798076923 0.2285741418269231 0.6609481370192308 0.18975250240384614 0.6077827259615385 0.19817307692307692 0.6139314687499999 0.23699471634615385 0.6670968798076923 0.2285741418269231
1 0.6037288749999999 0.18306568750000002 0.6085739975961538 0.21365658894230768 0.6633598341346154 0.20497936298076924 0.6585147115384615 0.17438846153846152 0.6037288749999999 0.18306568750000002
1 0.2629886802884615 0.2655795240384615 0.2460850673076923 0.15885431009615386 0.16259453846153848 0.17207791105769232 0.1794981514423077 0.278803125 0.2629886802884615 0.2655795240384615
1 0.17531288221153846 0.16148569230769233 0.17874575 0.18315996634615386 0.25853244951923077 0.17052299278846156 0.25509958173076924 0.14884872115384615 0.17531288221153846 0.16148569230769233
1 0.2586198533653846 0.1466037235576923 0.25464381009615383 0.12149998076923077 0.1607362548076923 0.13637347596153845 0.16471229807692306 0.16147722115384616 0.2586198533653846 0.1466037235576923
1 0.16738252403846154 0.11141538221153846 0.17159756490384614 0.13802809615384615 0.25138426442307693 0.12539112259615384 0.2471692235576923 0.09877840865384616 0.16738252403846154 0.11141538221153846
1 0.24153631250000002 0.09967057451923077 0.236517375 0.06798224278846153 0.16143762740384615 0.07987370673076924 0.1664565673076923 0.11156203846153846 0.24153631250000002 0.09967057451923077
1 0.17866759615384617 0.7365126610576923 0.16943361778846155 0.6782116105769231 0.07745514182692308 0.6927795697115384 0.08668912019230769 0.7510806201923077 0.17866759615384617 0.7365126610576923
1 0.09225123317307693 0.7861984278846154 0.08088800721153847 0.7144538437500001 0.029265860576923076 0.7226299879807693 0.04062908653846154 0.7943745721153845 0.09225123317307693 0.7861984278846154
1 0.6277165673076923 0.6541406754807693 0.6206552884615385 0.6095575240384615 0.4955738197115384 0.6293684807692308 0.5026350985576923 0.6739516346153847 0.6277165673076923 0.6541406754807693
1 0.8744260504807693 0.5582551899038461 0.8698416514423077 0.5293104350961538 0.8128180817307692 0.538342079326923 0.8174024807692307 0.5672868365384616 0.8744260504807693 0.5582551899038461
1 0.8894068870192308 0.5509607524038461 0.8854308461538462 0.5258570096153846 0.8626677163461539 0.5294623341346154 0.8666437596153845 0.554566079326923 0.8894068870192308 0.5509607524038461
1 0.6612903485576923 0.17493318509615385 0.65503296875 0.1354256514423077 0.558424704326923 0.1507268966346154 0.5646820817307693 0.19023443028846154 0.6612903485576923 0.17493318509615385
1 0.5661817403846153 0.17523179326923077 0.569701516826923 0.19745478125 0.6582076514423078 0.1834367860576923 0.6546878774038463 0.1612137980769231 0.5661817403846153 0.17523179326923077
1 0.7001821682692307 0.1777730168269231 0.6943593317307692 0.1410090625 0.6546974711538461 0.14729088461538462 0.6605203076923077 0.18405483653846152 0.7001821682692307 0.1777730168269231
1 0.6525798605769231 0.1723754278846154 0.6573163485576923 0.20228043509615384 0.6985986346153846 0.19574196153846155 0.6938621466346154 0.16583695673076923 0.6525798605769231 0.1723754278846154
1 0.7036862836538462 0.2068888701923077 0.6994060625 0.17986462259615385 0.6548829254807692 0.18691639423076925 0.6591631442307692 0.21394064423076922 0.7036862836538462 0.2068888701923077
1 0.6602530240384615 0.19984662740384615 0.6647070600961539 0.2279683125 0.7076097740384615 0.22117318990384616 0.7031557355769231 0.19305150721153846 0.6602530240384615 0.19984662740384615
1 0.7151929927884615 0.2445806514423077 0.7103044158653845 0.21371539182692306 0.6684819879807692 0.22033941346153846 0.6733705649038462 0.2512046754807692 0.7151929927884615 0.2445806514423077
1 0.6702292475961538 0.24185879807692306 0.6748136466346154 0.2708035528846154 0.7182565024038462 0.2639228798076923 0.7136721033653846 0.234978125 0.6702292475961538 0.24185879807692306
1 0.6470672668269231 0.14456202403846155 0.6358995841346153 0.07405205048076922 0.5495540192307693 0.08772784374999999 0.5607217019230769 0.15823781730769232 0.6470672668269231 0.14456202403846155
1 0.6383976971153846 0.11429561298076923 0.6316623221153846 0.07177014423076923 0.5419987403846154 0.08597146153846154 0.5487341129807692 0.12849693028846154 0.6383976971153846 0.11429561298076923
1 0.6368863990384616 0.09077017307692309 0.6295426706730769 0.04440369471153846 0.5442773894230769 0.05790838701923077 0.5516211177884616 0.10427486538461538 0.6368863990384616 0.09077017307692309
1 0.6371223629807693 0.0887641201923077 0.6287140120192307 0.035675870192307696 0.5385102860576922 0.04996273798076923 0.546918639423077 0.10305098557692308 0.6371223629807693 0.0887641201923077
1 0.6325379639423077 0.05981936057692308 0.6251942355769231 0.013452882211538461 0.5360707956730769 0.027568649038461537 0.5434145240384616 0.07393512740384615 0.6325379639423077 0.05981936057692308
1 0.9510233533653847 0.5234835240384615 0.9477208485576922 0.5026323269230769 0.9261923293269232 0.5060421081730769 0.9294948341346154 0.5268933076923077 0.9510233533653847 0.5234835240384615
1 0.9603447788461538 0.48994575961538456 0.9581503509615386 0.47609068750000005 0.9386280721153846 0.4791827115384616 0.9408225024038461 0.49303778605769233 0.9603447788461538 0.48994575961538456
1 0.9633078052884615 0.5001635961538462 0.961482735576923 0.4886405625 0.9419604591346153 0.4917325865384615 0.9437855264423077 0.5032556201923077 0.9633078052884615 0.5001635961538462
1 0.9656977764423077 0.5152532764423077 0.9633078052884615 0.5001635961538462 0.9450973004807692 0.5030478557692308 0.9474872716346153 0.5181375360576923 0.9656977764423077 0.5152532764423077
1 0.9450400576923077 0.3293910264423077 0.9426935408653846 0.31457570192307693 0.9114424639423077 0.3195253870192308 0.9137889807692308 0.3343407115384615 0.9450400576923077 0.3293910264423077
1 0.9486467427884615 0.35216273076923077 0.9448227884615386 0.32801923798076926 0.9195904375 0.3320156490384615 0.923414391826923 0.3561591418269231 0.9486467427884615 0.35216273076923077
4 0.9211358076923077 0.5345451538461539 0.9024071274038461 0.41629691105769234 0.8609705144230768 0.4228598269230769 0.8796991947115385 0.5411080673076923 0.9211358076923077 0.5345451538461539
1 0.9165073317307691 0.22914815144230768 0.9112059423076923 0.19567649038461538 0.8766368509615384 0.20115169711538464 0.8819382403846153 0.23462335817307695 0.9165073317307691 0.22914815144230768