1 0.9905999663461539 0.7416988774038462 0.973151139423077 0.6175440192307692 0.8163329086538462 0.6395833846153847 0.8337817355769231 0.7637382427884615 0.9905999663461539 0.7416988774038462
1 0.25767308413461537 0.691085014423077 0.25200178125 0.6507315913461539 0.16140772596153846 0.6634637548076923 0.16707902884615383 0.7038171778846153 0.25767308413461537 0.691085014423077
1 0.1720029375 0.7074169350961538 0.16436581490384614 0.6530759759615384 0.024103625 0.6727885408653846 0.03174075 0.7271295 0.1720029375 0.7074169350961538
1 0.14804492067307692 0.5245970576923077 0.14275634375000001 0.48696687019230767 0.004273543269230769 0.5064293581730769 0.009562120192307693 0.5440595456730769 0.14804492067307692 0.5245970576923077
1 0.24461446153846153 0.5223856538461539 0.2414830673076923 0.5001046225961538 0.14044477644230768 0.5143046274038462 0.14357617307692308 0.5365856586538462 0.24461446153846153 0.5223856538461539
1 0.5416141129807692 0.5687525288461539 0.5398570528846154 0.5562503942307692 0.505893951923077 0.5610235985576923 0.5076510144230769 0.5735257331730769 0.5416141129807692 0.5687525288461539
1 0.5427970841346154 0.5771698076923077 0.54142275 0.5673909110576922 0.49879480528846154 0.5733818774038462 0.500169139423077 0.5831607764423077 0.5427970841346154 0.5771698076923077
1 0.5426607596153846 0.5885495288461539 0.5410950625000001 0.5774090120192308 0.500169139423077 0.5831607764423077 0.5017348365384615 0.5943012908653846 0.5426607596153846 0.5885495288461539
1 0.5454094278846153 0.6081073221153847 0.5426607596153846 0.5885495288461539 0.4903622259615385 0.595899608173077 0.4931108942307692 0.6154574014423078 0.5454094278846153 0.6081073221153847
1 0.5484683894230769 0.6175232331730769 0.5469026923076923 0.6063827163461538 0.492051125 0.6140916009615385 0.4936168221153846 0.6252321177884615 0.5484683894230769 0.6175232331730769
4 0.6156967788461538 0.5328427427884616 0.6021621947115384 0.436539173076923 0.5210839975961539 0.44793397115384614 0.5346185817307693 0.5442375408653846 0.6156967788461538 0.5328427427884616
4 0.6298562187500001 0.6274175264423077 0.6165477908653846 0.5327231418269232 0.5268047475961539 0.5453357043269231 0.5401131754807692 0.6400300889423077 0.6298562187500001 0.6274175264423077
4 0.7027613653846154 0.6342122163461539 0.6865129062499999 0.5185984182692308 0.59854925 0.5309609038461539 0.6147977091346154 0.646574701923077 0.7027613653846154 0.6342122163461539
4 0.5871168124999999 0.43726515144230765 0.602982545673077 0.5501557115384615 0.6927255889423076 0.5375431490384616 0.6768598557692307 0.4246525889423077 0.5871168124999999 0.43726515144230765
4 0.7824686322115385 0.5249305865384616 0.7677858701923077 0.42045730528846154 0.6798222139423077 0.43281979086538463 0.6945049759615384 0.5372930721153846 0.7824686322115385 0.5249305865384616
4 0.7975689134615384 0.6323746730769231 0.78208590625 0.5222073509615385 0.6775662067307693 0.5368966370192307 0.6930492139423077 0.6470639591346153 0.7975689134615384 0.6323746730769231
4 0.9101711754807693 0.61793796875 0.89352259375 0.4994771514423077 0.7784812956730769 0.5156451514423077 0.7951298774038461 0.6341059687499999 0.9101711754807693 0.61793796875
4 0.7601765240384615 0.40448588942307695 0.77741659375 0.5271553461538462 0.902902125 0.5095195048076924 0.8856620576923077 0.3868500480769231 0.7601765240384615 0.40448588942307695