1 0.9988359759615384 0.6303091466346153 0.9962815264423077 0.5571592884615385 0.9116456153846154 0.5601148413461539 0.9142000649038462 0.6332646971153846 0.9988359759615384 0.6303091466346153
1 0.5580312235576923 0.6216599615384616 0.5570520985576923 0.5936214975961538 0.5159053028846153 0.595058375 0.5168844278846154 0.6230968389423077 0.5580312235576923 0.6216599615384616
1 0.5476304975961539 0.5051464110576923 0.5465011105769231 0.47280501201923075 0.5085554903846154 0.47413010336538464 0.5096848774038462 0.5064715000000001 0.5476304975961539 0.5051464110576923
1 0.44479808653846153 0.48622368269230765 0.4443569951923077 0.47359249278846155 0.40078980048076923 0.4751138918269231 0.40123089182692306 0.4877450817307692 0.44479808653846153 0.48622368269230765
1 0.7492148605769231 0.5470256177884616 0.7488464759615384 0.5364764927884615 0.7237055504807692 0.5373544326923076 0.7240739350961539 0.5479035576923077 0.7492148605769231 0.5470256177884616
1 0.7481977620192308 0.5559554447115385 0.7478584615384616 0.546239141826923 0.7240448509615385 0.5470707331730769 0.7243841514423077 0.5567870336538461 0.7481977620192308 0.5559554447115385
1 0.7494007620192308 0.5657805552884615 0.7490566129807692 0.5559254519230769 0.7220418293269231 0.556868829326923 0.7223859783653845 0.5667239326923077 0.7494007620192308 0.5657805552884615
1 0.7492715985576923 0.5755132139423077 0.7489322980769231 0.5657969134615385 0.7223859783653845 0.5667239326923077 0.7227252788461538 0.5764402307692308 0.7492715985576923 0.5755132139423077
1 0.7496690649038461 0.5868951658653846 0.7492715985576923 0.5755132139423077 0.7295960913461539 0.5762002980769231 0.7299935576923077 0.5875822475961539 0.7496690649038461 0.5868951658653846
1 0.003666137019230769 0.5823719807692307 0.005861896634615385 0.6452503197115385 0.12438340384615384 0.6411114567307692 0.12218764423076924 0.5782331177884615 0.003666137019230769 0.5823719807692307
1 0.013893653846153846 0.6469154735576923 0.015241161057692307 0.6855030649038463 0.12009912019230769 0.68184134375 0.11875161298076924 0.6432537548076923 0.013893653846153846 0.6469154735576923
1 0.008448427884615386 0.6857402716346154 0.01000436298076923 0.7302964471153846 0.12852586778846153 0.7261575841346153 0.1269699326923077 0.6816014086538461 0.008448427884615386 0.6857402716346154
1 0.1846014278846154 0.15829909615384616 0.1830261033653846 0.11318770432692307 0.13235386538461538 0.11495721875 0.13392918990384614 0.1600686105769231 0.1846014278846154 0.15829909615384616
1 0.23713088942307692 0.16494211298076925 0.23570582692307693 0.12413365625 0.18269126682692308 0.12598496394230768 0.18411632932692307 0.1667934206730769 0.23713088942307692 0.16494211298076925
1 0.2818714783653846 0.17463659374999999 0.2805433581730769 0.13660422115384616 0.23065189423076923 0.13834646875 0.23198001442307692 0.17637884134615384 0.2818714783653846 0.17463659374999999
1 0.32118437740384614 0.19007956009615384 0.31986110576923077 0.15218598798076924 0.2826962596153846 0.1534838125 0.28401953125 0.19137738461538462 0.32118437740384614 0.19007956009615384
1 0.37730763461538463 0.20785393509615385 0.3759843605769231 0.1699603653846154 0.3253121225961539 0.1717298798076923 0.3266353966346154 0.20962344711538464 0.37730763461538463 0.20785393509615385
1 0.19583139903846153 0.2761734278846154 0.19416397836538463 0.22842475240384616 0.12850087740384614 0.23071775961538463 0.13016829807692307 0.2784664326923077 0.19583139903846153 0.2761734278846154
1 0.19892004326923077 0.27731633173076925 0.19782458653846155 0.24594656250000002 0.13348880048076922 0.24819321875 0.13458425721153847 0.2795629855769231 0.19892004326923077 0.27731633173076925
1 0.1902972139423077 0.29901937259615385 0.18903695432692308 0.26293025961538463 0.12915158173076924 0.26502150240384614 0.13041184134615386 0.30111061778846154 0.1902972139423077 0.29901937259615385
1 0.20117159615384614 0.3104523822115385 0.1998725576923077 0.2732528341346154 0.1273386466346154 0.27578577403846155 0.1286376826923077 0.31298532211538466 0.20117159615384614 0.3104523822115385
1 0.21261138461538462 0.32464511778846156 0.21162256490384615 0.2963290456730769 0.1363559423076923 0.2989574134615384 0.13734476201923076 0.3272734855769231 0.21261138461538462 0.32464511778846156
1 0.21073177403846152 0.34917010096153844 0.20940365384615384 0.31113772596153844 0.13905590865384615 0.3135943245192308 0.14038402884615384 0.3516266971153846 0.21073177403846152 0.34917010096153844
1 0.20813597115384616 0.36885601923076927 0.20704536057692308 0.33762505528846154 0.13779069951923079 0.3400434807692308 0.13888131009615384 0.3712744447115384 0.20813597115384616 0.36885601923076927
1 0.20724765384615385 0.39042793990384617 0.20577896634615384 0.3483702427884615 0.13925701442307692 0.35069324038461536 0.14072570192307693 0.3927509375 0.20724765384615385 0.39042793990384617
1 0.21035477884615383 0.41672440865384613 0.20871644230769232 0.3698085625 0.13672907211538463 0.3723224158653846 0.13836740865384617 0.41923826442307693 0.21035477884615383 0.41672440865384613
1 0.20519473076923075 0.42565993509615385 0.20390054326923077 0.3885991947115385 0.13792513221153846 0.39090310576923076 0.13921932211538462 0.4279638485576923 0.20519473076923075 0.42565993509615385
1 0.20587818028846155 0.4452313389423077 0.20465185096153846 0.41011385576923076 0.14140914903846152 0.4123223389423077 0.14263547836538462 0.44743982451923076 0.20587818028846155 0.4452313389423077
1 0.2108661033653846 0.4627067980769231 0.20977549519230768 0.4314758365384615 0.13833466586538462 0.4339706033653846 0.13942527403846156 0.4652015673076923 0.2108661033653846 0.4627067980769231
1 0.21213002403846154 0.4832307475961538 0.21096670673076925 0.44991771875000003 0.14007242067307693 0.45239340144230766 0.14123573798076922 0.48570643028846155 0.21213002403846154 0.4832307475961538
1 0.21267290384615387 0.49877682692307695 0.21161622596153845 0.4685174903846154 0.1385357716346154 0.4710695168269231 0.13959244951923078 0.5013288509615385 0.21267290384615387 0.49877682692307695
1 0.2142797860576923 0.51345190625 0.21339275721153847 0.4880507235576923 0.14140538701923078 0.49056457932692304 0.1422924158653846 0.5159657620192308 0.2142797860576923 0.51345190625
1 0.2112053028846154 0.5351001706730769 0.21038613461538463 0.51164225 0.14222455528846153 0.5140225048076923 0.14304372596153844 0.5374804254807692 0.2112053028846154 0.5351001706730769
1 0.21407007211538462 0.5544564278846154 0.21325575000000002 0.5311373076923077 0.1412683798076923 0.5336511634615385 0.14208269951923078 0.5569702836538462 0.21407007211538462 0.5544564278846154
1 0.2127030721153846 0.5779906947115385 0.21161246394230768 0.5467597307692308 0.14181125961538463 0.5491972427884615 0.14290187019230768 0.5804282067307692 0.2127030721153846 0.5779906947115385
1 0.21441174519230768 0.5955806658653846 0.21352471634615386 0.5701794831730769 0.14153734615384617 0.5726933389423077 0.142424375 0.5980945216346154 0.21441174519230768 0.5955806658653846
1 0.21403603846153846 0.6161618725961537 0.2130811514423077 0.5888174278846153 0.14382648798076925 0.5912358557692308 0.14478137740384617 0.618580298076923 0.21403603846153846 0.6161618725961537
1 0.21755398798076925 0.6385527379807693 0.21628887980769232 0.6023248197115385 0.14211534374999998 0.6049150168269231 0.14338044951923076 0.6411429326923077 0.21755398798076925 0.6385527379807693
1 0.14086260817307691 0.41234142548076924 0.1399755793269231 0.3869402427884615 0.12678049759615384 0.38740102644230767 0.1276675264423077 0.4128022091346154 0.14086260817307691 0.41234142548076924
1 0.1403802644230769 0.4298689375 0.13949323557692309 0.4044677548076923 0.12520507211538462 0.40496670673076923 0.12609210096153844 0.4303678894230769 0.1403802644230769 0.4298689375
1 0.13949194951923077 0.45144085817307694 0.13863885096153847 0.42701130528846154 0.12817647596153844 0.42737665865384616 0.12902957692307693 0.4518062115384615 0.13949194951923077 0.45144085817307694
1 0.14362548557692306 0.4914598677884615 0.1427045264423077 0.4650870528846154 0.12950944471153847 0.46554783653846155 0.13043040384615384 0.49192064903846155 0.14362548557692306 0.4914598677884615
1 0.14341824278846155 0.5011952524038461 0.14287536298076925 0.48564917307692307 0.1302268221153846 0.4860908701923077 0.1307697043269231 0.5016369495192308 0.14341824278846155 0.5011952524038461
1 0.14505905528846152 0.5168419639423077 0.14454525721153846 0.5021287091346154 0.12752438221153845 0.5027230913461538 0.12803818028846153 0.5174363461538461 0.14505905528846152 0.5168419639423077
1 0.14567464423076923 0.5344701081730769 0.14499119471153846 0.5148987043269231 0.13070302884615384 0.5153976586538461 0.1313864783653846 0.5349690625 0.14567464423076923 0.5344701081730769
1 0.14181125961538463 0.5491972427884615 0.14137016826923077 0.5365660552884616 0.1298147139423077 0.5369695793269231 0.13025580288461538 0.549600766826923 0.14181125961538463 0.5491972427884615
1 0.14290553125 0.5648630408653846 0.1423578028846154 0.54917815625 0.12970926201923078 0.5496198533653847 0.13025699038461538 0.5653047379807693 0.14290553125 0.5648630408653846
1 0.14228746634615386 0.57850403125 0.1418124471153846 0.5649012115384615 0.13080353125 0.5652856514423077 0.13127855288461537 0.5788884711538461 0.14228746634615386 0.57850403125
1 0.24505765625 0.3225392548076923 0.2442045576923077 0.29810970192307695 0.20188660096153846 0.29958747596153845 0.20273969951923076 0.32401703125000003 0.24505765625 0.3225392548076923
1 0.24649488701923075 0.3323561875 0.24587929807692308 0.31472804326923076 0.19801784615384616 0.3163994014423077 0.19863343509615383 0.3340275456730769 0.24649488701923075 0.3323561875
1 0.24289757451923075 0.3569411538461538 0.2419766153846154 0.33056833894230764 0.19911211778846155 0.3320651995192308 0.2000330769230769 0.35843801442307693 0.24289757451923075 0.3569411538461538
1 0.24492064663461538 0.36562583894230766 0.24451348557692307 0.35396628125 0.1999312860576923 0.355523125 0.20033844711538462 0.3671826850961538 0.24492064663461538 0.36562583894230766
1 0.27211976201923077 0.3901081826923077 0.2709612932692308 0.3569339615384616 0.19952046394230769 0.3594287307692308 0.20067893269230772 0.39260295192307687 0.27211976201923077 0.3901081826923077
1 0.27684280048076926 0.41342978124999996 0.27578612259615387 0.3831704471153846 0.20653146153846155 0.38558887499999994 0.20758813942307694 0.41584820913461534 0.27684280048076926 0.41342978124999996
1 0.2738926346153846 0.42520658173076925 0.27324796153846154 0.4067456129807692 0.2046179206730769 0.4091422283653846 0.20526259134615385 0.42760319471153846 0.2738926346153846 0.42520658173076925
1 0.2784460216346154 0.44367002884615386 0.27759292307692307 0.41924047836538464 0.20833826201923078 0.42165890384615384 0.20919136057692309 0.4460884543269231 0.2784460216346154 0.44367002884615386
1 0.2751577403846154 0.46143449999999997 0.27427071153846155 0.4360333173076923 0.20337642548076923 0.43850900000000004 0.20426345432692308 0.4639101826923077 0.2751577403846154 0.46143449999999997
1 0.27532857692307694 0.48199661778846153 0.27440761778846157 0.4556238076923077 0.2085102860576923 0.4579249927884615 0.20943124519230769 0.4842978028846154 0.27532857692307694 0.48199661778846153
1 0.27546063701923074 0.5014483028846154 0.27453967788461536 0.4750754903846154 0.21192159615384615 0.47726216105769226 0.21284255528846152 0.5036349759615384 0.27546063701923074 0.5014483028846154
1 0.27662276682692305 0.5190573629807692 0.27563394711538464 0.49074128846153847 0.20755044711538462 0.4931188173076923 0.2085392668269231 0.5214348894230769 0.27662276682692305 0.5190573629807692
1 0.27337863221153846 0.5358474759615385 0.2724576730769231 0.5094746634615385 0.20874650721153848 0.5116995072115385 0.20966746634615385 0.5380723173076923 0.27337863221153846 0.5358474759615385
1 0.27676086057692306 0.5543518221153846 0.27600955048076925 0.53283715625 0.21448455288461538 0.5349856586538462 0.21523586298076922 0.5565003221153846 0.27676086057692306 0.5543518221153846
1 0.275901625 0.5767565673076923 0.27508245673076925 0.5532986418269231 0.214104 0.5554280576923077 0.21492317067307692 0.5788859831730769 0.275901625 0.5767565673076923
1 0.27723340625000004 0.5992237764423077 0.2764142379807692 0.5757658509615384 0.21707540625000002 0.5778380096153847 0.21789457692307693 0.6012959326923076 0.27723340625000004 0.5992237764423077
1 0.2739214110576923 0.6140706274038462 0.2733058221153846 0.5964424831730769 0.21669970192307692 0.5984192139423077 0.21731529086538462 0.616047358173077 0.2739214110576923 0.6140706274038462
1 0.275731875 0.6345754903846154 0.2750144951923077 0.6140324567307692 0.221687625 0.615894673076923 0.22240500480769232 0.6364377067307692 0.275731875 0.6345754903846154
1 0.31316864423076923 0.5559988774038461 0.3125869879807693 0.5393423653846153 0.27354828365384615 0.5407056274038461 0.27412993990384615 0.5573621394230769 0.31316864423076923 0.5559988774038461
1 0.3154529423076923 0.5744025889423077 0.3148082716346154 0.5559416201923078 0.27412993990384615 0.5573621394230769 0.2747746129807692 0.5758231081730769 0.3154529423076923 0.5744025889423077
1 0.31596674038461536 0.58911584375 0.3154190120192307 0.5734309615384615 0.27474068269230767 0.5748514783653846 0.2752884110576923 0.5905363629807693 0.31596674038461536 0.58911584375
1 0.3149087716346154 0.6058296153846153 0.31432711538461533 0.5891731009615385 0.27474186778846155 0.5905554495192308 0.2753235264423077 0.6072119615384616 0.3149087716346154 0.6058296153846153
1 0.31568916346153847 0.6281771033653847 0.31494270192307694 0.6068012451923077 0.27918325 0.6080499927884616 0.2799297115384615 0.6294258509615385 0.31568916346153847 0.6281771033653847
4 0.32820009615384615 0.5073891201923076 0.3318548485576923 0.6120475480769231 0.3907252139423077 0.6099917499999999 0.38707046153846153 0.5053333221153846 0.32820009615384615 0.5073891201923076
4 0.2678321009615385 0.48670555528846154 0.27209759375 0.6088533245192308 0.33424721153846154 0.6066830120192308 0.3299817163461538 0.48453524278846155 0.2678321009615385 0.48670555528846154
4 0.8524329134615385 0.5031188341346154 0.8495343173076922 0.42011387499999997 0.7877750865384615 0.4222705552884615 0.7906736826923078 0.5052755144230769 0.8524329134615385 0.5031188341346154
4 0.8610204206730769 0.5900943413461538 0.8581218245192308 0.5070893822115384 0.7940202716346154 0.5093278557692308 0.7969188677884615 0.5923328173076923 0.8610204206730769 0.5900943413461538
4 0.9598883846153845 0.4932515721153846 0.9567522764423076 0.4034452019230769 0.9050650336538462 0.4052501610576923 0.9082011394230769 0.4950565288461538 0.9598883846153845 0.4932515721153846
4 0.9665497620192307 0.5743184759615384 0.9637141778846154 0.49311797115384615 0.9076545985576924 0.4950756153846154 0.9104901826923076 0.5762761201923077 0.9665497620192307 0.5743184759615384
4 0.8507782235576923 0.5049832740384615 0.8536428894230769 0.5870166033653846 0.9058766754807692 0.5851925600961538 0.9030120096153845 0.5031592283653846 0.8507782235576923 0.5049832740384615
4 0.8395748605769231 0.4192109038461539 0.842444375 0.5013830408653847 0.9017832067307693 0.49931088221153846 0.8989136923076924 0.4171387475961538 0.8395748605769231 0.4192109038461539
4 0.7941042427884616 0.5050167451923077 0.7914431562500001 0.42881319471153845 0.7447528653846154 0.43044365625 0.7474139519230769 0.5066472067307692 0.7941042427884616 0.5050167451923077
4 0.7982655745192309 0.5928416826923077 0.7952651850961538 0.5069218317307692 0.7469352692307692 0.508609548076923 0.7499356586538461 0.5945294014423077 0.7982655745192309 0.5928416826923077
0 0.3693947620192307 0.34390741346153847 0.38027661778846156 0.6555230264423078 0.5363533581730769 0.6500727067307692 0.5254715 0.33845709375 0.3693947620192307 0.34390741346153847