1 0.8414979807692308 0.3717890721153846 0.8314805096153847 0.32025364663461536 0.8065563822115384 0.32509840625 0.8165738533653847 0.37663383173076925 0.8414979807692308 0.3717890721153846
1 0.823322764423077 0.4023462692307692 0.8132787908653847 0.3506745024038462 0.7951033509615384 0.35420745192307695 0.8051473245192308 0.40587921634615387 0.823322764423077 0.4023462692307692
1 0.8113195432692308 0.4179793701923077 0.8040581995192307 0.38062300240384617 0.78442565625 0.3844391826923077 0.791687 0.4217955504807692 0.8113195432692308 0.4179793701923077
1 0.7983057524038462 0.43946844471153845 0.7897458485576923 0.3954315576923077 0.7671990985576923 0.39981420192307693 0.7757590024038462 0.4438510889423077 0.7983057524038462 0.43946844471153845
1 0.9220289975961538 0.6579302499999999 0.9119055216346154 0.6058494735576923 0.8784688461538461 0.61234890625 0.8885923221153846 0.6644296802884615 0.9220289975961538 0.6579302499999999
1 0.9889729086538461 0.7288203100961539 0.9686464495192308 0.62424975 0.9108224735576923 0.6354895913461539 0.9311489326923077 0.7400601514423077 0.9889729086538461 0.7288203100961539
1 0.8895970408653846 0.6307016274038462 0.8818056730769231 0.5906185168269231 0.8600258197115385 0.5948520913461539 0.8678171875 0.6349352019230768 0.8895970408653846 0.6307016274038462
1 0.8382738846153847 0.5763006009615385 0.8455617283653846 0.6137933076923077 0.8687986850961539 0.6092765 0.8615108413461539 0.5717837956730769 0.8382738846153847 0.5763006009615385
1 0.8191692596153846 0.5709589038461538 0.82489353125 0.60040771875 0.843529108173077 0.5967853293269231 0.8378048389423077 0.5673365144230769 0.8191692596153846 0.5709589038461538
1 0.809391454326923 0.5632383028846154 0.8151422259615385 0.5928234567307692 0.8289463581730769 0.590140204326923 0.8231955865384616 0.5605550528846154 0.809391454326923 0.5632383028846154
1 0.7970310625000001 0.5520580336538461 0.8007147355769231 0.5710088918269232 0.8093806634615385 0.5693244038461539 0.8056969903846153 0.5503735480769231 0.7970310625000001 0.5520580336538461
1 0.6793355985576923 0.8444711706730769 0.6534703798076923 0.7114061538461538 0.5829926153846153 0.7251056418269232 0.6088578341346154 0.8581706610576922 0.6793355985576923 0.8444711706730769
1 0.5445050456730769 1 0.6455803846153846 0.9803529447115384 0.5981431490384616 0.7363095216346154 0.16576705048076923 0.8203549206730769 0.20068651682692307 1 0.5445050456730769 1
1 0.02140747355769231 0.6550008966346154 0.036619189903846154 0.7332583966346153 0.09850771634615385 0.7212284855769231 0.08329600000000001 0.6429709855769231 0.02140747355769231 0.6550008966346154
1 0.00623069951923077 0.5781514879807692 0.021309911057692307 0.6557273028846153 0.0796707139423077 0.6443831129807692 0.06459150240384616 0.5668072956730769 0.00623069951923077 0.5781514879807692
1 0.13872852644230768 0.6300736658653846 0.1254779014423077 0.5619051129807692 0.06013834134615385 0.5746058365384615 0.07338896634615386 0.6427743894230769 0.13872852644230768 0.6300736658653846
1 0.15319820913461538 0.7045137283653846 0.13872852644230768 0.6300736658653846 0.07338896634615386 0.6427743894230769 0.08785864903846154 0.717214451923077 0.15319820913461538 0.7045137283653846
1 0.7526753605769231 0 0.7672967932692308 0.07522075480769232 0.7991996778846153 0.06901946153846153 0.7857836538461539 0 0.7526753605769231 0
1 0.7816065360576924 0.13327924759615384 0.7693099567307692 0.07001882692307693 0.7385574182692308 0.07599651682692307 0.7508539975961538 0.13925693509615386 0.7816065360576924 0.13327924759615384
1 0.7659883173076923 0.2289900408653846 0.7602640456730769 0.19954122596153848 0.7414750889423077 0.20319343028846154 0.7471993581730769 0.2326422451923077 0.7659883173076923 0.2289900408653846
1 0.7563594182692307 0.26297958413461536 0.748462045673077 0.222351125 0.7337376370192307 0.2252132596153846 0.7416350096153846 0.26584171875 0.7563594182692307 0.26297958413461536
1 0.7607117163461539 0.29396848076923077 0.7542984134615385 0.26097489903846155 0.7358929038461538 0.26455256971153845 0.7423062067307692 0.29754614903846155 0.7607117163461539 0.29396848076923077
1 0.013751877403846154 0.08784699278846153 0.02257679326923077 0.13324724999999998 0.09060048798076922 0.12002478365384615 0.08177557211538462 0.07462452644230769 0.013751877403846154 0.08784699278846153
1 0.9298077163461538 0.09074747836538462 0.8821067692307692 0.10001960336538461 0.9068324350961539 0.227222125 0.9545333822115385 0.21794999999999998 0.9298077163461538 0.09074747836538462
1 0.7072251658653846 0.5768719278846154 0.7028524591346154 0.5543763052884615 0.6795388149038462 0.5589080192307693 0.6839115192307692 0.5814036418269231 0.7072251658653846 0.5768719278846154
1 0.7239660360576923 0.5307468365384616 0.7223494591346153 0.5224302740384615 0.7033304326923078 0.5261271995192307 0.7049470096153846 0.5344437620192308 0.7239660360576923 0.5307468365384616
1 0.7052565817307692 0.5348080528846154 0.7034809975961539 0.52567346875 0.6906738293269231 0.5281629302884615 0.6924494134615385 0.5372975144230769 0.7052565817307692 0.5348080528846154
1 0.6737248149038462 0 0.683641329326923 0.05101603846153846 0.6995160817307693 0.047930298076923075 0.6901993750000001 0 0.6737248149038462 0
1 0.7593838197115385 0.3329944254807692 0.7522019807692307 0.29604706971153844 0.7295018533653846 0.30045952644230767 0.7366836923076924 0.33740688461538465 0.7593838197115385 0.3329944254807692
3 0.7179455024038461 0.07108929567307692 0.71060465625 0.03332391826923077 0.7034725216346154 0.034710264423076925 0.7108133677884615 0.07247564182692308 0.7179455024038461 0.07108929567307692
3 0.7516867740384616 0.19144577884615385 0.7416428004807692 0.1397740144230769 0.7317498389423077 0.14169701201923077 0.7417938125 0.1933687764423077 0.7516867740384616 0.19144577884615385
3 0.7310493269230769 0.10943232692307693 0.7213763701923077 0.05966928125 0.7116367884615384 0.061562463942307695 0.7213097451923077 0.11132550961538461 0.7310493269230769 0.10943232692307693
3 0.7319271298076924 0.1684038629807692 0.7406990432692309 0.21353144471153845 0.7497484182692309 0.2117724230769231 0.7409765048076923 0.16664484134615384 0.7319271298076924 0.1684038629807692
3 0.7226481682692308 0.13172265625 0.7300950192307692 0.1700333846153846 0.7384541899038461 0.1684085264423077 0.7310073389423077 0.13009779807692307 0.7226481682692308 0.13172265625
3 0.7132897067307693 0.09463243990384615 0.7208160600961538 0.13335217788461537 0.7278715048076924 0.13198073798076923 0.7203451514423077 0.09326100000000001 0.7132897067307693 0.09463243990384615
3 0.7310591850961539 0.1848201610576923 0.7329149927884615 0.18697477884615385 0.7325388389423076 0.1924323173076923 0.734023483173077 0.19415601201923077 0.7340184903846154 0.2000444735576923 0.7351319735576923 0.20133724278846155 0.7354981442307692 0.20765662499999998 0.7362404663461538 0.20851847596153844 0.7384574495192309 0.2228809375 0.7464331706730769 0.22133061298076925 0.7375552524038462 0.1756576826923077 0.7335673918269231 0.17643284615384613 0.7251555504807693 0.13670615865384617 0.7185046009615385 0.09361876682692308 0.7115347716346154 0.05776210817307692 0.7034056706730769 0.05934224519230769 0.7103755 0.09519890384615384 0.7144400504807693 0.09440883653846154 0.7262640408653845 0.14388738701923076 0.7306980096153846 0.1726123173076923 0.72957953125 0.17720800721153845 0.7318065 0.17979354567307693 0.7310591850961539 0.1848201610576923
3 0.7217276514423077 0.15114401201923078 0.7289359903846153 0.18822770673076925 0.7379853677884616 0.1864686875 0.7307770264423077 0.14938499278846154 0.7217276514423077 0.15114401201923078
3 0.7125293701923077 0.11119289182692307 0.7215397932692308 0.15754750721153846 0.73012903125 0.15587793028846153 0.7211186081730769 0.1095233125 0.7125293701923077 0.11119289182692307
3 0.7042490144230769 0.07842074278846155 0.7118548725961538 0.11754949038461539 0.7189103197115384 0.11617805288461538 0.7113044591346154 0.07704930288461538 0.7042490144230769 0.07842074278846155
3 0.729010798076923 0.20335242788461538 0.7362986418269231 0.24084513461538462 0.7451946370192307 0.2391159278846154 0.7379067956730769 0.20162322115384615 0.729010798076923 0.20335242788461538
3 0.7202771081730769 0.16783862740384617 0.7273264399038462 0.20410429807692307 0.7368359543269231 0.20225583653846155 0.7297866225961538 0.1659901658653846 0.7202771081730769 0.16783862740384617
3 0.7103947139423077 0.13665127884615386 0.7170465288461538 0.17087189423076923 0.7270928677884616 0.1689190841346154 0.7204410552884616 0.13469846634615384 0.7103947139423077 0.13665127884615386
3 0.7018742091346154 0.09854925 0.7096390745192308 0.13849602163461538 0.7182283125000001 0.1368264423076923 0.7104634471153847 0.09687967067307693 0.7018742091346154 0.09854925
3 0.7222689519230769 0.10929970913461538 0.7307228509615384 0.15279124759615387 0.7406925024038462 0.15085334374999998 0.7322386033653847 0.10736180528846154 0.7222689519230769 0.10929970913461538