4 0.2955157764423077 0.7492989903846153 0.3684173413461539 0.15556339423076923 0.10748626201923075 0.12352508653846155 0.034584697115384616 0.7172606826923077 0.2955157764423077 0.7492989903846153
4 0.4097385889423077 0.6697093341346154 0.4647998365384615 0.22127146874999998 0.3516650841346154 0.20738026682692307 0.29660383653846156 0.6558181322115384 0.4097385889423077 0.6697093341346154
4 0.49444657932692304 0.6234377379807692 0.536474576923077 0.28114717067307693 0.45078992788461536 0.2706264182692308 0.40876193028846153 0.6129169879807692 0.49444657932692304 0.6234377379807692
4 0 0.78815765625 0.07318401682692308 0.7971435240384616 0.1621147860576923 0.07286053846153846 0.05347750721153846 0.059521557692307686 0 0.4950609110576923 0 0.78815765625
4 0.5579068629807693 0.6175163557692307 0.5953139807692308 0.3128598269230769 0.5387078341346154 0.30590946634615385 0.5013007163461538 0.6105659927884616 0.5579068629807693 0.6175163557692307
4 0.5855992908653846 0.5740393629807692 0.6151018269230769 0.33376048076923076 0.5860233269230769 0.33019009134615385 0.5565207908653846 0.5704689711538461 0.5855992908653846 0.5740393629807692
4 0.6122528485576922 0.5518443990384616 0.6359327379807692 0.3589871658653846 0.6131351947115384 0.3561879807692308 0.5894553028846153 0.5490452139423077 0.6122528485576922 0.5518443990384616
4 0.6292874975961538 0.5426015072115384 0.6503945889423076 0.37069802644230765 0.6283724711538461 0.3679940504807692 0.6072653798076924 0.5398975312500001 0.6292874975961538 0.5426015072115384
4 0.6459190985576923 0.5302306201923077 0.6640133100961538 0.38286508894230764 0.6459458677884615 0.38064668509615385 0.62785165625 0.5280122163461539 0.6459190985576923 0.5302306201923077
4 0.6569431778846154 0.5257070673076923 0.6740895168269231 0.3860613389423077 0.6626907451923076 0.38466174519230767 0.6455444038461539 0.5243074735576922 0.6569431778846154 0.5257070673076923
4 0.6713259014423076 0.39061962499999997 0.6564307596153847 0.5119308245192308 0.6717066658653846 0.51380646875 0.6866018076923077 0.3924952716346154 0.6713259014423076 0.39061962499999997
4 1 0.3887162908653846 0.96303534375 0.38417760096153847 0.9274393413461539 0.6740837908653846 0.9766013918269232 0.6801201322115384 1 0.48955376442307696 1 0.3887162908653846
4 0.9425812860576923 0.6264070889423077 0.970611233173077 0.39812147355769234 0.9411450192307692 0.39450347836538463 0.9131150721153846 0.62278909375 0.9425812860576923 0.6264070889423077
4 0.9199302908653847 0.5999774014423077 0.9439487091346154 0.40436309615384614 0.9197553966346154 0.40139253125 0.8957369783653846 0.5970068341346153 0.9199302908653847 0.5999774014423077
4 0.8985387860576922 0.5902143245192307 0.9192735024038462 0.4213436274038462 0.8989573221153846 0.4188491153846154 0.8782226081730768 0.5877198125 0.8985387860576922 0.5902143245192307
4 0.8845071802884615 0.5743583389423077 0.9029568461538461 0.4240978798076923 0.8879135673076923 0.4222507956730769 0.8694639038461538 0.5725112548076923 0.8845071802884615 0.5743583389423077
4 0.8699170072115384 0.5630515192307692 0.8863524423076924 0.4291956442307692 0.8686727139423076 0.42702484615384617 0.8522372788461539 0.5608807211538461 0.8699170072115384 0.5630515192307692
1 0.983159983173077 0.35810248557692304 0.9891688197115385 0.3091644447115385 0.9499322283653846 0.30434679807692305 0.943923391826923 0.3532848389423077 0.983159983173077 0.35810248557692304
1 0.9383406105769231 0.37246968990384616 0.9448572331730769 0.31939604326923077 0.9236105432692308 0.3167872788461539 0.9170939182692308 0.3698609254807692 0.9383406105769231 0.37246968990384616
1 0.9152859879807692 0.3781747860576923 0.9190605528846153 0.3474334254807693 0.906498639423077 0.345891016826923 0.9027240745192308 0.37663237740384614 0.9152859879807692 0.3781747860576923
1 0.8977435504807693 0.3915532884615385 0.9016873774038461 0.35943339423076925 0.8922271706730769 0.3582718269230769 0.88828334375 0.3903917211538461 0.8977435504807693 0.3915532884615385
1 0.8850938221153846 0.39713662499999997 0.8881913365384615 0.3719094110576923 0.8779557043269232 0.3706526322115385 0.8748581899038462 0.39587984615384614 0.8850938221153846 0.39713662499999997
1 1 0.18427575480769232 0.9620205000000001 0.17961245913461538 0.952931076923077 0.2536398605769231 1 0.25941919711538464 1 0.18427575480769232
1 0.9563373221153846 0.05409537980769231 0.9486189302884616 0.11695663701923077 0.9784728581730769 0.12062223798076924 0.98619125 0.057760980769230766 0.9563373221153846 0.05409537980769231
1 0.9512948750000001 0.16696103365384612 0.9585054759615385 0.10823538701923076 0.9349325048076923 0.10534099038461539 0.9277219038461539 0.16406663461538462 0.9512948750000001 0.16696103365384612
1 0.932473125 0.1901176201923077 0.937957247596154 0.14545304326923075 0.9191143774038462 0.14313943028846154 0.9136302572115385 0.18780400721153848 0.932473125 0.1901176201923077
1 0.9178567668269231 0.21812845673076925 0.9231716225961539 0.17484241826923078 0.9043287548076923 0.17252880288461536 0.8990138966346154 0.21581484375 0.9178567668269231 0.21812845673076925
1 0.9010019399038461 0.2387279158653846 0.9054535552884615 0.2024724110576923 0.8881615408653847 0.20034921875 0.8837099254807692 0.2366047235576923 0.9010019399038461 0.2387279158653846
1 0.6638601081730768 0.32449466826923073 0.6600855432692309 0.3552360264423077 0.6828830889423076 0.35803521394230764 0.6866576514423077 0.32729385336538463 0.6638601081730768 0.32449466826923073
1 0.6456125552884615 0.29104932932692307 0.6397729807692307 0.3386088341346154 0.6633459519230769 0.34150323317307696 0.6691855264423077 0.2939437283653846 0.6456125552884615 0.29104932932692307
1 0.6083531586538462 0.2765392860576923 0.6026828485576923 0.3227202548076923 0.6498287908653846 0.32850904807692305 0.6554991009615385 0.28232807932692305 0.6083531586538462 0.2765392860576923
1 0.5399179951923077 0.19733095192307692 0.5316918149038462 0.26432781730769234 0.6016353028846153 0.27291579807692307 0.609861483173077 0.2059189326923077 0.5399179951923077 0.19733095192307692
1 0.38571196394230767 0.036505867788461537 0.36924267788461534 0.17063745192307692 0.5068033701923077 0.18752778125 0.5232726586538461 0.05339619711538461 0.38571196394230767 0.036505867788461537
1 0.6495315072115384 0.05014795673076923 0.643099514423077 0.10253233653846154 0.6676805408653846 0.10555050721153846 0.6741125336538462 0.05316612740384615 0.6495315072115384 0.05014795673076923
1 0.6110677427884615 0.01659922355769231 0.6059221466346154 0.05850672836538462 0.6530680889423077 0.06429552163461538 0.6582136850961539 0.02238801682692308 0.6110677427884615 0.01659922355769231
1 0.6773659951923077 0.16257256490384617 0.6849828269230769 0.10053843028846154 0.6604793461538462 0.09752978125 0.6528625120192307 0.15956391586538463 0.6773659951923077 0.16257256490384617
1 0.6875687836538462 0.19614958413461536 0.6943731562500001 0.14073242307692307 0.673669264423077 0.13819030528846155 0.6668648918269231 0.19360746634615383 0.6875687836538462 0.19614958413461536
1 0.6871473653846153 0.1688111153846154 0.680969266826923 0.21912769230769233 0.7016731586538462 0.22166981009615386 0.7078512572115384 0.1713532331730769 0.6871473653846153 0.1688111153846154