4 0.06104820913461539 0 0.031528680288461536 0.24041726201923078 0.23360487259615384 0.26522909855769233 0.2661709110576923 0 0.06104820913461539 0
4 0.25768274999999996 0.015281865384615383 0.22139276923076923 0.31084005528846154 0.42346896153846153 0.3356518918269231 0.4597589447115385 0.04009370192307692 0.25768274999999996 0.015281865384615383
4 0.2677976201923077 0 0.2618832668269231 0.04816854326923077 0.4525865336538461 0.07158395913461538 0.4611286730769231 0.0020138269230769233 0.44472736778846156 0 0.2677976201923077 0
4 0.4480999014423077 0 0.4334593413461538 0.11923777403846153 0.5670912067307692 0.13564570432692308 0.582742389423077 0.008177045673076923 0.5161456899038461 0 0.4480999014423077 0
4 0.572261108173077 0.012767247596153847 0.5519834038461539 0.17791589903846153 0.6530473485576922 0.1903249903846154 0.6733250528846154 0.025176341346153843 0.572261108173077 0.012767247596153847
4 0.6624939615384615 0.032615514423076926 0.6390115456730769 0.22386445432692306 0.7172262500000001 0.23346801201923076 0.7407086658653845 0.04221907211538462 0.6624939615384615 0.032615514423076926
4 0.7347777115384615 0.07684697596153846 0.7120174831730769 0.2622141610576923 0.7837186033653847 0.2710179519230769 0.8064788317307693 0.08565076682692307 0.7347777115384615 0.07684697596153846
4 0.7433719302884616 0.03377701682692308 0.7351908870192307 0.10040626923076923 0.7955190817307692 0.10781363942307692 0.8037001274038461 0.04118438701923077 0.7433719302884616 0.03377701682692308
4 0.5670126947115385 0.2444098125 0.5883511153846154 0.07062233173076923 0.44820566346153845 0.053414634615384614 0.4268672451923077 0.22720211298076926 0.5670126947115385 0.2444098125
4 0 0.5865624014423078 0.18961231730769232 0.6098438677884616 0.23301134375000002 0.25638715384615385 0.03258939423076923 0.2317784326923077 0 0.49719775480769235 0 0.5865624014423078
4 0 0.9394707067307693 0.1485784375 0.9577138437499999 0.19625417548076923 0.5694261129807692 0 0.5453291322115384 0 0.9394707067307693