1 0.7549002403846153 0.6895176538461538 0.7735147860576923 0.6148587908653846 0.544636173076923 0.5577929447115385 0.5260216274038462 0.6324518076923076 0.7549002403846153 0.6895176538461538
1 0.9513540360576923 0.5651078870192308 0.9631365288461539 0.5178508942307692 0.8113762115384616 0.4800127980769231 0.7995937211538462 0.5272697908653846 0.9513540360576923 0.5651078870192308
1 0.905897076923077 0.7185769495192308 0.9202331899038462 0.6610779423076922 0.7697868149038462 0.6235674495192308 0.7554507043269231 0.681066454326923 0.905897076923077 0.7185769495192308
1 0.8599809447115384 0.865060766826923 0.8819331177884616 0.7770154158653846 0.7314362091346154 0.7394923221153846 0.7094840360576923 0.827537673076923 0.8599809447115384 0.865060766826923
1 0.6930235889423078 0.9348925793269232 0.7181565865384615 0.8340896346153847 0.6019737788461538 0.8051220072115384 0.57684078125 0.9059249519230769 0.6930235889423078 0.9348925793269232
1 1 0.2398061514423077 0.8183594038461539 0.19451806490384616 0.7964520312500001 0.2823837331730769 1 0.33313394230769233 1 0.2398061514423077
1 1 0.3638614975961539 0.7841350168269231 0.31004031249999997 0.7710981129807692 0.36232847115384614 0.9922952187499999 0.41747910336538463 1 0.38657691105769226 1 0.3638614975961539
1 1 0.5277099783653847 0.9598970192307692 0.5177111826923076 0.9505113461538461 0.5553550625 0.9948821586538461 0.5664179471153846 1 0.54589140625 1 0.5277099783653847
1 0.9588987812499999 0.6969608365384615 0.9701436706730769 0.6518600504807692 0.9234481899038461 0.6402175600961539 0.9122033004807691 0.6853183437499999 0.9588987812499999 0.6969608365384615
1 0.924256639423077 0.8354723028846155 0.9378535456730769 0.7809380889423078 0.8842851370192307 0.7675819831730769 0.8706882283653846 0.8221161971153846 0.924256639423077 0.8354723028846155
1 1 0.2139453846153846 0.8391358966346154 0.1738374591346154 0.8156157115384615 0.26817176682692306 1 0.31414393269230767 1 0.2139453846153846