1 0.8676007956730769 0.5810197836538461 0.8650297019230769 0.5516320408653846 0.7566157019230769 0.5611170360576924 0.7591867956730769 0.59050478125 0.8676007956730769 0.5810197836538461
1 0.868606079326923 0.6032668245192307 0.8662855576923078 0.5767431418269231 0.7661991225961539 0.5854995697115385 0.7685196442307693 0.6120232524038461 0.868606079326923 0.6032668245192307
1 0.8694868942307692 0.62050565625 0.867438733173077 0.5970950793269231 0.7685197139423077 0.6057493725961538 0.7705678725961539 0.6291599495192308 0.8694868942307692 0.62050565625
1 0.8709903317307692 0.6376900144230769 0.8689748533653846 0.6146530120192307 0.773869391826923 0.6229736610576923 0.7758848677884616 0.6460106634615385 0.8709903317307692 0.6376900144230769
1 0.87184771875 0.66183215625 0.8696361418269232 0.6365537163461539 0.7946102283653846 0.6431176322115385 0.7968218052884615 0.6683960721153847 0.87184771875 0.66183215625
1 0.8724608004807692 0.6795963197115384 0.870761264423077 0.6601705240384615 0.8014167740384616 0.6662373798076923 0.8031163100961538 0.6856631778846154 0.8724608004807692 0.6795963197115384
1 0.7288580048076923 0.8103597235576923 0.708016889423077 0.5721446658653846 0.6590632596153847 0.5764275528846153 0.679904375 0.8146426105769231 0.7288580048076923 0.8103597235576923
1 0.6850716274038462 0.8593624278846155 0.6784804735576924 0.7840252043269231 0.4920831081730769 0.8003328605769231 0.4986742596153846 0.8756700841346153 0.6850716274038462 0.8593624278846155
1 0.4891775456730769 0.6156332596153846 0.48443845192307694 0.5614651706730769 0.37291134134615384 0.5712225288461539 0.3776504350961538 0.6253906153846154 0.4891775456730769 0.6156332596153846
1 0.4916238629807692 0.3908145456730769 0.4862419951923077 0.32929952163461534 0.3580597548076923 0.34051401442307694 0.3634416225961538 0.4020290384615385 0.4916238629807692 0.3908145456730769
1 0.5005284519230769 0.8457696995192308 0.49447112740384613 0.7765341682692307 0.3810761514423077 0.7864549447115384 0.38713347596153846 0.8556904759615385 0.5005284519230769 0.8457696995192308
1 0.3965656586538462 0.9025467091346153 0.3877302451923077 0.8015574711538461 0.08801573076923078 0.82777909375 0.09685114423076922 0.9287683317307691 0.3965656586538462 0.9025467091346153
1 0.0726366514423077 0.5811810889423077 0.07930406490384614 0.657389983173077 0.3788629254807692 0.6311819783653847 0.37219550961538467 0.5549730841346154 0.0726366514423077 0.5811810889423077
1 0.3582571394230769 0.36697249519230773 0.34967229807692307 0.2688473173076923 0.0631884951923077 0.2939114014423077 0.07177333653846153 0.3920365793269231 0.3582571394230769 0.36697249519230773
1 0.6281580673076923 0.14698696634615385 0.6153352788461539 0.00042182211538461536 0.3606830096153846 0.022701009615384612 0.3735057980769231 0.16926615384615384 0.6281580673076923 0.14698696634615385
2 0.7759195408653846 0.6078624759615384 0.7668226610576923 0.50388465625 0.732189329326923 0.5069146778846154 0.7412862091346154 0.6108925000000001 0.7759195408653846 0.6078624759615384