1 0.5514583341346154 0.48805555528846156 0.5514583341346154 0.39657407451923077 0.4026041658653846 0.39657407451923077 0.4026041658653846 0.48805555528846156 0.5514583341346154 0.48805555528846156
1 0.39546875 0.5471296298076923 0.39546875 0.3979629639423077 0.066875 0.3979629639423077 0.066875 0.5471296298076923 0.39546875 0.5471296298076923
1 0.15489583413461538 0.5838888894230769 0.15489583413461538 0.42092592548076924 0.0016666658653846154 0.42092592548076924 0.0016666658653846154 0.5838888894230769 0.15489583413461538 0.5838888894230769
1 0.5640104158653846 0.8150000000000001 0.5640104158653846 0.6252777788461539 0.4477083341346154 0.6252777788461539 0.4477083341346154 0.8150000000000001 0.5640104158653846 0.8150000000000001
1 0.6910937500000001 0.6541666658653846 0.6910937500000001 0.5302777788461538 0.4725520841346154 0.5302777788461538 0.4725520841346154 0.6541666658653846 0.6910937500000001 0.6541666658653846
3 0.6063541658653846 0.5865740745192307 0.6063541658653846 0.49231481490384615 0.5375 0.49231481490384615 0.5375 0.5865740745192307 0.6063541658653846 0.5865740745192307
3 0.6340625 0.6076851850961538 0.6340625 0.4866666658653846 0.5810416658653846 0.4866666658653846 0.5810416658653846 0.6076851850961538 0.6340625 0.6076851850961538
3 0.493125 0.4106481490384616 0.493125 0.29805555528846156 0.4020833341346154 0.29805555528846156 0.4020833341346154 0.4106481490384616 0.493125 0.4106481490384616
3 0.3838541658653846 0.14879629567307692 0.3838541658653846 0.30231481490384615 0.4947395841346154 0.30231481490384615 0.4947395841346154 0.14879629567307692 0.3838541658653846 0.14879629567307692
3 0.5454166658653846 0.29805555528846156 0.5454166658653846 0.18259259374999998 0.4820833341346154 0.18259259374999998 0.4820833341346154 0.29805555528846156 0.5454166658653846 0.29805555528846156
3 0.5454166658653846 0.39935185096153847 0.5454166658653846 0.2896296298076923 0.4883854158653846 0.2896296298076923 0.4883854158653846 0.39935185096153847 0.5454166658653846 0.39935185096153847
3 0.3822916658653846 0.28259259375 0.3822916658653846 0.13194444471153846 0.23739583413461537 0.13194444471153846 0.23739583413461537 0.28259259375 0.3822916658653846 0.28259259375
3 0.2429166658653846 0.27833333413461536 0.2429166658653846 0.12629629567307693 0.17328125 0.12629629567307693 0.17328125 0.27833333413461536 0.2429166658653846 0.27833333413461536
3 0.2643229158653846 0.4289814807692308 0.2643229158653846 0.2558333341346154 0.10515624999999999 0.2558333341346154 0.10515624999999999 0.4289814807692308 0.2643229158653846 0.4289814807692308
3 0.38703125 0.4233333341346154 0.38703125 0.27268518509615386 0.25479166586538465 0.27268518509615386 0.25479166586538465 0.4233333341346154 0.38703125 0.4233333341346154
3 0.1417708341346154 0.4375 0.1417708341346154 0.255 0.06921875000000001 0.255 0.06921875000000001 0.4375 0.1417708341346154 0.4375
3 0.6123958341346154 0.21101851923076922 0.6123958341346154 0.08435185096153847 0.5213541658653846 0.08435185096153847 0.5213541658653846 0.21101851923076922 0.6123958341346154 0.21101851923076922
3 0.6108333341346154 0.30675925961538464 0.6108333341346154 0.1870370360576923 0.5236979158653846 0.1870370360576923 0.5236979158653846 0.30675925961538464 0.6108333341346154 0.30675925961538464
3 0.6108333341346154 0.3982407403846154 0.6108333341346154 0.2771296298076923 0.5371875 0.2771296298076923 0.5371875 0.3982407403846154 0.6108333341346154 0.3982407403846154
3 0.6480208341346153 0.39259259375 0.6480208341346153 0.3011111105769231 0.59890625 0.3011111105769231 0.59890625 0.39259259375 0.6480208341346153 0.39259259375
3 0.598125 0.20814814903846154 0.598125 0.3179629639423077 0.6527604158653847 0.3179629639423077 0.6527604158653847 0.20814814903846154 0.598125 0.20814814903846154
3 0.6005208341346153 0.08990740624999999 0.6005208341346153 0.22222222115384616 0.6511979158653846 0.22222222115384616 0.6511979158653846 0.08990740624999999 0.6005208341346153 0.08990740624999999
3 0.5236979158653846 0.20398148076923078 0.5236979158653846 0.09555555528846155 0.4761979158653846 0.09555555528846155 0.4761979158653846 0.20398148076923078 0.5236979158653846 0.20398148076923078
3 0.4833333341346154 0.19833333413461537 0.4833333341346154 0.10824074038461538 0.4397916658653846 0.10824074038461538 0.4397916658653846 0.19833333413461537 0.4833333341346154 0.19833333413461537
3 0.44296875 0.18990740625 0.44296875 0.11249999999999999 0.399375 0.11249999999999999 0.399375 0.18990740625 0.44296875 0.18990740625
3 0.6963020841346155 0.22925925961538463 0.6963020841346155 0.11805555528846154 0.6488020841346154 0.11805555528846154 0.6488020841346154 0.22925925961538463 0.6963020841346155 0.22925925961538463
3 0.7280208341346154 0.23629629567307694 0.7280208341346154 0.14620370432692306 0.6931770841346154 0.14620370432692306 0.6931770841346154 0.23629629567307694 0.7280208341346154 0.23629629567307694
3 0.7280208341346154 0.3165740745192308 0.7280208341346154 0.20814814903846154 0.6900000000000001 0.20814814903846154 0.6900000000000001 0.3165740745192308 0.7280208341346154 0.3165740745192308
3 0.6939583341346154 0.32499999999999996 0.6939583341346154 0.2166666658653846 0.6408854158653846 0.2166666658653846 0.6408854158653846 0.32499999999999996 0.6939583341346154 0.32499999999999996
3 0.6931770841346154 0.38129629567307693 0.6931770841346154 0.29685185096153843 0.6448437499999999 0.29685185096153843 0.6448437499999999 0.38129629567307693 0.6931770841346154 0.38129629567307693
3 0.7303645841346154 0.37148148076923077 0.7303645841346154 0.2954629639423077 0.6900000000000001 0.2954629639423077 0.6900000000000001 0.37148148076923077 0.7303645841346154 0.37148148076923077
1 0.45984375 0.011203704326923077 0.45984375 0.04666666586538462 0.7211458341346154 0.04666666586538462 0.7211458341346154 0.011203704326923077 0.45984375 0.011203704326923077
1 0.6460416658653846 0.4452777788461538 0.6460416658653846 0.36416666586538465 0.55578125 0.36416666586538465 0.55578125 0.4452777788461538 0.6460416658653846 0.4452777788461538
1 0.730625 0.41490740625 0.730625 0.3591666658653846 0.6470312500000001 0.3591666658653846 0.6470312500000001 0.41490740625 0.730625 0.41490740625
1 0.730625 0.6209259254807692 0.730625 0.5128703701923076 0.6327604158653847 0.5128703701923076 0.6327604158653847 0.6209259254807692 0.730625 0.6209259254807692