1 0.7757325985576924 0.8989629951923077 0.8164486370192308 0.7074090913461538 0.45613879807692304 0.6308228701923076 0.4154227596153846 0.8223767740384615 0.7757325985576924 0.8989629951923077
1 0.8724607379807693 0.8763932019230769 0.8899599735576923 0.79406578125 0.7957368485576922 0.7740380360576923 0.7782376153846153 0.8563654591346155 0.8724607379807693 0.8763932019230769
1 0.9367710168269231 0.8500211009615384 0.8595890576923076 0.8336155697115385 0.840487170673077 0.9234828798076923 0.9176691298076923 0.9398884110576924 0.9367710168269231 0.8500211009615384
1 0.42270638701923074 0.6404361201923077 0.44735258653846155 0.524484875 0.21351417548076926 0.4747809855769231 0.18886797596153848 0.5907322331730769 0.42270638701923074 0.6404361201923077
1 0.48987303125000004 0.6453413774038462 0.5081519326923076 0.5593458990384615 0.4227168533653846 0.5411861105769231 0.40443794951923073 0.6271815889423077 0.48987303125000004 0.6453413774038462
1 0.49653531250000005 0.3186500528846154 0.5026860336538461 0.28971318749999997 0.43031839423076923 0.27433096875 0.4241676730769231 0.3032678365384615 0.49653531250000005 0.3186500528846154
1 0.4489663966346154 0.4049158653846154 0.45451070673076926 0.37883193028846157 0.4111818269230769 0.36962209375 0.40563751442307694 0.39570602884615386 0.4489663966346154 0.4049158653846154
1 0.3889323677884615 0.27852634374999996 0.39361038221153843 0.2565180240384616 0.36266118028846156 0.24993956730769232 0.3579831658653846 0.27194788942307696 0.3889323677884615 0.27852634374999996
1 0.42798520913461535 0.29545328125 0.43296642548076925 0.2720184927884616 0.38856769471153846 0.26258125240384617 0.3835864783653846 0.28601603846153845 0.42798520913461535 0.29545328125
1 0.50354715625 0.21652198557692307 0.5078136778846154 0.19644958413461538 0.40610161057692307 0.17483001682692306 0.4018350889423077 0.19490241826923077 0.50354715625 0.21652198557692307
1 0.3994698389423077 0.19663604086538464 0.40401790625 0.17523906009615386 0.37551407451923074 0.16918038461538462 0.37096600721153844 0.19057736298076922 0.3994698389423077 0.19663604086538464
1 0.24869462740384615 0.4069676971153846 0.25833220192307693 0.36162648076923076 0.18879201923076924 0.3468452572115384 0.1791544471153846 0.3921864735576923 0.24869462740384615 0.4069676971153846
1 0.19166422115384615 0.36790257451923075 0.19701361778846155 0.3427356514423077 0.1584226370192308 0.33453288461538466 0.15307324278846154 0.3596998100961538 0.19166422115384615 0.36790257451923075
1 0.15322977884615385 0.36196945192307695 0.1593155264423077 0.3333382572115384 0.09993891105769231 0.32071736778846155 0.09385316105769231 0.3493485625 0.15322977884615385 0.36196945192307695
1 0.09571787259615384 0.3946853052884615 0.10392605288461539 0.35606885576923075 0.023687382211538464 0.33901359855769225 0.015479201923076922 0.3776300504807692 0.09571787259615384 0.3946853052884615
1 0.5778143485576923 0.08055428365384615 0.5852861754807692 0.04540210336538461 0.5350032740384616 0.03471414423076923 0.5275314471153846 0.06986632211538461 0.5778143485576923 0.08055428365384615
1 0.5132633725961538 0.10655574278846153 0.52274934375 0.06192775961538462 0.4545846826923077 0.04743891346153846 0.4450987115384616 0.0920668966346154 0.5132633725961538 0.10655574278846153
1 0.44868171394230766 0.08761029086538462 0.45535221394230774 0.05622805528846154 0.4206585408653846 0.0488536875 0.4139880408653846 0.08023592307692308 0.44868171394230766 0.08761029086538462
1 0.4131316081730769 0.09027728846153846 0.4187192355769231 0.06398956971153846 0.3914380889423077 0.058190783653846154 0.38585046153846153 0.0844785 0.4131316081730769 0.09027728846153846
1 0.4025289951923077 0 0.3972540793269231 0.02481652403846154 0.42438239182692306 0.03058282451923077 0.43009996394230765 0.003683764423076923 0.4127692139423077 0 0.4025289951923077 0
1 0.46323046875 0 0.45764894230769226 0.026259009615384615 0.5435425288461538 0.04451625480769231 0.551057670673077 0.009160295673076923 0.5079618677884615 0 0.46323046875 0
1 0.37457437019230766 0 0.37193725 0.012406673076923077 0.40112884134615384 0.01861153846153846 0.40508484615384616 0 0.37457437019230766 0
1 0.35468664903846153 0 0.3509383918269231 0.01763416346153846 0.37332880288461534 0.022393391826923077 0.37808866346153847 0 0.35468664903846153 0
1 0.33392035576923074 0 0.32912059855769227 0.022581091346153846 0.3521223485576923 0.027470264423076925 0.35703859374999997 0.004341151442307693 0.3366150817307692 0 0.33392035576923074 0
1 0.3056077451923077 0.07157564423076923 0.30116796394230766 0.09246317067307691 0.3222592716346154 0.09694626682692307 0.32669905288461537 0.07605874038461538 0.3056077451923077 0.07157564423076923