4 0.7767027211538462 0.37389301682692305 0.8025846249999999 0.2773004350961539 0.7131861802884616 0.2533461923076923 0.6873042764423077 0.3499387764423077 0.7767027211538462 0.37389301682692305
4 0.7449593629807693 0.46076702163461536 0.7684687620192308 0.37302875721153844 0.6869687692307692 0.3511909014423077 0.6634593725961538 0.43892916586538466 0.7449593629807693 0.46076702163461536
4 0.7314403605769232 0.5170564302884615 0.7460828076923077 0.46241007211538465 0.6645828173076923 0.4405722139423077 0.6499403677884616 0.4952185745192308 0.7314403605769232 0.5170564302884615
4 0.39011765625000006 0.7901507067307693 0.50960578125 0.34421494951923076 0.33352555048076926 0.29703439182692304 0.21403742548076923 0.7429701514423077 0.39011765625000006 0.7901507067307693
4 0 0.8787746923076922 0.17108121634615386 0.9246157644230769 0.33461650961538464 0.3142937403846154 0.05711407211538462 0.23993718749999998 0 0.45308980769230767 0 0.8787746923076922
4 0.12140504807692308 0 0.03679198317307692 0.31578025240384616 0.3000570769230769 0.3863219230769231 0.40357172355769233 0 0.12140504807692308 0
4 0.39974336057692306 0 0.3244280360576923 0.2810806153846154 0.5041304855769231 0.32923174278846157 0.5897324879807692 0.00976071875 0.5533049879807692 0 0.39974336057692306 0
1 0.47074373798076924 0.55485253125 0.48164768750000003 0.5141584350961538 0.4423063341346154 0.5036169495192307 0.4314023846153846 0.5443110480769231 0.47074373798076924 0.55485253125
1 0.4894531802884616 0.5107859543269231 0.4982961658653846 0.4777834855769231 0.4775690096153846 0.4722296610576923 0.46872602403846153 0.5052321298076923 0.4894531802884616 0.5107859543269231
1 0.5152421730769231 0.4918141899038462 0.5227431346153846 0.4638202259615385 0.5005570240384615 0.4578754759615385 0.4930560649038461 0.4858694399038462 0.5152421730769231 0.4918141899038462
1 0.5172031658653846 0.3929339495192308 0.5281071177884615 0.3522398533653846 0.4802132932692308 0.3394067403846154 0.46930934375 0.3801008389423077 0.5172031658653846 0.3929339495192308
1 0.5857271129807692 0.28591143750000003 0.59253309375 0.26051116346153846 0.5517830985576923 0.2495922355769231 0.5449771153846154 0.27499250961538463 0.5857271129807692 0.28591143750000003
1 0.6035457620192308 0.37657550721153843 0.60900971875 0.3561837403846154 0.5654424399038461 0.3445099230769231 0.559978483173077 0.36490168990384614 0.6035457620192308 0.37657550721153843
1 0.5698823269230769 0.47645113461538463 0.5766883100961538 0.45105086298076924 0.5395605360576923 0.44110250721153843 0.5327545528846154 0.4665027788461539 0.5698823269230769 0.47645113461538463
1 0.5545384903846153 0.3852040216346154 0.5647474639423077 0.34710361298076925 0.5547360432692308 0.34442106250000004 0.5445270697115384 0.38252146875 0.5545384903846153 0.3852040216346154
1 0.5418424182692307 0.45532590144230767 0.5503498966346154 0.4235755625 0.5238875552884615 0.4164849975961538 0.515380076923077 0.4482353389423077 0.5418424182692307 0.45532590144230767