1 0.7287740120192308 0.7876037427884615 0.7354824711538461 0.5954986153846155 0.4675208052884615 0.5861411875 0.46081234615384614 0.7782463149038462 0.7287740120192308 0.7876037427884615
1 0.7834446274038461 0.6726361298076923 0.7870945336538462 0.5681165048076923 0.7228368269230769 0.5658725769230769 0.7191869206730769 0.6703922019230769 0.7834446274038461 0.6726361298076923
1 0.8204051298076924 0.6350142235576922 0.8236333317307692 0.5425705721153846 0.7716337788461539 0.5407547091346154 0.7684055745192307 0.6331983605769231 0.8204051298076924 0.6350142235576922
1 0.8397428028846154 0.5894113197115385 0.84220515625 0.5188987451923077 0.7779474495192308 0.5166548173076924 0.7754850961538462 0.5871673918269231 0.8397428028846154 0.5894113197115385
1 0.8797263173076922 0.5413329927884616 0.8811998533653846 0.4991364903846154 0.8631639711538461 0.49850666346153844 0.8616904375 0.5407031658653846 0.8797263173076922 0.5413329927884616
1 0.43658152403846157 0.9953106778846154 0.4451561370192308 0.7497659062500001 0.010264971153846154 0.7345791730769231 0.001690358173076923 0.9801239447115384 0.43658152403846157 0.9953106778846154
1 0.3891550721153846 0.0006885120192307692 0.38499621394230765 0.11978258653846154 0.6406997259615385 0.12871194951923076 0.6448585841346154 0.009617875 0.3891550721153846 0.0006885120192307692
1 0.4354072668269231 0.048442891826923073 0.4298863605769231 0.20654096875 0.7471148701923076 0.2176188317307692 0.7526357788461537 0.059520754807692304 0.4354072668269231 0.048442891826923073
1 0.59264425 0.15274392067307693 0.5885774879807693 0.2692007139423077 0.7946237692307693 0.27639600721153845 0.7986905288461539 0.15993921394230767 0.59264425 0.15274392067307693
1 0.6223052572115384 0.20103071153846155 0.6183548293269231 0.3141562019230769 0.8225272524038462 0.32128606009615385 0.8264776802884615 0.20816056971153846 0.6223052572115384 0.20103071153846155
1 0.7277761514423078 0.2587745456730769 0.7250035817307693 0.33817059615384615 0.8475070336538462 0.34244850961538464 0.8502796057692308 0.2630524615384615 0.7277761514423078 0.2587745456730769
1 0.8404449903846154 0.2760504903846154 0.8384382692307693 0.33351546153846157 0.8621738004807693 0.3343443245192308 0.8641805216346155 0.2768793533653846 0.8404449903846154 0.2760504903846154
1 0.8306503389423077 0.2722341153846154 0.8281152764423076 0.34482875240384614 0.8755863413461539 0.3464864783653846 0.8781214014423077 0.27389184134615385 0.8306503389423077 0.2722341153846154
1 0.7780433990384614 0.11544153365384614 0.7754259350961538 0.19039584615384617 0.8809085144230769 0.19407937740384615 0.8835259783653846 0.11912506490384615 0.7780433990384614 0.11544153365384614
1 1 0.10331921153846155 0.9897016995192308 0.10295958653846153 0.9881360673076922 0.1477933701923077 1 0.14820766826923076 1 0.10331921153846155
1 1 0.05273284134615385 0.9941987716346153 0.052530257211538464 0.9922356754807692 0.10874599038461538 1 0.10901712740384616 1 0.05273284134615385
1 1 0.1359779951923077 0.9839560504807692 0.13541772836538463 0.9817699855769231 0.19801846153846153 1 0.1986550673076923 1 0.1359779951923077
1 0.35483189182692304 0.35901448798076924 0.35701311057692303 0.2965525600961538 0.28010686298076926 0.29386693509615386 0.27792564423076926 0.35632886298076927 0.35483189182692304 0.35901448798076924
1 0.4253390697115385 0.3546669495192308 0.4268707692307692 0.3108047956730769 0.3633157596153846 0.30858540625 0.3617840576923077 0.35244755769230773 0.4253390697115385 0.3546669495192308
1 0.27599362019230766 0.3579290793269231 0.27829601682692306 0.29199704326923076 0.1804650240384615 0.2885807091346154 0.17816262740384614 0.3545127451923077 0.27599362019230766 0.3579290793269231
1 0.17892505769230768 0.3595424182692308 0.18057309134615382 0.31234895913461536 0.08563096153846154 0.3090335072115385 0.08398293028846153 0.3562269639423077 0.17892505769230768 0.3595424182692308
1 0.4663645432692308 0.3797250913461539 0.46860392788461536 0.31559751442307693 0.42394365144230767 0.31403794471153845 0.4217042668269231 0.37816552163461536 0.4663645432692308 0.3797250913461539
4 0.42433224999999997 0.49318841826923077 0.4291648629807692 0.3548005480769231 0.34562203605769226 0.3518831682692308 0.3407894230769231 0.49027103846153847 0.42433224999999997 0.49318841826923077
4 0.8570908100961538 0.5492978749999999 0.8640076947115385 0.35122416586538463 0.7578224206730769 0.34751609375000003 0.7509055336538462 0.5455898052884616 0.8570908100961538 0.5492978749999999
4 0.8767481129807693 0.5348362067307693 0.8825210721153846 0.3695203076923077 0.8587855408653847 0.3686914447115385 0.8530125817307692 0.53400734375 0.8767481129807693 0.5348362067307693
4 0.88045228125 0.3705598533653846 0.8757020721153845 0.506588048076923 0.8988129855769231 0.5073950985576923 0.9035631947115385 0.37136690384615384 0.88045228125 0.3705598533653846