1 0.8229188365384614 0.6922559399038462 0.8463512379807692 0.5907590600961539 0.6920506033653846 0.555135951923077 0.668618201923077 0.6566328317307693 0.8229188365384614 0.6922559399038462
1 1 0.3339488125 0.9434526586538462 0.3208938293269231 0.9284090576923076 0.3860548269230769 1 0.40258289903846156 1 0.3339488125
1 0.9504096826923077 0.37862599038461536 0.9672810120192307 0.30554823557692307 0.6858555336538461 0.24057604567307692 0.6689842043269232 0.31365380048076924 0.9504096826923077 0.37862599038461536
1 0.6675925216346154 0.2925926105769231 0.6835734206730769 0.22337173557692308 0.58430946875 0.20045484615384618 0.5683285721153847 0.2696757211538462 0.6675925216346154 0.2925926105769231
1 0.5716787524038461 0.2621104519230769 0.5876362163461539 0.19299107451923078 0.5328279014423077 0.18033757692307692 0.5168704350961538 0.24945695432692305 0.5716787524038461 0.2621104519230769
1 0.5269959254807692 0.2392865264423077 0.5397665841346154 0.18397072596153846 0.4434714158653846 0.1617392331730769 0.43070075721153844 0.2170550360576923 0.5269959254807692 0.2392865264423077
1 0.40032938221153846 0.19336581009615386 0.4126313942307692 0.1400799471153846 0.3103986586538462 0.1164776610576923 0.29809664903846156 0.16976352403846157 0.40032938221153846 0.19336581009615386
1 0.2935181610576923 0.16250590625 0.3049297403846154 0.11307692548076922 0.25453653846153845 0.10144273798076922 0.24312495913461538 0.15087171875 0.2935181610576923 0.16250590625
1 0.2488353341346154 0.13968198076923077 0.2583957548076923 0.0982712548076923 0.1932347548076923 0.08322765144230769 0.18367433653846155 0.12463837980769231 0.2488353341346154 0.13968198076923077
1 0.21807062980769232 0.31357239663461534 0.22809969711538464 0.27013173076923075 0.16438502884615386 0.2554220408653846 0.15435596153846154 0.29886270673076926 0.21807062980769232 0.31357239663461534
1 0.26389451201923075 0.34499847596153843 0.27575130769230766 0.2936410528846154 0.21348297115384615 0.2792652764423077 0.20162617548076925 0.33062269951923073 0.26389451201923075 0.34499847596153843
1 0.32221325 0.38967916826923077 0.33817071634615387 0.3205597908653846 0.2596882524038462 0.30244068749999997 0.24373078605769233 0.3715600625 0.32221325 0.38967916826923077
1 0.37727218990384614 0.4147917019230769 0.39001941826923076 0.35957739663461535 0.3189208509615385 0.3431629975961539 0.306173625 0.39837730288461537 0.37727218990384614 0.4147917019230769
1 0.4562090408653846 0.4580318701923077 0.4694249158653846 0.40078762980769234 0.3775448629807692 0.3795754495192308 0.36432898798076924 0.4368196899038462 0.4562090408653846 0.4580318701923077
1 0.5849631033653846 0.535544375 0.6013657860576923 0.46449655528846157 0.4680750048076923 0.4337239543269231 0.4516723245192308 0.5047717716346154 0.5849631033653846 0.535544375
1 0.7111701682692307 0.6105445360576923 0.7307830889423077 0.5255916442307692 0.5722957067307692 0.48900194951923076 0.5526827860576924 0.5739548413461538 0.7111701682692307 0.6105445360576923
1 0.6257248173076922 0.09851267067307692 0.6323796201923078 0.06968755528846154 0.5851074471153846 0.05877391346153846 0.5784526442307693 0.08759902884615384 0.6257248173076922 0.09851267067307692
1 0.6781733317307693 0.11062136298076923 0.6873588317307693 0.07083458413461538 0.6225784471153847 0.05587885576923077 0.6133929471153846 0.09566563221153847 0.6781733317307693 0.11062136298076923
1 0.7617272764423078 0.12413835096153845 0.7680774591346153 0.09663269471153847 0.694010108173077 0.07953289903846154 0.6876599278846154 0.10703855528846154 0.7617272764423078 0.12413835096153845
1 0.8329493533653847 0.13480830288461537 0.838666858173077 0.11004306250000001 0.7615546033653846 0.09224029567307693 0.7558370961538461 0.11700553605769232 0.8329493533653847 0.13480830288461537
1 0.9282786177884615 0.1539303173076923 0.9339961250000001 0.12916507692307694 0.8372442211538461 0.10682813942307692 0.8315267163461539 0.1315933798076923 0.9282786177884615 0.1539303173076923
1 0.8355070096153846 0.08622171153846153 0.8304456105769231 0.10814503846153846 0.9683037524038463 0.13997209615384615 0.9733651490384615 0.11804876923076923 0.8355070096153846 0.08622171153846153
1 1 0.1386303125 0.9403616923076924 0.1248617235576923 0.9340115120192307 0.1523673798076923 1 0.1676020216346154 1 0.1386303125