1 0.8587471682692308 0.08250905048076923 0.8727340649038461 0.18203099278846152 0.9567521201923077 0.1702230240384615 0.9427652235576923 0.07070108413461539 0.8587471682692308 0.08250905048076923
1 0.8804544903846154 0.23471927403846155 0.8684334134615385 0.1491848701923077 0.7931575673076924 0.15976420192307692 0.8051786442307692 0.24529860576923077 0.8804544903846154 0.23471927403846155
1 0.8049364447115385 0.2974649927884615 0.7944114807692307 0.22257596875000002 0.7300440552884615 0.23162222115384615 0.7405690216346154 0.3065112451923077 0.8049364447115385 0.2974649927884615
1 0.7526399278846154 0.3272834519230769 0.7452115625 0.27442789423076924 0.7085406971153846 0.27958164903846155 0.7159690624999999 0.33243720673076926 0.7526399278846154 0.3272834519230769
1 0.7227494807692308 0.3621577932692308 0.7142947139423076 0.30199900721153844 0.6887643653846154 0.30558706490384613 0.6972191322115384 0.3657458485576923 0.7227494807692308 0.3621577932692308
1 0.6632999230769231 0.3073986610576923 0.6576982067307693 0.2675403701923077 0.641993173076923 0.26974756971153846 0.647594889423077 0.30960585817307695 0.6632999230769231 0.3073986610576923
1 0.6642714615384615 0.3232931322115385 0.6608095288461538 0.2986602139423077 0.6475801682692308 0.30051948076923074 0.6510420985576922 0.32515239903846155 0.6642714615384615 0.3232931322115385
1 0.69491909375 0.3471348317307692 0.6894565504807691 0.3082668100961538 0.6463644158653847 0.3143230144230769 0.6518269615384615 0.3531910360576923 0.69491909375 0.3471348317307692
1 0.6953486634615385 0.3681546105769231 0.6901644639423077 0.331267125 0.6483101658653846 0.3371493629807692 0.6534943653846154 0.3740368485576923 0.6953486634615385 0.3681546105769231
1 0.6968768942307692 0.3880101538461539 0.6926495096153846 0.35793076201923074 0.6511046706730769 0.3637695096153846 0.6553320528846154 0.39384890144230766 0.6968768942307692 0.3880101538461539
1 0.6566468365384615 0.39871325961538456 0.6526978004807693 0.3706144014423077 0.6274769086538462 0.3741589663461538 0.6314259471153847 0.4022578245192308 0.6566468365384615 0.39871325961538456
1 0.9158080697115385 0.5362333221153845 0.9060485552884615 0.4667907740384616 0.8382770841346154 0.4763154326923077 0.8480365985576923 0.5457579807692308 0.9158080697115385 0.5362333221153845
1 0.8302032379807692 0.5345053966346154 0.8237838798076923 0.48882928125 0.7768235096153846 0.4954291298076923 0.7832428701923076 0.5411052451923077 0.8302032379807692 0.5345053966346154
1 0.7779687716346154 0.5389432163461538 0.7726975889423078 0.5014368149038462 0.7232615504807692 0.5083845961538461 0.7285327331730769 0.545891 0.7779687716346154 0.5389432163461538
1 0.7147859855769231 0.5362099615384616 0.710767360576923 0.5076159711538462 0.6918130120192308 0.5102798317307692 0.6958316346153846 0.5388738221153846 0.7147859855769231 0.5362099615384616
1 0.6700329759615384 0.5360619350961539 0.6668319951923076 0.5132857692307693 0.6517458798076923 0.5154059855769231 0.6549468605769231 0.5381821514423077 0.6700329759615384 0.5360619350961539
1 0.6479977548076923 0.5370129014423077 0.6448141682692307 0.5143605192307692 0.6260919134615384 0.5169917596153846 0.6292754975961539 0.5396441418269231 0.6479977548076923 0.5370129014423077
1 0.6576137548076922 0.6346245625000001 0.6539256658653846 0.6083824591346154 0.6389169158653847 0.6104918004807692 0.6426050024038462 0.6367339038461538 0.6576137548076922 0.6346245625000001
1 0.6867677067307691 0.6652400649038461 0.6820880120192307 0.6319423004807692 0.6688586490384616 0.6338015649038462 0.6735383461538462 0.6670993293269232 0.6867677067307691 0.6652400649038461
1 0.7354953461538462 0.6880555264423076 0.7298936274038461 0.6481972355769231 0.7114034663461539 0.650795858173077 0.7170051826923077 0.6906541490384615 0.7354953461538462 0.6880555264423076
1 0.802302985576923 0.70984475 0.7942657403846154 0.6526567692307693 0.739414173076923 0.6603656538461539 0.7474514182692308 0.7175536346153847 0.802302985576923 0.70984475
1 0.8542710865384616 0.7691897307692308 0.842945875 0.6886066658653847 0.8014783990384615 0.6944345408653846 0.8128036105769231 0.7750176033653846 0.8542710865384616 0.7691897307692308
1 0.9578012956730769 0.8389601105769231 0.9407351947115384 0.7175284879807692 0.866078264423077 0.7280208365384616 0.8831443677884615 0.8494524567307693 0.9578012956730769 0.8389601105769231
1 0.7842621225961538 0.11948521634615385 0.7700490697115385 0.01835408894230769 0.7068421153846154 0.027237247596153848 0.7210551682692308 0.12836837259615386 0.7842621225961538 0.11948521634615385
1 0.7940647980769231 0.20495271153846154 0.7824612403846154 0.12238911057692309 0.7149992283653847 0.1318702764423077 0.7266027860576922 0.21443387740384615 0.7940647980769231 0.20495271153846154
1 0.7030141682692308 0 0.7097647499999999 0.04803287740384616 0.7548683653846153 0.04169397596153846 0.7490086586538461 0 0.7030141682692308 0
1 0.6580433269230769 0.09317038221153846 0.6518153317307692 0.04885588701923076 0.6294569350961539 0.05199815384615385 0.6356849302884615 0.09631264903846154 0.6580433269230769 0.09317038221153846
1 0.6448339663461538 0.13390519951923077 0.6389017115384615 0.09169502163461538 0.618786891826923 0.09452197596153847 0.6247191442307692 0.1367321514423077 0.6448339663461538 0.13390519951923077
1 0.629224875 0.16879208173076923 0.6230142740384615 0.12460136778846155 0.6042146538461538 0.12724348317307693 0.6104252548076923 0.17143419471153848 0.629224875 0.16879208173076923
1 0.6049137836538462 0.13951561298076923 0.5984596322115384 0.09359193269230769 0.5781127163461538 0.09645150480769231 0.5845668701923077 0.1423751875 0.6049137836538462 0.13951561298076923
1 0.6033493677884615 0.5112257956730769 0.5999396274038461 0.48696422836538467 0.5369647668269231 0.4958147692307693 0.5403745072115385 0.5200763365384615 0.6033493677884615 0.5112257956730769
1 0.5236279350961538 0.5109431249999999 0.52033996875 0.4875480408653846 0.46378637980769233 0.49549612980769225 0.46707434375 0.5188912139423076 0.5236279350961538 0.5109431249999999
1 0.5390685432692307 0.6427014711538461 0.5360241322115384 0.6210393557692307 0.47691750721153847 0.62934625 0.47996191826923074 0.6510083653846154 0.5390685432692307 0.6427014711538461
1 0.4653334639423077 0.6384217596153847 0.46234124278846156 0.6171309975961539 0.4071028509615384 0.6248942475961539 0.4100950721153846 0.6461850096153847 0.4653334639423077 0.6384217596153847
1 0.6144313725961539 0.6327410576923077 0.6095429182692308 0.597957891826923 0.5501268341346154 0.6063082788461538 0.5550152884615385 0.6410914447115386 0.6144313725961539 0.6327410576923077
1 0.6315075817307693 0.4208019326923077 0.62860234375 0.40013008653846155 0.6147540625 0.4020763341346154 0.6176593028846155 0.42274818028846156 0.6315075817307693 0.4208019326923077
1 0.2480512860576923 0.49968643269230767 0.24159713461538462 0.45376275 0.14991997355769232 0.4666471346153846 0.156374125 0.5125708173076923 0.2480512860576923 0.49968643269230767
1 0.25605724759615384 0.5375658581730769 0.2500554086538461 0.4948605480769231 0.15211170673076924 0.5086256370192308 0.15811354567307692 0.5513309471153847 0.25605724759615384 0.5375658581730769
1 0.2592148245192308 0.5706988557692307 0.25430897355769233 0.53579190625 0.15791256490384614 0.5493395384615385 0.16281841586538462 0.5842464879807692 0.2592148245192308 0.5706988557692307
1 0.26196859615384616 0.5987132379807693 0.2575498509615385 0.5672722283653846 0.16192709134615385 0.5807111298076924 0.16634583653846152 0.6121521418269231 0.26196859615384616 0.5987132379807693
1 0.2664698125 0.6385999663461538 0.2609550793269231 0.5993605937500001 0.1643265769230769 0.61294084375 0.16984131009615386 0.6521802163461538 0.2664698125 0.6385999663461538
1 0.27431100721153845 0.6809205432692308 0.26787425240384616 0.6351206442307693 0.1672227860576923 0.6492662860576923 0.17365954326923075 0.6950661850961539 0.27431100721153845 0.6809205432692308
1 0.27471640865384617 0.7135567355769231 0.26725325 0.660453610576923 0.17000583173076922 0.67412084375 0.1774689903846154 0.72722396875 0.27471640865384617 0.7135567355769231
1 0.2784087668269231 0.7583538197115385 0.27068465865384617 0.7033939423076923 0.17467507692307693 0.7168872091346153 0.1823991826923077 0.7718470889423077 0.2784087668269231 0.7583538197115385
1 0.26679378365384615 0.7907859399038462 0.25971335336538465 0.7404060528846154 0.17995035336538462 0.7516160120192308 0.1870307860576923 0.8019958990384615 0.26679378365384615 0.7907859399038462
1 0.29683777884615387 0.7233230817307692 0.2918449447115385 0.6877972139423078 0.2611311610576923 0.6921137548076923 0.26612399759615385 0.7276396225961539 0.29683777884615387 0.7233230817307692
1 0.3283323990384615 0.7021084182692309 0.3237048918269231 0.6691820048076923 0.2936873918269231 0.6734006899038462 0.29831489663461536 0.7063271033653845 0.3283323990384615 0.7021084182692309
1 0.3226570673076923 0.6168182331730769 0.31870802884615385 0.5887193774038462 0.28768478846153844 0.5930794086538461 0.29163382451923076 0.621178264423077 0.3226570673076923 0.6168182331730769
1 0.28289897596153846 0.6269500913461539 0.2780975048076923 0.59278584375 0.2599941658653846 0.5953301033653846 0.26479563701923076 0.6294943509615384 0.28289897596153846 0.6269500913461539
1 0.24866017067307694 0.5040188557692308 0.2534616418269231 0.5381831033653847 0.2743501081730769 0.535247420673077 0.26954863701923076 0.5010831730769231 0.24866017067307694 0.5040188557692308
1 0.31847090144230766 0.5325810432692308 0.3137738100961539 0.49915949759615386 0.27718031009615385 0.5043023774038462 0.28187740144230766 0.5377239254807692 0.31847090144230766 0.5325810432692308
1 0.3425925384615385 0.5139173269230769 0.3383825528846154 0.48396171875000005 0.3118464639423077 0.4876911225961538 0.31605644951923073 0.5176467307692307 0.3425925384615385 0.5139173269230769
1 0.3461219735576923 0.5642913605769231 0.3425904543269231 0.5391633100961538 0.31504862499999997 0.5430340600961538 0.31858014182692307 0.5681621129807692 0.3461219735576923 0.5642913605769231
1 0.3516066009615385 0.6167889519230769 0.3491188822115384 0.5990879086538462 0.31902401682692305 0.6033174663461538 0.3215117355769231 0.6210185096153846 0.3516066009615385 0.6167889519230769
1 0.3608024783653846 0.6726780408653846 0.3574449278846154 0.6487878245192308 0.3266537788461538 0.6531152379807692 0.3300113293269231 0.6770054543269232 0.3608024783653846 0.6726780408653846
1 0 0.15687225480769232 0.04715087740384615 0.15024563221153847 0.03453831490384615 0.060502586538461536 0 0.06535662980769232 0 0.15687225480769232
1 0.03535956971153846 0.1163063701923077 0.051260096153846156 0.22944449759615385 0.11663326201923077 0.2202568966346154 0.10073273557692307 0.10711876923076923 0.03535956971153846 0.1163063701923077
1 0.18331252884615384 0.27425241826923075 0.17183074759615383 0.19255530288461536 0.11922275721153845 0.19994887259615385 0.1307045360576923 0.28164598798076923 0.18331252884615384 0.27425241826923075
1 0.23801665865384616 0.31882282932692313 0.2281875576923077 0.24888514903846154 0.17882888221153845 0.2558220576923077 0.18865798317307692 0.3257597403846154 0.23801665865384616 0.31882282932692313
1 0.26506561778846155 0.33446052884615385 0.2586810528846154 0.28903198076923076 0.23222232692307693 0.29275051201923075 0.23860689423076925 0.33817906009615384 0.26506561778846155 0.33446052884615385
1 0.2890095384615385 0.36000174278846153 0.2831990625 0.31865805048076923 0.26099539423076923 0.32177857451923075 0.26680587259615385 0.36312226442307693 0.2890095384615385 0.36000174278846153
1 0.3152651995192307 0.37953778605769234 0.30922856490384615 0.3365849086538461 0.28516814663461537 0.33996637980769234 0.29120477884615387 0.38291925721153847 0.3152651995192307 0.37953778605769234
1 0.33076390144230766 0.3932643677884615 0.32584065384615385 0.3582336346153846 0.31137345673076927 0.3602668677884615 0.3162967043269231 0.3952976009615385 0.33076390144230766 0.3932643677884615
1 0.23356898798076922 0.05196983173076923 0.2404406610576923 0.10086431730769231 0.26775039663461536 0.09702618509615385 0.26087872596153844 0.04813169711538461 0.23356898798076922 0.05196983173076923
1 0.3942950024038462 0.5578997692307692 0.39229438942307693 0.5436646658653846 0.3591049350961538 0.5483291394230769 0.3611055480769231 0.5625642427884615 0.3942950024038462 0.5578997692307692
1 0.4029239783653846 0.5929146105769231 0.40076679326923076 0.5775654543269231 0.38181244471153847 0.5802293149038461 0.38396962740384616 0.59557846875 0.4029239783653846 0.5929146105769231
3 0.5603533846153846 0.40681859615384613 0.5555345168269231 0.3725305649038461 0.52938525 0.3762056057692308 0.5342041201923077 0.4104936370192308 0.5603533846153846 0.40681859615384613
3 0.5651149591346154 0.43227868990384616 0.5615138557692307 0.4066555048076923 0.5324247307692308 0.4107437139423077 0.5360258341346154 0.43636689903846154 0.5651149591346154 0.43227868990384616
3 0.5712956971153846 0.46334584134615386 0.5668943485576923 0.4320286129807692 0.5360258341346154 0.43636689903846154 0.5404271850961538 0.4676841274038462 0.5712956971153846 0.46334584134615386
3 0.5742756274038462 0.4929694086538462 0.5702743990384616 0.464499201923077 0.5370075817307692 0.4691745480769231 0.5410088076923076 0.4976447548076923 0.5742756274038462 0.4929694086538462
3 0.6035460793269231 0.4946622235576923 0.5983444831730769 0.4576509543269231 0.5965650961538461 0.45790103125 0.5925638701923077 0.42943082451923076 0.5658730504807692 0.43318197596153846 0.5698742764423077 0.4616521826923077 0.5663155 0.4621523341346154 0.5715170961538462 0.4991636033653846 0.6035460793269231 0.4946622235576923
3 0.5622545504807692 0.40743500480769235 0.5659948269230769 0.43404845913461537 0.5957028677884615 0.42987326682692306 0.5919625913461538 0.4032598125 0.5622545504807692 0.40743500480769235
3 0.5646301802884616 0.37718499038461534 0.5687531826923077 0.4065216826923077 0.5955213677884615 0.40275965865384616 0.5913983653846153 0.37342296634615385 0.5646301802884616 0.37718499038461534
3 0.50907371875 0.3955961322115385 0.5061336875 0.37467671874999997 0.47526517548076924 0.3790150048076923 0.47820520673076927 0.39993441826923076 0.50907371875 0.3955961322115385
3 0.512413875 0.41936256490384616 0.5100131370192308 0.4022804399038461 0.48510170673076924 0.40578151442307697 0.4875024423076923 0.42286363701923074 0.512413875 0.41936256490384616
3 0.51535390625 0.44028197836538463 0.512413875 0.41936256490384616 0.4810038076923077 0.4237769615384615 0.48394384134615387 0.44469637500000003 0.51535390625 0.44028197836538463
3 0.5147155072115385 0.4654911586538461 0.5112535769230769 0.4408582403846154 0.48448539423076925 0.4446202644230769 0.4879473245192308 0.4692531826923077 0.5147155072115385 0.4654911586538461
3 0.5251357475961538 0.4969723149038462 0.5211345192307693 0.4685021081730769 0.48732614903846155 0.4732535649038461 0.49132737740384613 0.5017237716346153 0.5251357475961538 0.4969723149038462
3 0.4597554639423077 0.47523494471153843 0.46389586298076924 0.5046954206730769 0.49236606971153846 0.5006941947115384 0.48822567067307693 0.47123371875000003 0.4597554639423077 0.47523494471153843
3 0.46147512740384616 0.4487377451923077 0.46509362740384613 0.4744847139423077 0.4912428942307692 0.4708096754807692 0.4876243918269231 0.4450627067307692 0.46147512740384616 0.4487377451923077
3 0.45217789182692303 0.42580852403846153 0.4555180456730769 0.44957495913461537 0.4876243918269231 0.4450627067307692 0.48428423798076925 0.4212962716346154 0.45217789182692303 0.42580852403846153
3 0.4475952139423077 0.3887102716346154 0.4527968076923077 0.42572154086538466 0.48428423798076925 0.4212962716346154 0.47908264423076924 0.38428500240384617 0.4475952139423077 0.3887102716346154
3 0.599808579326923 0.5281331201923076 0.5963466490384616 0.503500201923077 0.5719767692307692 0.5069251658653846 0.5754386995192308 0.5315580841346154 0.599808579326923 0.5281331201923076
3 0.6018091923076923 0.5423682235576923 0.599808579326923 0.5281331201923076 0.5736593125 0.5318081610576922 0.5756599254807692 0.5460432644230769 0.6018091923076923 0.5423682235576923
3 0.607286701923077 0.56394084375 0.6042074975961539 0.5420311634615385 0.5756599254807692 0.5460432644230769 0.5787391298076924 0.5679529447115385 0.607286701923077 0.56394084375
3 0.6106268557692307 0.5877072788461539 0.607286701923077 0.56394084375 0.5745614375 0.5685400817307692 0.5779015913461538 0.5923065144230769 0.6106268557692307 0.5877072788461539
3 0.6123290528846154 0.6088006586538461 0.6093890216346154 0.5878812451923077 0.5809188149038461 0.5918824711538462 0.5838588461538461 0.6128018846153845 0.6123290528846154 0.6088006586538461
3 0.5476098413461539 0.5917670625 0.5518720192307692 0.6220940216346154 0.5821216129807693 0.6178427187500001 0.5778594375 0.5875157572115385 0.5476098413461539 0.5917670625
3 0.5446698100961538 0.5708476490384615 0.5482709134615384 0.5964708341346154 0.5785205096153846 0.59221953125 0.57491940625 0.5665963461538461 0.5446698100961538 0.5708476490384615
3 0.5465708004807692 0.5501314735576923 0.5500501298076923 0.5748881754807692 0.5749615600961538 0.5713871009615384 0.5714822331730769 0.5466303990384616 0.5465708004807692 0.5501314735576923
3 0.5433698197115384 0.5273553076923077 0.5469709230769231 0.5529784927884616 0.5808566586538462 0.5482161634615385 0.5772555552884615 0.5225929783653845 0.5433698197115384 0.5273553076923077
3 0.5234160841346154 0.5234695144230769 0.5207370024038462 0.5044068533653846 0.49288571153846156 0.5083210985576924 0.49556479326923075 0.5273837572115384 0.5234160841346154 0.5234695144230769
3 0.5269975336538462 0.5528823173076923 0.52287453125 0.523545625 0.49556479326923075 0.5273837572115384 0.4996877980769231 0.5567204495192308 0.5269975336538462 0.5528823173076923
3 0.5302159110576923 0.5757822644230769 0.5269975336538462 0.5528823173076923 0.4943496346153846 0.5574706802884616 0.4975680120192308 0.5803706298076923 0.5302159110576923 0.5757822644230769
3 0.5339561899038462 0.6023957211538462 0.5300767379807693 0.5747919975961538 0.4979703918269231 0.57930425 0.5018498413461538 0.6069079735576923 0.5339561899038462 0.6023957211538462
3 0.5391997644230769 0.6228651634615385 0.5362771298076923 0.6020695336538462 0.5078069230769231 0.6060707596153846 0.5107295576923077 0.6268663894230768 0.5391997644230769 0.6228651634615385
3 0.47146333173076926 0.606255608173077 0.4750644350961538 0.6318787956730769 0.5107295576923077 0.6268663894230768 0.5071284543269231 0.6012432019230769 0.47146333173076926 0.606255608173077
3 0.4705214807692307 0.5821521153846153 0.4738616370192308 0.6059185480769231 0.5006298197115384 0.6021565264423077 0.4972896658653846 0.57839009375 0.4705214807692307 0.5821521153846153
3 0.46705955048076925 0.5575191971153847 0.4705214807692307 0.5821521153846153 0.4972896658653846 0.57839009375 0.49382773557692305 0.5537571754807693 0.46705955048076925 0.5575191971153847
3 0.46318010096153844 0.5299154759615384 0.46705955048076925 0.5575191971153847 0.49614867548076924 0.5534309879807693 0.49226922596153844 0.5258272644230769 0.46318010096153844 0.5299154759615384
3 0.45606254807692304 0.5309157812499999 0.4527223942307692 0.5071493485576923 0.4212349639423077 0.5115746177884616 0.4245751177884615 0.5353410504807692 0.45606254807692304 0.5309157812499999
3 0.46108281490384617 0.5621460264423077 0.45668146634615386 0.5308287980769231 0.4245751177884615 0.5353410504807692 0.42897646874999995 0.5666582788461538 0.46108281490384617 0.5621460264423077
3 0.46456214423076925 0.5869027283653846 0.46108281490384617 0.5621460264423077 0.4295953846153846 0.566571295673077 0.4330747139423077 0.5913279975961538 0.46456214423076925 0.5869027283653846
3 0.46964421875 0.6191341129807693 0.46510369711538463 0.5868266177884616 0.4330747139423077 0.5913279975961538 0.43761523557692306 0.6236354927884615 0.46964421875 0.6191341129807693
3 0.4013263341346154 0.5938965144230769 0.40518838701923077 0.6213764543269231 0.4437933701923077 0.6159508774038461 0.4399313149038461 0.5884709375 0.4013263341346154 0.5938965144230769
3 0.39780485096153845 0.5643490552884616 0.40206702884615386 0.5946760168269231 0.43409600961538464 0.5901746370192308 0.4298338341346154 0.5598476754807693 0.39780485096153845 0.5643490552884616
3 0.39476537019230773 0.5298109471153846 0.3995842403846154 0.5640989807692308 0.4298338341346154 0.5598476754807693 0.4250149663461539 0.5255596442307693 0.39476537019230773 0.5298109471153846
1 0.14372083173076924 0.42422200961538464 0.1521929951923077 0.48450457932692303 0.2426323221153846 0.4717941610576923 0.23416015865384615 0.41151159134615384 0.14372083173076924 0.42422200961538464
1 0.34252705048076926 0.5106445913461538 0.3445450600961539 0.5250034783653846 0.3929753581730769 0.5181970432692308 0.3909573485576923 0.5038381562500001 0.34252705048076926 0.5106445913461538