1 0.7906331274038462 0.6701659903846154 0.7920578293269231 0.6429810769230768 0.7196571875 0.63918671875 0.7182324855769231 0.6663716346153846 0.7906331274038462 0.6701659903846154
1 0.7184670312500001 0.6604035072115385 0.7206622331730769 0.6185165480769231 0.6488857355769231 0.6147548990384615 0.6466905336538461 0.656641860576923 0.7184670312500001 0.6604035072115385
1 0.6470801322115385 0.6626426971153846 0.6496823918269231 0.6129886177884616 0.61683684375 0.6112672548076923 0.6142345817307693 0.6609213341346154 0.6470801322115385 0.6626426971153846
1 0.6402634110576924 0.7524089591346154 0.6444575576923076 0.6723798990384615 0.4957553774038462 0.6645867475961539 0.49156123317307693 0.7446158076923077 0.6402634110576924 0.7524089591346154
1 0.2695266298076923 0.6567639062499999 0.27268859375 0.5964300384615384 0.13959000240384614 0.5894546370192308 0.13642803846153845 0.6497885048076923 0.2695266298076923 0.6567639062499999
1 0 0.6637786947115385 0.1421107283653846 0.6712264038461538 0.14589781490384615 0.5989644615384615 0 0.59131828125 0 0.6637786947115385
1 0.3279935889423077 0.6293696201923077 0.3294400961538461 0.6017686105769231 0.26866412740384615 0.5985834759615385 0.2672176201923077 0.6261844879807692 0.3279935889423077 0.6293696201923077
1 0.36715812019230765 0.6150107668269231 0.3685246706730769 0.5889354399038461 0.3244445384615385 0.5866252980769231 0.3230779903846154 0.612700625 0.36715812019230765 0.6150107668269231
1 0.62343575 0.2569603846153846 0.6241481009615384 0.24336792548076921 0.5951254302884615 0.24184691105769232 0.5944130793269231 0.25543937019230767 0.62343575 0.2569603846153846
1 0.9878115985576923 0.6590814350961539 0.9895924759615385 0.6251002908653847 0.8991696923076924 0.6203614350961538 0.8973888149038461 0.654342579326923 0.9878115985576923 0.6590814350961539
1 0.8667394278846154 0.621165266826923 0.8676916514423076 0.6029957572115385 0.8091782019230769 0.5999291971153846 0.8082259783653847 0.6180987067307692 0.8667394278846154 0.621165266826923
1 0.5359185384615385 0.24305547596153848 0.5353224879807692 0.2544287548076923 0.5630188557692308 0.25588025961538463 0.5636149038461539 0.24450698076923078 0.5359185384615385 0.24305547596153848
1 0.38541365384615384 0.29205136057692305 0.3849121009615385 0.3016215600961539 0.4158072019230769 0.30324070432692307 0.4163087548076923 0.2936705048076923 0.38541365384615384 0.29205136057692305
1 0.2663330721153846 0.3056989807692308 0.2657297548076923 0.3172109567307692 0.28648252403846153 0.31829856490384617 0.28708584134615384 0.3067865865384615 0.2663330721153846 0.3056989807692308
1 0.21324020673076924 0.26786846875000003 0.21216441105769232 0.2883958533653846 0.26272003125 0.2910453605769231 0.2637958269230769 0.2705179759615385 0.21324020673076924 0.26786846875000003
1 0.018607103365384615 0.4363853269230769 0.01817096875 0.4447072403846154 0.03252626923076923 0.4454595697115385 0.03296240144230769 0.43713765625 0.018607103365384615 0.4363853269230769
1 0.01973194471153846 0.3044578389423077 0.020437026442307694 0.29100408173076925 0.01045073076923077 0.29048072115384616 0.009745649038461538 0.3039344783653846 0.01973194471153846 0.3044578389423077
1 0.01935347355769231 0.31765055528846153 0.01987683173076923 0.3076642596153846 0.009578466346153846 0.30712454567307695 0.009055105769230768 0.31711084134615386 0.01935347355769231 0.31765055528846153
1 0.009313396634615384 0.3091968485576923 0.019923834134615386 0.3097529182692308 0.02038904326923077 0.3008762091346154 0.009778605769230769 0.3003201394230769 0.009313396634615384 0.3091968485576923
1 0.01828253846153846 0.3231576105769231 0.018755016826923078 0.3141422067307692 0.00939286298076923 0.31365155528846156 0.00892038701923077 0.3226669615384615 0.01828253846153846 0.3231576105769231
1 0.10008751682692307 0.29976800721153846 0.10064722115384615 0.28908822115384614 0.07529139182692307 0.28775937980769234 0.0747316875 0.2984391658653846 0.10008751682692307 0.29976800721153846
1 0.008208526442307693 0.33027902644230767 0.018038786057692307 0.3307942091346154 0.01854760817307692 0.3210853100961539 0.008717348557692307 0.3205701298076923 0.008208526442307693 0.33027902644230767