1 0.8111116947115384 0.5640358293269231 0.7964300024038462 0.48850507451923075 0.5648784639423077 0.5335141322115384 0.57956015625 0.6090448894230769 0.8111116947115384 0.5640358293269231
1 0.9365814591346153 0.36825732692307694 0.9272883557692307 0.3204484495192308 0.7737557283653846 0.35029216826923076 0.7830488341346153 0.39810104567307697 0.9365814591346153 0.36825732692307694
1 0.9602422932692308 0.5265584735576924 0.9489350937500001 0.46838797355769235 0.7967317524038461 0.4979733052884615 0.808038951923077 0.5561438052884615 0.9602422932692308 0.5265584735576924
1 0.9805348822115385 0.6787228942307693 0.9632207307692308 0.5896493173076923 0.8109662668269231 0.6192445865384616 0.8282804158653847 0.7083181658653845 0.9805348822115385 0.6787228942307693
1 0.8587323269230769 0.8125712379807692 0.8389093918269231 0.710591079326923 0.7213697620192308 0.7334384687500001 0.7411926971153846 0.8354186274038462 0.8587323269230769 0.8125712379807692
1 0.8917970096153846 0.13567760817307692 0.8745181947115385 0.046785812499999996 0.6594293629807692 0.08859484615384615 0.6767081778846153 0.17748664182692306 0.8917970096153846 0.13567760817307692
1 0.9112961514423077 0.21715771874999998 0.9010136658653847 0.16425892067307693 0.67723334375 0.20775740865384615 0.687515829326923 0.2606562067307692 0.9112961514423077 0.21715771874999998
1 0.9765849927884616 0.3510488653846154 0.9691823100961539 0.3129653677884615 0.9242933173076923 0.32169090384615384 0.931696 0.3597744014423077 0.9765849927884616 0.3510488653846154
1 0.9991427860576922 0.48456813221153844 0.9902736995192308 0.4389406466346154 0.9430328918269232 0.4481233293269231 0.9519019783653846 0.4937508173076923 0.9991427860576922 0.48456813221153844
1 1 0.5725959591346154 0.9613656442307692 0.58010571875 0.9720898173076923 0.6352768028846154 1 0.6298516129807693 1 0.5725959591346154
1 0.6695192572115385 0.06107132451923077 0.6880701322115385 0.1565073028846154 0.9102655336538461 0.11331689182692307 0.8917146586538462 0.017880915865384615 0.6695192572115385 0.06107132451923077