2 0.47589900721153844 0.6748943197115385 0.5297310432692307 0.4417221514423077 0.46114452644230763 0.42588770673076926 0.4073124879807692 0.659059875 0.47589900721153844 0.6748943197115385
1 0.6434999951923076 0.5643463341346154 0.6511858221153847 0.5310553557692308 0.5191891274038462 0.5005815192307692 0.5115033004807692 0.5338724951923077 0.6434999951923076 0.5643463341346154
1 0.6369701658653846 0.5926301322115385 0.6434999951923076 0.5643463341346154 0.5129496298076923 0.5342064062499999 0.5064198004807692 0.5624902067307692 0.6369701658653846 0.5926301322115385
1 0.6310651995192308 0.6182073461538462 0.6369701658653846 0.5926301322115385 0.5064198004807692 0.5624902067307692 0.5005148365384615 0.5880674206730769 0.6310651995192308 0.6182073461538462
1 0.6239417500000001 0.6490623966346154 0.6310651995192308 0.6182073461538462 0.5026462716346154 0.5885595 0.4955228197115385 0.6194145504807692 0.6239417500000001 0.6490623966346154
1 0.6177243533653846 0.6759929038461538 0.6242541826923076 0.6477091057692307 0.4972815841346154 0.6183951706730769 0.4907517548076923 0.6466789687500001 0.6177243533653846 0.6759929038461538
1 0.6109133341346153 0.7054946658653846 0.6177243533653846 0.6759929038461538 0.4915129807692308 0.6468547139423078 0.48470196153846157 0.6763564735576922 0.6109133341346153 0.7054946658653846
1 0.3439353293269231 0.5838476538461539 0.3519960769230769 0.5489327259615384 0.2613339855769231 0.5280017331730769 0.25327324038461535 0.5629166610576923 0.3439353293269231 0.5838476538461539
1 0.3395925240384615 0.6026584086538461 0.3458411658653846 0.5755925745192307 0.26142113221153845 0.5561026754807693 0.25517249278846155 0.5831685072115385 0.3395925240384615 0.6026584086538461
1 0.08244395673076924 0.547139625 0.09044221634615385 0.5124953557692308 0.04636719711538462 0.5023198341346153 0.0383689375 0.5369641033653847 0.08244395673076924 0.547139625
1 0.01814564182692308 0.3665185673076923 0.00995992548076923 0.4019748100961538 0.04794513221153846 0.41074438701923077 0.05613085096153846 0.3752881442307692 0.01814564182692308 0.3665185673076923
1 0 0.44942262259615384 0.03574716826923077 0.4576755072115385 0.04152716105769231 0.43263960817307695 0.004379302884615384 0.42406335096153847 0 0.44303219471153843 0 0.44942262259615384
1 0 0.5299589855769231 0.02745784855769231 0.5362981298076923 0.03442508173076923 0.5061197235576923 0 0.49817206730769226 0 0.5299589855769231
1 0.053231235576923074 0.22010293028846156 0.043108439903846156 0.2639495841346154 0.08581325240384616 0.27380876682692307 0.09593605048076922 0.2299621129807692 0.053231235576923074 0.22010293028846156
2 0.28897926201923074 0.5648881875 0.3260336995192308 0.40438778365384614 0.20918541346153846 0.3774112307692308 0.17213097596153848 0.5379116346153846 0.28897926201923074 0.5648881875
2 0.8232042788461539 0.5003530817307692 0.7704657524038462 0.7287887307692308 0.8798540168269231 0.7540430024038461 0.9325925432692308 0.5256073533653847 0.8232042788461539 0.5003530817307692
2 0.2035408966346154 0.4355482067307692 0.18629464903846155 0.5102499110576922 0.24133133413461538 0.5229561298076922 0.2585775793269231 0.4482544254807692 0.2035408966346154 0.4355482067307692