1 0.5072097572115385 0.5047561826923077 0.5091198269230769 0.39532840625 0.3244083822115385 0.39210425480769234 0.3224983125 0.50153203125 0.5072097572115385 0.5047561826923077
1 0.3168705120192307 0.5643137451923077 0.3197356153846154 0.40017208173076924 0.007335286057692307 0.39471911538461535 0.004470182692307693 0.5588607764423077 0.3168705120192307 0.5643137451923077
1 0.5225401634615385 0.8679494206730769 0.5265380576923077 0.6389102355769231 0.3532311225961538 0.6358851514423077 0.3492332307692308 0.8649243365384615 0.5225401634615385 0.8679494206730769
1 0.6679191153846153 0.7042579975961538 0.6709264230769231 0.5319694278846154 0.4509078533653846 0.5281289879807692 0.4479005456730769 0.7004175600961537 0.6679191153846153 0.7042579975961538
1 0.7096267716346154 0.6664616225961539 0.7126340793269231 0.4941730528846154 0.5918191490384616 0.4920642211538461 0.5888118413461538 0.6643527908653847 0.7096267716346154 0.6664616225961539
3 0.29000208894230767 0.2533345 0.2928881995192308 0.08798931490384615 0.13692237499999999 0.08526692067307692 0.13403626442307692 0.25061210576923076 0.29000208894230767 0.2533345
3 0.14729703605769232 0.2727913605769231 0.1502267764423077 0.10494655769230768 0.11606531490384617 0.10435026682692308 0.11313557211538461 0.27219506971153845 0.14729703605769232 0.2727913605769231
3 0.1187311514423077 0.2649768125 0.12149121634615384 0.10685275240384615 0.08863163701923077 0.10627918509615385 0.08587157211538463 0.2644032451923077 0.1187311514423077 0.2649768125
3 0.1740434927884615 0.4654171177884615 0.17794927884615383 0.24165490865384615 0.005579699519230769 0.23864618509615385 0.0016739158653846153 0.4624083966346154 0.1740434927884615 0.4654171177884615
3 0.30746239423076926 0.4288511394230769 0.31068947355769233 0.2439718966346154 0.16701344471153845 0.2414640216346154 0.16378636538461538 0.4263432668269231 0.30746239423076926 0.4288511394230769
3 0.4384136418269231 0.2949124543269231 0.44083435576923075 0.15622987500000002 0.3217899879807692 0.15415194711538463 0.31936927403846155 0.2928345264423077 0.4384136418269231 0.2949124543269231
3 0.44743940625 0.4045311153846154 0.44964681250000005 0.27806889423076925 0.3429443173076923 0.2762063966346154 0.3407369110576923 0.4026686153846154 0.44743940625 0.4045311153846154
3 0.49831546875000005 0.31299767548076923 0.5009898870192308 0.15978027403846154 0.44355071875 0.15877766826923076 0.4408763004807692 0.31199506971153845 0.49831546875000005 0.31299767548076923
3 0.49505143749999997 0.42240181730769233 0.4970051370192307 0.3104744230769231 0.44227389182692306 0.3095190841346154 0.4403201923076923 0.42144648076923075 0.49505143749999997 0.42240181730769233
3 0.5701814639423077 0.19775287740384614 0.5725149134615385 0.0640695360576923 0.48221616826923075 0.06249336538461539 0.47988271875 0.19617670673076923 0.5701814639423077 0.19775287740384614
3 0.5775955985576923 0.3161410432692308 0.5799532908653846 0.18106902403846153 0.49522661298076925 0.1795901129807692 0.4928689206730769 0.3146621322115385 0.5775955985576923 0.3161410432692308
3 0.5712100697115384 0.4103958052884616 0.5734207091346154 0.2837484326923077 0.4918706298076923 0.28232497115384614 0.4896599927884615 0.40897234375 0.5712100697115384 0.4103958052884616
3 0.6269624975961539 0.39164374278846154 0.6284362572115385 0.30721215865384616 0.5634982307692308 0.3060786610576923 0.5620244711538461 0.39051024519230765 0.6269624975961539 0.39164374278846154
3 0.57482175 0.2034828798076923 0.5728567379807692 0.31605832451923077 0.6211306346153846 0.31690094951923076 0.6230956442307692 0.2043255048076923 0.57482175 0.2034828798076923
3 0.5738073100961538 0.07955741346153845 0.5715223389423078 0.21046339903846153 0.6293260336538461 0.2114723653846154 0.6316110048076923 0.08056638221153846 0.5738073100961538 0.07955741346153845
3 0.4871398605769231 0.18926526923076922 0.4891533509615385 0.07391247115384615 0.4480137836538462 0.07319437740384616 0.4460002932692308 0.18854717548076924 0.4871398605769231 0.18926526923076922
3 0.44098796875 0.2011468028846154 0.44302731490384617 0.08431274759615384 0.4058454783653846 0.08366373798076923 0.4038061346153846 0.20049779086538463 0.44098796875 0.2011468028846154
3 0.404076 0.18503718509615386 0.4057953846153846 0.08653367067307692 0.34799168990384616 0.08552470192307693 0.3462723052884616 0.18402821634615385 0.404076 0.18503718509615386
3 0.6806779543269231 0.2180177235576923 0.6824215769230769 0.11812553365384616 0.6198790240384615 0.11703385096153845 0.6181353990384615 0.2169260408653846 0.6806779543269231 0.2180177235576923
3 0.7183003173076923 0.2411778533653846 0.7202653293269231 0.12860240865384615 0.6758970865384615 0.1278279591346154 0.673932076923077 0.24040340144230768 0.7183003173076923 0.2411778533653846
3 0.7211026346153846 0.30744055528846154 0.7225521538461539 0.2243976514423077 0.6750073125 0.22356775240384616 0.6735577932692307 0.3066106586538461 0.7211026346153846 0.30744055528846154
3 0.6743425216346155 0.30940255769230773 0.6761103846153845 0.20812168990384614 0.6166923533653846 0.2070845432692308 0.6149244879807692 0.30836541105769233 0.6743425216346155 0.30940255769230773
3 0.6696921634615385 0.3937786923076923 0.671484266826923 0.2911091466346154 0.6152428341346154 0.2901274495192308 0.6134507283653846 0.3927969951923077 0.6696921634615385 0.3937786923076923
3 0.7046776586538462 0.38596215625 0.7061514158653845 0.30153057451923077 0.6713129735576923 0.3009224663461538 0.6698392139423077 0.3853540480769231 0.7046776586538462 0.38596215625
1 0.6260387379807693 0.4624717427884616 0.6275722884615385 0.3746147524038462 0.4993105769230769 0.3723759375 0.4977770264423077 0.4602329254807692 0.6260387379807693 0.4624717427884616
1 0.7240661706730769 0.4539960817307692 0.7254510528846154 0.3746563125 0.611458 0.3726665576923077 0.6100731201923076 0.45200632451923073 0.7240661706730769 0.4539960817307692