1 0.9907376850961539 0.4306789951923077 0.99203134375 0.35656528605769233 0.7462094158653846 0.3522744471153846 0.7449157548076923 0.42638815865384616 0.9907376850961539 0.4306789951923077
1 0.9884364206730769 0.6520475480769231 0.9895817355769231 0.5864325432692308 0.7357922692307692 0.5820026322115385 0.7346469543269231 0.6476176370192307 0.9884364206730769 0.6520475480769231
1 0.9507674423076923 0.8941770120192308 0.9527221105769231 0.7821940697115385 0.72470996875 0.7782141033653847 0.7227553004807692 0.890197045673077 0.9507674423076923 0.8941770120192308
1 0.7241159759615384 0.6108032379807692 0.7248882451923078 0.5665599783653846 0.7009856346153847 0.5661427572115385 0.7002133677884615 0.6103860168269231 0.7241159759615384 0.6108032379807692
1 0.7279107427884616 0.45159521874999997 0.7284452211538461 0.42097488221153845 0.7109478870192307 0.4206694663461539 0.7104134062499999 0.4512898004807692 0.7279107427884616 0.45159521874999997
1 0.6360322524038462 0.7285338966346154 0.6369463221153846 0.676166875 0.5547713389423077 0.6747325048076923 0.5538572692307693 0.7270995264423077 0.6360322524038462 0.7285338966346154
1 0.6488468389423077 0.4778443605769231 0.6493878629807692 0.4468490817307692 0.6204079038461539 0.44634323557692307 0.6198668798076923 0.47733851442307695 0.6488468389423077 0.4778443605769231
1 1 0.04865746153846154 0.7375243990384616 0.044075932692307696 0.7354279278846154 0.16418263701923078 1 0.1688007596153846 1 0.04865746153846154
1 0.7434864471153847 0.23520909615384616 0.74531240625 0.13060003125 0.6996943557692308 0.12980376442307692 0.6978683966346153 0.2344128293269231 0.7434864471153847 0.23520909615384616
1 0.7051408629807692 0.2654194735576923 0.7059763966346153 0.21755176442307694 0.6804334134615384 0.2171059110576923 0.6795978798076923 0.2649736201923077 0.7051408629807692 0.2654194735576923
1 0.7088062091346153 0.1673435048076923 0.7099297067307693 0.10297831009615385 0.6850116274038461 0.10254336298076924 0.6838881298076923 0.16690856009615385 0.7088062091346153 0.1673435048076923
1 0.07796752884615385 0.335234423076923 0.07750503846153846 0.36173038701923077 0.10757858413461538 0.36225532211538464 0.10804107211538462 0.33575935817307695 0.07796752884615385 0.335234423076923
1 0.040296466346153845 0.32232500721153845 0.03981434375 0.34994579807692305 0.07613693509615385 0.35057981250000003 0.07661905769230769 0.32295901923076925 0.040296466346153845 0.32232500721153845
1 0.0037691634615384614 0.3065601153846154 0.0032826778846153848 0.3344308701923077 0.04007394711538462 0.3350730649038462 0.04056043269230769 0.30720231009615384 0.0037691634615384614 0.3065601153846154
1 0.0047225 0.25194343509615386 0.004174932692307692 0.28331365625 0.04494997115384615 0.28402538701923075 0.045497538461538464 0.2526551658653846 0.0047225 0.25194343509615386
1 0.005717288461538461 0.19495211778846155 0.0052351658653846155 0.22257290865384613 0.04671322115384616 0.2232969110576923 0.04719534375 0.1956761201923077 0.005717288461538461 0.19495211778846155
1 0.013334524038461538 0.08981904326923076 0.012638608173076922 0.12968797115384614 0.053726100961538466 0.13040515625 0.054422014423076925 0.09053622836538462 0.013334524038461538 0.08981904326923076
1 0.01725355528846154 0.039879834134615384 0.01657727403846154 0.07862393269230769 0.05625872836538462 0.07931657451923077 0.05693500961538462 0.040572475961538464 0.01725355528846154 0.039879834134615384
1 0.024356884615384617 0 0.023979516826923078 0.0216194375 0.05725569711538462 0.022200276442307692 0.05764320673076923 0 0.024356884615384617 0
1 0.08597336538461538 0.15859724278846155 0.08663874038461539 0.12047804807692307 0.045316908653846154 0.11975677403846154 0.04465153605769231 0.15787596634615383 0.08597336538461538 0.15859724278846155
1 0.12020751923076924 0.19382507451923076 0.12097542548076924 0.1498317764423077 0.08715245192307693 0.14924139423076924 0.08638454807692307 0.1932346923076923 0.12020751923076924 0.19382507451923076
1 0.1370459591346154 0.20949633413461538 0.1375804375 0.17887599759615383 0.11625556249999999 0.1785037716346154 0.11572108173076923 0.20912410576923077 0.1370459591346154 0.20949633413461538
1 0.11809565865384616 0.13127869230769232 0.11741937740384614 0.17002279086538463 0.14069708173076922 0.1704291033653846 0.14137336298076922 0.13168500480769232 0.11809565865384616 0.13127869230769232
1 0.12128506971153846 0.08732766105769231 0.12074404567307692 0.11832293990384615 0.14160024278846153 0.11868698557692309 0.14214126923076925 0.08769170673076923 0.12128506971153846 0.08732766105769231
1 0.12256443990384615 0.04984428125 0.1221892139423077 0.07134100480769232 0.14648238701923078 0.07176504567307693 0.1468576153846154 0.05026831971153846 0.12256443990384615 0.04984428125
1 0.13394357451923075 0.45885516826923073 0.13434934375000002 0.43560870913461536 0.09490222596153847 0.43492015624999997 0.09449645913461538 0.45816661538461534 0.13394357451923075 0.45885516826923073
1 0.12968943028846153 0.5190400889423077 0.13008647115384614 0.4962935552884616 0.09384199278846153 0.49566090384615386 0.09344494951923078 0.5184074399038462 0.12968943028846153 0.5190400889423077
1 0.1279410264423077 0.5833943774038461 0.1283686105769231 0.558898108173077 0.09165545192307692 0.5582572788461538 0.09122786778846154 0.5827535456730769 0.1279410264423077 0.5833943774038461
1 0.0815394423076923 0.6543453629807693 0.08215900480769231 0.6188507716346153 0.03779076201923077 0.6180763197115385 0.03717120192307692 0.6535709134615384 0.0815394423076923 0.6543453629807693
1 0 0.6664241442307692 0.038029177884615385 0.6670879447115384 0.038736 0.6265941129807693 0 0.6259179735576923 0 0.6664241442307692
1 0.10787471634615384 0.3050017716346154 0.10751694230769232 0.3254986490384616 0.13056030528846155 0.3259008725961538 0.13091808173076924 0.3054039951923077 0.10787471634615384 0.3050017716346154
1 0.1344331033653846 0.28308693990384615 0.13486723076923077 0.25821573076923077 0.10869934134615386 0.2577589663461538 0.10826521394230769 0.28263017788461536 0.1344331033653846 0.28308693990384615
1 0.12974004326923078 0.3728937139423077 0.13015017548076924 0.3493972932692308 0.10523209615384616 0.3489623461538462 0.10482196394230768 0.3724587668269231 0.12974004326923078 0.3728937139423077
1 0.1481285 0.3803407716346153 0.14845791346153844 0.3614686466346154 0.1261175673076923 0.3610786923076923 0.12578815384615386 0.37995081971153843 0.1481285 0.3803407716346153
1 0.4855969879807692 0.6133909038461538 0.48602675240384613 0.5887696538461539 0.4429083197115385 0.5880170192307692 0.44247855528846153 0.612638266826923 0.4855969879807692 0.6133909038461538
1 0.567764579326923 0.6242015721153845 0.568211798076923 0.5985804735576923 0.5311080745192307 0.5979328269230769 0.5306608557692308 0.6235539230769231 0.567764579326923 0.6242015721153845
1 0.13659775961538462 0.19936196875 0.13606327884615385 0.2299823028846154 0.15965343509615385 0.23039407211538462 0.1601879158653846 0.19977373557692307 0.13659775961538462 0.19936196875