1 0.7719772764423076 0.3321063966346154 0.785954985576923 0.27604486778846155 0.7045411105769231 0.2557461081730769 0.6905634014423078 0.31180763701923075 0.7719772764423076 0.3321063966346154
1 0.7612493461538462 0.34240972115384616 0.7738382451923077 0.29191840625 0.6954565432692307 0.2723756514423077 0.6828676442307693 0.32286696875 0.7612493461538462 0.34240972115384616
1 0.7623711634615385 0.3674050625 0.7746240600961538 0.3182613798076923 0.6885608509615384 0.29680341346153843 0.676307954326923 0.34594709615384617 0.7623711634615385 0.3674050625
1 0.7494327403846154 0.3801154927884615 0.7616856370192308 0.33097181009615384 0.6909854423076923 0.31334427163461537 0.6787325456730768 0.36248795432692305 0.7494327403846154 0.3801154927884615
1 0.7395264879807691 0.39358192548076926 0.7511073798076923 0.34713350961538464 0.6865726057692307 0.3310431850961538 0.6749917163461538 0.37749160096153844 0.7395264879807691 0.39358192548076926
1 0.6934513293269231 0.3951676225961539 0.7002609807692307 0.36785559615384616 0.677165920673077 0.36209735096153844 0.6703562668269231 0.3894093774038462 0.6934513293269231 0.3951676225961539
1 0.6895878100961539 0.4203513894230769 0.6977638749999999 0.3875589879807692 0.6716366394230769 0.3810447379807692 0.6634605769230769 0.4138371394230769 0.6895878100961539 0.4203513894230769
1 0.6839948918269231 0.4363246682692308 0.6914765504807693 0.40631737500000004 0.6699481129807693 0.4009497331730769 0.6624664543269231 0.43095702644230766 0.6839948918269231 0.4363246682692308
1 0.6792236538461538 0.45546105528846154 0.6870637163461539 0.42401628605769226 0.6632106105769231 0.4180690408653846 0.6553705504807692 0.4495138076923077 0.6792236538461538 0.45546105528846154
1 0.6703616971153846 0.4778717355769231 0.678873764423077 0.4437317019230769 0.657345329326923 0.43836406009615386 0.6488332620192309 0.47250409374999996 0.6703616971153846 0.4778717355769231
1 0.6730998942307692 0.4931548028846154 0.6809399543269231 0.4617100360576923 0.6524880528846153 0.4546161802884615 0.6446479903846154 0.4860609471153846 0.6730998942307692 0.4931548028846154
1 0.6683510552884615 0.5122013485576923 0.67616871875 0.4808464230769231 0.65307365625 0.4750881778846154 0.6452559951923077 0.5064431033653846 0.6683510552884615 0.5122013485576923
1 0.6624352355769231 0.5324837692307692 0.6699168942307693 0.5024764759615384 0.651521704326923 0.49789003846153845 0.6440400456730769 0.5278973317307692 0.6624352355769231 0.5324837692307692
1 0.6566702403846154 0.5426885120192307 0.6624494855769231 0.5195092235576924 0.6447618028846154 0.5150991899038462 0.6389825576923077 0.5382784783653846 0.6566702403846154 0.5426885120192307
1 0.6533514519230769 0.5592287932692307 0.6594666995192308 0.534701875 0.6425370600961539 0.5304808413461538 0.6364218125 0.5550077596153846 0.6533514519230769 0.5592287932692307
1 0.6478858076923076 0.5811502884615385 0.6543594591346154 0.5551858942307693 0.6382383990384616 0.5511664615384615 0.6317647475961539 0.5771308581730769 0.6478858076923076 0.5811502884615385
1 0.6482580985576922 0.5927898004807692 0.6516629254807692 0.5791337884615385 0.6324591538461538 0.57434575 0.629054326923077 0.5880017620192308 0.6482580985576922 0.5927898004807692
1 0.6417844471153846 0.6187541947115385 0.6478996947115385 0.5942272764423077 0.6294539687499999 0.5896282403846154 0.6233387211538461 0.6141551586538462 0.6417844471153846 0.6187541947115385
1 0.6371490000000001 0.6306719735576922 0.6412258317307693 0.6143206947115385 0.6212640192307692 0.6093436538461539 0.6171871875 0.6256949350961538 0.6371490000000001 0.6306719735576922
1 0.6320417596153847 0.6511559927884616 0.6371490000000001 0.6306719735576922 0.6202698966346154 0.6264635384615385 0.61516265625 0.6469475600961538 0.6320417596153847 0.6511559927884616
1 0.6285011442307693 0.6720306201923076 0.6339443870192307 0.6501989663461539 0.61165790625 0.6446423221153845 0.6062146634615385 0.6664739759615385 0.6285011442307693 0.6720306201923076
1 0.6269622908653846 0.6977939903846154 0.6324279350961538 0.6758724927884615 0.6086253677884615 0.6699378461538461 0.6031597235576923 0.69185934375 0.6269622908653846 0.6977939903846154
1 0.6177643341346154 0.7215523028846154 0.6242155865384615 0.69567775 0.6034957283653847 0.6905117091346155 0.5970444759615384 0.7163862620192307 0.6177643341346154 0.7215523028846154
1 0.7793193341346154 0.4630499639423077 0.793633048076923 0.40564079807692305 0.6991302860576922 0.3820786129807692 0.6848165745192307 0.43948777884615386 0.7793193341346154 0.4630499639423077
1 0.7730906394230769 0.4324871081730769 0.7853659350961538 0.38325358653846153 0.7023854350961538 0.3625642235576923 0.690110139423077 0.41179774759615384 0.7730906394230769 0.4324871081730769
1 0.7838270841346154 0.4090169567307692 0.7967743846153846 0.3570881658653846 0.706870423076923 0.33467258894230767 0.6939231201923076 0.3866013798076923 0.7838270841346154 0.4090169567307692
1 0.7682692860576924 0.48777790624999995 0.7815301899038462 0.4345913245192307 0.690110139423077 0.41179774759615384 0.676849235576923 0.46498432692307695 0.7682692860576924 0.48777790624999995
1 0.7624537548076924 0.4979700480769231 0.7726682331730769 0.45700200721153844 0.6858469807692308 0.43535503846153845 0.6756325024038462 0.4763230769230769 0.7624537548076924 0.4979700480769231
1 0.7558940649038461 0.5210501754807693 0.7668029495192308 0.4772970264423077 0.6807397427884615 0.4558390576923077 0.6698308557692307 0.49959220913461533 0.7558940649038461 0.5210501754807693
1 0.7584046971153846 0.5404753028846154 0.7679471706730769 0.5022025264423077 0.6757185408653845 0.47920734615384614 0.6661760649038461 0.5174801225961538 0.7584046971153846 0.5404753028846154
1 0.7529614543269231 0.5623069567307692 0.7614735192307692 0.5281669230769231 0.6692448894230769 0.5051717427884616 0.6607328221153845 0.5393117764423077 0.7529614543269231 0.5623069567307692
1 0.7510865985576923 0.5894179615384615 0.7613010793269231 0.5484499182692308 0.6621995216346155 0.523741125 0.6519850408653846 0.5647091682692308 0.7510865985576923 0.5894179615384615
1 0.748503454326923 0.6062370865384615 0.7543050985576923 0.582967954326923 0.6529294110576923 0.55769215625 0.647127764423077 0.5809612884615385 0.748503454326923 0.6062370865384615
1 0.744540795673077 0.6255750745192308 0.7520448557692307 0.5954779375 0.6559754711538462 0.5715251514423076 0.6484714134615385 0.6016222860576923 0.744540795673077 0.6255750745192308
1 0.7362505576923077 0.655380766826923 0.7444266225961538 0.6225883653846154 0.6460831081730769 0.5980685721153847 0.6379070432692308 0.6308609735576923 0.7362505576923077 0.655380766826923
1 0.7321737259615385 0.6717320480769231 0.740327389423077 0.6390294879807693 0.648149295673077 0.61604690625 0.6399956322115384 0.6487494663461538 0.7321737259615385 0.6717320480769231
1 0.7284467836538462 0.6998126802884616 0.7359284423076923 0.6698053870192309 0.6368268846153846 0.6450965937500001 0.6293452259615384 0.6751038870192307 0.7284467836538462 0.6998126802884616
1 0.7218870937499999 0.7228928100961538 0.7300631586538462 0.69010040625 0.6340443100961538 0.6661602187500001 0.6258682451923078 0.6989526201923077 0.7218870937499999 0.7228928100961538
1 0.7202846057692308 0.7456820697115384 0.7274302620192308 0.7170224086538461 0.628328701923077 0.6923136153846153 0.6211830456730769 0.7209732764423078 0.7202846057692308 0.7456820697115384
1 0.7151773653846154 0.7661660913461539 0.7219870192307692 0.7388540625 0.6267262139423077 0.715102875 0.6199165600961538 0.7424149038461538 0.7151773653846154 0.7661660913461539
1 0.5349254206730769 0.75605515625 0.5495751346153847 0.6972983605769231 0.4220216754807692 0.6654957091346153 0.4073719591346154 0.7242525072115384 0.5349254206730769 0.75605515625
1 0.38774614903846155 0.7179278341346154 0.4006934519230769 0.665999045673077 0.2946684278846154 0.6395640384615385 0.28172112740384614 0.691492826923077 0.38774614903846155 0.7179278341346154
1 0.2914271658653846 0.6721554158653846 0.2996032283653846 0.6393630144230769 0.24199192067307693 0.6249989014423077 0.23381585576923078 0.6577913028846154 0.2914271658653846 0.6721554158653846
1 0.3810342139423077 0.13643876923076922 0.40009676442307696 0.05998305769230769 0.32201827884615386 0.04051590384615385 0.30295573076923077 0.1169716153846154 0.3810342139423077 0.13643876923076922
1 0.7808367620192308 0.1549121995192308 0.7893040288461539 0.12095185096153846 0.7207768942307692 0.10386611538461538 0.7123096274038462 0.13782646634615386 0.7808367620192308 0.1549121995192308
1 0.8496688076923077 0.1569964639423077 0.8602416899038462 0.11459094711538462 0.8029335985576923 0.10030243509615386 0.7923607163461538 0.14270795192307692 0.8496688076923077 0.1569964639423077
1 0.9270304879807691 0.17933856490384617 0.9362145576923078 0.14250326682692308 0.8645541754807693 0.12463632451923078 0.8553701033653845 0.161471625 0.9270304879807691 0.17933856490384617
1 0.9824105937500001 0.18112255048076922 0.9908778605769231 0.1471622019230769 0.9431211177884615 0.13525510817307693 0.9346538509615385 0.1692154591346154 0.9824105937500001 0.18112255048076922
1 0.7736304807692308 0.3362402451923077 0.7674928317307692 0.3608570096153846 0.8427918245192308 0.3796311586538461 0.8489294735576922 0.35501439423076925 0.7736304807692308 0.3362402451923077
1 0.8402947187500001 0.3993345480769231 0.8454019591346154 0.37885052884615383 0.7631795024038461 0.3583501682692308 0.7580722620192308 0.3788341875 0.8402947187500001 0.3993345480769231
1 0.8352735168269232 0.4227028389423077 0.8410527620192307 0.3995235504807692 0.78804025 0.3863060456730769 0.7822610024038461 0.4094853341346154 0.8352735168269232 0.4227028389423077
1 0.8214543581730769 0.4454043846153847 0.8275920072115385 0.4207876225961539 0.7815029591346154 0.4092963317307692 0.7753653125 0.43391309375 0.8214543581730769 0.4454043846153847
1 0.8625727403846154 0.4802765625 0.8707264062500001 0.44757400240384615 0.7946693701923077 0.4286108557692308 0.7865157067307693 0.46131341586538466 0.8625727403846154 0.4802765625
1 0.8650609711538462 0.49979153125 0.8718706225961538 0.47247950480769235 0.7904062139423077 0.45216814423076923 0.7835965600961539 0.4794801706730769 0.8650609711538462 0.49979153125
1 0.8591451514423076 0.5200739519230769 0.8645883942307692 0.4982422980769231 0.8338623605769231 0.4905814375 0.8284191177884614 0.5124130913461539 0.8591451514423076 0.5200739519230769
1 0.8466426538461539 0.547398 0.8541243125 0.5173907067307693 0.8287551225961539 0.5110654567307692 0.8212734639423077 0.5410727524038461 0.8466426538461539 0.547398
1 0.8377721850961539 0.5829755096153846 0.8466426538461539 0.547398 0.8113178245192307 0.53859053125 0.8024473557692308 0.5741680408653846 0.8377721850961539 0.5829755096153846
1 0.5863744423076923 0.8892165216346153 0.62026590625 0.7532852764423077 0.38921423798076926 0.695677625 0.35532277163461534 0.8316088701923078 0.5863744423076923 0.8892165216346153
1 0.5748788052884616 0.9284337283653846 0.5953525649038461 0.8463179615384615 0.36435143028846156 0.7887229086538461 0.34387767067307695 0.8708386778846153 0.5748788052884616 0.9284337283653846
1 0.5722798221153846 1 0.5948759399038461 0.909371923076923 0.3510891370192307 0.8485890456730769 0.32425372836538463 0.9562199975961538 0.4998457307692308 1 0.5722798221153846 1
1 0.36738571875 0.8105688485576923 0.40058277884615384 0.6774227139423077 0.19661853124999998 0.6265687163461539 0.16342147115384617 0.7597148509615385 0.36738571875 0.8105688485576923
1 0.3525003485576923 0.8429289879807692 0.36450684375000003 0.7947735697115385 0.16696069711538464 0.7455197836538462 0.15495420432692308 0.793675201923077 0.3525003485576923 0.8429289879807692
1 0.34619515144230767 0.8955595697115384 0.36528010096153846 0.8190140168269231 0.16455017307692307 0.7689664230769231 0.1454652235576923 0.8455119759615385 0.34619515144230767 0.8955595697115384
1 0.33418865865384617 0.9437149855769231 0.3518623966346154 0.8728294927884614 0.15431625 0.8235757067307692 0.13664251201923078 0.8944611995192309 0.33418865865384617 0.9437149855769231
1 0.13272622596153846 0 0.3383906298076923 0.05127789423076923 0.35117564423076925 0 0.13272622596153846 0
1 0.11595955528846155 0 0.09292785576923078 0.09237509855769231 0.32074520673076923 0.14917634375 0.3497086346153846 0.03301037980769231 0.2173112283653846 0 0.11595955528846155 0
1 0.10811813461538462 0.04501348557692308 0.08199952884615384 0.14976948557692307 0.3050664735576923 0.2053863221153846 0.3311850793269231 0.10063032211538461 0.10811813461538462 0.04501348557692308
1 0.2856484807692308 0.29683090384615385 0.31953994471153846 0.1608996610576923 0.08853881009615384 0.10330461057692308 0.05464734615384615 0.2392358533653846 0.2856484807692308 0.29683090384615385
1 0.06347005528846153 0.19028663221153846 0.04299629567307692 0.27240239663461535 0.2707631105769231 0.32919104326923077 0.2912368701923077 0.2470752764423077 0.06347005528846153 0.19028663221153846
1 0.04510191346153846 0.2639572331730769 0.026039362980769233 0.3404129423076923 0.2586071201923077 0.39839859615384615 0.2776696682692308 0.3219428870192308 0.04510191346153846 0.2639572331730769
1 0.030989802884615385 0.3205578149038461 0.009799235576923079 0.40554853365384613 0.2343822692307692 0.4615433725961538 0.2555728341346154 0.37655265384615383 0.030989802884615385 0.3205578149038461
1 0 0.47229002163461536 0.23567821394230767 0.5310511995192309 0.2526351466346154 0.46304065624999996 0.012082665865384616 0.4030641875 0 0.45152511298076925 0 0.47229002163461536
1 0 0.5414747331730769 0.20670295432692307 0.5930115673076923 0.22435429326923076 0.5222159158653846 0 0.4662781081730769 0 0.5414747331730769
1 0 0.6407190072115385 0.18820771634615385 0.6876444615384615 0.21573753125 0.5772284038461538 0 0.5234389951923076 0 0.6407190072115385
1 0 0.7189693004807692 0.16342147115384617 0.7597148509615385 0.19449051442307694 0.6351037235576923 0 0.5866117932692307 0 0.7189693004807692
1 0 0.818213576923077 0.1529109567307692 0.856338560096154 0.1874968269230769 0.7176222091346154 0 0.670874 0 0.818213576923077
1 0 0.8633506394230769 0.13276432451923076 0.8964525024038461 0.16170535096153846 0.7803763846153846 0 0.7400587115384615 0 0.8633506394230769
1 0.1423215889423077 0.9259367163461539 0.16420656009615384 0.838160889423077 0.05585687019230769 0.8111462764423076 0.03397189903846154 0.8989221033653846 0.1423215889423077 0.9259367163461539
0 1 0.12023588701923077 0.8287896754807692 0.07754835817307693 0.6275688990384616 0.8846008125 0.9006161802884616 0.9526791466346154 1 0.5540724206730769 1 0.12023588701923077
2 0.8424976442307692 0.8464830408653847 0.9181430360576923 0.5430859423076924 0.7578420961538461 0.5031184278846154 0.6821967043269231 0.8065155264423077 0.8424976442307692 0.8464830408653847