2 1 0.4202998485576923 0.5719434663461539 0.3753092932692308 0.5204922331730769 0.8648350721153846 0.9567610192307693 0.9106887692307691 1 0.49929735096153843 1 0.4202998485576923
1 0.34979144711538457 0.5897908149038462 0.3531015144230769 0.5582976225961539 0.24751125961538462 0.5471996394230769 0.2442011923076923 0.5786928317307692 0.34979144711538457 0.5897908149038462
1 0.4130677427884616 0.5879225336538462 0.4156664375 0.5631976105769231 0.3577044591346154 0.5571055625 0.3551057644230769 0.581830483173077 0.4130677427884616 0.5879225336538462
1 0.32855306009615387 0.4585183389423077 0.32627375961538463 0.4802044423076923 0.42145261298076925 0.4902081418269231 0.4237319134615385 0.4685220408653846 0.32855306009615387 0.4585183389423077
1 0.15271470432692308 0.5470118942307692 0.15603929086538462 0.5153805721153846 0.0873551201923077 0.5081615745192308 0.0840305360576923 0.5397928966346154 0.15271470432692308 0.5470118942307692
1 0.15818791346153846 0.5352976057692308 0.15760434134615384 0.53289753125 0.15391457692307692 0.5348484591346154 0.1536227908653846 0.5336484230769231 0.1496412403846154 0.5343993149038462 0.14765229567307692 0.5533228557692308 0.16901897836538463 0.5555685841346154 0.17001344951923075 0.5461068124999999 0.3009401730769231 0.5058654543269231 0.4203866971153846 0.4833387235576923 0.4220981153846154 0.4892984110576923 0.42137222355769227 0.4962048125 0.4460798774038462 0.49880169230769233 0.4482575528846154 0.4780824855769231 0.4243682475961539 0.48258783413461537 0.42282400721153846 0.4823920096153846 0.4235498990384615 0.47548560576923077 0.29695862259615385 0.5066163461538461 0.16954899519230768 0.5306448581730769 0.17100792307692309 0.5366450432692308 0.16673458653846154 0.5361958966346154 0.16556744471153848 0.53139575 0.16246124999999997 0.5357467524038462 0.16158589423076922 0.5321466418269231 0.15818791346153846 0.5352976057692308
1 0.4107000841346154 0.3914599134615384 0.40820301442307694 0.41521793509615385 0.4550543197115384 0.42014220673076924 0.4575513894230769 0.3963841826923077 0.4107000841346154 0.3914599134615384
1 0.43759043509615386 0.5758363076923076 0.4402762379807692 0.5502826201923077 0.4137815528846154 0.5474979158653845 0.4110957524038461 0.5730516033653846 0.43759043509615386 0.5758363076923076
1 0.06346660576923077 0 0.06021836057692308 0.03090499519230769 0.16510934134615385 0.04192948076923077 0.1695163076923077 0 0.06346660576923077 0
1 0.35986888461538463 0.08209073798076923 0.3671858774038462 0.012474204326923078 0.2923636442307692 0.004610072115384616 0.2850466514423077 0.07422660336538461 0.35986888461538463 0.08209073798076923
1 0.32725541826923077 0 0.32504478124999997 0.0210328125 0.36863281009615384 0.025614098557692307 0.3713249615384615 0 0.32725541826923077 0
1 0.41165783413461543 0.1252405360576923 0.41806020192307697 0.06432606971153845 0.36095288942307696 0.05832385096153846 0.3545505216346154 0.11923831490384615 0.41165783413461543 0.1252405360576923
1 0.3907352403846154 0.2368594326923077 0.3956277524038461 0.19031028365384614 0.29563168509615384 0.1798002716346154 0.2907391706730769 0.22634942067307692 0.3907352403846154 0.2368594326923077
1 0.4486851009615384 0.2901532355769231 0.4528807572115384 0.2502342331730769 0.39476338461538457 0.24412585096153847 0.39056772836538467 0.28404485336538465 0.4486851009615384 0.2901532355769231
1 0.47496926923076926 0.31512078846153846 0.4790633004807692 0.2761686826923077 0.44845067307692305 0.2729511658653846 0.4443566418269231 0.31190327163461534 0.47496926923076926 0.31512078846153846
1 0.4043077932692307 0.1436006033653846 0.3997056394230769 0.18738719230769232 0.4598431346153846 0.19370789903846156 0.4644452908653846 0.1499213076923077 0.4043077932692307 0.1436006033653846
1 0.42262159375 0 0.41846886057692306 0.03951062259615385 0.44970306490384615 0.04279346875 0.4542008389423077 0 0.42262159375 0
1 0.4759630288461538 0.0814445625 0.48071036298076925 0.03627669230769231 0.4477668269230769 0.0328141875 0.44301949278846153 0.07798205769230769 0.4759630288461538 0.0814445625
1 0.4862391947115385 0.09802621634615384 0.4880103701923077 0.08117459375 0.4738695120192308 0.07968832932692307 0.47209833653846156 0.09653995192307693 0.4862391947115385 0.09802621634615384
1 0.4819562067307693 0.030402516826923076 0.4783557836538461 0.06465827163461538 0.5010433125 0.06704282692307692 0.5046437379807692 0.03278707211538461 0.4819562067307693 0.030402516826923076
1 0.47363287259615383 0.2045140721153846 0.47549115625 0.18683368028846153 0.4608064206730769 0.18529025240384614 0.45894813461538464 0.20297064423076924 0.47363287259615383 0.2045140721153846
1 0.964873048076923 0.71616553125 0.9704478990384615 0.6631243629807693 0.85576709375 0.6510709254807693 0.8501922403846154 0.7041120937500001 0.964873048076923 0.71616553125
1 0.96019328125 0.5581440360576922 0.9622548125 0.5385298557692308 0.9282235168269231 0.5349530216346154 0.926161983173077 0.5545672043269231 0.96019328125 0.5581440360576922
1 0.9234178557692307 0.5530218990384616 0.9249131923076923 0.5387947115384615 0.9083637259615384 0.5370552908653846 0.9068683894230769 0.5512824783653846 0.9234178557692307 0.5530218990384616
1 0.9062997764423077 0.5499658293269231 0.9074321682692308 0.5391918437500001 0.8974869495192308 0.5381465600961538 0.8963545576923077 0.5489205456730769 0.9062997764423077 0.5499658293269231
1 0.9139090096153846 0.46934735336538463 0.9122840913461538 0.47434376442307696 0.8987648100961538 0.4729228317307692 0.8968629735576923 0.49101760336538464 0.9103822548076923 0.49243853846153846 0.9122394591346155 0.48523207692307696 0.9359370504807691 0.4877227956730769 0.9376066033653847 0.47183807211538464 0.9139090096153846 0.46934735336538463
1 0.8633467259615385 0.6365056466346153 0.8661341514423077 0.6099850600961538 0.8241000625 0.6055670985576923 0.8213126370192309 0.6320876850961539 0.8633467259615385 0.6365056466346153
1 0.82250390625 0.6229957307692308 0.8245073677884616 0.6039340625 0.80749171875 0.6021456466346155 0.8054882572115385 0.6212073149038461 0.82250390625 0.6229957307692308
1 0.8056675793269231 0.6202485865384616 0.8077726658653847 0.6002200192307693 0.7881153197115385 0.5981539495192307 0.7860102331730769 0.618182516826923 0.8056675793269231 0.6202485865384616
1 0.78432696875 0.6364399134615385 0.7870998749999999 0.6100574591346154 0.7545448245192308 0.6066357860576923 0.7517719158653846 0.6330182403846153 0.78432696875 0.6364399134615385
1 1 0.3398591850961538 0.9705001947115384 0.3367586298076923 0.9670159110576922 0.3699093605769231 1 0.3733761274038461 1 0.3398591850961538
1 0.9489563149038461 0.3952437379807692 0.9518453653846154 0.3677562572115385 0.9322657163461538 0.36569835336538464 0.9293766658653847 0.3931858341346154 0.9489563149038461 0.3952437379807692
1 0.9504204759615384 0.36188068269230766 0.9534982572115385 0.3325975384615385 0.9330639399038462 0.3304498052884615 0.9299861586538462 0.3597329495192308 0.9504204759615384 0.36188068269230766
1 0.9309841009615384 0.4070408653846154 0.9335682764423077 0.3824540745192308 0.9152317788461539 0.38052683173076923 0.9126476033653846 0.40511362259615386 0.9309841009615384 0.4070408653846154
1 0.9146128774038461 0.41481664903846155 0.9164566442307692 0.39727438701923073 0.9022380889423077 0.39577995673076927 0.9003943221153846 0.41332221875 0.9146128774038461 0.41481664903846155
1 0.9157116754807693 0.3782031514423077 0.9178022427884615 0.3583127139423077 0.9007865961538462 0.3565242980769231 0.8986960264423077 0.37641473557692307 0.9157116754807693 0.3782031514423077
1 0.9327649783653846 0.33628384855769233 0.9350878341346154 0.3141833605769231 0.9075053918269231 0.31128432932692307 0.9051825360576923 0.3333848173076923 0.9327649783653846 0.33628384855769233
1 0.9005223100961538 0.3777239182692308 0.9028451634615385 0.35562343028846155 0.8910352163461539 0.35438215625 0.888712360576923 0.37648264423076927 0.9005223100961538 0.3777239182692308
1 0.9311753197115386 0.2505089110576923 0.9343547259615386 0.2202588701923077 0.9217678076923076 0.21893593269230768 0.9185884014423077 0.24918597115384616 0.9311753197115386 0.2505089110576923
1 0.9184445600961539 0.26774482692307694 0.9211013245192308 0.2424673942307692 0.9089805889423077 0.24119345432692307 0.9063238245192308 0.2664708870192308 0.9184445600961539 0.26774482692307694
1 0.8806321442307692 0.3629248701923077 0.8787448269230769 0.38088151682692306 0.8890785288461539 0.3819676322115385 0.8909658485576923 0.36401098798076925 0.8806321442307692 0.3629248701923077
1 0.8934613076923077 0.3357838677884616 0.8909054038461538 0.32954114663461537 0.8943178605769231 0.32763431249999997 0.8900557283653847 0.32234500961538465 0.8883563774038462 0.3079527355769231 0.895135983173077 0.28023796634615383 0.897066858173077 0.2618669375 0.8868885480769231 0.2607971538461538 0.884957673076923 0.2791681826923077 0.8875066995192308 0.3007565985576923 0.8830517908653845 0.3264502019230769 0.8813386850961538 0.34274931009615384 0.8926047548076923 0.34393342307692304 0.8917550793269231 0.33673728365384614 0.8934613076923077 0.3357838677884616
1 0.8769548798076923 0.2783270552884615 0.8750240072115385 0.29669808413461535 0.8858238942307692 0.29783319951923076 0.8877547668269231 0.27946217067307694 0.8769548798076923 0.2783270552884615
1 0.8879889543269232 0.22865275480769232 0.8861451899038462 0.24619501442307692 0.8971781658653846 0.24735462740384614 0.8990219326923078 0.22981236778846154 0.8879889543269232 0.22865275480769232
1 0.88925846875 0.19415201201923077 0.8872404879807692 0.21335181009615384 0.9065870480769231 0.2153852139423077 0.9086050264423077 0.19618541586538463 0.88925846875 0.19415201201923077
1 0.9102194567307692 0.20249987259615385 0.9080272620192308 0.22335720673076923 0.9271407307692308 0.22536611298076922 0.9293329230769231 0.20450877884615387 0.9102194567307692 0.20249987259615385
1 0.871287798076923 0.37185816826923074 0.8691827091346155 0.39188673557692305 0.8792833221153846 0.3929483533653846 0.8813884110576923 0.3729197860576923 0.871287798076923 0.37185816826923074
1 0.8711525769230769 0.34698555769230766 0.8692507403846155 0.365080329326923 0.8793513533653846 0.36614194711538467 0.8812531899038463 0.3480471754807692 0.8711525769230769 0.34698555769230766
1 0.8592947403846154 0.4284143725961539 0.8580462043269231 0.4402933846153846 0.8672921514423078 0.4412651730769231 0.8685406850961539 0.4293861610576923 0.8592947403846154 0.4284143725961539
1 0.9105942451923077 0.16455339423076923 0.9082278389423077 0.18706826682692307 0.9260981538461538 0.18894651201923077 0.9284645625000001 0.16643164182692308 0.9105942451923077 0.16455339423076923
1 0.9092553990384615 0.12796300240384614 0.9067438125 0.15185915384615384 0.92585728125 0.15386806009615384 0.9283688677884616 0.12997190865384617 0.9092553990384615 0.12796300240384614