1 0.49587887980769235 0.3269073629807692 0.47657058173076927 0.24327393509615383 0.40303609134615387 0.2602507091346154 0.42234438942307695 0.34388413701923076 0.49587887980769235 0.3269073629807692
1 0.5232052932692308 0.4487440360576923 0.50773990625 0.38175609374999997 0.4317694903846154 0.3992952475961538 0.44723487740384615 0.46628318990384615 0.5232052932692308 0.4487440360576923
1 0.5502601802884615 0.5683627163461538 0.5423556514423077 0.5341244374999999 0.46212236538461543 0.55264775 0.4700268966346154 0.5868860312499999 0.5502601802884615 0.5683627163461538
1 0.5777949495192307 0.705688389423077 0.5649852379807693 0.6502034278846154 0.4859699134615385 0.6684455528846154 0.4987796274038461 0.723930514423077 0.5777949495192307 0.705688389423077
1 0.39505949759615383 0.7678321081730769 0.37996903125 0.7024681177884615 0.31229598557692306 0.7180916706730769 0.3273864495192308 0.7834556610576923 0.39505949759615383 0.7678321081730769
1 0.3741102980769231 0.8573386995192307 0.34224223076923077 0.7193029423076923 0.1115905673076923 0.7725530745192307 0.1434586346153846 0.9105888317307692 0.3741102980769231 0.8573386995192307
1 0.06899024519230769 0.8557973846153846 0.12037304086538461 0.8439347307692308 0.10700095192307693 0.7860138461538462 0.055618153846153845 0.7978765 0.06899024519230769 0.8557973846153846
1 0.3389012596153846 0.2488296298076923 0.32643522115384616 0.19483328846153844 0.27984815384615386 0.20558875961538461 0.2923141923076923 0.2595851033653846 0.3389012596153846 0.2488296298076923
1 0.3214399158653846 0.14923269230769232 0.30694306971153845 0.08643995432692307 0.2609649831730769 0.09705483173076922 0.2754618293269231 0.15984756971153846 0.3214399158653846 0.14923269230769232
1 0.3580456153846154 0.16643920192307693 0.3466418461538462 0.11704405288461538 0.3081999014423077 0.12591907451923076 0.31960367067307693 0.1753142235576923 0.3580456153846154 0.16643920192307693
1 0.2754077043269231 0.04083729807692308 0.28662401442307694 0.08942047115384615 0.3357231298076923 0.07808504567307692 0.32450682211538456 0.029501872596153847 0.2754077043269231 0.04083729807692308
1 0.7802037596153847 0.2706735817307692 0.776017170673077 0.2525394711538462 0.7340735841346154 0.2622229110576923 0.7382601730769232 0.2803570216346154 0.7802037596153847 0.2706735817307692
1 0.8695614639423077 0.5351282043269231 0.8639376875 0.5107689519230769 0.8159804086538462 0.5218407620192308 0.821604185096154 0.5462000120192307 0.8695614639423077 0.5351282043269231
1 0.6645319615384615 0.022129459134615385 0.6795286995192308 0.0870874639423077 0.7219290216346154 0.07729857692307693 0.7069322836538461 0.01234057451923077 0.6645319615384615 0.022129459134615385
1 0.7095363365384616 0.014590225961538462 0.7237519951923077 0.07616500000000001 0.7634119014423076 0.06700878846153846 0.7491962427884615 0.0054340144230769225 0.7095363365384616 0.014590225961538462
1 0.7850819158653847 0 0.7517241754807693 0.0077012403846153845 0.7657836153846154 0.06859937019230769 0.8039210697115385 0.05979464423076923 0.7901163870192308 0 0.7850819158653847 0
1 0.6910700817307693 0.1884787596153846 0.6859774399038462 0.1664201033653846 0.6455563076923077 0.17575205769230767 0.6506489495192308 0.1978107139423077 0.6910700817307693 0.1884787596153846