1 0.8260358100961539 0.3142097644230769 0.8232154855769231 0.26039472836538463 0.7758585985576923 0.2628765961538461 0.7786789254807692 0.31669163221153845 0.8260358100961539 0.3142097644230769
1 0.8580842139423077 0.3047417259615385 0.8553293076923077 0.2521749759615385 0.8110151201923077 0.2544973846153846 0.8137700288461538 0.3070641346153846 0.8580842139423077 0.3047417259615385
1 0.8932334663461539 0.2962238173076923 0.8901369230769232 0.23713823317307695 0.8398933725961538 0.23977138701923076 0.8429899182692308 0.29885696875 0.8932334663461539 0.2962238173076923
1 0.9244585456730768 0.2695530697115385 0.9221906538461538 0.22627912259615385 0.8845079927884616 0.22825398798076924 0.8867758846153847 0.2715279350961538 0.9244585456730768 0.2695530697115385
1 0.9620244134615384 0.25937863701923075 0.9600400096153846 0.22151393269230768 0.9175202355769231 0.22374229807692309 0.9195046418269232 0.26160700240384616 0.9620244134615384 0.25937863701923075
1 0.9664875072115385 0.34453954326923075 0.9645975985576923 0.30847792067307694 0.9347947475961539 0.3100398221153846 0.9366846586538462 0.3461014447115385 0.9664875072115385 0.34453954326923075
1 0.9007564855769231 0.14868344951923076 0.8971874639423076 0.08058246153846153 0.8556819230769231 0.08275767548076923 0.8592509447115385 0.1508586610576923 0.9007564855769231 0.14868344951923076
1 0.9291709783653845 0.12063012259615384 0.9265905264423077 0.07139213942307693 0.8967876754807692 0.07295404086538461 0.8993681274038461 0.12219202403846154 0.9291709783653845 0.12063012259615384
1 0.9602813701923077 0.7754549014423078 0.9545316850961538 0.6657443509615385 0.8087161682692308 0.67338621875 0.8144658557692307 0.7830967692307692 0.9602813701923077 0.7754549014423078
1 0.8241619062500001 0.8053976586538462 0.8175181466346154 0.6786271875000001 0.6248918725961539 0.6887223028846154 0.6315356298076923 0.8154927740384615 0.8241619062500001 0.8053976586538462
1 0.5922586538461538 0.7795824927884615 0.5871995120192308 0.6830483028846154 0.40947466105769226 0.6923624663461538 0.41453380528846157 0.78889665625 0.5922586538461538 0.7795824927884615
1 0.4138930769230769 0.6751632091346154 0.41071657451923077 0.6145519447115384 0.34260692067307696 0.618121420673077 0.34578342307692306 0.6787326850961539 0.4138930769230769 0.6751632091346154
1 0.4242591466346154 0.5266393677884615 0.42157692788461537 0.47545960336538456 0.32896964423076924 0.4803129471153846 0.3316518605769231 0.5314927091346153 0.4242591466346154 0.5266393677884615
1 0.42440729567307695 0.38616131490384614 0.42173234855769226 0.33512025 0.31422363701923073 0.3407545432692308 0.31689858653846154 0.39179560817307696 0.42440729567307695 0.38616131490384614
1 0.49509527403846154 0.22877387740384617 0.4917225120192308 0.16441775 0.3885047884615384 0.16982716346153845 0.3918775504807692 0.23418328846153846 0.49509527403846154 0.22877387740384617
1 0.3820147403846154 0.14749733413461538 0.3842899014423077 0.19090998076923077 0.49281284615384613 0.18522253365384617 0.49053768509615386 0.14180988701923078 0.3820147403846154 0.14749733413461538
1 0.2905407596153846 0.5202956201923077 0.28836009375 0.47868605528846153 0.17663841586538462 0.4845411418269231 0.1788190793269231 0.5261507043269231 0.2905407596153846 0.5202956201923077
1 0.14723343509615383 0.5145934855769231 0.14495100480769232 0.47104214182692306 0.02784608894230769 0.47717935096153846 0.030128519230769233 0.5207306947115384 0.14723343509615383 0.5145934855769231
1 0.034613634615384616 0.3211947283653846 0.03699782692307692 0.36668785096153844 0.13920131971153846 0.36133159375 0.13681712499999998 0.3158384711538461 0.034613634615384616 0.3211947283653846
1 0.24333042307692307 0.7390384206730769 0.23867106971153845 0.6501326514423076 0.08216709615384615 0.6583346778846154 0.08682644951923077 0.7472404471153846 0.24333042307692307 0.7390384206730769
1 0.04490744230769231 0.11008889903846154 0.050955151442307695 0.22548609134615386 0.29148443749999997 0.2128804855769231 0.28543672596153846 0.09748329326923076 0.04490744230769231 0.11008889903846154
1 0.7074621105769231 0.3087412692307692 0.7028972524038462 0.22163858413461537 0.5335983389423077 0.23051116346153847 0.5381631971153846 0.3176138485576923 0.7074621105769231 0.3087412692307692
1 0.6067800144230769 0.10428591826923077 0.6109087379807693 0.18306669471153844 0.6943099086538461 0.17869582451923077 0.6901811826923077 0.09991504807692309 0.6067800144230769 0.10428591826923077
1 0.57227521875 0.07285424038461538 0.5769054975961538 0.16120521634615384 0.6567178413461539 0.1570224278846154 0.6520875649038461 0.06867145192307691 0.57227521875 0.07285424038461538
1 0.5044029855769231 0.05109880769230769 0.5083717956730769 0.1268282139423077 0.6147882548076923 0.12125116346153846 0.6108194447115385 0.04552175721153846 0.5044029855769231 0.05109880769230769
1 0.5134449903846154 0 0.42015035576923077 0.004889365384615384 0.42519495913461536 0.10114615625000001 0.5511159038461538 0.09454692067307692 0.5461609086538461 0 0.5134449903846154 0