2 0.9491025793269231 0.5720192740384615 0.9127428653846154 0.3849647620192308 0.8327555889423077 0.4005127139423077 0.8691153028846154 0.5875672259615384 0.9491025793269231 0.5720192740384615
1 1 0.5137367740384615 0.9171856442307693 0.5298342548076923 0.9293232163461538 0.5922766514423077 1 0.5785384735576924 1 0.5137367740384615
4 0.5161858317307693 0.8252484375000001 0.43244188461538463 0.3944231730769231 0.12230904567307693 0.45470689182692303 0.20605299278846154 0.8855321562499999 0.5161858317307693 0.8252484375000001
1 0.38937854807692307 0.12292972596153845 0.38058013221153847 0.07766580528846154 0.34422925 0.08473170192307691 0.35302766586538464 0.1299956201923077 0.38937854807692307 0.12292972596153845
1 0.5897858269230769 0.2331033028846154 0.5756606610576923 0.16043562259615385 0.4667613966346154 0.1816034951923077 0.4808865625 0.2542711754807692 0.5897858269230769 0.2331033028846154
0 0.6820141105769231 0.26087670192307694 0.7457761153846154 0.5889037860576922 0.8449358004807692 0.5696290961538462 0.7811737932692308 0.2416020120192308 0.6820141105769231 0.26087670192307694
1 0.3764930889423077 0.028797807692307695 0.3915457980769231 0.10623728605769231 0.47889527884615385 0.08925826682692307 0.4638425697115384 0.011818788461538462 0.3764930889423077 0.028797807692307695
1 0.8819916850961539 0.5068212091346154 0.8842707932692307 0.5185461995192308 0.8983049951923078 0.5158182283653846 0.8960258870192307 0.5040932355769231 0.8819916850961539 0.5068212091346154
1 0.8546681322115385 0.5165185120192308 0.8581927980769231 0.5346513461538461 0.8912460264423078 0.5282264495192307 0.8877213605769231 0.5100936153846154 0.8546681322115385 0.5165185120192308
1 0.6435058173076923 0.3092521129807692 0.6448573822115384 0.31620530288461535 0.6595051009615385 0.31335807451923076 0.6581535360576923 0.3064048846153846 0.6435058173076923 0.3092521129807692
1 0.6445923701923076 0.3148419350961538 0.6457584254807693 0.3208407668269231 0.659255798076923 0.31821714182692307 0.6580897427884616 0.3122183100961538 0.6445923701923076 0.3148419350961538
1 0.6453609062500001 0.31879570913461536 0.6465004591346154 0.3246582067307692 0.6618383846153846 0.32167681490384614 0.660698829326923 0.3158143173076923 0.6453609062500001 0.31879570913461536
1 0.6589678076923077 0.30568065384615384 0.6605313798076923 0.31372454326923077 0.6728784110576923 0.3113245240384615 0.6713148365384616 0.3032806346153846 0.6589678076923077 0.30568065384615384
1 0.6580752067307691 0.30231694471153847 0.6593737668269231 0.3089974639423077 0.6708772115384616 0.30676142067307693 0.6695786490384615 0.3000809014423077 0.6580752067307691 0.30231694471153847
1 0.6401509302884616 0.33211792067307694 0.6411049759615385 0.3370260552884616 0.6477769735576923 0.3357291514423077 0.6468229278846154 0.33082101442307693 0.6401509302884616 0.33211792067307694
1 0.6412025384615384 0.33629964903846155 0.6423420913461538 0.34216214423076924 0.6489373990384616 0.34088014663461536 0.6477978461538462 0.3350176514423077 0.6412025384615384 0.33629964903846155
1 0.6605008918269231 0.31684321394230774 0.6616404447115385 0.3227057091346154 0.6752911971153845 0.32005227163461536 0.6741516442307692 0.31418977644230767 0.6605008918269231 0.31684321394230774
1 0.6600097980769231 0.3122695552884615 0.661334860576923 0.3190864110576923 0.67429540625 0.3165671346153846 0.6729703437500001 0.3097502788461538 0.6600097980769231 0.3122695552884615
1 0.6399987259615384 0.3284688076923077 0.6411117788461538 0.3341949639423077 0.6476303966346154 0.33292787259615386 0.64651734375 0.32720171634615386 0.6399987259615384 0.3284688076923077
1 0.638764423076923 0.3237566346153846 0.6397449711538462 0.32880110817307695 0.6459568293269231 0.3275936442307692 0.6449762836538462 0.3225491706730769 0.638764423076923 0.3237566346153846
1 0.6379902596153847 0.3189550216346154 0.6389973076923077 0.32413583173076926 0.6450557860576923 0.3229581826923077 0.6440487403846155 0.31777737259615385 0.6379902596153847 0.3189550216346154
1 0.6369775841346154 0.312926375 0.638196641826923 0.31919788221153844 0.6437949831730769 0.31810967548076924 0.6425759254807691 0.3118381682692308 0.6369775841346154 0.312926375
1 0.6423573365384615 0.34060280769230766 0.6436293966346154 0.3471469903846154 0.6495344975961538 0.3459991538461538 0.6482624374999999 0.3394549735576923 0.6423573365384615 0.34060280769230766
1 0.7361513389423078 0.29577127884615384 0.7373173918269231 0.3017701105769231 0.7543424903846153 0.2984607668269231 0.7531764350961538 0.2924619350961538 0.7361513389423078 0.29577127884615384
1 0.7368370913461538 0.2911103509615385 0.7379501418269231 0.2968365072115385 0.7532880673076924 0.2938551177884615 0.752175014423077 0.28812896153846157 0.7368370913461538 0.2911103509615385
1 0.7349571418269231 0.28553326201923074 0.7362026995192308 0.29194110576923077 0.7516940048076923 0.2889299014423077 0.7504484447115385 0.2825220576923077 0.7349571418269231 0.28553326201923074
1 0.7344186754807692 0.2815347644230769 0.7355052259615384 0.2871245841346154 0.7507664591346154 0.2841581009615385 0.7496799086538461 0.27856828125 0.7344186754807692 0.2815347644230769
1 0.7332080600961538 0.2765350120192308 0.7344271177884616 0.28280651923076927 0.7497650408653846 0.2798251298076923 0.748545983173077 0.27355362259615384 0.7332080600961538 0.2765350120192308
1 0.7318621225961538 0.27042965625000004 0.7334256971153846 0.2784735456730769 0.7489170024038461 0.2754623413461538 0.7473534278846153 0.26741845192307695 0.7318621225961538 0.27042965625000004
1 0.7542597043269231 0.2898460625 0.7555052644230769 0.29625390865384615 0.7707665 0.29328742307692307 0.7695209399038461 0.2868795793269231 0.7542597043269231 0.2898460625
1 0.7528370793269231 0.28375561298076923 0.7541621418269231 0.29057246875 0.7695000673076924 0.28759107932692307 0.7681750048076924 0.2807742235576923 0.7528370793269231 0.28375561298076923
1 0.7516642235576924 0.2805878725961538 0.752565264423077 0.28522333413461537 0.7682099495192307 0.28218231490384615 0.76730890625 0.27754685576923077 0.7516642235576924 0.2805878725961538
1 0.7503211009615385 0.2749064350961538 0.7516196634615385 0.2815869519230769 0.7674944158653846 0.2785012139423077 0.7661958533653846 0.27182069471153847 0.7503211009615385 0.2749064350961538
1 0.7494911201923077 0.26940823076923076 0.7506836778846153 0.27554339903846153 0.7663283605769231 0.27250238221153844 0.7651358028846154 0.26636721153846155 0.7494911201923077 0.26940823076923076
1 0.78878809375 0.28200251682692307 0.79011315625 0.28881937259615387 0.8048375649038462 0.2859572379807692 0.8035125024038462 0.2791403822115385 0.78878809375 0.28200251682692307
1 0.7877866754807693 0.27766954326923077 0.7890322355769231 0.28407738701923074 0.80429346875 0.28111090384615384 0.8030479110576922 0.27470306009615386 0.7877866754807693 0.27766954326923077
1 0.7728462692307693 0.2826959903846154 0.7738268149038461 0.2877404639423077 0.7885512235576922 0.2848783293269231 0.7875706778846154 0.27983385576923075 0.7728462692307693 0.2826959903846154
1 0.7711433870192308 0.27680150721153846 0.7724419495192307 0.28348202403846157 0.7880866322115385 0.2804410072115385 0.7867880697115385 0.27376048798076924 0.7711433870192308 0.27680150721153846
1 0.8069246033653846 0.28031648557692307 0.8081436610576923 0.28658799278846153 0.8262424134615384 0.28306995192307693 0.8250233557692308 0.27679844471153847 0.8069246033653846 0.28031648557692307
1 0.8058994975961539 0.27627109375000003 0.8067475384615383 0.28063388221153845 0.8254598052884615 0.2769965841346154 0.824611766826923 0.27263379807692306 0.8058994975961539 0.27627109375000003
1 0.8047334423076923 0.27027226201923077 0.8061115072115383 0.2773617908653846 0.8244403269230769 0.27379902884615387 0.8230622620192308 0.2667095 0.8047334423076923 0.27027226201923077
1 0.8034878846153847 0.2638644158653846 0.8049984543269232 0.27163563221153847 0.8229438269230769 0.26814740625 0.8214332548076922 0.26037618990384614 0.8034878846153847 0.2638644158653846
1 0.82713290625 0.2745490408653846 0.8283784663461538 0.2809568846153846 0.8450201129807693 0.27772207692307693 0.8437745552884616 0.2713142307692308 0.82713290625 0.2745490408653846
1 0.8264033028846154 0.2687483485576923 0.8275958581730769 0.27488351923076926 0.8438540600961539 0.27172324519230767 0.8426615024038462 0.2655880745192308 0.8264033028846154 0.2687483485576923
1 0.8249654326923076 0.2642172331730769 0.8259989807692307 0.2695343798076923 0.8424105600961538 0.26634429326923076 0.8413770120192308 0.2610271466346154 0.8249654326923076 0.2642172331730769
1 0.8238732524038461 0.25777957692307696 0.8254368269230768 0.2658234639423077 0.8416950264423076 0.2626631899038462 0.840131454326923 0.2546193028846154 0.8238732524038461 0.25777957692307696
1 0.8223767524038461 0.2521279519230769 0.8237548173076923 0.2592174807692308 0.8406265336538462 0.2559379519230769 0.83924846875 0.24884842307692306 0.8223767524038461 0.2521279519230769
1 0.8210127572115385 0.24715801442307692 0.8224703269230769 0.25465655528846154 0.839495423076923 0.2513472115384615 0.8380378557692307 0.24384867067307692 0.8210127572115385 0.24715801442307692
1 0.8195608173076923 0.24050731009615384 0.8209918846153846 0.24786951442307695 0.8381703605769231 0.24453035576923077 0.8367392932692308 0.23716815144230768 0.8195608173076923 0.24050731009615384
1 0.8469068653846155 0.2804680745192308 0.8482319278846154 0.2872849302884615 0.8647201971153847 0.2840799350961538 0.8633951346153845 0.27726307932692307 0.8469068653846155 0.2804680745192308
1 0.8456083028846154 0.27378755528846155 0.8469863677884616 0.2808770841346154 0.8632445697115384 0.27771681009615384 0.8618665048076923 0.27062728365384614 0.8456083028846154 0.27378755528846155
1 0.8435219735576923 0.2679676081730769 0.8449530408653847 0.2753298125 0.8617480697115384 0.27206518990384615 0.860317 0.26470298557692307 0.8435219735576923 0.2679676081730769
1 0.842461923076923 0.2625141201923077 0.8439724951923077 0.27028533894230766 0.8603840745192308 0.26709525 0.8588735024038462 0.25932403365384615 0.842461923076923 0.2625141201923077
1 0.8406795384615384 0.25621062740384615 0.8423226153846154 0.2646635264423077 0.8592710216346154 0.2613690913461538 0.8576279447115385 0.2529161899038461 0.8406795384615384 0.25621062740384615
1 0.8386811538461539 0.2520714447115385 0.84005921875 0.2591609711538462 0.8577745216346154 0.25571746634615383 0.8563964567307691 0.24862793749999998 0.8386811538461539 0.2520714447115385
1 0.8387533894230769 0.2475297716346154 0.8402109567307693 0.25502831490384614 0.8568526057692308 0.2517935048076923 0.8553950360576923 0.2442949639423077 0.8387533894230769 0.2475297716346154
1 0.8370183774038461 0.24065111298076922 0.8387144567307693 0.24937668990384615 0.8558929326923077 0.24603753125 0.8541968509615384 0.2373119567307692 0.8370183774038461 0.24065111298076922
1 0.8661371923076923 0.2893225480769231 0.8679127764423077 0.29845713221153847 0.8839409086538462 0.29534157932692306 0.8821653245192308 0.28620699278846157 0.8661371923076923 0.2893225480769231
1 0.8645876899038462 0.28339824999999996 0.8660717596153845 0.2910331274038462 0.8824833389423077 0.28784303846153847 0.8809992692307692 0.2802081610576923 0.8645876899038462 0.28339824999999996
1 0.8636601466346154 0.2786264519230769 0.8649587067307691 0.28530696875 0.8809868389423077 0.2821914158653846 0.8796882788461539 0.27551089903846154 0.8636601466346154 0.2786264519230769
1 0.8617480697115384 0.27206518990384615 0.8632586394230769 0.2798364038461539 0.8797469086538462 0.27663140865384617 0.8782363365384616 0.26886019471153844 0.8617480697115384 0.27206518990384615
1 0.8605820144230769 0.26606635336538464 0.8620660841346154 0.27370123317307693 0.8785543533653846 0.27049623798076927 0.8770702812500001 0.26286135817307693 0.8605820144230769 0.26606635336538464
1 0.897545704326923 0.27034190384615386 0.8801154663461539 0.2723858581730769 0.8768277836538462 0.26488933413461535 0.8751317019230769 0.2561637596153846 0.8591035721153847 0.2592793125 0.8607996514423076 0.26800488701923075 0.87282075 0.2656682235576923 0.8834031490384615 0.2798823846153846 0.8821310889423077 0.2733382019230769 0.8898383966346154 0.2718400528846154 0.8988177644230769 0.27688608653846153 0.897545704326923 0.27034190384615386
1 0.8811505432692308 0.26829373076923074 0.8823165985576923 0.2742925625 0.8983447307692308 0.2711770096153846 0.8971786754807692 0.2651781754807692 0.8811505432692308 0.26829373076923074
1 0.8793151538461538 0.2617175576923077 0.8806932187500001 0.2688070889423077 0.8966446610576924 0.2657064423076923 0.8952665961538462 0.2586169110576923 0.8793151538461538 0.2617175576923077
1 0.8780752235576923 0.2561575528846154 0.8793737860576923 0.26283806971153845 0.8957853653846153 0.2596479831730769 0.8944868028846155 0.2529674639423077 0.8780752235576923 0.2561575528846154
1 0.877036048076923 0.24999256971153846 0.8784406129807691 0.25721843509615383 0.8943920552884616 0.25411778846153843 0.8929874879807692 0.2468919230769231 0.877036048076923 0.24999256971153846
1 0.8756957403846154 0.2447350480769231 0.8769943004807692 0.25141556490384614 0.8929457427884615 0.24831492067307692 0.8916471826923077 0.2416344014423077 0.8756957403846154 0.2447350480769231
1 0.8742968028846154 0.23835701923076924 0.8757543701923077 0.2458555576923077 0.8918591923076923 0.2427250985576923 0.8904016225961539 0.2352265576923077 0.8742968028846154 0.23835701923076924
1 0.8728031153846154 0.2331293125 0.8741016754807693 0.2398098293269231 0.8898230504807692 0.23675390384615386 0.8885244879807692 0.23007338701923075 0.8728031153846154 0.2331293125
1 0.8719173173076923 0.22693451442307694 0.8733748870192308 0.23443305528846153 0.8887894999999999 0.23143675721153847 0.8873319326923077 0.22393821634615385 0.8719173173076923 0.22693451442307694
1 0.8997837740384615 0.27202919471153847 0.9011353365384616 0.2789823870192308 0.9173935384615385 0.27582211298076925 0.9160419735576923 0.2688689206730769 0.8997837740384615 0.27202919471153847
1 0.8983848341346155 0.2656511634615385 0.8997894014423077 0.27287703125 0.9162009807692308 0.2696869423076923 0.9147964158653846 0.2624610745192308 0.8983848341346155 0.2656511634615385
1 0.897610670673077 0.26084955048076924 0.8988562307692308 0.2672573966346154 0.914807670673077 0.26415675 0.9135621129807692 0.25774890384615384 0.897610670673077 0.26084955048076924
1 0.8959314759615384 0.2546674855769231 0.8974155456730769 0.26230236298076925 0.9136737451923077 0.2591420889423077 0.9121896754807692 0.2515072115384615 0.8959314759615384 0.2546674855769231
1 0.894892298076923 0.2485025 0.8963763677884615 0.2561373798076923 0.9118676730769231 0.2531261754807692 0.9103836033653846 0.24549129567307693 0.894892298076923 0.2485025
1 0.8937109999999999 0.2440630048076923 0.8948770528846153 0.25006183894230766 0.9106751153846153 0.24699100480769232 0.9095090625 0.24099217307692308 0.8937109999999999 0.2440630048076923
1 0.8925714447115385 0.23820050961538464 0.8938965072115385 0.24501736538461538 0.9088509855769231 0.24211050961538463 0.9075259206730769 0.23529365384615383 0.8925714447115385 0.23820050961538464
1 0.8911251322115384 0.23239764182692307 0.8926092019230769 0.24003251923076924 0.9080238173076923 0.23703622115384615 0.9065397475961539 0.22940134375000001 0.8911251322115384 0.23239764182692307
1 0.8897791971153846 0.2262922860576923 0.8912367668269231 0.23379082692307693 0.9063446225961538 0.23085415865384615 0.9048870528846155 0.2233556153846154 0.8897791971153846 0.2262922860576923
1 0.8880791298076923 0.22082171875 0.8894836947115384 0.22804758653846152 0.9047449302884616 0.22508110336538462 0.9033403653846155 0.2178552355769231 0.8880791298076923 0.22082171875
1 0.8863790600961539 0.21535115384615383 0.8877306249999999 0.22230434615384614 0.9034519975961538 0.2192484206730769 0.9021004350961538 0.21229522836538461 0.8863790600961539 0.21535115384615383
1 0.9126915600961538 0.2499947716346154 0.9143346370192307 0.25844767307692307 0.930209389423077 0.25536193269230767 0.9285663125 0.24690903365384614 0.9126915600961538 0.2499947716346154
1 0.9108381129807692 0.24455401923076922 0.9122691802884616 0.25191622355769233 0.9287574495192307 0.24871122836538462 0.9273263822115384 0.24134902403846153 0.9108381129807692 0.24455401923076922
1 0.9094448028846155 0.23902382692307694 0.9106903605769231 0.24543166826923077 0.927638766826923 0.24213723317307692 0.9263932091346153 0.23572938942307695 0.9094448028846155 0.23902382692307694
1 0.9077210480769231 0.23384084134615385 0.9088606009615384 0.23970333653846154 0.9263458341346154 0.23630455048076923 0.9252062812499999 0.2304420576923077 0.9077210480769231 0.23384084134615385
1 0.9059679759615384 0.22809760096153847 0.907425545673077 0.23559614182692307 0.9260611249999999 0.23197375240384616 0.9246035552884616 0.22447521153846153 0.9059679759615384 0.22809760096153847
1 0.9055535721153846 0.22350903365384617 0.9069051370192308 0.23046222596153848 0.9253873365384616 0.2268696514423077 0.9240357716346155 0.21991645673076923 0.9055535721153846 0.22350903365384617
1 0.9033821105769231 0.21643223798076922 0.9049456850961538 0.22447612740384615 0.9218174014423077 0.22119659615384618 0.9202538269230769 0.21315270673076922 0.9033821105769231 0.21643223798076922
1 0.6942143028846155 0.3211846009615385 0.6951948485576923 0.32622907211538466 0.7084621538461539 0.3236501682692308 0.7074816057692307 0.31860569711538467 0.6942143028846155 0.3211846009615385
1 0.6930341754807692 0.31306617548076926 0.6946772548076924 0.3215190769230769 0.7069475937499999 0.3191339639423077 0.7053045168269231 0.3106810625 0.6930341754807692 0.31306617548076926