1 0.7249742908653847 0.823345125 0.720996596153846 0.5954631730769231 0.45822412259615386 0.6000498822115385 0.46220181730769233 0.8279318365384616 0.7249742908653847 0.823345125
1 0.548813860576923 0.9911673317307692 0.5447101225961538 0.7560642548076923 0.10579260576923076 0.7637255889423076 0.10989634615384616 0.9988286658653845 0.548813860576923 0.9911673317307692
1 0.7799150697115385 0.6404139735576924 0.7780050000000001 0.5309861971153846 0.7005168028846154 0.5323387596153846 0.7024268725961539 0.6417665336538462 0.7799150697115385 0.6404139735576924
1 0.8249319807692307 0.6051785072115384 0.8230922067307692 0.49977789663461536 0.7432606177884615 0.5011713605769231 0.7451003918269231 0.6065719735576923 0.8249319807692307 0.6051785072115384
1 0.654799639423077 0 0.5806055504807692 0.0012950624999999998 0.5831167572115384 0.14516203605769232 0.7119252620192308 0.1429136730769231 0.7094306947115385 0 0.654799639423077 0
1 0.764998701923077 0.19769020192307693 0.7629092620192307 0.07798621634615384 0.7043244350961538 0.07900881730769231 0.7064138774038462 0.19871280528846155 0.764998701923077 0.19769020192307693
1 0.8004474326923077 0.23652189663461537 0.7987506706730769 0.13931448076923078 0.7671148653846154 0.1398666875 0.7688116274038461 0.23707410096153847 0.8004474326923077 0.23652189663461537
1 0.7935045889423077 0.2013599326923077 0.7944887115384615 0.2577402307692308 0.8206566009615385 0.25728346874999997 0.8196724783653846 0.20090317067307695 0.7935045889423077 0.2013599326923077
1 0.8394942139423077 0.27556860576923076 0.8385900817307692 0.22377093750000002 0.8165621875 0.2241554375 0.8174663197115385 0.27595310336538464 0.8394942139423077 0.27556860576923076
1 0.83454728125 0.24731730528846155 0.8352987043269231 0.2903663028846154 0.8501401947115385 0.29010724278846156 0.8493887716346153 0.24705824519230768 0.83454728125 0.24731730528846155
1 0.8614789495192308 0.3085232692307692 0.8608123653846154 0.27033464182692307 0.845970875 0.2705937019230769 0.8466374615384615 0.30878232932692307 0.8614789495192308 0.3085232692307692
1 0.8482364975961538 0.5257319086538461 0.8475190096153846 0.48462706009615386 0.8260379062500001 0.48500201442307694 0.8267553942307693 0.5261068629807693 0.8482364975961538 0.5257319086538461
1 0.8118547379807691 0.035042125 0.8126909999999999 0.08295149278846153 0.8275324879807692 0.0826924326923077 0.8266962283653847 0.03478306490384615 0.8118547379807691 0.035042125
1 0.8586819543269232 0.16618929567307694 0.857709951923077 0.11050333413461538 0.8379473365384615 0.11084829086538463 0.8389193389423077 0.16653425240384617 0.8586819543269232 0.16618929567307694
4 0.8283967283653847 0.00238734375 0.8304788966346154 0.12167472836538461 0.84641396875 0.12139657932692308 0.8443318004807693 0.0021091947115384614 0.8283967283653847 0.00238734375
4 0.8200725456730769 0 0.8216874567307693 0.09251816346153846 0.8387161129807693 0.09222092788461539 0.837106389423077 0 0.8200725456730769 0
4 0.7645172091346153 0 0.7683669519230769 0.22055156730769232 0.8260925336538462 0.21954396394230768 0.8222603774038462 0 0.7645172091346153 0
4 0.7073209975961539 0 0.7094477692307692 0.12184259134615384 0.7699073076923076 0.12078726682692308 0.7677989591346154 0 0.7073209975961539 0
4 0.8463666009615385 0.2485000985576923 0.8435014975961538 0.08435843509615384 0.8105377668269231 0.08493381730769231 0.8134028701923076 0.24907548317307693 0.8463666009615385 0.2485000985576923
4 0.8555860600961539 0.27084260096153845 0.8530094062500001 0.12322619711538461 0.8365275408653846 0.12351388942307692 0.8391041947115384 0.2711302908653846 0.8555860600961539 0.27084260096153845
4 0.8713161177884616 0.29015434615384617 0.8692848509615385 0.17378318509615387 0.8495222355769231 0.1741281418269231 0.8515535024038462 0.2904993028846154 0.8713161177884616 0.29015434615384617
4 0.8577569086538461 0.5026455745192308 0.85460578125 0.3221175168269231 0.819611110576923 0.3227283509615385 0.8227622403846154 0.5032564086538461 0.8577569086538461 0.5026455745192308
4 0.8671485432692307 0.4945637668269231 0.8645597692307692 0.34625302884615383 0.8483122451923077 0.3465366298076923 0.8509010192307692 0.4948473701923077 0.8671485432692307 0.4945637668269231