1 0.5524249735576923 0.49349984855769236 0.5619873942307693 0.40251951201923075 0.41394866346153847 0.3869600168269231 0.4043862451923077 0.4779403509615384 0.5524249735576923 0.49349984855769236
1 0.3911149951923077 0.5359449567307693 0.40670715865384616 0.3875954423076923 0.07991347836538462 0.35324804326923076 0.0643213173076923 0.5015975576923076 0.3911149951923077 0.5359449567307693
1 0 0.5317988557692307 0.14801757451923075 0.5473561298076923 0.16505184134615383 0.3852858942307692 0.012662079326923077 0.3692690841346154 0 0.4897407307692308 0 0.5317988557692307
1 0.5307332932692308 0.8199653076923077 0.5505646658653846 0.6312824038461538 0.43489969951923074 0.6191255264423077 0.4150683269230769 0.8078084302884616 0.5307332932692308 0.8199653076923077
1 0.6739321129807692 0.6732968605769231 0.6868820288461539 0.5500866490384616 0.46953755769230765 0.5272428245192308 0.4565876418269231 0.6504530360576923 0.6739321129807692 0.6732968605769231
3 0.5967220913461538 0.5972168509615384 0.6065748677884616 0.503473951923077 0.5380978918269231 0.4962767331730769 0.5282451153846154 0.5900196298076923 0.5967220913461538 0.5972168509615384
3 0.6220719254807693 0.6211086225961538 0.6347218052884614 0.5007530552884615 0.5819914230769231 0.4952108677884616 0.5693415432692308 0.6155664350961538 0.6220719254807693 0.6211086225961538
3 0.5025024735576923 0.41041899519230773 0.5142716033653846 0.29844319471153846 0.42372867548076926 0.28892675 0.4119595432692308 0.4009025480769231 0.5025024735576923 0.41041899519230773
3 0.4212012091346154 0.13857968028846154 0.40515415384615383 0.2912572091346154 0.5154321298076924 0.30284789182692307 0.5314791850961538 0.15017036298076925 0.4212012091346154 0.13857968028846154
3 0.5662768100961538 0.30390916346153846 0.5783459759615385 0.18907871874999999 0.5153595913461538 0.18245858413461538 0.5032904254807693 0.2972890264423077 0.5662768100961538 0.30390916346153846
3 0.5556884639423078 0.40465054567307696 0.5671575600961538 0.29552939423076924 0.5104387331730769 0.28956800721153847 0.4989696370192308 0.39868915625 0.5556884639423078 0.40465054567307696
3 0.40566174759615387 0.2714797019230769 0.4214087668269231 0.12165681971153847 0.27730668990384616 0.10651108173076923 0.26155966826923077 0.2563339639423077 0.40566174759615387 0.2714797019230769
3 0.26749547115384614 0.2526751225961539 0.2833876682692308 0.10147095673076922 0.2141337235576923 0.09419207451923077 0.1982415264423077 0.24539623798076923 0.26749547115384614 0.2526751225961539
3 0.27303743509615386 0.4047355649038461 0.29113634615384615 0.2325359423076923 0.13284161057692306 0.2158984951923077 0.11474270192307692 0.38809811778846154 0.27303743509615386 0.4047355649038461
3 0.3956639543269231 0.41194487259615387 0.4114109735576923 0.26212199038461537 0.27989581009615383 0.24829918990384614 0.2641487908653846 0.39812207211538464 0.3956639543269231 0.41194487259615387
3 0.15026627884615384 0.4003972379807692 0.1693427235576923 0.21889699038461538 0.0971880889423077 0.21131323317307693 0.07811164423076923 0.3928134783653846 0.15026627884615384 0.4003972379807692
3 0.6419869086538461 0.22435015384615384 0.6552271802884615 0.09837737980769232 0.5646842475961539 0.08886093269230769 0.5514439759615384 0.21483370913461539 0.6419869086538461 0.22435015384615384
3 0.6304253341346153 0.31940309134615386 0.6429397163461539 0.20033671875 0.5562816346153846 0.19122858653846153 0.5437672548076923 0.3102949591346154 0.6304253341346153 0.31940309134615386
3 0.6208629158653847 0.4103834254807692 0.6335224759615384 0.28993577403846155 0.5602800793269231 0.2822376899038461 0.5476205216346154 0.40268534134615386 0.6208629158653847 0.4103834254807692
3 0.6584370913461538 0.40865337259615386 0.6679995096153846 0.3176730360576923 0.6191539807692308 0.3125391634615384 0.6095915625 0.40351950000000003 0.6584370913461538 0.40865337259615386
3 0.6280942860576922 0.22000380048076923 0.6166155120192307 0.32921703846153844 0.6709516298076923 0.3349279927884616 0.6824304038461538 0.22571475480769232 0.6280942860576922 0.22000380048076923
3 0.6428365192307692 0.1026612235576923 0.6290058557692307 0.23425120432692306 0.6794053221153846 0.23954840384615383 0.693235985576923 0.10795842307692308 0.6428365192307692 0.1026612235576923
3 0.5545104567307693 0.20808020673076924 0.5658440528846154 0.10024825 0.5186042620192308 0.09528314903846155 0.5072706682692307 0.20311510576923078 0.5545104567307693 0.20808020673076924
3 0.5149573894230769 0.19824375480769232 0.5243746298076923 0.10864469711538462 0.48107148798076926 0.10409335336538462 0.4716542475961539 0.1936924110576923 0.5149573894230769 0.19824375480769232
3 0.4756946754807692 0.18564473798076925 0.4837859519230769 0.10866137740384615 0.4404310144230769 0.1041045889423077 0.43233973557692307 0.18108794951923077 0.4756946754807692 0.18564473798076925
3 0.7235268341346154 0.25126156009615386 0.7351507860576922 0.14066704326923077 0.6879109975961538 0.13570193990384616 0.6762870432692308 0.2462964591346154 0.7235268341346154 0.25126156009615386
3 0.7543362548076923 0.26157556009615385 0.7637534951923077 0.1719765048076923 0.7291006225961538 0.16833434134615383 0.7196833822115385 0.2579333966346154 0.7543362548076923 0.26157556009615385
3 0.7459449423076923 0.3414135673076923 0.7572785384615385 0.2335816105769231 0.719465985576923 0.22960735096153848 0.708132389423077 0.33743931009615385 0.7459449423076923 0.3414135673076923
3 0.7111882908653846 0.34623283413461536 0.7225122091346154 0.23849296153846153 0.6697300288461538 0.23294533173076923 0.6584061129807692 0.34068520432692306 0.7111882908653846 0.34623283413461536
3 0.7045267548076922 0.40213906971153845 0.7133536033653846 0.3181572211538462 0.6652850456730769 0.3131050120192308 0.6564581971153847 0.39708686057692305 0.7045267548076922 0.40213906971153845
3 0.7425364663461539 0.3962651754807692 0.7504825649038461 0.32066309615384614 0.7103391033653845 0.31644384615384613 0.7023930024038462 0.3920459278846154 0.7425364663461539 0.3962651754807692
1 0.5111568557692308 0.00968391105769231 0.5074499663461538 0.04495260336538461 0.7673206105769231 0.07226610817307692 0.7710275 0.03699741586538462 0.5111568557692308 0.00968391105769231
1 0.6509616634615385 0.46084306490384613 0.6594400841346153 0.3801762860576923 0.5696741249999999 0.3707415024038462 0.5611957043269231 0.45140828125 0.6509616634615385 0.46084306490384613
1 0.7382562091346153 0.4394804302884615 0.7440827043269231 0.3840450432692308 0.660946889423077 0.37530711538461536 0.6551203966346153 0.43074250240384615 0.7382562091346153 0.4394804302884615
1 0.7167214110576924 0.6443703581730769 0.7280162932692308 0.5369067427884615 0.6306878197115384 0.5266771081730769 0.6193929399038461 0.6341407235576924 0.7167214110576924 0.6443703581730769