1 0.8783843942307693 0.5932473990384616 0.8850698485576923 0.5553323004807692 0.7243461466346154 0.526992375 0.7176606899038462 0.5649074735576923 0.8783843942307693 0.5932473990384616
1 0.7228512187499999 0.5620148533653846 0.7274311899038461 0.536040548076923 0.6950402475961539 0.5303291514423077 0.6904602764423077 0.5563034567307692 0.7228512187499999 0.5620148533653846
1 0.6697086947115385 0.5525174639423077 0.6733770120192308 0.5317133990384615 0.6552965576923077 0.528525326923077 0.6516282403846153 0.5493293918269231 0.6697086947115385 0.5525174639423077
1 0.6389233509615385 0.5525470961538461 0.6431994375 0.528296204326923 0.6306585264423077 0.5260849038461538 0.6263824399038461 0.5503357932692308 0.6389233509615385 0.5525470961538461
1 0.5347512836538462 0.666438064903846 0.5393746658653846 0.6402175576923077 0.4448177331730769 0.6235446201923077 0.4401943509615384 0.6497651274038462 0.5347512836538462 0.666438064903846
1 0.6969077764423077 0.8180241778846155 0.7071964326923077 0.7596743197115384 0.6586484879807692 0.7511140072115385 0.6483598317307693 0.8094638653846153 0.6969077764423077 0.8180241778846155
1 0.7454819278846153 0.9042692475961539 0.7597644903846154 0.8232688100961538 0.6958289254807692 0.8119952451923077 0.6815463629807692 0.8929956826923077 0.7454819278846153 0.9042692475961539
1 0.8039714254807693 0.9878201682692308 0.8222478966346153 0.8841691514423077 0.7428477716346154 0.8701687692307692 0.7245713004807691 0.9738197836538462 0.8039714254807693 0.9878201682692308
1 0.9188358437499999 1 0.92231728125 0.9802557908653846 0.8025246490384615 0.9591331177884614 0.7953187163461538 1 0.9188358437499999 1
1 0.6420087980769231 0.7334562956730769 0.6351496947115384 0.772356201923077 0.6671559471153846 0.7779997668269231 0.6740150504807693 0.7390998605769231 0.6420087980769231 0.7334562956730769
1 0.631219201923077 0.6979177908653846 0.6205181322115384 0.7586065697115385 0.6379830817307692 0.761686110576923 0.6486841514423076 0.7009973341346154 0.631219201923077 0.6979177908653846
1 0.6119159038461539 0.6881676826923078 0.6047963293269231 0.7285448004807692 0.6251849254807692 0.732139860576923 0.6323045024038462 0.6917627427884615 0.6119159038461539 0.6881676826923078
1 0.29155230288461537 0.5691032716346154 0.29697881009615384 0.5383280288461538 0.24319907451923078 0.5288452115384615 0.2377725673076923 0.559620451923077 0.29155230288461537 0.5691032716346154
1 0.31176962019230764 0.5646716442307692 0.31667518028846153 0.536850826923077 0.2877464519230769 0.5317499110576923 0.28284089182692307 0.5595707307692307 0.31176962019230764 0.5646716442307692
1 0.3388976105769231 0.5601892740384615 0.3428263990384615 0.5379079975961538 0.31605193990384617 0.5331869375 0.31212314903846156 0.5554682139423077 0.3388976105769231 0.5601892740384615
1 0.35664108653846155 0.5549406586538461 0.36050475721153846 0.5330286850961539 0.3435014375 0.5300305408653846 0.3396377644230769 0.5519425144230768 0.35664108653846155 0.5549406586538461
1 0.3116355721153846 0.20010985576923077 0.3039733485576923 0.24356449759615384 0.3500592716346154 0.25169068990384613 0.35772149759615385 0.20823604807692306 0.3116355721153846 0.20010985576923077
1 0.1523827331730769 0.10044170673076923 0.14009712259615384 0.17011685576923077 0.3249793918269231 0.20271658653846153 0.33726500000000004 0.13304143990384615 0.1523827331730769 0.10044170673076923
1 0.08243343990384615 0 0.08054168028846154 0.010728697115384616 0.21972271394230772 0.035270067307692304 0.22594177884615385 0 0.08243343990384615 0
1 0.3801927884615385 0.2702045865384615 0.38735577644230773 0.2295812668269231 0.35673441105769227 0.22418189423076923 0.3495714230769231 0.2648052139423077 0.3801927884615385 0.2702045865384615
1 1 0.08045018269230769 0.9828245192307693 0.07742168269230769 0.9700179663461538 0.15005125480769232 1 0.1553378966346154 1 0.08045018269230769
1 1 0.11675168509615384 0.88105946875 0.09577926201923076 0.858007673076923 0.22651249038461538 1 0.25154956971153847 1 0.11675168509615384
1 1 0.22882939903846153 0.8161148798076923 0.19640549038461538 0.8005733677884616 0.2845457836538462 0.9856864495192308 0.3171862139423077 1 0.23601003605769233 1 0.22882939903846153
1 0.9077876850961538 0.34686004807692306 0.9195740552884615 0.28001622115384617 0.7647745865384615 0.25272089903846157 0.7529882163461538 0.3195647259615385 0.9077876850961538 0.34686004807692306
1 0.8914434879807692 0.38421440625 0.8996483653846153 0.33768223798076924 0.73830915625 0.3092337836538462 0.73010428125 0.3557659495192308 0.8914434879807692 0.38421440625
1 0.8299533918269231 0.3910150793269231 0.8366822572115384 0.3528537788461538 0.7170435048076923 0.3317582379807692 0.7103146370192307 0.36991953846153847 0.8299533918269231 0.3910150793269231
1 0.7759516490384615 0.4057364254807692 0.7837441105769231 0.3615431778846154 0.6913414447115385 0.34525009375000004 0.683548983173077 0.3894433413461539 0.7759516490384615 0.4057364254807692
1 0.7449784711538462 0.41537949038461536 0.7525755793269231 0.3722941490384616 0.6739448341346154 0.35842942788461535 0.6663477259615385 0.4015147668269231 0.7449784711538462 0.41537949038461536
1 0.39529349278846154 0.33798148076923074 0.391712 0.35829313942307695 0.4091000120192308 0.36135911538461535 0.41268150480769233 0.34104745673076925 0.39529349278846154 0.33798148076923074
1 0.4166573533653847 0.3706881634615385 0.4189798966346154 0.3575163605769231 0.40913181971153845 0.35577987740384615 0.4068092740384615 0.3689516826923077 0.4166573533653847 0.3706881634615385
1 0.7707396875 0.04027926201923077 0.7656821850961539 0.06896178846153846 0.8146148197115385 0.07758993269230768 0.8196723221153845 0.04890740625 0.7707396875 0.04027926201923077
3 0.9088889182692307 0.15615402163461536 0.9244521370192308 0.06789062740384616 0.8883681658653846 0.06152805048076923 0.8728049471153846 0.14979144471153846 0.9088889182692307 0.15615402163461536
3 0.9236591153846153 0.06698922596153846 0.9158666538461537 0.1111824735576923 0.9765708197115385 0.12188625721153847 0.9843632812499999 0.07769300961538463 0.9236591153846153 0.06698922596153846
3 0.8839096081730768 0.15339956490384615 0.8973239302884616 0.07732316586538462 0.8576238677884616 0.0703229735576923 0.8442095456730769 0.14639937259615385 0.8839096081730768 0.15339956490384615
3 0.8460248918269231 0.18289404086538463 0.8587229158653845 0.11087997355769232 0.8383343173076923 0.10728491346153847 0.825636295673077 0.17929898076923076 0.8460248918269231 0.18289404086538463
3 0.8672858076923077 0.22383291346153847 0.8826319663461538 0.1368005264423077 0.8555497524038462 0.13202520192307693 0.84020359375 0.21905758894230767 0.8672858076923077 0.22383291346153847
3 0.8354598629807692 0.24551073076923077 0.8492865985576923 0.16709541346153844 0.8284363725961538 0.16341895432692308 0.8146096346153846 0.2418342716346154 0.8354598629807692 0.24551073076923077
3 0.8252612740384616 0.18367534615384618 0.8352243389423077 0.127172 0.8075266201923077 0.12228814663461537 0.7975635552884615 0.1787914903846154 0.8252612740384616 0.18367534615384618
3 0.8114996562500001 0.2617213605769231 0.8252178629807693 0.18392154807692307 0.79890503125 0.17928188461538463 0.7851868245192308 0.25708169711538464 0.8114996562500001 0.2617213605769231
3 0.8376248918269231 0.13470326923076922 0.8483476682692307 0.07389138942307692 0.8184187451923077 0.06861411298076923 0.80769596875 0.12942599278846154 0.8376248918269231 0.13470326923076922
1 0.36108308413461543 0.5261496009615384 0.3569806466346154 0.5494156850961539 0.380062076923077 0.5534855649038462 0.3841645168269231 0.5302194807692308 0.36108308413461543 0.5261496009615384
1 0.3844972307692308 0.319577125 0.38106768028846155 0.3390270793269231 0.4007638341346154 0.3425000432692308 0.4041933870192308 0.3230500889423077 0.3844972307692308 0.319577125
1 0.6608167812500001 0.3842926875 0.6561933990384615 0.41051319471153846 0.6670416730769231 0.4124260360576923 0.6716650552884615 0.38620553124999996 0.6608167812500001 0.3842926875
1 0.7078088100961538 0.15243025480769232 0.7010148245192307 0.19096085817307693 0.7511784711538462 0.1998060625 0.7579724543269231 0.16127545913461538 0.7078088100961538 0.15243025480769232
1 0.7234588461538463 0.10911479567307693 0.7153407932692308 0.15515456009615386 0.7768912764423077 0.16600756971153846 0.785009329326923 0.11996780769230769 0.7234588461538463 0.10911479567307693
1 0.747583891826923 0.0676744951923077 0.7395309567307693 0.11334495432692308 0.7992349278846155 0.12387237499999999 0.807287860576923 0.07820191586538461 0.747583891826923 0.0676744951923077
3 0.6788162235576922 0.3451993413461538 0.6738889543269231 0.37314326201923076 0.6824290841346153 0.3746491177884615 0.6873563533653846 0.3467051971153846 0.6788162235576922 0.3451993413461538
3 0.6841559038461539 0.31491650240384617 0.678099923076923 0.3492616730769231 0.6877171875 0.3509574567307692 0.6937731682692309 0.3166122860576923 0.6841559038461539 0.31491650240384617
3 0.6906595360576924 0.32977152884615385 0.6846035552884615 0.36411669951923076 0.6936822524038462 0.36571751682692305 0.699738233173077 0.33137234615384614 0.6906595360576924 0.32977152884615385
3 0.6957821562500001 0.3007196995192308 0.6890967019230769 0.33863479807692304 0.6981753990384616 0.3402356177884615 0.7048608533653845 0.30232051923076925 0.6957821562500001 0.3007196995192308
3 0.6998373149038462 0.2759221394230769 0.6938464519230769 0.3098980072115385 0.7044639110576922 0.3117701514423077 0.7104547740384616 0.2777942836538462 0.6998373149038462 0.2759221394230769
3 0.7131188125 0.25998634615384614 0.7062162980769231 0.29913245432692304 0.7168337548076923 0.3010045985576923 0.7237362716346154 0.2618584903846154 0.7131188125 0.25998634615384614
3 0.7019780360576923 0.31552045913461535 0.6952057572115385 0.35392796153846157 0.7065925961538462 0.3559357692307692 0.713364875 0.3175282668269231 0.7019780360576923 0.31552045913461535
3 0.7067138173076923 0.29046212740384614 0.7005058942307693 0.32566900480769234 0.7118157956730768 0.32766324519230766 0.7180237187499999 0.29245636778846157 0.7067138173076923 0.29046212740384614
3 0.6892013701923076 0.29080127403846157 0.6846431057692308 0.3166524783653846 0.6952605649038461 0.3185246225961539 0.6998188293269231 0.29267341826923077 0.6892013701923076 0.29080127403846157
3 0.7125406947115385 0.30735560336538464 0.7067017740384615 0.3404697644230769 0.7153188413461538 0.3419891850961539 0.7211577620192308 0.3088750240384615 0.7125406947115385 0.30735560336538464
3 0.7177757139423077 0.27946594711538464 0.7115677908653846 0.3146728245192308 0.7208773028846154 0.31631434375 0.7270852235576922 0.28110746634615386 0.7177757139423077 0.27946594711538464
3 0.7241789903846154 0.2431511610576923 0.7175586538461538 0.2806969567307692 0.7278683605769231 0.28251483653846154 0.7344886971153847 0.24496904086538462 0.7241789903846154 0.2431511610576923
3 0.7335108533653846 0.22981907932692308 0.7265432211538462 0.2693344903846154 0.738160875 0.2713829951923077 0.7451285072115384 0.23186758413461536 0.7335108533653846 0.22981907932692308
3 0.7345484375000001 0.27747322596153845 0.7267776802884616 0.321543375 0.7388569639423076 0.3236732764423077 0.74662771875 0.2796031298076923 0.7345484375000001 0.27747322596153845
3 0.7273622475961539 0.2619901346153846 0.7205031442307692 0.3008900408653846 0.7321207980769231 0.30293854807692305 0.7389799014423077 0.26403864182692305 0.7273622475961539 0.2619901346153846
3 0.7221665552884615 0.2928060769230769 0.7153291586538462 0.3315828822115385 0.7254080504807692 0.3333600625 0.7322454471153846 0.29458325721153844 0.7221665552884615 0.2928060769230769
3 0.7646583197115385 0.2497810456730769 0.7563015024038461 0.29717492067307694 0.7672267115384616 0.29910132932692307 0.7755835312499999 0.2517074567307692 0.7646583197115385 0.2497810456730769
3 0.7785533870192308 0.23306494471153846 0.7713469879807692 0.27393446634615387 0.7827338269230769 0.2759422740384615 0.7899402283653847 0.23507275240384617 0.7785533870192308 0.23306494471153846
3 0.7416873533653846 0.24598450240384617 0.7349801923076923 0.2840227019230769 0.7481366081730769 0.28634253365384615 0.7548437692307692 0.24830433413461536 0.7416873533653846 0.24598450240384617
3 0.7553477451923077 0.1820096826923077 0.7468172788461539 0.23038836298076923 0.7590504374999999 0.23254539903846153 0.7675809038461539 0.18416671874999999 0.7553477451923077 0.1820096826923077
3 0.7476504903846154 0.21441538461538462 0.7416813341346155 0.24826815144230768 0.7559918221153846 0.2507914759615385 0.7619609783653847 0.21693870913461538 0.7476504903846154 0.21441538461538462
3 0.7479204110576922 0.267772875 0.7404318317307692 0.3102427091346154 0.753896 0.31261680528846153 0.7613845793269232 0.27014697115384617 0.7479204110576922 0.267772875
3 0.7621982427884616 0.20479542548076923 0.7556647283653847 0.2418488173076923 0.7655897451923077 0.2435988653846154 0.7721232572115385 0.20654547355769232 0.7621982427884616 0.20479542548076923
3 0.7559630264423076 0.23250871874999998 0.7481054471153846 0.2770712692307692 0.7601077908653846 0.2791876081730769 0.7679653725961538 0.23462505769230768 0.7559630264423076 0.23250871874999998
3 0.7734189471153846 0.26173390384615386 0.7806253461538462 0.22086438221153845 0.7699309495192307 0.2189786730769231 0.7627245504807691 0.25984819471153847 0.7734189471153846 0.26173390384615386
3 0.7861360865384615 0.24899873798076924 0.7930386009615386 0.20985262980769231 0.782267266826923 0.20795335096153847 0.7753647524038462 0.24709945913461537 0.7861360865384615 0.24899873798076924
3 0.7908897067307692 0.222039625 0.798942639423077 0.17636916586538462 0.7885559951923077 0.17453771875000001 0.7805030625 0.22020817788461539 0.7908897067307692 0.222039625
3 0.7782376826923076 0.23440549038461536 0.7870286225961538 0.18454959615384617 0.7769497307692308 0.18277241586538462 0.7681587908653846 0.2326283076923077 0.7782376826923076 0.23440549038461536
3 0.7936212355769231 0.14941055048076923 0.7863714230769231 0.19052627403846156 0.79591175 0.19220849038461538 0.8031615600961538 0.15109276682692308 0.7936212355769231 0.14941055048076923
3 0.7987341850961538 0.1159145264423077 0.7900734831730769 0.16503181249999999 0.8005370649038461 0.16687682451923078 0.8091977692307691 0.11775953846153847 0.7987341850961538 0.1159145264423077
3 0.8108678533653847 0.04710108413461538 0.7986690673076923 0.11628382932692308 0.8144413798076923 0.11906491346153847 0.8266401634615386 0.04988216826923077 0.8108678533653847 0.04710108413461538
3 0.8540763245192308 0.12643440865384614 0.8657975769230769 0.05995988461538461 0.8497175120192307 0.057124536057692306 0.8379962596153846 0.1235990576923077 0.8540763245192308 0.12643440865384614
3 0.8660324735576924 0.05682809615384616 0.8590648413461538 0.09634350721153846 0.89122496875 0.10201420432692307 0.8981926033653846 0.06249879326923077 0.8660324735576924 0.05682809615384616
3 0.8462855961538461 0.08558598317307692 0.8517555120192307 0.05456453846153846 0.8259812475961539 0.050019838942307694 0.8205113293269231 0.08104128365384616 0.8462855961538461 0.08558598317307692
3 0.9166048750000001 0.10204687500000001 0.9227693846153847 0.06708619951923077 0.8978414375000001 0.06269073076923076 0.8916769278846155 0.09765140625 0.9166048750000001 0.10204687500000001