4 0.6509566105769231 0.7093237716346154 0.5806281634615384 0.4046977980769231 0.3984666346153846 0.4467531009615385 0.4687950817307692 0.7513790745192307 0.6509566105769231 0.7093237716346154
2 0.6254671177884615 0.7555479375 0.5281133004807692 0.3338622283653846 0.3218208870192308 0.3814885841346154 0.41917470432692305 0.8031742932692307 0.6254671177884615 0.7555479375
1 0.7632278341346154 0.20617250721153846 0.7647899927884616 0.21293896634615386 0.78998659375 0.20712187259615386 0.7884244350961538 0.20035541346153846 0.7632278341346154 0.20617250721153846
1 0.787497326923077 0.20085453846153845 0.7891219711538462 0.20789165625 0.8125677524038462 0.20247877163461536 0.8109431057692308 0.19544165384615386 0.787497326923077 0.20085453846153845
1 0.8093621370192309 0.1962342764423077 0.8112679711538462 0.20448935576923077 0.8360839591346154 0.19876013461538464 0.834178125 0.1905050528846154 0.8093621370192309 0.1962342764423077
1 0.8443319567307692 0.19072661778846156 0.8461128197115385 0.19844038221153845 0.8709288076923076 0.19271115865384614 0.8691479447115384 0.18499739423076925 0.8443319567307692 0.19072661778846156
1 0.8684844182692307 0.18629091826923078 0.8706714423076923 0.1957639639423077 0.8890931274038463 0.19151098317307694 0.8869061033653847 0.18203793750000002 0.8684844182692307 0.18629091826923078
1 0.7788773870192307 0.2597189615384615 0.7807207355769231 0.2677033822115385 0.8063740721153846 0.26178084375 0.8045307235576923 0.25379642067307695 0.7788773870192307 0.2597189615384615
1 0.8036797379807693 0.25427797355769227 0.8056480600961538 0.26280371153846155 0.8307685384615385 0.2570041923076923 0.8288002163461539 0.24847845432692306 0.8036797379807693 0.25427797355769227
1 0.8275549807692308 0.24933610817307691 0.82961703125 0.2582678317307692 0.8529105673076922 0.25289009615384617 0.850848514423077 0.2439583701923077 0.8275549807692308 0.24933610817307691
1 0.8605240336538462 0.24315002403846153 0.8624611129807692 0.2515404326923077 0.8848411754807692 0.24637358894230768 0.8829040961538461 0.23798318028846152 0.8605240336538462 0.24315002403846153
1 0.8818872307692308 0.23878811057692306 0.8839492812499999 0.24771983653846152 0.9048830120192307 0.2428869014423077 0.9028209615384615 0.2339551778846154 0.8818872307692308 0.23878811057692306
1 0.9053522331730769 0.3133369807692308 0.9070706105769231 0.3207800865384615 0.925340048076923 0.3165622548076923 0.923621673076923 0.30911914903846155 0.9053522331730769 0.3133369807692308
1 0.8848479663461538 0.3186409350961539 0.8865038557692307 0.3258133798076923 0.908731673076923 0.3206816826923077 0.90707578125 0.3135092379807692 0.8848479663461538 0.3186409350961539
1 0.8456095817307693 0.3268445769230769 0.847640389423077 0.33564097115384617 0.8721518870192307 0.3299820480769231 0.8701210769230769 0.3211856514423077 0.8456095817307693 0.3268445769230769
1 0.8222808317307693 0.3313751875 0.8243741274038462 0.3404422427884616 0.8490378701923077 0.3347481706730769 0.8469445745192308 0.32568111538461536 0.8222808317307693 0.3313751875
1 0.7978943076923077 0.33757543028846154 0.7998626298076924 0.34610116826923076 0.8261249495192308 0.34003803365384616 0.8241566274038461 0.33151229567307694 0.7978943076923077 0.33757543028846154
1 0.9214686370192309 0.49520621153846156 0.9314153317307692 0.49290983413461537 0.9281660384615384 0.47883560096153843 0.9132459975961538 0.48228016346153846 0.9156057836538462 0.49539566105769234 0.8879390697115385 0.4997458581730769 0.852679108173077 0.49013381490384617 0.8334961971153846 0.4945625384615384 0.8365580312500001 0.507824798076923 0.8523675817307693 0.5053389711538462 0.8557409423076923 0.5033960745192307 0.8563199711538462 0.5047175120192308 0.9164952908653846 0.4963543990384615 0.9195581682692308 0.49477420432692304 0.9214686370192309 0.49520621153846156