4 0.6271353245192308 0.7080862572115384 0.6097041778846154 0.5088473173076923 0.508139014423077 0.5177331177884615 0.5255701634615385 0.7169720576923078 0.6271353245192308 0.7080862572115384
4 0.7473618365384616 0.7135034399038461 0.7301594735576923 0.5168795120192308 0.6195662956730769 0.5265551610576923 0.6367686610576923 0.7231790889423078 0.7473618365384616 0.7135034399038461
1 0.9796198365384616 0.2891460144230769 0.9756324615384616 0.24357010576923077 0.8350756153846154 0.2558672379807692 0.8390629927884615 0.30144314423076923 0.9796198365384616 0.2891460144230769
1 0.8969600624999999 0 0.7091189543269232 0.016433966346153846 0.7136619471153847 0.06836061538461538 0.9594418581730769 0.046857661057692304 0.95534234375 0 0.8969600624999999 0
1 0.7543409447115385 0.34060116586538464 0.7484252499999999 0.2729844495192308 0.6382990384615385 0.2826192451923077 0.6442147355769231 0.3502359591346154 0.7543409447115385 0.34060116586538464
1 0.7384449567307693 0.5210482475961539 0.734315951923077 0.47385352403846154 0.6507289903846154 0.4811664350961538 0.6548579951923077 0.5283611586538461 0.7384449567307693 0.5210482475961539
1 0.29576946153846156 1 0.2809270576923077 0.8303505480769231 0.09336227644230768 0.8467603413461539 0.10676900721153845 1 0.29576946153846156 1
1 0.3036736658653846 0.6296041514423076 0.3003072740384615 0.5911261298076923 0.24372652884615384 0.5960763028846153 0.24709291826923077 0.6345543245192308 0.3036736658653846 0.6296041514423076
1 0.42414448317307696 0.6413993100961538 0.4202987355769231 0.59744221875 0.3780382908653846 0.6011395288461538 0.3818840360576923 0.6450966201923076 0.42414448317307696 0.6413993100961538
1 0.4742655288461538 0.6370142884615385 0.47152012259615383 0.6056341538461538 0.4224108389423077 0.6099306610576923 0.4251562451923077 0.6413107932692307 0.4742655288461538 0.6370142884615385
1 0.52318028125 0.6295978653846154 0.5212519591346154 0.6075570576923077 0.47307660817307695 0.6117718533653846 0.47500492788461535 0.6338126610576923 0.52318028125 0.6295978653846154
1 0.6454913918269232 0 0.6494170552884615 0.04487054086538462 0.7329261899038462 0.0375644375 0.7296397259615385 0 0.6454913918269232 0