4 0.9848760360576924 0.7001441177884615 0.997451576923077 0.520305485576923 0.9287911153846153 0.5155042788461539 0.9162155721153845 0.6953429110576923 0.9848760360576924 0.7001441177884615
4 0.6678263076923077 0.59750003125 0.6771853004807693 0.46366018990384616 0.6114863557692307 0.45906607211538464 0.6021273629807692 0.5929059134615385 0.6678263076923077 0.59750003125
1 0.9616778221153847 0.13255995192307693 0.9664057596153846 0.06494727644230769 0.93983003125 0.06308892067307692 0.9351020913461539 0.13070159615384616 0.9616778221153847 0.13255995192307693
1 0.9379942259615385 0.1531803173076923 0.9410848245192308 0.10898268990384616 0.9206659350961538 0.10755486057692307 0.9175753365384616 0.15175249038461538 0.9379942259615385 0.1531803173076923
1 0.9020254447115386 0.22181066586538462 0.9042247115384616 0.19035968749999999 0.8855983221153847 0.18905720432692308 0.8833990552884615 0.22050818269230768 0.9020254447115386 0.22181066586538462
1 0.8947350913461538 0.6945369879807692 0.8981454062500001 0.6457671899038462 0.8220032139423077 0.6404428100961539 0.8185928966346154 0.689212608173077 0.8947350913461538 0.6945369879807692
4 0.037344983173076926 0 0.014471992788461539 0.32709899038461543 0.11266970432692307 0.3339656418269231 0.13602285817307694 0 0.037344983173076926 0
4 0 0.8161697139423078 0.03772876201923077 0.8188079663461539 0.07215164423076924 0.3265378173076923 0.013466819711538461 0.32243417548076925 0 0.5150186682692308 0 0.8161697139423078
1 0.2948607908653846 0.49707196875 0.3024661826923077 0.3883097764423077 0.049879848557692306 0.37064721875 0.042274454326923075 0.4794094110576923 0.2948607908653846 0.49707196875
1 0.2823237091346154 0.5486842620192308 0.288824625 0.4557168341346154 0.04769468990384615 0.43885538701923077 0.04119377403846154 0.5318228149038462 0.2823237091346154 0.5486842620192308
1 0.2823684519230769 0.6398817572115385 0.28982851923076924 0.5331978269230769 0.02952664903846154 0.5149957451923076 0.02206658413461538 0.6216796778846153 0.2823684519230769 0.6398817572115385
1 0.2861985120192308 0.6948662019230769 0.29333886057692304 0.5927544375 0.030465146634615383 0.574372516826923 0.023324798076923076 0.67648428125 0.2861985120192308 0.6948662019230769
1 0.2685052043269231 0.7642175817307693 0.27659501682692306 0.6485278629807693 0.026502591346153848 0.6310396971153847 0.018412778846153846 0.7467294158653845 0.2685052043269231 0.7642175817307693
1 0.26327346875 0.8390348846153847 0.27278747596153846 0.7029782355769231 0.031657540865384616 0.6861167860576922 0.022143533653846154 0.8221734375 0.26327346875 0.8390348846153847
1 0.5021955625 0.48428153125 0.5071075817307692 0.41403639663461533 0.3093093341346154 0.4002049951923077 0.3043973173076923 0.4704501298076923 0.5021955625 0.48428153125
1 0.49933748557692303 0.5251539495192308 0.5040944903846154 0.4571256225961538 0.2986586418269231 0.4427601490384615 0.2939016394230769 0.5107884735576923 0.49933748557692303 0.5251539495192308
1 0.4946027067307692 0.574944954326923 0.4995244134615385 0.5045612692307693 0.3004792115384615 0.49064267307692305 0.2955575048076923 0.5610263581730769 0.4946027067307692 0.574944954326923
1 0.4926593293269231 0.6385755048076922 0.49804607932692313 0.5615413918269231 0.2926881682692308 0.5471813677884616 0.2873014182692308 0.6242154807692307 0.4926593293269231 0.6385755048076922
1 0.48441578125 0.6836658557692308 0.4901319350961538 0.6019210240384616 0.2808772884615385 0.587288514423077 0.2751611346153846 0.6690333461538462 0.48441578125 0.6836658557692308
1 0.48140268750000004 0.7267550817307692 0.4866441129807692 0.6517992259615385 0.2888458653846154 0.6379678245192307 0.28360444230769233 0.7129236802884615 0.48140268750000004 0.7267550817307692
1 0.4775729206730769 0.7994427716346154 0.48503299038461534 0.6927588389423077 0.2783501875 0.6783061706730769 0.2708901201923077 0.7849901033653846 0.4775729206730769 0.7994427716346154
1 0.5175715072115384 0.7224620769230768 0.5216503245192308 0.6641322884615384 0.46584908413461534 0.6602302860576923 0.4617702692307692 0.7185600745192308 0.5175715072115384 0.7224620769230768
1 0.5190297548076923 0.689288545673077 0.5229923100961538 0.6326213653846153 0.4777901875 0.6294605264423077 0.47382763221153845 0.6861277067307692 0.5190297548076923 0.689288545673077
1 0.5167867427884615 0.6575269326923077 0.520419891826923 0.6055704735576923 0.4894018846153846 0.603401483173077 0.48576873557692307 0.6553579423076923 0.5167867427884615 0.6575269326923077
1 0.48451878365384615 0.5713160288461538 0.4825326610576923 0.5997188942307692 0.5232925048076923 0.6025691009615385 0.5252786274038461 0.5741662331730769 0.48451878365384615 0.5713160288461538
1 0.4953261995192308 0.530999485576923 0.49246812259615386 0.5718719014423077 0.5261359086538462 0.5742261802884616 0.5289939855769231 0.533353766826923 0.4953261995192308 0.530999485576923
1 0.5005922740384615 0.4948899783653846 0.49728853125 0.54213571875 0.5336060961538461 0.5446752908653847 0.5369098413461538 0.4974295504807692 0.5005922740384615 0.4948899783653846
1 0.50439953125 0.46508294951923074 0.5017545985576923 0.5029072548076923 0.5337078221153846 0.5051416418269231 0.5363527548076923 0.4673173365384615 0.50439953125 0.46508294951923074
1 0.4792187884615385 0.41751611538461536 0.4759150432692308 0.4647618581730769 0.5388862740384616 0.4691652355769231 0.5421900192307693 0.4219194927884615 0.4792187884615385 0.41751611538461536
1 0.39460849759615385 0.37985559375 0.3908590865384615 0.43347466346153846 0.5441566250000001 0.4441942716346154 0.5479060336538462 0.39057520192307693 0.39460849759615385 0.37985559375
1 0.4019088509615385 0.3392938149038462 0.3975103197115385 0.4021957692307693 0.547222860576923 0.41266468990384614 0.5516213942307693 0.34976273557692306 0.4019088509615385 0.3392938149038462
1 0.5478141370192308 0.37956976201923076 0.5528811682692308 0.3071078173076923 0.40753296875 0.29694408173076925 0.4024659375 0.3694060264423077 0.5478141370192308 0.37956976201923076
1 0.4087683822115385 0.2669572139423077 0.4042535889423077 0.33152177403846156 0.5478092908653847 0.3415601658653846 0.5523240841346154 0.27699560576923077 0.4087683822115385 0.2669572139423077
1 0.5523289302884615 0.3150051995192307 0.5583938677884616 0.22827254567307692 0.41483816586538463 0.21823415384615386 0.40877322836538466 0.30496680528846154 0.5523289302884615 0.3150051995192307
1 0.4160735793269231 0.1882472860576923 0.4104543076923077 0.2686066105769231 0.5565818533653846 0.27882484375 0.562201125 0.19846551923076922 0.4160735793269231 0.1882472860576923
1 0.5552740600961539 0.2471286298076923 0.5614455697115385 0.15887192067307693 0.4232673629807693 0.14920956009615385 0.41709585096153845 0.23746626923076922 0.5552740600961539 0.2471286298076923
1 0.4219978942307692 0.11584528846153846 0.4158263846153846 0.20410199759615383 0.5575895865384616 0.21401504567307691 0.5637610985576923 0.12575833653846155 0.4219978942307692 0.11584528846153846
1 0.2600750408653846 0 0.2578687115384615 0.03155199278846154 0.3402456802884615 0.03731235336538462 0.3428548149038461 0 0.2600750408653846 0
1 0.42664348798076923 0.16364690384615385 0.436884125 0.017198959134615385 0.2482042379807692 0.0040051754807692306 0.23796360096153846 0.1504531201923077 0.42664348798076923 0.16364690384615385
1 0.24142206971153846 0.04947617307692308 0.23216964903846152 0.18179196153846153 0.4217847548076923 0.19505113942307692 0.43103717548076925 0.06273535336538462 0.24142206971153846 0.04947617307692308
1 0.4174252572115385 0.23275554807692306 0.42722991826923074 0.09254237980769231 0.23932937740384613 0.07940309375 0.22952471634615385 0.21961626201923076 0.4174252572115385 0.23275554807692306
1 0.23613220432692308 0.12512478125 0.2274320216346154 0.24954318509615386 0.4099550697115385 0.26230643990384617 0.41865525240384616 0.13788803605769231 0.23613220432692308 0.12512478125
1 0.4090204254807693 0.28911209374999997 0.4160735793269231 0.1882472860576923 0.22287347836538463 0.17473741826923075 0.21582032451923078 0.2756022283653846 0.4090204254807693 0.28911209374999997
1 0.21227920673076922 0.21200585096153846 0.20522605288461537 0.3128706610576923 0.4027904951923077 0.3266857115384615 0.40984365144230767 0.22582090384615386 0.21227920673076922 0.21200585096153846
1 0.39794144951923077 0.3579513990384615 0.4041129591346154 0.26969468990384615 0.20919829807692308 0.25606493028846156 0.2030267860576923 0.34432163701923074 0.39794144951923077 0.3579513990384615
1 0.19468962499999998 0.2977933942307692 0.18884751923076923 0.38133938221153846 0.3935040192307693 0.3956503605769231 0.3993461225961538 0.3121043701923077 0.19468962499999998 0.2977933942307692
1 0.39232217788461543 0.43831072355769235 0.3977186177884615 0.36113806009615385 0.1965691778846154 0.3470723221153846 0.1911727403846154 0.4242449855769231 0.39232217788461543 0.43831072355769235
1 0.05548430288461538 0.2770601923076923 0.04844083653846154 0.3777864519230769 0.15918603125 0.3855305120192308 0.16622949759615385 0.28480425240384616 0.05548430288461538 0.2770601923076923
1 0.06875271634615385 0.2273090048076923 0.06115700961538462 0.33593264423076924 0.1568608125 0.34262490624999997 0.16445651682692308 0.23400126442307692 0.06875271634615385 0.2273090048076923
1 0.07871253846153846 0.18679396394230768 0.07044833413461539 0.3049775913461538 0.17324419230769234 0.3121657788461538 0.18150839663461538 0.19398214903846153 0.07871253846153846 0.18679396394230768
1 0.08532487259615386 0.13031207451923077 0.0762952860576923 0.2594411971153846 0.1702065889423077 0.2660081153846154 0.17923617548076923 0.13687899278846155 0.08532487259615386 0.13031207451923077
1 0.09837045432692307 0.08374754807692307 0.08967027163461538 0.20816595192307694 0.17742473317307692 0.21430234134615384 0.18612491586538463 0.0898839375 0.09837045432692307 0.08374754807692307
1 0.0974547548076923 0.03300450721153846 0.0879795 0.16850695673076924 0.18726829567307693 0.17544990625 0.19674355048076922 0.03994745673076923 0.0974547548076923 0.03300450721153846
1 0.10782917788461538 0 0.09875827884615385 0.12971991826923077 0.18908458653846155 0.13603614903846153 0.1985598389423077 0.0005337019230769231 0.19092754567307693 0 0.10782917788461538 0
1 0.12740812259615383 0 0.12143912259615385 0.08536066586538461 0.20467337259615384 0.09118097115384614 0.21104936778846153 0 0.12740812259615383 0
1 0.14432432932692307 0 0.14047228365384615 0.05508682692307692 0.20780785576923078 0.059795389423076925 0.21198915625 0 0.14432432932692307 0
1 0.1816809519230769 0 0.1798560841346154 0.026096819711538464 0.22326570913461538 0.029132314903846154 0.2253028389423077 0 0.1816809519230769 0
1 0.52440878125 0.13525862259615384 0.5270827788461538 0.09701866826923077 0.4575650336538462 0.09215751201923077 0.45489103605769227 0.13039746875 0.52440878125 0.13525862259615384
1 0.44757372115384614 0.07600454086538462 0.4459654471153846 0.0990039326923077 0.5277968725961538 0.10472614423076923 0.5294051466346154 0.08172675240384615 0.44757372115384614 0.07600454086538462
1 0.5240171081730769 0.07926156250000001 0.5255478774038461 0.05737057211538461 0.4504967692307692 0.05212248798076923 0.44896600240384615 0.07401347596153846 0.5240171081730769 0.07926156250000001
1 0.4520275360576923 0.030231497596153845 0.44996390625000005 0.05974276923076923 0.5281324014423077 0.06520884375 0.53019603125 0.035697572115384615 0.4520275360576923 0.030231497596153845
1 0.5327026225961539 0.04353039423076924 0.5344659110576923 0.01831419230769231 0.4532579615384615 0.012635579326923078 0.4514946730769231 0.03785178125 0.5327026225961539 0.04353039423076924
1 0.4597019471153846 0 0.45855880288461537 0.016347721153846154 0.5305704591346154 0.021383266826923077 0.5319462115384616 0.0017090889423076923 0.5075051009615384 0 0.4597019471153846 0
1 0.39728427644230774 0 0.39552445673076925 0.02516659375 0.45763840625 0.02951002403846154 0.45970194951923077 0 0.39728427644230774 0
1 0.45337821394230765 0.04675485576923077 0.4558196923076923 0.011840115384615383 0.40165508173076925 0.008052557692307692 0.3992136033653846 0.04296729807692308 0.45337821394230765 0.04675485576923077
1 0.4483259951923077 0.05628676201923077 0.4500020889423077 0.032317516826923076 0.3989548653846154 0.028747947115384618 0.3972787716346154 0.052717192307692305 0.4483259951923077 0.05628676201923077
1 0.34590912980769234 0 0.34279102403846157 0.04459096875 0.3982025913461538 0.048465723557692304 0.40159164423076926 0 0.34590912980769234 0
1 0.5362326201923077 0.0020088221153846154 0.53393646875 0.03484530528846154 0.6255876658653846 0.0412541826923077 0.6278838173076923 0.008417699519230768 0.5362326201923077 0.0020088221153846154
1 0.6193282451923078 0.07812959615384615 0.6234555024038462 0.019107055288461537 0.5367141899038461 0.01304151201923077 0.5325869326923077 0.07206405288461538 0.6193282451923078 0.07812959615384615
1 0.5370534278846154 0.03394943990384615 0.5333815264423077 0.08646010336538461 0.617706860576923 0.09235670673076922 0.6213787644230769 0.03984604326923077 0.5370534278846154 0.03394943990384615
1 0.6185924975961539 0.1155304903846154 0.6225744302884616 0.05858620913461539 0.5308452980769232 0.05217188221153846 0.5268633653846154 0.10911616586538461 0.6185924975961539 0.1155304903846154
1 0.5280680024038461 0.07508953125000001 0.5244736081730769 0.12649179086538462 0.6136308942307692 0.13272627403846154 0.6172252908653846 0.08132401442307692 0.5280680024038461 0.07508953125000001
1 0.6135927115384615 0.16015152884615386 0.6177199711538461 0.10112899038461538 0.53277115625 0.09518879086538462 0.5286438990384615 0.15421132932692305 0.6135927115384615 0.16015152884615386
1 0.5289794278846154 0.1146940264423077 0.5243871274038462 0.18036699519230767 0.6117519158653846 0.18647613701923077 0.6163442163461539 0.12080316826923077 0.5289794278846154 0.1146940264423077
1 0.6146756802884615 0.2152223317307692 0.61980084375 0.14192908653846154 0.5299421442307692 0.13564555288461538 0.5248169807692308 0.20893880048076924 0.6146756802884615 0.2152223317307692
1 0.5340353557692308 0.1655873533653846 0.5299759158653846 0.2236400360576923 0.6112618004807693 0.2293240985576923 0.6153212379807692 0.1712714158653846 0.5340353557692308 0.1655873533653846
1 0.6091075552884615 0.2511714903846154 0.6132445024038462 0.1920104014423077 0.5320365528846154 0.18633178846153847 0.5278996057692308 0.24549287740384618 0.6091075552884615 0.2511714903846154
1 0.5508463124999999 0.20853130048076923 0.5470193942307693 0.26325877163461536 0.6073408461538462 0.2674768605769231 0.611167764423077 0.21274938701923077 0.5508463124999999 0.20853130048076923
1 0.6048765721153846 0.2937578701923077 0.6088585048076923 0.23681358653846155 0.5608507355769231 0.23345655769230772 0.5568688028846154 0.29040083894230767 0.6048765721153846 0.2937578701923077
1 0.5597753221153846 0.2488356706730769 0.5556480649038462 0.3078582091346154 0.5981224711538462 0.31082831009615386 0.6022497283653846 0.25180577163461537 0.5597753221153846 0.2488356706730769
1 0.5968111177884615 0.3206218004807692 0.6003280072115385 0.2703279471153846 0.5603475096153846 0.26753223798076925 0.5568306201923077 0.31782609134615386 0.5968111177884615 0.3206218004807692
1 0.5515679615384615 0.28668869471153846 0.5478960576923076 0.3391993581730769 0.5946568725961539 0.3424691923076923 0.5983287764423078 0.28995852884615386 0.5515679615384615 0.28668869471153846
1 0.5904127836538462 0.37628328846153847 0.5946272355769231 0.3160137908653846 0.5540232620192308 0.31317448557692307 0.5498088076923077 0.3734439807692308 0.5904127836538462 0.37628328846153847
1 0.5458706105769231 0.3412853725961539 0.5423537211538462 0.3915792283653846 0.5884910600961539 0.39480546394230764 0.5920079495192307 0.34451160817307697 0.5458706105769231 0.3412853725961539
1 0.5857137644230769 0.41772311298076925 0.5884749591346154 0.37823620192307694 0.547870985576923 0.3753968942307692 0.5451097908653846 0.4148838052884616 0.5857137644230769 0.41772311298076925
1 0.540338391826923 0.39464054807692306 0.5371993509615385 0.4395309302884615 0.5814662548076923 0.4426263725961539 0.584605295673077 0.3977359903846154 0.540338391826923 0.39464054807692306
1 0.58453534375 0.4692943100961538 0.5875193701923077 0.4266207403846154 0.5383425817307692 0.4231819639423077 0.5353585552884615 0.4658555360576923 0.58453534375 0.4692943100961538
1 0.5328612235576923 0.4567703125 0.530642579326923 0.4884983894230769 0.5798973052884615 0.4919426153846154 0.5821159495192307 0.4602145384615385 0.5328612235576923 0.4567703125
1 0.5788481105769231 0.5248662932692307 0.5816771225961539 0.48440953124999997 0.5367088052884615 0.48126503846153845 0.5338797932692307 0.5217218028846153 0.5788481105769231 0.5248662932692307
1 0.5302812620192308 0.5115849783653846 0.528140125 0.5422046538461539 0.5761478942307693 0.5455616850961539 0.57828903125 0.5149420096153846 0.5302812620192308 0.5115849783653846
1 0.5773596610576923 0.5808711129807692 0.5798108245192307 0.5458178221153847 0.5250227379807693 0.5419866658653846 0.5225715721153846 0.5770399567307692 0.5773596610576923 0.5808711129807692
1 0.5764523701923077 0.6028056995192308 0.5784481802884616 0.5742642836538462 0.5224910721153846 0.5703513798076923 0.5204952620192308 0.5988927956730768 0.5764523701923077 0.6028056995192308
1 0.5706483052884616 0.6331692355769231 0.5731769759615385 0.5970075384615384 0.5171419326923077 0.5930891875 0.5146132620192307 0.6292508846153846 0.5706483052884616 0.6331692355769231
1 0.5672602139423076 0.6637017139423077 0.5702442403846154 0.6210281442307692 0.5173265841346154 0.61732778125 0.5143425576923076 0.6600013509615384 0.5672602139423076 0.6637017139423077
1 0.5644955985576924 0.6942777908653847 0.5672471057692308 0.6549294326923077 0.5173689014423076 0.651441608173077 0.5146173966346154 0.69078996875 0.5644955985576924 0.6942777908653847
1 0.5978734206730769 0.29647040625 0.5952672427884615 0.3337405072115385 0.6112438533653847 0.3348576995192308 0.6138500336538462 0.29758760096153847 0.5978734206730769 0.29647040625
1 0.6103365649038461 0.35679228846153843 0.6129427427884615 0.3195221875 0.5950956995192308 0.31827419951923075 0.5924895192307692 0.35554430048076924 0.6103365649038461 0.35679228846153843
1 0.5969148413461538 0.3370579639423077 0.5939308149038461 0.37973153605769233 0.6086604711538461 0.38076153365384613 0.6116444975961538 0.3380879615384615 0.5969148413461538 0.3370579639423077
1 0.6045456057692308 0.39592810817307694 0.6069967716346154 0.36087481490384615 0.59281265625 0.3598829663461538 0.5903614927884615 0.39493625961538464 0.6045456057692308 0.39592810817307694
1 0.5906584134615385 0.3817303581730769 0.5882847548076924 0.4156752427884615 0.60488484375 0.41683603365384614 0.6072585024038462 0.3828911490384615 0.5906584134615385 0.3817303581730769
1 0.6010287163461538 0.4462219615384615 0.6036348966346154 0.40895186057692307 0.5857878533653846 0.40770387500000005 0.583181673076923 0.4449739759615384 0.6010287163461538 0.4462219615384615
1 0.5854265336538462 0.4307904639423077 0.583207889423077 0.46251854086538463 0.602223954326923 0.4638482740384615 0.6044425985576922 0.43212019471153845 0.5854265336538462 0.4307904639423077
1 0.600538173076923 0.4879560721153846 0.6029118317307692 0.45401118509615385 0.5814018557692308 0.4525070600961539 0.5790281971153847 0.48645194711538464 0.600538173076923 0.4879560721153846
1 0.582209985576923 0.47678925 0.5803013701923077 0.5040837091346154 0.5937840721153846 0.5050265120192308 0.5956926850961538 0.4777320504807693 0.582209985576923 0.47678925
1 0.5946697067307692 0.528200298076923 0.5962779807692308 0.5052009038461539 0.5803013701923077 0.5040837091346154 0.5786930961538461 0.5270831057692308 0.5946697067307692 0.528200298076923
1 0.5932164471153846 0.5489828822115385 0.5945921995192308 0.5293087019230769 0.5773686322115384 0.5281043125 0.5759928798076923 0.5477784927884616 0.5932164471153846 0.5489828822115385
1 0.5895149086538461 0.5750381442307693 0.5913460144230769 0.5488520865384615 0.5766163581730769 0.5478220889423077 0.57478525 0.5740081466346154 0.5895149086538461 0.5750381442307693
1 0.5883619879807692 0.5915256610576923 0.5895149086538461 0.5750381442307693 0.57478525 0.5740081466346154 0.5736323317307692 0.5904956634615385 0.5883619879807692 0.5915256610576923
1 0.5893251298076924 0.6135910432692308 0.5908558990384616 0.5917000528846154 0.5736323317307692 0.5904956634615385 0.5721015649038461 0.6123866538461539 0.5893251298076924 0.6135910432692308
1 0.5874165168269231 0.6408855024038461 0.5893251298076924 0.6135910432692308 0.5659447235576923 0.611956125 0.5640361081730769 0.6392505841346154 0.5874165168269231 0.6408855024038461
1 0.5837052884615385 0.6670793173076923 0.5853910697115384 0.6429715168269231 0.5675440240384615 0.64172353125 0.5658582427884615 0.6658313293269231 0.5837052884615385 0.6670793173076923
1 0.6618941538461538 0.6240954567307693 0.6641031105769231 0.5925059278846153 0.59692340625 0.5878082668269231 0.5947144495192307 0.6193977932692308 0.6618941538461538 0.6240954567307693
1 0.6579680721153847 0.6488819639423077 0.6597119831730769 0.6239428629807692 0.5947144495192307 0.6193977932692308 0.5929705384615385 0.6443368942307692 0.6579680721153847 0.6488819639423077
1 0.65687328125 0.6645381778846153 0.6579680721153847 0.6488819639423077 0.5900090216346153 0.6441298052884614 0.5889142307692308 0.6597860192307692 0.65687328125 0.6645381778846153
1 0.6678572187499999 0.4749815168269231 0.669387985576923 0.45309052884615386 0.6146778317307692 0.44926482211538465 0.6131470649038462 0.47115581250000005 0.6678572187499999 0.4749815168269231
1 0.6187830096153846 0.43423679807692306 0.617184423076923 0.45709764182692303 0.6707255552884616 0.4608416033653846 0.6723241418269231 0.43798075961538463 0.6187830096153846 0.43423679807692306
1 0.6699983533653846 0.44436184375 0.6716066274038461 0.42136244951923074 0.617519951923077 0.41758034134615385 0.6159116778846154 0.4405797355769231 0.6699983533653846 0.44436184375
1 0.6208563269230769 0.40458697836538465 0.6194805721153845 0.4242611586538461 0.6736451826923078 0.4280487163461538 0.6750209375 0.4083745384615384 0.6208563269230769 0.40458697836538465
1 0.6717358533653847 0.40271492788461544 0.672811266826923 0.38733581490384617 0.6235565408653846 0.3838915889423077 0.6224811274038462 0.3992707019230769 0.6717358533653847 0.40271492788461544
1 0.6244672499999999 0.37086783653846156 0.6234790336538462 0.38499999278846153 0.6714868028846154 0.38835702403846156 0.6724750192307692 0.37422486778846153 0.6244672499999999 0.37086783653846156
1 0.6242957067307693 0.35540152884615384 0.6233753100961539 0.36856383413461535 0.6701361250000001 0.37183366826923075 0.6710565216346154 0.3586713653846154 0.6242957067307693 0.35540152884615384
1 0.627710014423077 0.3424136177884615 0.6267896177884615 0.3555759206730769 0.6710565216346154 0.3586713653846154 0.6719769206730769 0.3455090600961539 0.627710014423077 0.3424136177884615
1 0.62854321875 0.33049826923076925 0.627710014423077 0.3424136177884615 0.6695609447115385 0.34534012019230764 0.6703941466346154 0.33342477163461537 0.62854321875 0.33049826923076925
1 0.6296961370192308 0.31401074999999995 0.62854321875 0.33049826923076925 0.6703941466346154 0.33342477163461537 0.6715470673076923 0.3169372524038462 0.6296961370192308 0.31401074999999995
1 0.6306165360576923 0.3008484471153846 0.6296961370192308 0.31401074999999995 0.6715470673076923 0.3169372524038462 0.6724674639423077 0.3037749495192308 0.6306165360576923 0.3008484471153846
1 0.6309037668269231 0.28778109615384617 0.6299930576923077 0.3008048485576923 0.6724674639423077 0.3037749495192308 0.673378173076923 0.2907511971153846 0.6309037668269231 0.28778109615384617
1 0.6318241658653846 0.2746187932692308 0.6309037668269231 0.28778109615384617 0.6739237163461538 0.29078934375 0.6748441153846154 0.27762704086538464 0.6318241658653846 0.2746187932692308
1 0.6328220697115385 0.2603480841346154 0.6318241658653846 0.2746187932692308 0.6748441153846154 0.27762704086538464 0.6758420192307693 0.2633563341346154 0.6328220697115385 0.2603480841346154
1 0.6336649615384615 0.24829418749999999 0.6328220697115385 0.2603480841346154 0.6764654975961538 0.26339993028846154 0.6773083870192308 0.25134603365384617 0.6336649615384615 0.24829418749999999
1 0.6354316706730769 0.23198881971153848 0.6342884375 0.24833778605769233 0.6773083870192308 0.25134603365384617 0.6784516201923078 0.23499706730769232 0.6354316706730769 0.23198881971153848
1 0.6361195456730768 0.22215172836538463 0.6354316706730769 0.23198881971153848 0.6772825985576924 0.23491531971153845 0.6779704759615384 0.22507823076923075 0.6361195456730768 0.22215172836538463
1 0.634846375 0.20451996634615383 0.6336256370192307 0.2219773389423077 0.6779704759615384 0.22507823076923075 0.6791912139423076 0.20762086057692308 0.634846375 0.20451996634615383
1 0.63553425 0.194682875 0.634846375 0.20451996634615383 0.6760738269230769 0.20740287259615384 0.6767617019230769 0.19756577884615384 0.63553425 0.194682875
1 0.6373881538461539 0.1771305528846154 0.6361577283653846 0.19472647355769232 0.6767617019230769 0.19756577884615384 0.6779921298076924 0.17996986057692307 0.6373881538461539 0.1771305528846154
1 0.7761942836538461 0.6045209471153846 0.7771534350961539 0.5908044423076924 0.729769141826923 0.5874910096153847 0.7288099903846154 0.601207514423077 0.7761942836538461 0.6045209471153846
1 0.7753998341346153 0.61588209375 0.7761942836538461 0.6045209471153846 0.7262381466346154 0.6010276730769231 0.7254436971153846 0.6123888197115385 0.7753998341346153 0.61588209375
1 0.7711476201923078 0.6285329567307693 0.7720486418269231 0.6156477548076923 0.7254436971153846 0.6123888197115385 0.7245426754807693 0.6252740216346153 0.7711476201923078 0.6285329567307693
1 0.7289661394230769 0.5004173317307692 0.7303418918269231 0.48074315144230767 0.6824899903846154 0.4773970192307692 0.6811142379807692 0.4970712019230769 0.7289661394230769 0.5004173317307692
1 0.7278304591346154 0.5110584759615384 0.7288961826923077 0.4958179134615385 0.6831485192307691 0.49261892548076924 0.6820827932692308 0.5078594879807692 0.7278304591346154 0.5110584759615384
1 0.7290821153846154 0.5233980673076923 0.7305159999999999 0.5028925841346154 0.6843786610576923 0.4996663485576923 0.6829447788461539 0.5201718317307692 0.7290821153846154 0.5233980673076923
1 0.7283361081730769 0.5340664615384616 0.7294599639423077 0.5179945961538461 0.6816080625 0.5146484663461538 0.6804842091346154 0.530720329326923 0.7283361081730769 0.5340664615384616
1 0.7240059615384615 0.546711875 0.7253332716346154 0.5277304495192308 0.6817677788461538 0.5246840528846154 0.6804404687500001 0.5436654783653846 0.7240059615384615 0.546711875
1 0.7251392211538461 0.5551448028846153 0.7260983725961538 0.541428298076923 0.6816755985576923 0.5383219543269231 0.6807164471153846 0.5520384615384615 0.7251392211538461 0.5551448028846153
1 0.7251439230769231 0.567397201923077 0.7259965024038462 0.55520475 0.6807164471153846 0.5520384615384615 0.6798638677884615 0.5642309110576923 0.7251439230769231 0.567397201923077
1 0.72429134375 0.5795896490384616 0.7251439230769231 0.567397201923077 0.6790065865384616 0.5641709639423077 0.6781540072115385 0.5763634134615384 0.72429134375 0.5795896490384616
1 0.7246086394230769 0.5940915528846153 0.725616233173077 0.5796822956730769 0.6781540072115385 0.5763634134615384 0.6771464134615385 0.5907726706730769 0.7246086394230769 0.5940915528846153
1 0.7239788942307693 0.6030973389423078 0.7246086394230769 0.5940915528846153 0.6809652139423077 0.5910397091346155 0.6803354663461539 0.6000454927884615 0.7239788942307693 0.6030973389423078
1 0.7208860144230769 0.6159685024038463 0.7217967235576922 0.6029447475961539 0.6803354663461539 0.6000454927884615 0.6794247572115384 0.6130692475961539 0.7208860144230769 0.6159685024038463
1 0.7197718485576924 0.6319018149038461 0.7208860144230769 0.6159685024038463 0.6785674759615384 0.6130093004807692 0.6774533100961538 0.6289426153846154 0.7197718485576924 0.6319018149038461
2 0.8205502379807693 0.6365820504807692 0.8293182379807693 0.5111937908653846 0.7912081730769231 0.508528875 0.782440173076923 0.6339171346153846 0.8205502379807693 0.6365820504807692
2 0.8572591875 0.6436042884615384 0.8659787451923078 0.51890878125 0.8214780360576923 0.5157969879807692 0.8127584783653846 0.6404924951923078 0.8572591875 0.6436042884615384