1 0.8894832740384615 0.9328261250000001 0.8655835649038461 0.781929298076923 0.5563650961538461 0.8309046923076924 0.5802648052884616 0.9818015192307693 0.8894832740384615 0.9328261250000001
1 0.4061935985576923 0.8050037307692308 0.3946638004807692 0.7322074423076923 0.29764399759615384 0.7475738677884615 0.3091737980769231 0.8203701586538461 0.4061935985576923 0.8050037307692308
1 0.33581328846153846 0.9099913942307692 0.31533196153846155 0.7806773846153846 0.11522218990384615 0.8123716586538462 0.13570351682692308 0.9416856682692308 0.33581328846153846 0.9099913942307692
1 0.2914076995192308 0.7181876466346153 0.27860324999999997 0.6373435288461539 0.08003674038461539 0.6687933725961539 0.0928411923076923 0.7496374927884616 0.2914076995192308 0.7181876466346153
1 0.2746868822115385 0.563341389423077 0.2588985889423077 0.46365802884615387 0.06938588942307691 0.49367389182692306 0.08517418269230768 0.5933572524038462 0.2746868822115385 0.563341389423077
1 0.3672308197115385 0.5100601995192308 0.35868486298076924 0.4561031514423077 0.25410307211538463 0.4726672788461539 0.2626490288461538 0.5266243269230769 0.3672308197115385 0.5100601995192308
1 0.3926737908653846 0.6607126009615385 0.3819985889423077 0.5933120168269231 0.27283845192307693 0.6106012860576923 0.28351365625 0.6780018677884615 0.3926737908653846 0.6607126009615385
1 0.4678105817307693 0.635031329326923 0.459264625 0.5810742788461538 0.3759284230769231 0.5942734375 0.3844743798076923 0.6482304855769231 0.4678105817307693 0.635031329326923
1 0.3638636802884615 0.4691574302884615 0.37410434375 0.5338144350961538 0.46052707211538463 0.5201264206730769 0.4502864086538461 0.45546941346153846 0.3638636802884615 0.4691574302884615
1 0 0.3595631033653846 0.007905608173076924 0.4094771466346154 0.33379131730769235 0.35786192067307687 0.31116625721153846 0.21501292307692307 0 0.2642968173076923 0 0.3595631033653846
1 0.5002099999999999 0.3784709230769231 0.4814233798076923 0.2598568701923077 0.2995241105769231 0.28866688461538464 0.3183107307692307 0.4072809375 0.5002099999999999 0.3784709230769231
1 0.5935380168269231 0.8498599735576923 0.5824427572115385 0.7798072620192307 0.49756329086538464 0.7932508485576922 0.5086585480769231 0.8633035600961538 0.5935380168269231 0.8498599735576923
1 0.8469428701923077 0.14318504567307694 0.8393239326923077 0.09508096634615384 0.80058803125 0.10121612980769232 0.80820696875 0.14932020913461538 0.8469428701923077 0.14318504567307694
1 0.8119647932692308 0.15406859374999998 0.8049542115384616 0.10980552403846154 0.7567015192307692 0.117448 0.7637121009615384 0.16171106971153845 0.8119647932692308 0.15406859374999998
1 0.7929298389423077 0.31289056971153845 0.7867593677884616 0.27393175 0.7399470552884615 0.28134609374999997 0.7461175264423077 0.3203049110576923 0.7929298389423077 0.31289056971153845
1 0.8331558701923077 0.28786378365384613 0.8271881850961538 0.2501853028846154 0.7818676923076923 0.25736336298076923 0.7878353774038461 0.29504184615384615 0.8331558701923077 0.28786378365384613
1 0.865056798076923 0.2668742211538462 0.8594946850961538 0.23175641346153847 0.816386201923077 0.238584125 0.8219483173076922 0.2737019326923077 0.865056798076923 0.2668742211538462
1 0.9119664591346154 0.25541335096153844 0.9066216153846154 0.22166733173076925 0.861301125 0.22884539182692307 0.86664596875 0.2625914110576923 0.9119664591346154 0.25541335096153844
1 0.9578161875 0.23193327403846153 0.9535432067307692 0.20495475000000002 0.9093544423076924 0.2119535625 0.9136274206730769 0.23893208653846154 0.9578161875 0.23193327403846153
1 0.9398955625000001 0.11046340624999999 0.9302922235576924 0.04983031490384615 0.8835313533653846 0.057236509615384616 0.8931346923076924 0.11786960096153846 0.9398955625000001 0.11046340624999999
1 0.9037643485576923 0.12771688221153846 0.8930891442307692 0.06031629567307692 0.843807610576923 0.0681217235576923 0.8544828149038461 0.13552231009615384 0.9037643485576923 0.12771688221153846
1 0.886678829326923 0.3467905072115384 0.8806387211538461 0.30865476442307693 0.8376845673076924 0.31545803365384617 0.8437246754807692 0.3535937764423077 0.886678829326923 0.3467905072115384
1 0.9581426778846154 0.6508358846153846 0.949611204326923 0.5969702884615384 0.8712648870192308 0.609379125 0.879796358173077 0.6632447211538461 0.9581426778846154 0.6508358846153846