1 0.5490050360576924 0.6362894375000001 0.5479822860576923 0.607001735576923 0.4841930432692308 0.6092293052884615 0.4852157932692308 0.6385170072115384 0.5490050360576924 0.6362894375000001
1 0.8483531562500001 0.6079083846153847 0.8472383100961539 0.5759833990384615 0.7928964350961538 0.5778810600961538 0.7940112788461539 0.609806045673077 0.8483531562500001 0.6079083846153847
1 0.8768159110576923 0.6126123605769231 0.8759531177884615 0.5879051971153846 0.8423017548076923 0.5890803269230769 0.8431645480769231 0.6137874903846154 0.8768159110576923 0.6126123605769231
1 0.8425200024038462 0.30431590865384617 0.8421079951923077 0.2925175456730769 0.8225105649038462 0.2932019014423077 0.8229225721153846 0.3050002644230769 0.8425200024038462 0.30431590865384617
1 0.8179746129807692 0.3043392091346154 0.8175771466346154 0.2929572596153846 0.795949704326923 0.29371250480769234 0.7963471706730769 0.30509445673076924 0.8179746129807692 0.3043392091346154
1 0.7967671634615384 0.30369005528846155 0.7964084759615384 0.2934185384615385 0.7744687235576924 0.2941846923076923 0.7748274134615385 0.30445620673076923 0.7967671634615384 0.30369005528846155
1 0.7739486490384616 0.3061545793269231 0.77351240625 0.2936621923076923 0.7510261129807693 0.2944474326923077 0.7514623557692308 0.3069398173076923 0.7739486490384616 0.3061545793269231
1 0.7496617283653847 0.3068637235576923 0.7492157908653846 0.2940937283653846 0.7272760384615384 0.2948598798076923 0.7277219759615385 0.307629875 0.7496617283653847 0.3068637235576923
1 0.7259062836538461 0.3093609639423077 0.7254700408653847 0.2968685769230769 0.7025933605769231 0.2976674495192308 0.7030296033653846 0.31015983413461534 0.7259062836538461 0.3093609639423077
1 0.6996620576923077 0.3122230625 0.6992500504807692 0.3004246971153846 0.6775445312499999 0.3011826706730769 0.6779565384615385 0.31298103365384616 0.6996620576923077 0.3122230625
1 0.6771359423076924 0.3163450576923077 0.6766512259615385 0.30246462740384616 0.6540868557692308 0.30325259375 0.6545715697115385 0.3171330216346154 0.6771359423076924 0.3163450576923077
1 0.6524053149038462 0.31554098557692306 0.6520417788461538 0.30513066346153844 0.62619815625 0.3060331442307692 0.6265616923076922 0.31644346394230766 0.6524053149038462 0.31554098557692306
1 0.9105108846153847 0.3015246923076923 0.9101570408653846 0.2913919807692308 0.891028076923077 0.29205998076923073 0.8913819182692309 0.3021926899038462 0.9105108846153847 0.3015246923076923
1 0.6569958100961538 0.4044627259615385 0.6565983437499999 0.39308077403846153 0.6331751201923077 0.39389873076923076 0.6335725865384615 0.4052806826923077 0.6569958100961538 0.4044627259615385
1 0.6802871129807693 0.4043442451923077 0.6798654110576923 0.3922682716346154 0.6560518004807693 0.39309986057692303 0.6564735048076924 0.4051758341346154 0.6802871129807693 0.4043442451923077
1 0.7028030120192308 0.40216823557692305 0.7023861586538461 0.39023106730769236 0.6798217860576923 0.39101903365384616 0.6802386418269231 0.40295620192307696 0.7028030120192308 0.40216823557692305
1 0.7332289663461539 0.4004108701923077 0.7327878750000001 0.38777968028846155 0.7095208076923077 0.38859218269230766 0.7099618990384615 0.40122337500000005 0.7332289663461539 0.4004108701923077
1 0.75491025 0.398958875 0.7545176298076922 0.3877157283653846 0.7323436466346155 0.38849006009615383 0.732736266826923 0.39973320673076923 0.75491025 0.398958875
1 0.7795487812499999 0.3971256658653846 0.7791561610576923 0.3858825168269231 0.7550302427884615 0.3867250144230769 0.7554228629807693 0.3979681610576923 0.7795487812499999 0.3971256658653846
1 0.8059927860576923 0.39550735096153844 0.8056195552884616 0.38481942067307695 0.7827428750000001 0.3856182932692308 0.7831161057692307 0.39630622355769235 0.8059927860576923 0.39550735096153844
1 0.8306507067307692 0.3942293581730769 0.8303259471153847 0.3849294711538462 0.8066684927884615 0.3857556081730769 0.8069932524038462 0.3950554951923077 0.8306507067307692 0.3942293581730769
1 0.8498916778846154 0.39453026201923075 0.8494408942307692 0.38162146394230767 0.829531153846154 0.3823167283653846 0.8299819399038462 0.3952255264423077 0.8498916778846154 0.39453026201923075
1 0.8765505288461538 0.39234855288461534 0.8761142836538462 0.37985616826923074 0.8555799254807692 0.3805732427884615 0.856016170673077 0.3930656298076923 0.8765505288461538 0.39234855288461534
1 0.8952891057692308 0.3916941875 0.8949885817307692 0.3830883221153846 0.8780457860576922 0.38367997836538464 0.8783463076923077 0.39228584375 0.8952891057692308 0.3916941875
1 0.9148913822115384 0.39114863461538457 0.9145423870192307 0.38115472596153843 0.8950230360576923 0.38183635817307693 0.89537203125 0.3918302668269231 0.9148913822115384 0.39114863461538457
1 0.9206382163461538 0.43931074759615385 0.9202262091346154 0.4275123798076923 0.9007068557692308 0.42819401201923074 0.9011188653846154 0.43999237740384617 0.9206382163461538 0.43931074759615385
1 0.7597244783653847 0.4495161033653846 0.75935125 0.43882817307692307 0.7355376394230769 0.43965976201923074 0.7359108701923076 0.4503476923076923 0.7597244783653847 0.4495161033653846
1 0.6836183942307692 0.4527296802884615 0.6832645528846153 0.44259696875 0.6585920913461538 0.4434585504807692 0.6589459350961538 0.4535912620192307 0.6836183942307692 0.4527296802884615
1 0.46480354326923073 0.3897723004807692 0.46546275480769234 0.40864968509615385 0.49786487980769234 0.40751817788461536 0.4972056682692308 0.38864079326923073 0.46480354326923073 0.3897723004807692
1 0.49648201442307693 0.3947809014423077 0.49592459134615385 0.37881840865384614 0.4618828413461538 0.3800071730769231 0.4624402644230769 0.39596966346153845 0.49648201442307693 0.3947809014423077
1 0.35022078125 0.4529763533653846 0.34878602403846154 0.41189028365384617 0.2564985288461539 0.41511303365384616 0.2579332860576923 0.4561991033653846 0.35022078125 0.4529763533653846
1 0.38602229086538464 0.4596476274038462 0.3849753052884616 0.42966590384615383 0.33969040865384614 0.43124728605769236 0.34073739423076926 0.4612290120192308 0.38602229086538464 0.4596476274038462
1 0.42099350721153844 0.4694053149038462 0.4199998413461538 0.4409504375 0.3907208125 0.4419728846153846 0.39171447836538464 0.47042776201923076 0.42099350721153844 0.4694053149038462
1 0.4890049639423077 0.4828732884615385 0.4882342668269231 0.46080340625000005 0.4465409302884616 0.46225937019230773 0.44731162740384617 0.4843292524038461 0.4890049639423077 0.4828732884615385
1 0.3857844110576923 0.7863827451923077 0.3822120600961538 0.6840839903846153 0.13384782451923077 0.6927570600961539 0.13742017548076924 0.7950558149038461 0.3857844110576923 0.7863827451923077
1 0.060835230769230766 0.6972523461538462 0.05915326923076923 0.6490872596153847 0.007153713942307692 0.6509031249999999 0.008835675480769231 0.6990682091346153 0.060835230769230766 0.6972523461538462
1 0.23549321634615383 0.13595383173076922 0.2320759735576923 0.0380968125 0.14775237259615384 0.041041459134615384 0.1511696153846154 0.13889847596153845 0.23549321634615383 0.13595383173076922
1 0.2803404423076923 0.14870200721153848 0.2779701826923077 0.0808267139423077 0.1909919519230769 0.08386406009615384 0.19336220913461538 0.1517393533653846 0.2803404423076923 0.14870200721153848
1 0.3217459831730769 0.18825328846153846 0.31921092307692306 0.11565865144230769 0.23223268990384616 0.11869599759615385 0.23476775240384617 0.19129063461538462 0.3217459831730769 0.18825328846153846
1 0.3538144591346154 0.2156230120192308 0.35094979086538464 0.13358968028846155 0.25592958653846154 0.1369078581730769 0.2587942524038462 0.21894118990384617 0.3538144591346154 0.2156230120192308
1 0.3845582331730769 0.23192110817307693 0.3825175817307693 0.17348450721153846 0.3017855408653846 0.17630373076923078 0.3038261923076923 0.23474033413461537 0.3845582331730769 0.23192110817307693
1 0.41808803365384617 0.249650625 0.4165466394230769 0.20551086538461538 0.33308188942307687 0.2084255168269231 0.33462328365384614 0.2525652788461538 0.41808803365384617 0.249650625
1 0.44039683173076927 0.2773611610576923 0.43863246874999995 0.2268364014423077 0.3746870721153846 0.22906942548076922 0.3764514350961538 0.2795941826923077 0.44039683173076927 0.2773611610576923
2 0.48298094951923076 0.7625594567307693 0.46928289903846154 0.3702985552884615 0.19452849759615384 0.37989319230769236 0.20822655048076924 0.7721540913461538 0.48298094951923076 0.7625594567307693
1 0.18389028605769228 0.028244689903846154 0.1855431658653846 0.07557694951923076 0.23098421634615385 0.07399011298076923 0.2293313389423077 0.026657853365384617 0.18389028605769228 0.028244689903846154
1 0.1841766514423077 0.01405938701923077 0.18577621153846155 0.059864800480769226 0.2320761153846154 0.058247971153846154 0.23047655528846153 0.012442560096153845 0.1841766514423077 0.01405938701923077
1 0.18740743028846152 0.01255683173076923 0.1885028870192308 0.04392659855769231 0.23121123076923075 0.042435189903846156 0.23011577403846153 0.011065423076923077 0.18740743028846152 0.01255683173076923
1 0.2263786971153846 0.06970378605769231 0.22803642307692307 0.11717485096153846 0.28284676201923076 0.11526083173076923 0.2811890360576923 0.06778976682692307 0.2263786971153846 0.06970378605769231
1 0.22470343028846151 0.05530903846153846 0.2263514639423077 0.1025024951923077 0.28217681009615386 0.10055303125000001 0.28052877884615385 0.053359574519230776 0.22470343028846151 0.05530903846153846
1 0.22521918028846155 0.040976752403846156 0.22674603365384616 0.08470010336538461 0.28171252884615383 0.08278062980769231 0.2801856754807692 0.03905728125 0.22521918028846155 0.040976752403846156
1 0.22943417548076922 0.025125550480769233 0.2310822067307692 0.07231900961538461 0.28378445673076924 0.07047860576923076 0.2821364254807692 0.023285149038461538 0.22943417548076922 0.025125550480769233
1 0.2294174014423077 0.013452360576923077 0.23091032451923077 0.056204079326923076 0.2842371923076923 0.054341865384615384 0.2827442716346154 0.011590144230769232 0.2294174014423077 0.013452360576923077
1 0.2299111466346154 0.00968283173076923 0.2309484375 0.03938694951923077 0.28458761778846153 0.03751382932692308 0.2835503269230769 0.007809711538461538 0.2299111466346154 0.00968283173076923
1 0.09093768509615385 0.01689844230769231 0.09397200240384616 0.10378992307692309 0.18735258173076924 0.10052900000000001 0.18431826442307694 0.013637521634615384 0.09093768509615385 0.01689844230769231
1 0.1377017283653846 0.012902855769230769 0.13893775240384615 0.04829794711538461 0.18679920192307692 0.046626588942307694 0.18556317788461538 0.011231497596153847 0.1377017283653846 0.012902855769230769
1 0.28350740384615386 0.10731626923076923 0.28493731490384616 0.14826353125 0.3234294759615385 0.14691935576923076 0.3219995673076923 0.10597209375 0.28350740384615386 0.10731626923076923
1 0.28468707211538463 0.09184901201923078 0.28621392548076924 0.13557236057692307 0.3235349278846154 0.13426908413461539 0.32200807451923075 0.09054573317307693 0.28468707211538463 0.09184901201923078
1 0.2858425072115385 0.07568773076923077 0.28739359615384613 0.12010510096153845 0.32377766826923077 0.11883454086538461 0.32222657932692306 0.07441717067307693 0.2858425072115385 0.07568773076923077
1 0.2838113076923077 0.0600546514423077 0.2853866322115385 0.10516604326923076 0.3234103293269231 0.10383822596153847 0.32183500480769234 0.058726836538461544 0.2838113076923077 0.0600546514423077
1 0.28428290865384614 0.04669672355769231 0.28591639903846156 0.09347376442307692 0.3244085625 0.0921295889423077 0.3227750721153846 0.04535254567307692 0.28428290865384614 0.04669672355769231
1 0.2836512115384615 0.03532294951923077 0.2851198990384615 0.07738064903846155 0.3245489903846154 0.07600375480769231 0.3230803028846154 0.033946055288461535 0.2836512115384615 0.03532294951923077
1 0.2849331923076923 0.02054698798076923 0.2864891298076923 0.0651031610576923 0.326074375 0.0637208125 0.32451843990384616 0.01916463942307692 0.2849331923076923 0.02054698798076923
1 0.28542418509615386 0.007744274038461538 0.2869558846153846 0.051606427884615384 0.3268534399038462 0.05021317548076923 0.32532174038461537 0.006351021634615385 0.28542418509615386 0.007744274038461538
1 0.29922934375 0.006845266826923076 0.30021816346153846 0.03516133894230769 0.32676448076923076 0.034234322115384616 0.3257756634615384 0.00591825 0.29922934375 0.006845266826923076
1 0.32318645432692306 0.12205157932692308 0.32463090625 0.1634152548076923 0.3549249423076923 0.16235736298076922 0.35348049038461543 0.1209936875 0.32318645432692306 0.12205157932692308
1 0.3235751322115385 0.10855757211538462 0.3249614182692308 0.14825559615384615 0.3550992980769231 0.14720315865384614 0.3537130120192308 0.1075051346153846 0.3235751322115385 0.10855757211538462
1 0.32343181009615385 0.09549906490384616 0.32473569471153846 0.1328374158653846 0.35534203846153845 0.13176861778846155 0.3540381538461539 0.09443026682692308 0.32343181009615385 0.09549906490384616
1 0.32456681009615385 0.08322975480769232 0.325817375 0.11904126201923078 0.35642371875 0.1179724639423077 0.3551731538461539 0.08216095913461538 0.32456681009615385 0.08322975480769232
1 0.3241170697115384 0.06587376682692307 0.3255760625 0.10765385576923078 0.3568851033653846 0.1065605216346154 0.3554261105769231 0.0647804326923077 0.3241170697115384 0.06587376682692307
1 0.3247792788461539 0.05125842067307692 0.3262818966346154 0.09428774759615385 0.3589182548076923 0.09314806009615384 0.35741563701923074 0.05011873317307692 0.3247792788461539 0.05125842067307692
1 0.32593366826923076 0.03954432932692308 0.3274556730769231 0.083128875 0.35954548798076924 0.08200827403846155 0.3580234831730769 0.038423728365384616 0.32593366826923076 0.03954432932692308
1 0.3267073629807692 0.02812148076923077 0.3281178822115385 0.06851352884615385 0.3579434543269231 0.06747199759615384 0.3565329326923077 0.02707994951923077 0.3267073629807692 0.02812148076923077
1 0.3287502067307692 0.014986629807692307 0.3301607283653846 0.05537867548076923 0.3594397572115385 0.05435622836538461 0.35802923557692307 0.013964182692307692 0.3287502067307692 0.014986629807692307
1 0.3278934471153846 0.006122240384615384 0.3291730961538461 0.04276657211538462 0.3587644326923077 0.04173322115384615 0.3574847860576923 0.005088889423076923 0.3278934471153846 0.006122240384615384
1 0.35336339182692306 0.16241189423076924 0.35467697115384617 0.2000278557692308 0.38661063221153846 0.19891270673076925 0.38529705288461535 0.1612967451923077 0.35336339182692306 0.16241189423076924
1 0.35288732692307695 0.15325626442307694 0.35407972596153847 0.18740211778846155 0.38577915384615385 0.18629514903846156 0.38458675480769233 0.15214929807692307 0.35288732692307695 0.15325626442307694
1 0.35485746394230766 0.13803934855769232 0.356112875 0.17398965624999999 0.3853138269230769 0.1729699375 0.38405841346153846 0.1370196298076923 0.35485746394230766 0.13803934855769232
1 0.35497745673076925 0.1258054855769231 0.35625225721153847 0.1623110120192308 0.38553128605769227 0.1612885673076923 0.3842564831730769 0.12478303846153847 0.35497745673076925 0.1258054855769231
1 0.35613184375 0.11409139663461539 0.35738725480769234 0.15004170673076922 0.38565127884615386 0.14905470432692308 0.3843958653846154 0.11310439423076923 0.35613184375 0.11409139663461539
1 0.3566858461538462 0.10309314182692307 0.35789278846153844 0.13765540625 0.38561026923076924 0.1366874903846154 0.38440332692307694 0.10212522596153846 0.3566858461538462 0.10309314182692307
1 0.35678697355769234 0.08808046634615385 0.3580133028846154 0.12319794711538462 0.38737040865384614 0.12217277403846155 0.38614407932692313 0.08705529326923077 0.35678697355769234 0.08808046634615385
1 0.3581082572115385 0.07219134134615385 0.3595090841346154 0.11230577884615384 0.38761694951923076 0.11132423076923076 0.38621612259615384 0.07120979326923077 0.3581082572115385 0.07219134134615385
1 0.3584818701923077 0.06050451682692308 0.35988269711538456 0.10061895192307692 0.38760017788461537 0.09965103605769231 0.38619935096153846 0.05953660096153846 0.3584818701923077 0.06050451682692308
1 0.3582599471153846 0.04967232932692308 0.3595250528846154 0.08590024759615383 0.38724253365384614 0.08493233173076924 0.38597742788461537 0.04870441346153846 0.3582599471153846 0.04967232932692308
1 0.35806278125 0.03731056971153846 0.3593036538461538 0.07284446394230769 0.38639651442307693 0.07189836057692309 0.38515564423076926 0.03636446634615385 0.35806278125 0.03731056971153846
1 0.35898293750000004 0.02560465625 0.3602238076923077 0.06113855528846154 0.38794128846153847 0.06017063942307692 0.3867004182692308 0.024636740384615385 0.35898293750000004 0.02560465625
1 0.35976147836538463 0.01432061298076923 0.3610992932692308 0.05263059375 0.388036 0.05168994471153846 0.38669818509615383 0.013379961538461538 0.35976147836538463 0.01432061298076923
1 0.36062242307692305 0.005396242788461538 0.3618778341346154 0.041346550480769226 0.38818992067307695 0.04042771153846154 0.3869345096153846 0.004477403846153846 0.36062242307692305 0.005396242788461538
1 0.36905478365384614 0.005101778846153846 0.3697818557692308 0.02592241826923077 0.38867658894230767 0.025262598557692306 0.3879495168269231 0.0044419591346153845 0.36905478365384614 0.005101778846153846
1 0.3897590096153846 0.1950504783653846 0.39082538221153845 0.22558741826923076 0.41565399759615385 0.22472038461538463 0.414587625 0.1941834423076923 0.3897590096153846 0.1950504783653846
1 0.38946922596153843 0.18227502884615385 0.3905937644230769 0.21447762499999998 0.4163593100961539 0.21357787259615385 0.41523477163461536 0.18137527644230772 0.38946922596153843 0.18227502884615385
1 0.3883157451923077 0.16939077163461538 0.3894208942307692 0.20103814663461536 0.41573298076923076 0.2001193076923077 0.4146278317307692 0.16847193269230767 0.3883157451923077 0.16939077163461538
1 0.3876447451923077 0.15913015865384614 0.38870142548076925 0.18938949278846154 0.4151696658653846 0.18846520192307692 0.4141129855769231 0.15820586778846155 0.3876447451923077 0.15913015865384614
1 0.38775504326923077 0.1466186875 0.38889897115384614 0.17937650000000002 0.41575760096153846 0.17843857451923076 0.4146136730769231 0.14568076442307692 0.38775504326923077 0.1466186875
1 0.3873042572115385 0.13370989182692308 0.38845303365384615 0.16660650480769232 0.41570204807692307 0.16565494711538462 0.41455327403846154 0.13275833413461538 0.3873042572115385 0.13370989182692308
1 0.38733647836538465 0.12120114663461538 0.38850949038461535 0.15479178125 0.41544619471153843 0.15385113221153845 0.41427318509615385 0.12026049519230769 0.38733647836538465 0.12120114663461538
1 0.38718346153846156 0.10786502884615384 0.38843402644230773 0.14367653365384617 0.4147461129807692 0.14275769471153846 0.41349554807692307 0.10694618990384616 0.38718346153846156 0.10786502884615384
1 0.38739607451923075 0.09604485336538461 0.38863209615384614 0.13143994471153847 0.41525649278846155 0.1305102019230769 0.41402046875000004 0.09511510817307692 0.38739607451923075 0.09604485336538461
1 0.3870696057692308 0.07326459134615385 0.38847907932692305 0.11810382692307692 0.4146350120192308 0.11719044230769231 0.4133816923076923 0.07234575480769231 0.3870696057692308 0.07326459134615385
1 0.41572394951923075 0.21776926442307692 0.41676124038461543 0.2474733798076923 0.4401844639423077 0.24665542307692306 0.4391471730769231 0.2169513076923077 0.41572394951923075 0.21776926442307692
1 0.4156387932692308 0.20637640625 0.41665669471153843 0.23552530769230767 0.4397676081730769 0.23471825721153847 0.43874970673076924 0.20556935576923077 0.4156387932692308 0.20637640625
1 0.41542656490384616 0.1958218293269231 0.4164347716346154 0.22469312019230767 0.4407949230769231 0.22384244471153847 0.43978671634615385 0.19497115384615385 0.41542656490384616 0.1958218293269231
1 0.4146392355769231 0.1822299158653846 0.4156910673076923 0.21235044471153847 0.44051968269230773 0.2114834110576923 0.43946785096153845 0.18136288221153848 0.4146392355769231 0.1822299158653846
1 0.41499830528846154 0.17012667788461538 0.4160259014423077 0.19955318509615386 0.439449125 0.19873522836538463 0.4384215288461538 0.16930872115384615 0.41499830528846154 0.17012667788461538
1 0.4142982235576923 0.15903324038461536 0.4152967379807692 0.18762692307692308 0.43996919951923075 0.18676534134615386 0.43897068509615383 0.15817165865384614 0.4142982235576923 0.15903324038461536
1 0.41403752403846156 0.1470906201923077 0.41508450961538457 0.17707234374999997 0.44030351201923074 0.17619167788461537 0.4392565264423077 0.14620995192307693 0.41403752403846156 0.1470906201923077
1 0.4133859134615384 0.13738522596153846 0.41440381490384615 0.16653412499999998 0.4407159014423077 0.16561528605769232 0.439698 0.13646638942307693 0.4133859134615384 0.13738522596153846
1 0.41415960817307695 0.12596237740384614 0.41520659375 0.1559441033653846 0.4406598293269231 0.15505525480769233 0.43961284375 0.12507353125 0.41415960817307695 0.12596237740384614
1 0.41467968269230765 0.11399249038461538 0.41578483413461537 0.1456398653846154 0.4407696033653846 0.1447673798076923 0.4396644519230769 0.11312000240384615 0.41467968269230765 0.11399249038461538
1 0.41460421875000003 0.10287724278846154 0.4156996754807692 0.13424701201923075 0.44099675721153847 0.13336361778846154 0.43990130048076925 0.10199384855769231 0.41460421875000003 0.10287724278846154
1 0.4142261418269231 0.09205050721153846 0.41537006971153845 0.12480831971153847 0.44066714903846155 0.12392492548076922 0.4395232211538461 0.09116711538461539 0.4142261418269231 0.09205050721153846
1 0.41446298798076925 0.0809243533653846 0.4155972235576923 0.11340455528846155 0.4402696826923077 0.11254297355769231 0.4391354495192308 0.08006277163461539 0.41446298798076925 0.0809243533653846
1 0.41476769711538464 0.07174145913461538 0.41583406971153847 0.1022784014423077 0.4400380673076923 0.10143318028846153 0.4389716923076923 0.07089623798076923 0.41476769711538464 0.07174145913461538
1 0.44002450721153846 0.24207488221153847 0.4409115360576923 0.2674760649038462 0.46378821634615386 0.26667719471153845 0.4629011875 0.2412760120192308 0.44002450721153846 0.24207488221153847
1 0.4396076538461538 0.2301377139423077 0.4404946826923077 0.2555388966346154 0.46259058894230765 0.25476729086538463 0.4617035600961538 0.22936610817307693 0.4396076538461538 0.2301377139423077
1 0.4397981201923077 0.20872913701923076 0.44124846394230766 0.2457844278846154 0.4625635961538462 0.24504008653846154 0.4615817163461538 0.20796843509615387 0.4397981201923077 0.20872913701923076
1 0.43953742067307694 0.19678651442307693 0.44037112980769233 0.22066085096153848 0.4616862620192308 0.21991651201923076 0.4608525528846154 0.1960421730769231 0.43953742067307694 0.19678651442307693
1 0.4393009543269231 0.18553791586538462 0.4401685961538462 0.2103838798076923 0.46163988221153845 0.20963408653846155 0.4607722427884615 0.1847881201923077 0.4393009543269231 0.18553791586538462
1 0.43959112019230767 0.1759386081730769 0.4405266225961538 0.20272783413461537 0.46137328846153847 0.2019998533653846 0.4604377884615385 0.17521062740384613 0.43959112019230767 0.1759386081730769
1 0.43941386778846153 0.16190846874999998 0.44041722836538466 0.19064095673076925 0.4607954326923077 0.18992933413461538 0.45979207211538464 0.16119684615384616 0.43941386778846153 0.16190846874999998
1 0.43991403124999995 0.1516069591346154 0.4408883076923077 0.17950662259615385 0.460876125 0.17880863221153845 0.4599018461538461 0.15090896875 0.43991403124999995 0.1516069591346154
1 0.4400044182692308 0.14076386778846153 0.4410514014423077 0.17074559375 0.4611172956730769 0.17004487740384616 0.46007031009615384 0.1400631514423077 0.4400044182692308 0.14076386778846153
1 0.43981157692307693 0.13076450721153846 0.44081978365384616 0.15963579807692307 0.4608856778846154 0.15893508173076926 0.4598774711538462 0.1300637908653846 0.43981157692307693 0.13076450721153846
1 0.4404684158653846 0.11823394951923076 0.44161234375 0.15099175961538464 0.46042900000000003 0.15033466826923078 0.4592850721153846 0.11757685817307693 0.4404684158653846 0.11823394951923076
1 0.44011942307692303 0.1082400408653846 0.4411857956730769 0.13877698317307693 0.4603147596153846 0.13810898557692308 0.45924838701923076 0.10757204326923077 0.44011942307692303 0.1082400408653846
1 0.43940964663461535 0.0968689951923077 0.44051479567307694 0.12851637259615384 0.45979991586538466 0.12784292067307693 0.4586947668269231 0.09619554567307692 0.43940964663461535 0.0968689951923077
1 0.3872671514423077 0.0632515985576923 0.3884837860576923 0.09809147355769231 0.4148739519230769 0.09716990865384616 0.41365731490384616 0.06233003365384615 0.3872671514423077 0.0632515985576923
1 0.38721107692307694 0.05269156730769231 0.3884083245192308 0.0869762235576923 0.41479848798076924 0.08605465865384615 0.41360124278846155 0.05177000240384615 0.38721107692307694 0.05269156730769231
1 0.38757984375 0.04086593509615385 0.3888110216346154 0.0761222235576923 0.4143423341346154 0.07523065144230769 0.41311115625 0.039974362980769236 0.38757984375 0.04086593509615385
1 0.3875926754807692 0.02780197355769231 0.38881415865384616 0.06278065384615385 0.4138770072115384 0.06190543990384615 0.4126555240384615 0.026926759615384616 0.3875926754807692 0.02780197355769231
1 0.4143944663461539 0.06105352884615385 0.41544629807692307 0.09117405769230769 0.4397283725961539 0.09032610817307692 0.4386765384615385 0.060205581730769224 0.4143944663461539 0.06105352884615385
1 0.4130557451923077 0.04734189663461538 0.4141802860576923 0.07954449038461539 0.4398677524038461 0.07864746394230769 0.4387432139423077 0.04644487259615385 0.4130557451923077 0.04734189663461538
1 0.40686063942307693 0.03783008653846154 0.4080142620192308 0.0708655048076923 0.440026 0.06974762980769231 0.43887237740384616 0.03671221153846154 0.40686063942307693 0.03783008653846154
1 0.46344354567307694 0.2590456850961539 0.46432088221153844 0.2841692596153846 0.48196637499999995 0.28355306490384613 0.4810890408653846 0.2584294903846154 0.46344354567307694 0.2590456850961539
1 0.46333310817307694 0.25140599759615384 0.46413773557692306 0.2744475096153846 0.4818613076923077 0.2738285889423077 0.4810566802884615 0.2507870769230769 0.46333310817307694 0.25140599759615384
1 0.4631063365384615 0.2404350048076923 0.4639352019230769 0.26417053846153843 0.48150261778846154 0.26355706971153847 0.4806737548076923 0.23982153846153847 0.4631063365384615 0.2404350048076923
1 0.46181608894230763 0.22811141586538464 0.4626982716346154 0.25337379567307694 0.4814368485576923 0.25271943028846156 0.48055466826923077 0.22745705048076925 0.46181608894230763 0.22811141586538464
1 0.46126128125 0.20103094951923076 0.46203197836538457 0.22310082932692307 0.4811609447115384 0.22243283173076925 0.48039024759615384 0.20036294951923078 0.46126128125 0.20103094951923076
1 0.4618327235576923 0.21963344711538463 0.4626761274038461 0.24378539423076925 0.48188317067307695 0.24311467067307693 0.4810397644230769 0.2189627235576923 0.4618327235576923 0.21963344711538463
1 0.46205450480769233 0.21031447596153846 0.4628106610576923 0.23196794471153848 0.48131500721153847 0.2313217596153846 0.4805588509615385 0.2096682908653846 0.46205450480769233 0.21031447596153846
1 0.4613177379807692 0.18921622596153845 0.4621950721153846 0.21433980048076923 0.4810117283653846 0.2136827091346154 0.4801343942307692 0.18855913461538462 0.4613177379807692 0.18921622596153845
1 0.4607931995192308 0.1786725528846154 0.4617335480769231 0.20560058413461538 0.4809405889423077 0.20492986057692308 0.48000024278846154 0.17800182932692307 0.4607931995192308 0.1786725528846154
1 0.46083459134615384 0.16866501201923076 0.4617652451923077 0.19531543509615384 0.48058190144230767 0.19465834134615384 0.47965124759615385 0.16800792067307693 0.46083459134615384 0.16866501201923076
1 0.48117001442307694 0.28761111057692307 0.4819019326923077 0.30857055528846156 0.49728318269230765 0.30803343028846153 0.4965512644230769 0.28707398557692304 0.48117001442307694 0.28761111057692307
1 0.4811871706730769 0.2769095480769231 0.48195786778846156 0.2989794254807692 0.49694873076923074 0.2984559326923077 0.49617803365384616 0.2763860552884615 0.4811871706730769 0.2769095480769231
1 0.4819797307692308 0.2682655096153846 0.48265348557692306 0.2875593052884616 0.49662934134615383 0.2870712572115385 0.4959555865384615 0.2677774639423077 0.4819797307692308 0.2682655096153846
1 0.48039119230769234 0.25859283413461537 0.4810891802884615 0.2785806514423077 0.4967827403846154 0.2780326201923077 0.49608474999999996 0.2580448028846154 0.48039119230769234 0.25859283413461537
1 0.48093065384615385 0.24717816346153845 0.48172558653846154 0.2699420673076923 0.4974191466346154 0.2693940360576923 0.49662421153846154 0.24663013221153846 0.48093065384615385 0.24717816346153845
1 0.48079597836538457 0.23884445673076923 0.4815085096153846 0.25924868509615384 0.49649937259615384 0.2587251923076923 0.4957868413461538 0.23832096394230767 0.48079597836538457 0.23884445673076923
1 0.4811690697115385 0.22938122596153845 0.48190583653846153 0.25047947596153847 0.49588169230769236 0.24999142788461537 0.4951449254807692 0.22889317788461538 0.4811690697115385 0.22938122596153845
1 0.48039523557692304 0.2206529158653846 0.48112230769230774 0.24147355528846154 0.49572278365384614 0.24096369711538462 0.4949957091346154 0.22014305528846154 0.48039523557692304 0.2206529158653846
1 0.4807295480769231 0.21007925240384615 0.48145177403846157 0.23076108894230768 0.4955057067307692 0.23027031490384614 0.49478348076923073 0.20958847596153846 0.4807295480769231 0.21007925240384615
1 0.4803417764423077 0.19897490625 0.4811221682692307 0.22132239903846151 0.495956875 0.22080435817307692 0.4951764831730769 0.19845686778846156 0.4803417764423077 0.19897490625
1 0.4800170168269231 0.18967501923076924 0.4807974086538461 0.21202251201923075 0.4956321153846154 0.21150447115384616 0.4948517235576923 0.1891569807692308 0.4800170168269231 0.18967501923076924
1 0.4798823413461539 0.1813413125 0.48065303846153845 0.2034111923076923 0.4957219783653847 0.20288497115384616 0.49495128125 0.18081509375 0.4798823413461539 0.1813413125
1 0.4797384951923077 0.1705063966346154 0.4805382764423077 0.1934091033653846 0.4955291394230769 0.19288561057692308 0.4947293581730769 0.16998290625 0.4797384951923077 0.1705063966346154
1 0.4608344519230769 0.1485138533653846 0.4619929206730769 0.18168807692307692 0.4809657307692307 0.18102553125 0.4792607211538461 0.14787039423076923 0.4608344519230769 0.1485138533653846
1 0.46029969711538465 0.13991616826923076 0.4611867259615385 0.16531735096153846 0.4797691490384616 0.16466843750000001 0.47888212019230775 0.1392672548076923 0.46029969711538465 0.13991616826923076
1 0.48022359374999996 0.16201207211538463 0.4810039855769231 0.18435956009615387 0.4949798413461538 0.18387151442307692 0.4941994495192308 0.16152402403846156 0.48022359374999996 0.16201207211538463
1 0.47986005769230766 0.15160175 0.4806404495192308 0.17394923798076922 0.4939916850961538 0.17348300240384618 0.49321129567307687 0.15113551442307693 0.47986005769230766 0.15160175
1 0.4966751971153846 0.2995772764423077 0.4973974230769231 0.3202591129807692 0.51106096875 0.31978197355769233 0.5103387427884616 0.29910013461538465 0.4966751971153846 0.2995772764423077
1 0.49636013221153846 0.29055499759615383 0.49704842788461534 0.31026520673076924 0.5103996658653845 0.30979897115384614 0.5097113701923077 0.2900887620192308 0.49636013221153846 0.29055499759615383
1 0.49640152403846155 0.2805474567307692 0.4970995144230769 0.30053527163461535 0.5100603653846154 0.30008266826923075 0.509362375 0.2800948533653846 0.49640152403846155 0.2805474567307692
1 0.4964278533653846 0.27234709615384617 0.4970967596153846 0.2915020889423077 0.5102918413461539 0.2910413076923077 0.5096229350961539 0.2718863149038462 0.4964278533653846 0.27234709615384617
1 0.49573261778846156 0.2613924663461539 0.49644514903846154 0.28179669471153845 0.5101086947115385 0.2813195528846154 0.5093961634615385 0.2609153245192308 0.49573261778846156 0.2613924663461539
1 0.4958763221153846 0.25207621875 0.49659854807692305 0.2727580576923077 0.5096374759615384 0.2723027283653846 0.50891525 0.2516208894230769 0.4958763221153846 0.25207621875
1 0.4958197259615385 0.24373978365384616 0.49654195192307693 0.2644216201923077 0.5104397307692308 0.2639363004807692 0.5097175048076923 0.24325446153846153 0.4958197259615385 0.24373978365384616
1 0.49525365384615383 0.22305249038461536 0.4964368822115385 0.2546971394230769 0.5102565841346154 0.25421454567307694 0.5092295120192307 0.22256444471153847 0.49525365384615383 0.22305249038461536
1 0.49538229567307696 0.2155434278846154 0.49610936778846154 0.23636406971153848 0.5105536899038461 0.23585966346153847 0.5098266153846154 0.21503902163461538 0.49538229567307696 0.2155434278846154
1 0.4954780528846153 0.2026155456730769 0.49634084615384616 0.22732270673076924 0.510238625 0.2268373846153846 0.5093758317307693 0.2021302235576923 0.4954780528846153 0.2026155456730769
1 0.49534010096153847 0.1874722451923077 0.49624547115384615 0.2178758341346154 0.5099870961538462 0.21739596634615385 0.5088474927884615 0.18700055528846155 0.49534010096153847 0.1874722451923077
1 0.5107157764423077 0.3143740576923077 0.5113556009615384 0.33269622355769235 0.5239260625 0.3322572524038462 0.5232862379807692 0.3139350865384615 0.5107157764423077 0.3143740576923077
1 0.510703326923077 0.3050632644230769 0.5113673870192308 0.3240794519230769 0.5236255384615385 0.3236513870192308 0.5229614783653846 0.3046351995192308 0.510703326923077 0.3050632644230769
1 0.5104878197115384 0.28769909615384615 0.5114087788461539 0.31407191105769233 0.5232765432692308 0.3136574807692308 0.5221994302884615 0.28729011778846153 0.5104878197115384 0.28769909615384615
1 0.5101339759615384 0.27756638461538463 0.5108513557692308 0.29810941826923076 0.5224848894230769 0.2977031658653846 0.5217675120192308 0.27716013221153846 0.5101339759615384 0.27756638461538463
1 0.5094091370192307 0.26800251923076923 0.5101652932692308 0.28965599038461537 0.5225796009615384 0.2892224735576923 0.5218234447115384 0.2675690024038462 0.5094091370192307 0.26800251923076923
1 0.5100649302884616 0.2599191538461538 0.5107096009615385 0.27838012500000003 0.5221869807692308 0.2779793269230769 0.5215423100961538 0.25951835576923077 0.5100649302884616 0.2599191538461538
1 0.5102280240384616 0.251158125 0.5109163197115385 0.2708683341346154 0.521925235576923 0.27048389423076924 0.5212369399038461 0.25077368509615383 0.5102280240384616 0.251158125
1 0.5102155745192307 0.24184733173076925 0.5109184110576923 0.2619739543269231 0.5213027067307693 0.2616113269230769 0.5205998701923077 0.2414847043269231 0.5102155745192307 0.24184733173076925
1 0.5097298125 0.23241409375 0.5104471923076923 0.2529571274038461 0.5207534110576924 0.25259722596153844 0.52003603125 0.2320541923076923 0.5097298125 0.23241409375
1 0.5093070649038461 0.2247853125 0.5099856658653846 0.2442179110576923 0.5204480384615384 0.24385255769230768 0.5197694375 0.2244199591346154 0.5093070649038461 0.2247853125
1 0.5094992427884615 0.21685710817307693 0.5101826899038462 0.23642851442307694 0.5204108317307692 0.23607133894230767 0.5197273822115385 0.21649993509615387 0.5094992427884615 0.21685710817307693
1 0.50924234375 0.20950048317307693 0.5099160985576924 0.2287942764423077 0.5201442379807693 0.22843710336538464 0.5194704831730769 0.20914330769230768 0.50924234375 0.20950048317307693
1 0.5088933485576923 0.1995065745192308 0.5096155745192308 0.22018841346153847 0.5196094831730769 0.21983941826923076 0.5188872572115385 0.19915757932692307 0.5088933485576923 0.1995065745192308
1 0.5231004783653846 0.3153313100961539 0.5237306081730769 0.3333758653846154 0.5350518317307692 0.3329805192307692 0.5344217019230769 0.3149359639423077 0.5231004783653846 0.3153313100961539
1 0.5232097307692307 0.3072670288461538 0.5238301658653847 0.3250339759615385 0.5346048485576923 0.32465771634615387 0.5339844134615385 0.30689076923076924 0.5232097307692307 0.3072670288461538
1 0.5224741490384616 0.30187274759615385 0.5230267235576923 0.31769643509615386 0.5343479495192308 0.3173010889423077 0.5337953725961538 0.30147740384615385 0.5224741490384616 0.30187274759615385
1 0.5224961538461538 0.29130998798076924 0.5231359759615384 0.30963215384615383 0.5338325817307692 0.3092586201923077 0.5331927572115385 0.2909364543269231 0.5224961538461538 0.29130998798076924
1 0.5225811682692307 0.28255168509615386 0.5232209927884616 0.30087385096153846 0.5333710552884615 0.30051940384615383 0.5327312331730769 0.28219723798076923 0.5225811682692307 0.28255168509615386
1 0.5217631875 0.27479773317307693 0.5224223990384615 0.2936751153846154 0.5329628485576923 0.2933070360576923 0.5323036370192308 0.2744296538461538 0.5217631875 0.27479773317307693
1 0.5218675913461538 0.2665946466346154 0.5224977211538462 0.2846392043269231 0.5322573966346154 0.28429838942307695 0.5316272668269231 0.2662538317307692 0.5218675913461538 0.2665946466346154
1 0.5210501322115385 0.2566170985576923 0.5217481225961539 0.2766049158653846 0.5317420312500001 0.2762559206730769 0.5310440408653846 0.2562681033653846 0.5210501322115385 0.2566170985576923
1 0.5207786923076922 0.2488440576923077 0.5214524471153846 0.26813785576923077 0.5312901995192308 0.2677943125 0.5306164447115385 0.2485005168269231 0.5207786923076922 0.2488440576923077
1 0.5207414831730769 0.24106283894230768 0.5213861538461538 0.2595238076923077 0.53153621875 0.2591693605769231 0.530891545673077 0.24070839182692308 0.5207414831730769 0.24106283894230768
1 0.5203682524038462 0.2303749110576923 0.5210953269230769 0.25119555288461537 0.531245389423077 0.2508411057692308 0.5305183149038462 0.23002046153846153 0.5203682524038462 0.2303749110576923
1 0.534730875 0.32826662980769233 0.5352786009615385 0.3439515120192308 0.5454286658653846 0.3435970649038461 0.5448809375 0.32791218028846153 0.534730875 0.32826662980769233
1 0.5344158100961539 0.3192443485576923 0.5349877740384615 0.3356232548076923 0.5447474495192307 0.33528243990384615 0.5441754855769231 0.31890353365384616 0.5344158100961539 0.3192443485576923
1 0.5341249807692308 0.31091609134615383 0.5346581658653846 0.3261845649038462 0.54441784375 0.3258437475961538 0.54388465625 0.3105752764423077 0.5341249807692308 0.31091609134615383
1 0.5337754615384616 0.30314577884615385 0.5343038004807692 0.31827544711538464 0.5445319423076923 0.31791827163461533 0.5440036033653846 0.3027886057692308 0.5337754615384616 0.30314577884615385
1 0.5333527139423077 0.29551699759615385 0.5338907475961538 0.31092427163461533 0.5441969663461539 0.3105643701923077 0.5436589326923077 0.29515709615384617 0.5333527139423077 0.29551699759615385
1 0.5328572572115384 0.2858061514423077 0.5335213173076924 0.3048223365384616 0.5439836899038462 0.3044569831730769 0.5433196298076923 0.2854407980769231 0.5328572572115384 0.2858061514423077
1 0.5318668701923077 0.26416086057692306 0.532453375 0.28095618028846153 0.5432280576923076 0.28057991826923073 0.5426415528846154 0.26378460096153844 0.5318668701923077 0.26416086057692306
1 0.5322584447115385 0.27985119951923076 0.5328304086538462 0.29623010336538463 0.543214701923077 0.29586747596153845 0.5426427379807692 0.27948856971153846 0.5322584447115385 0.27985119951923076
1 0.53251415625 0.27150385817307693 0.5331297451923077 0.289132 0.5434359615384615 0.2887720985576923 0.542820375 0.27114395673076924 0.53251415625 0.27150385817307693
1 0.5312782740384615 0.2562599230769231 0.531826 0.2719448076923077 0.5422883749999999 0.2715794543269231 0.5417406466346154 0.25589456971153846 0.5312782740384615 0.2562599230769231
1 0.5313046009615385 0.24805956490384615 0.5318765649038462 0.26443847115384617 0.5417143173076924 0.26409492788461536 0.5411423533653846 0.24771602403846152 0.5313046009615385 0.24805956490384615
1 0.5307160024038462 0.24015862740384616 0.5313122019230769 0.25723155288461536 0.5414622668269231 0.2568771057692308 0.5408660673076923 0.23980418028846154 0.5307160024038462 0.24015862740384616
1 0.4952107956730769 0.1770537451923077 0.49602511778846153 0.20037286298076923 0.5083613485576923 0.1999420721153846 0.5075470264423078 0.17662295432692307 0.4952107956730769 0.1770537451923077
1 0.5088071466346153 0.19256090625000002 0.5094905937499999 0.21213231009615383 0.5194064254807692 0.21178604326923076 0.5187229759615385 0.19221463942307693 0.5088071466346153 0.19256090625000002
1 0.5076822235576923 0.18273306971153847 0.5083947548076924 0.20313729807692307 0.5187790504807692 0.20277467067307692 0.5180665192307692 0.18237043990384613 0.5076822235576923 0.18273306971153847
1 0.5070058533653846 0.17455724759615385 0.5076941490384616 0.1942674543269231 0.5179222908653845 0.19391028125 0.5172339951923077 0.17420007451923075 0.5070058533653846 0.17455724759615385
1 0.5071592548076923 0.1655186105769231 0.5079299519230769 0.1875884903846154 0.5185484783653846 0.18721768509615386 0.51777778125 0.1651478028846154 0.5071592548076923 0.1655186105769231
1 0.5199261153846154 0.22219091105769231 0.5206483413461538 0.24287274759615382 0.5311887908653846 0.24250466826923076 0.5304665673076923 0.22182282932692307 0.5199261153846154 0.22219091105769231
1 0.5195421442307693 0.2156725625 0.52018196875 0.23399472596153847 0.5311908846153846 0.2336102860576923 0.5305510600961538 0.21528812259615385 0.5195421442307693 0.2156725625
1 0.5195587788461539 0.20719459375 0.5202179903846154 0.2260719783653846 0.531304983173077 0.22568481009615382 0.5306457692307692 0.2068074278846154 0.5195587788461539 0.20719459375
1 0.5187117139423078 0.19860781490384616 0.5194048557692308 0.2184568269230769 0.5305699254807692 0.21806693509615385 0.5298767836538462 0.1982179230769231 0.5187117139423078 0.19860781490384616
1 0.5182453413461539 0.18972979326923076 0.5189966490384615 0.2112444591346154 0.5302397956730769 0.2108518389423077 0.5294884879807692 0.18933717548076923 0.5182453413461539 0.18972979326923076
1 0.5184375168269231 0.18180159134615387 0.5191936730769231 0.2034550576923077 0.5299683557692307 0.20307879807692306 0.5292121995192308 0.18142533173076922 0.5184375168269231 0.18180159134615387
1 0.5181413173076923 0.17555812499999998 0.5188780841346154 0.196656375 0.5297308461538461 0.1962773894230769 0.5289940769230769 0.17517913942307692 0.5181413173076923 0.17555812499999998
1 0.53070303125 0.23307143028846153 0.5313234663461539 0.2508383774038462 0.5414735288461539 0.2504839302884615 0.54085309375 0.23271698076923078 0.53070303125 0.23307143028846153
1 0.5307928942307693 0.2244519326923077 0.5314278701923076 0.24263529326923078 0.5412656250000001 0.24229175 0.5406306466346154 0.22410838942307693 0.5307928942307693 0.2244519326923077
1 0.5303964735576924 0.20862279086538463 0.5314488293269231 0.23651972596153847 0.5407400408653846 0.23619526923076922 0.53953153125 0.20830378605769231 0.5303964735576924 0.20862279086538463
1 0.5300814086538461 0.19960051201923076 0.53070184375 0.2173674591346154 0.5395245913461538 0.21705936298076922 0.53890415625 0.19929241586538463 0.5300814086538461 0.19960051201923076
1 0.5293754350961538 0.19281546153846152 0.5299958701923078 0.21058240865384617 0.5392870817307692 0.21025795192307692 0.5386666466346154 0.19249100721153845 0.5293754350961538 0.19281546153846152
1 0.7057033581730768 0.5814818028846154 0.7064061947115385 0.6016084254807692 0.7456791322115385 0.6002369831730769 0.7449762932692308 0.5801103629807692 0.7057033581730768 0.5814818028846154