2 0.4973156274038461 0.7343638461538462 0.5014453028846154 0.4977748846153846 0.4326276610576923 0.4965736682692308 0.4284979855769231 0.7331626298076923 0.4973156274038461 0.7343638461538462
1 0.5547872355769231 0.7364921874999999 0.5557383918269231 0.6820004879807692 0.4952007403846154 0.6809438004807693 0.49424958413461534 0.7354355 0.5547872355769231 0.7364921874999999
1 0.8431229302884616 1 0.8446728894230768 0.911203 0.7753084543269231 0.9099922379807693 0.7737373629807693 1 0.8431229302884616 1
1 0.3472229879807692 0.783126795673077 0.3490882139423077 0.6762680721153846 0.18505070192307693 0.6734047860576923 0.18318547596153845 0.7802635096153847 0.3472229879807692 0.783126795673077
1 0.20700603125 0.7764286514423078 0.20862474038461537 0.6836927788461539 0.032635923076923076 0.6806208822115385 0.031017213942307695 0.7733567548076923 0.20700603125 0.7764286514423078
2 0.3936361875 0.6577927283653846 0.3958635504807692 0.5301871658653846 0.3230621394230769 0.5289164134615384 0.3208347764423077 0.6565219759615384 0.3936361875 0.6577927283653846
1 0.32194955048076923 0.5926567043269231 0.32147833413461535 0.6196525913461539 0.3413971754807692 0.6200002764423077 0.34186838942307696 0.5930043870192307 0.32194955048076923 0.5926567043269231
1 0.3895196105769231 0.17739771634615384 0.3891901947115385 0.19626984375 0.4350425865384615 0.19707019951923074 0.43537200000000004 0.17819807451923075 0.3895196105769231 0.17739771634615384
1 0.39157102884615386 0.16730698317307693 0.39125034134615383 0.18567918509615386 0.4352280168269231 0.1864468173076923 0.4355487043269231 0.16807461538461538 0.39157102884615386 0.16730698317307693
1 0.3899035625 0.15540106730769232 0.3895719663461538 0.17439817548076922 0.4365179399038462 0.1752176201923077 0.43684953605769233 0.1562205120192308 0.3899035625 0.15540106730769232
1 0.39017189423076926 0.14002840865384616 0.38982066346153843 0.16015034374999998 0.4360636201923077 0.16095751923076923 0.4364148485576923 0.1408355841346154 0.39017189423076926 0.14002840865384616
1 0.39334525721153846 0.12833201201923078 0.3930049350961538 0.14782904086538462 0.4365920456730769 0.14858985817307693 0.43693236778846156 0.12909282692307691 0.39334525721153846 0.12833201201923078
1 0.3943227283653846 0.11709735817307693 0.39395186298076923 0.13834412259615386 0.43941368750000004 0.13913766105769232 0.43978455288461543 0.11789089903846153 0.3943227283653846 0.11709735817307693
1 0.39670623317307696 0.10588725 0.39639645432692305 0.12363454567307691 0.4392805456730769 0.12438309134615386 0.4395903269230769 0.10663579567307693 0.39670623317307696 0.10588725
1 0.39655345673076925 0.09225750721153846 0.3962218605769231 0.11125461298076923 0.4401995384615385 0.11202224759615385 0.4405311322115385 0.09302514182692308 0.39655345673076925 0.09225750721153846
1 0.3989932620192308 0.08229857211538462 0.3987052956730769 0.09879605769230769 0.44010524038461535 0.09951869711538461 0.4403932043269231 0.08302120913461539 0.3989932620192308 0.08229857211538462
1 0.3995325961538461 0.0693060048076923 0.3991922740384615 0.0888030360576923 0.4420763653846154 0.08955157932692306 0.4424166875 0.07005455048076924 0.3995325961538461 0.0693060048076923
1 0.39897356009615387 0.06104499038461538 0.3987161370192308 0.07579274519230769 0.44308437740384615 0.07656719471153847 0.44334180048076927 0.061819439903846155 0.39897356009615387 0.06104499038461538
1 0.40033547355769233 0.045691420673076924 0.39997551682692306 0.06631327884615384 0.44356262740384617 0.06707409615384616 0.4439225841346154 0.04645223557692308 0.40033547355769233 0.045691420673076924
1 0.40239780048076923 0.03497578125 0.40210765625 0.05159825 0.4438200504807692 0.05232634134615385 0.44411019711538463 0.035703875 0.40239780048076923 0.03497578125
1 0.4369272956730769 0.18310096394230768 0.4366262403846154 0.20034833653846154 0.4802914639423077 0.20111051682692307 0.48059251923076923 0.18386314423076922 0.4369272956730769 0.18310096394230768
1 0.43787204086538456 0.1737410264423077 0.4375993485576923 0.18936364663461538 0.48071777884615385 0.19011628125000002 0.4809904735576923 0.17449366105769232 0.43787204086538456 0.1737410264423077
1 0.43761279326923075 0.16173467307692307 0.4372811971153846 0.18073177884615385 0.48086830769230765 0.18149259615384614 0.4811999014423077 0.1624954903846154 0.43761279326923075 0.16173467307692307
1 0.4383105336538462 0.1486198533653846 0.4379593028846154 0.16874178846153848 0.4820932067307692 0.16951214903846154 0.48244443509615387 0.1493902139423077 0.4383105336538462 0.1486198533653846
1 0.4390863870192308 0.1355063966346154 0.43874170192307693 0.15525338942307693 0.4820944735576923 0.15601011298076922 0.4824391586538462 0.13626312259615386 0.4390863870192308 0.1355063966346154
1 0.43974049759615386 0.12489119471153846 0.43938272355769226 0.14538807451923078 0.4828136081730769 0.14614616346153847 0.48317138221153844 0.12564928365384614 0.43974049759615386 0.12489119471153846
1 0.4417530745192308 0.11254943990384615 0.44138002884615385 0.13392118509615386 0.48379544230769234 0.13466154807692307 0.4841684879807693 0.11328980528846154 0.4417530745192308 0.11254943990384615
1 0.4423011322115385 0.09905694951923076 0.4419280889423077 0.12042869471153847 0.4847340673076923 0.12117587499999999 0.48510711298076925 0.09980413221153846 0.4423011322115385 0.09905694951923076
1 0.44294869951923077 0.0888166923076923 0.44262582932692307 0.107313875 0.48574426201923077 0.10806650961538462 0.4860671298076923 0.08956932692307693 0.44294869951923077 0.0888166923076923
1 0.44393053365384616 0.07733207932692307 0.4435662139423077 0.09820389903846155 0.4872314375 0.09896607932692307 0.48759575721153847 0.07809425721153847 0.44393053365384616 0.07733207932692307
1 0.4443524855769231 0.06658780528846155 0.4440514302884615 0.08383517788461538 0.48748231490384614 0.08459326682692307 0.48778337019230766 0.06734589423076923 0.4443524855769231 0.06658780528846155
1 0.4461372644230769 0.053867016826923075 0.4458274855769231 0.07161431490384615 0.4887115769230769 0.07236285817307692 0.4890213581730769 0.0546155625 0.4461372644230769 0.053867016826923075
1 0.44714745913461534 0.040757651442307696 0.4468093197115385 0.060129699519230764 0.4893809591346154 0.060872790865384614 0.4897190985576923 0.04150074278846154 0.44714745913461534 0.040757651442307696
1 0.4961701706730769 0.17775908173076924 0.4958407572115385 0.19663120673076923 0.5405214519230769 0.1974111105769231 0.5408508653846154 0.17853898557692308 0.4961701706730769 0.17775908173076924
1 0.4979396802884616 0.16591315865384615 0.49762553605769233 0.18391041826923077 0.54074396875 0.18466305288461538 0.5410581129807692 0.16666579326923078 0.4979396802884616 0.16591315865384615
1 0.4973810673076923 0.15315146634615384 0.4970516538461538 0.17202359134615383 0.5407168774038461 0.1727857716346154 0.5410462908653846 0.15391364663461538 0.4973810673076923 0.15315146634615384
1 0.4981438341346154 0.14078789663461538 0.49782096394230774 0.15928507692307692 0.5416424134615384 0.16004998317307692 0.5419652836538462 0.1415528028846154 0.4981438341346154 0.14078789663461538
1 0.49880448798076926 0.12979775240384617 0.49849034375 0.1477950096153846 0.5421555673076923 0.14855718990384614 0.5424697115384615 0.13055993028846152 0.49880448798076926 0.12979775240384617
1 0.4987795769230769 0.11779548798076923 0.49845670913461537 0.1362926706730769 0.5423562716346153 0.1370589423076923 0.542679139423077 0.11856175961538461 0.4987795769230769 0.11779548798076923
1 0.5000782259615385 0.10606636778846154 0.499766264423077 0.12393864423076922 0.5424941322115384 0.12468446153846154 0.54280609375 0.10681218509615385 0.5000782259615385 0.10606636778846154
1 0.5005219951923077 0.0940722860576923 0.500199125 0.11256946875 0.5423020865384616 0.11330437740384616 0.5426249567307692 0.09480719471153846 0.5005219951923077 0.0940722860576923
1 0.5013541466346154 0.08221000240384616 0.5010574567307692 0.09920741346153845 0.5431604182692308 0.09994232211538462 0.5434571081730769 0.0829449110576923 0.5013541466346154 0.08221000240384616
1 0.501353233173077 0.06883294951923077 0.5010543605769231 0.0859553389423077 0.5431573221153847 0.08669025 0.5434561947115385 0.06956785817307692 0.501353233173077 0.06883294951923077
1 0.50263225 0.05822865625 0.5023573725961539 0.07397625721153846 0.5433667524038461 0.07469207692307692 0.5436416274038461 0.05894447596153846 0.50263225 0.05822865625
1 0.501754639423077 0.04583645192307692 0.50147321875 0.06195899519230769 0.5440448581730769 0.06270208653846153 0.5443262788461538 0.046579543269230764 0.501754639423077 0.04583645192307692
1 0.5482092572115385 0.19567001682692306 0.5478863894230769 0.21416719951923074 0.5913953870192308 0.2149266514423077 0.5917182548076924 0.19642946875 0.5482092572115385 0.19567001682692306
1 0.5493451370192308 0.1843131105769231 0.549022266826923 0.20281029326923078 0.5919844735576923 0.20356020192307692 0.5923073413461538 0.18506301923076923 0.5493451370192308 0.1843131105769231
1 0.5495349302884616 0.17343976682692308 0.5492273317307692 0.19106208173076922 0.59140840625 0.19179835576923077 0.5917160048076924 0.17417604086538463 0.5495349302884616 0.17343976682692308
1 0.5497988990384616 0.15831706971153844 0.5494563966346153 0.17793908173076925 0.5921842620192308 0.17868489903846155 0.592526764423077 0.15906288942307695 0.5497988990384616 0.15831706971153844
1 0.5501252860576923 0.14857128365384614 0.5497849639423077 0.16806831249999998 0.5922003774038461 0.16880867548076922 0.5925406995192307 0.14931164663461538 0.5501252860576923 0.14857128365384614
1 0.5514064831730769 0.13784200961538462 0.5511032475961538 0.15521436298076924 0.5929718701923077 0.15594518269230767 0.5932751057692308 0.13857282692307693 0.5514064831730769 0.13784200961538462
1 0.5511040240384616 0.12383459615384615 0.5507549759615384 0.14383155048076923 0.5933266177884615 0.1445746418269231 0.5936756658653846 0.12457768749999999 0.5511040240384616 0.12383459615384615
1 0.5530904206730769 0.11299261298076924 0.5527282836538462 0.13373945192307693 0.5947531322115385 0.13447299759615386 0.5951152692307692 0.11372615865384615 0.5530904206730769 0.11299261298076924
1 0.55359703125 0.10187475961538461 0.553304704326923 0.1186222091346154 0.5957201177884616 0.11936257451923077 0.5960124447115385 0.102615125 0.55359703125 0.10187475961538461
1 0.5535049158653846 0.08924623076923077 0.5531907716346154 0.10724348798076923 0.5966216562500001 0.10800157692307691 0.5969358004807692 0.09000431971153847 0.5535049158653846 0.08924623076923077
1 0.5549728798076923 0.07676994951923077 0.5546347403846154 0.09614199759615386 0.5973626057692308 0.09688781490384615 0.5977007475961538 0.07751576682692307 0.5549728798076923 0.07676994951923077
1 0.5556509879807693 0.06477995673076922 0.5553215745192308 0.08365208173076924 0.5981275528846154 0.08439926442307691 0.5984569663461539 0.06552713942307692 0.5556509879807693 0.06477995673076922
1 0.5564661105769231 0.04941684375 0.5560734302884616 0.0719134158653846 0.5984888461538461 0.07265378125000001 0.5988815240384615 0.050157206730769226 0.5564661105769231 0.04941684375
1 0.5918478125 0.18005423557692307 0.5915947524038462 0.1945520264423077 0.6338539399038462 0.19528966346153845 0.6341070000000001 0.18079187259615384 0.5918478125 0.18005423557692307
1 0.5926476634615384 0.1655659879807692 0.5923160673076923 0.18456309615384617 0.6340284639423076 0.1852911875 0.6343600600961538 0.16629408173076923 0.5926476634615384 0.1655659879807692
1 0.5933886129807692 0.1544522283653846 0.5930897403846154 0.17157462019230768 0.6348021370192308 0.17230271153846152 0.6351010096153846 0.15518031971153848 0.5933886129807692 0.1544522283653846
1 0.5934527235576923 0.14182642307692309 0.5931385817307693 0.1598236826923077 0.6357102211538461 0.16056677163461539 0.6360243653846154 0.14256951442307692 0.5934527235576923 0.14182642307692309
1 0.5934710216346154 0.13182521875 0.593187420673077 0.14807274519230768 0.6360715120192307 0.14882128846153847 0.6363551153846154 0.13257376442307692 0.5934710216346154 0.13182521875
1 0.5941469471153846 0.11996020913461539 0.593858983173077 0.13645769471153846 0.6369774158653846 0.13721033173076924 0.6372653798076923 0.12071284375 0.5941469471153846 0.11996020913461539
1 0.6496956298076924 0.19644131490384617 0.6494163894230769 0.2124388798076923 0.6919880312500001 0.21318196875 0.6922672692307692 0.19718440625 0.6496956298076924 0.19644131490384617
1 0.6506709182692307 0.18533164423076925 0.6503916802884615 0.20132920673076923 0.692494641826923 0.20206411778846153 0.6927738798076923 0.18606655528846155 0.6506709182692307 0.18533164423076925
1 0.6503531899038462 0.17219909855769233 0.6500455913461539 0.18982141586538462 0.6931640216346153 0.19057405048076925 0.6934716201923077 0.1729517331730769 0.6503531899038462 0.17219909855769233
1 0.6515759062500001 0.16034363221153847 0.6512334038461538 0.17996564423076922 0.6943518341346154 0.18071827884615385 0.6946943389423077 0.16109626923076922 0.6515759062500001 0.16034363221153847
1 0.6530914423076923 0.14961844951923078 0.652790389423077 0.16686582211538464 0.693799766826923 0.16758164423076924 0.6941008221153846 0.15033427163461538 0.6530914423076923 0.14961844951923078
1 0.6540863653846153 0.13738394951923077 0.6537722235576923 0.15538120913461537 0.6950940528846155 0.1561024831730769 0.6954081971153846 0.13810522596153846 0.6540863653846153 0.13738394951923077
1 0.6557930336538462 0.12466179807692307 0.6554505288461538 0.1442838076923077 0.6959912283653846 0.14499144951923076 0.6963337331730769 0.1253694375 0.6557930336538462 0.12466179807692307
1 0.6557375817307692 0.11440926923076923 0.6554168918269231 0.13278146875 0.6972855144230768 0.13351228846153845 0.697606201923077 0.11514008894230769 0.6557375817307692 0.11440926923076923
1 0.6557323052884616 0.10128217788461538 0.6554116153846153 0.11965437740384616 0.697202125 0.12038383413461538 0.6975228125 0.10201163221153846 0.6557323052884616 0.10128217788461538
1 0.65540803125 0.08852457451923076 0.6550786177884615 0.10739669951923078 0.6981970480769231 0.10814933413461537 0.6985264615384617 0.08927720913461538 0.65540803125 0.08852457451923076
1 0.6559430024038462 0.07578197115384616 0.6555983173076924 0.09552896153846155 0.6986386346153846 0.09628023317307692 0.6989833197115385 0.07653324278846153 0.6559430024038462 0.07578197115384616
1 0.6576060384615385 0.0655594375 0.6572918942307692 0.08355669471153847 0.699160516826923 0.08428751442307693 0.6994746586538461 0.06629025721153846 0.6576060384615385 0.0655594375
1 0.6994044110576922 0.21356146153846153 0.699079360576923 0.23218362499999998 0.7439943942307692 0.23296762019230768 0.7443194447115384 0.21434545673076924 0.6994044110576922 0.21356146153846153
1 0.6992904807692307 0.20218274038461537 0.6989545216346154 0.2214298076923077 0.7441820072115385 0.22221925721153848 0.7445179663461539 0.2029721875 0.6992904807692307 0.20218274038461537
1 0.6988553701923077 0.19129848798076926 0.6985543173076922 0.20854586057692306 0.7440942548076923 0.20934076442307692 0.7443953076923078 0.1920933894230769 0.6988553701923077 0.19129848798076926
1 0.7009264254807692 0.18008292548076923 0.7006188269230769 0.19770524038461537 0.7449089543269231 0.19847832692307693 0.7452165528846154 0.1808560120192308 0.7009264254807692 0.18008292548076923
1 0.7014984807692308 0.16521564423076923 0.7011625240384615 0.18446271153846153 0.7451401995192307 0.18523034615384615 0.7454761586538462 0.16598327644230768 0.7014984807692308 0.16521564423076923
1 0.7014259999999999 0.15146228365384615 0.7010660432692308 0.1720841442307692 0.746605983173077 0.1728790456730769 0.7469659375 0.1522571875 0.7014259999999999 0.15146228365384615
1 0.7022145216346154 0.14209962019230768 0.7019221923076924 0.15884706971153847 0.7480870360576923 0.15965287980769233 0.7483793629807691 0.14290543028846153 0.7022145216346154 0.14209962019230768
1 0.7032897379807692 0.12974150240384616 0.702971233173077 0.1479887235576923 0.7482768317307692 0.1487795360576923 0.7485953365384616 0.13053231490384615 0.7032897379807692 0.12974150240384616
1 0.7040848052884615 0.12000389663461539 0.7037924759615385 0.13675134375 0.7494105288461538 0.13754761057692308 0.7497028557692308 0.12080016105769231 0.7040848052884615 0.12000389663461539
1 0.7046219567307692 0.10713631009615385 0.7043296298076923 0.12388375961538461 0.7499476802884615 0.1246800264423077 0.7502400072115385 0.10793257692307692 0.7046219567307692 0.10713631009615385
1 0.7045080264423077 0.0957575889423077 0.70423096875 0.11163017067307691 0.7501614711538462 0.11243189182692308 0.7504385288461539 0.09655931009615384 0.7045080264423077 0.0957575889423077
1 0.7065878052884614 0.08404210096153847 0.7062692980769231 0.1022893221153846 0.7509499927884615 0.10306922596153846 0.7512685 0.08482200721153846 0.7065878052884614 0.08404210096153847
1 0.7087112163461539 0.0698269951923077 0.7083250817307692 0.09194862499999999 0.75050615625 0.09268489903846154 0.7508922908653847 0.07056326923076923 0.7087112163461539 0.0698269951923077
1 0.7457954254807693 0.2551274254807692 0.7454660120192307 0.27399955048076924 0.7873346346153846 0.2747303701923077 0.7876640480769231 0.25585824519230765 0.7457954254807693 0.2551274254807692
1 0.7473393221153847 0.24277749038461538 0.7470164543269231 0.2612746730769231 0.7888069615384615 0.26200412740384615 0.7891298317307692 0.24350694711538462 0.7473393221153847 0.24277749038461538
1 0.74775909375 0.23215819951923075 0.747466766826923 0.24890564663461537 0.7918350072115385 0.24968009855769233 0.7921273365384616 0.23293264903846153 0.74775909375 0.23215819951923075
1 0.7491965168269231 0.2214316514423077 0.7489238221153846 0.23705427163461537 0.7933701778846154 0.23783008653846152 0.7936428725961538 0.22220746634615385 0.7491965168269231 0.2214316514423077
1 0.7504694110576923 0.20670162259615385 0.7501465408653847 0.22519880528846153 0.7922495024038461 0.22593371634615386 0.7925723725961539 0.20743653365384615 0.7504694110576923 0.20670162259615385
1 0.7504139591346154 0.19644909375000003 0.7501129038461538 0.21369646634615383 0.7934656754807693 0.21445319230769233 0.7937667283653845 0.19720581971153847 0.7504139591346154 0.19644909375000003
1 0.7514176081730769 0.18371467067307692 0.7511165528846154 0.20096204326923078 0.7940006466346153 0.20171058894230767 0.7943016995192308 0.18446321394230772 0.7514176081730769 0.18371467067307692
1 0.7508524495192308 0.17132792067307692 0.7505710288461539 0.1874504639423077 0.7934551225961539 0.18819900961538463 0.7937365432692308 0.17207646634615384 0.7508524495192308 0.17132792067307692
1 0.7508253581730769 0.15945063942307694 0.7505024879807691 0.1779478221153846 0.7936209206730769 0.17870045673076923 0.7939437884615385 0.16020327403846152 0.7508253581730769 0.15945063942307694
1 0.753057 0.14798784134615384 0.7527275865384616 0.16685996634615385 0.7952992259615385 0.16760305528846153 0.795628641826923 0.14873093028846154 0.753057 0.14798784134615384
1 0.7528021153846154 0.13573152644230768 0.7525010600961538 0.15297889903846154 0.7963225096153846 0.15374380528846154 0.7966235649038461 0.13649643269230768 0.7528021153846154 0.13573152644230768
1 0.7542526274038461 0.12425509134615384 0.753938483173077 0.14225235096153846 0.7957289927884615 0.1429818076923077 0.7960431370192308 0.12498454807692308 0.7542526274038461 0.12425509134615384
1 0.7544620552884616 0.11225692067307692 0.7541522764423078 0.13000421634615383 0.7970363677884615 0.13075276201923078 0.7973461490384615 0.11300546394230769 0.7544620552884616 0.11225692067307692
1 0.7546540312500001 0.10125859615384615 0.75436825 0.11763110096153848 0.7969398894230769 0.11837419230769232 0.797225673076923 0.10200168509615384 0.7546540312500001 0.10125859615384615
1 0.7551065264423078 0.08876458894230768 0.7548207427884616 0.10513709615384616 0.79723615625 0.10587745913461538 0.7975219399038462 0.08950495432692307 0.7551065264423078 0.08876458894230768
1 0.7558020865384615 0.07577475 0.7554923052884616 0.09352204807692308 0.797595266826923 0.09425695673076924 0.7979050480769231 0.07650966105769232 0.7558020865384615 0.07577475
1 0.795407375 0.28674809134615387 0.7950954134615384 0.3046203677884615 0.8379013942307693 0.30536754807692307 0.8382133557692307 0.2874952716346154 0.795407375 0.28674809134615387
1 0.7952371466346153 0.2741181947115385 0.7949339110576923 0.2914905504807692 0.8368025336538462 0.29222137019230765 0.8371057692307692 0.27484901442307696 0.7952371466346153 0.2741181947115385
1 0.7967072932692307 0.2615169350961538 0.7964215096153846 0.2778894399038462 0.8383682451923077 0.27862162259615386 0.8386540288461538 0.26224911778846155 0.7967072932692307 0.2615169350961538
1 0.7963092692307693 0.24850800721153846 0.7959885817307693 0.26688020673076923 0.8391851274038462 0.2676342067307692 0.8395058149038461 0.2492620048076923 0.7963092692307693 0.24850800721153846
1 0.7979919399038462 0.23716064423076924 0.7976756153846154 0.2552828846153846 0.8396223509615385 0.2560150673076923 0.8399386754807693 0.23789282692307692 0.7979919399038462 0.23716064423076924
1 0.7996964254807692 0.22456347355769232 0.7993866442307692 0.24231076923076925 0.8398492307692307 0.24301704807692306 0.8401590120192307 0.22526975 0.7996964254807692 0.22456347355769232
1 0.7992984014423077 0.21155454567307694 0.7989580793269231 0.23105157692307693 0.8421546249999999 0.23180557451923076 0.8424949471153845 0.21230854326923077 0.7992984014423077 0.21155454567307694
1 0.8018141370192308 0.20172195432692305 0.8015218100961538 0.21846940384615385 0.8432342067307693 0.21919749519230772 0.8435265336538461 0.20245004567307692 0.8018141370192308 0.20172195432692305
1 0.8018132235576924 0.1883449014423077 0.8014729014423078 0.20784193028846154 0.8434196370192308 0.20857411298076922 0.8437599591346154 0.18907708413461538 0.8018132235576924 0.1883449014423077
1 0.8010006370192309 0.17670394711538462 0.8007083100961538 0.19345139423076924 0.8425769326923077 0.1941822139423077 0.8428692596153847 0.1774347644230769 0.8010006370192309 0.17670394711538462
1 0.8030978701923076 0.16398861057692307 0.802792454326923 0.18148594471153848 0.84536409375 0.1822290360576923 0.8456695096153847 0.16473170192307693 0.8030978701923076 0.16398861057692307
1 0.8031379831730768 0.1527375985576923 0.8028151153846154 0.17123477884615385 0.8455429807692307 0.17198059855769232 0.8458658509615385 0.1534834158653846 0.8031379831730768 0.1527375985576923
1 0.8033299615384616 0.14173927403846154 0.8030005456730769 0.16061139903846153 0.8436193581730769 0.1613204014423077 0.8439487740384616 0.14244827644230768 0.8033299615384616 0.14173927403846154
1 0.8032138485576923 0.13048553365384616 0.8029127932692308 0.14773290625 0.8440002836538463 0.14845008894230768 0.8443013389423076 0.13120271634615382 0.8032138485576923 0.13048553365384616
1 0.8035079350961538 0.11811378125000001 0.8032265144230769 0.1342363245192308 0.8439234399038462 0.13494669230769232 0.844204860576923 0.11882414903846154 0.8035079350961538 0.11811378125000001
1 0.804366264423077 0.10475172596153846 0.8040215793269231 0.12449871634615385 0.8450309591346153 0.12521453846153846 0.8453756442307692 0.10546754807692307 0.804366264423077 0.10475172596153846
1 0.804697014423077 0.09475597596153847 0.8043937788461538 0.11212832932692307 0.8460280625000001 0.11285505769230769 0.8463312980769231 0.09548270432692307 0.804697014423077 0.09475597596153847
1 0.8519042355769231 0.28652572836538465 0.851680264423077 0.2993571081730769 0.8561171610576923 0.28018162259615387 0.8889246634615385 0.28075427884615384 0.8926896418269231 0.30007293028846155 0.8930256009615385 0.2808258605769231 0.8479684975961538 0.19042089903846152 0.8449117500000001 0.10070872596153846 0.8452106225961539 0.08358633413461539 0.8042012451923076 0.08287051201923078 0.8039023725961538 0.09999290384615385 0.8408108124999999 0.10063714423076922 0.8481868389423077 0.1968289110576923 0.8510252475961538 0.28013306971153845 0.8520162235576922 0.2801100408653846 0.8512435865384614 0.2865410841346154 0.8519042355769231 0.28652572836538465
1 0.8526703341346155 0.2694948389423077 0.8523649158653845 0.2869921730769231 0.8936086346153846 0.28771208653846153 0.8939140504807692 0.27021475 0.8526703341346155 0.2694948389423077
1 0.8530643485576923 0.25587464182692304 0.8527654759615384 0.27299703365384614 0.8938529663461539 0.27371421875 0.8941518389423078 0.2565918269230769 0.8530643485576923 0.25587464182692304
1 0.85280728125 0.2437433076923077 0.8524451418269231 0.2644901466346154 0.8946262163461539 0.26522642067307695 0.8949883557692307 0.2444795793269231 0.85280728125 0.2437433076923077
1 0.8531991129807692 0.2302480889423077 0.8528762451923076 0.24874527163461538 0.89490109375 0.24947881971153846 0.8952239615384615 0.23098163701923077 0.8531991129807692 0.2302480889423077
1 0.8535538605769231 0.21887755048076923 0.8531982692307692 0.23924944711538462 0.8956917956730769 0.23999117307692305 0.8960473894230769 0.2196192764423077 0.8535538605769231 0.21887755048076923
1 0.8552168966346153 0.20865501682692308 0.8549092980769231 0.22627733173076925 0.8956062235576923 0.22698769951923078 0.8959138221153846 0.20936538461538462 0.8552168966346153 0.20865501682692308
1 0.9002914543269231 0.28982903846153846 0.9000362139423077 0.30445181250000003 0.9444044543269231 0.30522626201923075 0.9446596971153846 0.2906034903846154 0.9002914543269231 0.28982903846153846
1 0.9013928509615384 0.2759711514423077 0.9010852524038462 0.29359346634615385 0.94459425 0.29435291826923077 0.9449018485576922 0.2767306033653846 0.9013928509615384 0.2759711514423077
1 0.901051125 0.2642133966346154 0.9007718870192308 0.28021095913461536 0.9448276754807693 0.28097995673076925 0.9451069158653845 0.26498239182692307 0.901051125 0.2642133966346154
1 0.9012758245192308 0.25134035576923075 0.9009660456730769 0.26908765384615385 0.9435376850961539 0.2698307451923077 0.9438474663461538 0.2520834471153846 0.9012758245192308 0.25134035576923075
1 0.9018801826923077 0.2390990408653846 0.9015769471153846 0.2564713942307692 0.9455546225961539 0.2572390264423077 0.945857858173077 0.23986667307692308 0.9018801826923077 0.2390990408653846
1 0.9020939759615385 0.22685090625 0.9017841947115385 0.24459820192307694 0.9464648894230769 0.24537810576923078 0.9467746682692308 0.22763081009615385 0.9020939759615385 0.22685090625
1 0.9029998774038461 0.2152399471153846 0.902696641826923 0.23261230048076922 0.9463618653846153 0.23337448076923076 0.9466651009615384 0.21600212740384617 0.9029998774038461 0.2152399471153846
1 0.9038774182692308 0.20525374038461536 0.9035938173076924 0.22150126682692306 0.9483526250000001 0.22228253365384615 0.9486362259615385 0.20603500961538462 0.9038774182692308 0.20525374038461536
1 0.9035553269230768 0.19237115865384616 0.9032673629807693 0.20886864423076926 0.9488854134615384 0.2096649110576923 0.9491733774038462 0.19316742307692308 0.9035553269230768 0.19237115865384616
1 0.9037582115384615 0.18074792788461538 0.9034658846153847 0.19749537740384618 0.9482246899038462 0.1982766466346154 0.9485170192307693 0.18152919711538462 0.9037582115384615 0.18074792788461538
1 0.9536575504807693 0.29438610096153844 0.9533455889423077 0.31225837740384615 0.9964640216346154 0.31301101201923076 0.9967759831730769 0.2951387355769231 0.9536575504807693 0.29438610096153844
1 0.9545699975961538 0.2824001995192308 0.9542973052884616 0.29802281971153843 0.997415735576923 0.2987754543269231 0.9976884302884615 0.2831528341346154 0.9545699975961538 0.2824001995192308
1 0.9550246754807692 0.2697812115384615 0.9547410721153846 0.2860287379807692 0.9978595048076924 0.2867813725961538 0.9981431057692307 0.2705338461538461 0.9550246754807692 0.2697812115384615
1 0.9559349399038461 0.25792029086538465 0.9556229783653846 0.2757925697115385 0.9983508437499999 0.2765383870192308 0.9986628052884616 0.25866611057692307 0.9559349399038461 0.25792029086538465
1 0.9558751249999999 0.24791772355769232 0.9556307908653847 0.26191559134615383 0.9991397884615385 0.2626750456730769 0.9993841225961538 0.2486771778846154 0.9558751249999999 0.24791772355769232
1 0.9559632307692307 0.23391712980769233 0.9556687235576924 0.25078956009615383 0.9994901730769231 0.25155446634615386 0.9997846826923078 0.23468203605769228 0.9559632307692307 0.23391712980769233
1 1 0.2229340048076923 0.9572618798076923 0.22218800721153847 0.956982641826923 0.23818557211538463 1 0.23893644230769231 1 0.2229340048076923
1 1 0.21130723317307692 0.9576209903846155 0.2105675048076923 0.9573417524038461 0.22656506971153847 1 0.22730967067307692 1 0.21130723317307692
1 1 0.19918038701923077 0.9575982620192308 0.19844026201923076 0.9572972091346154 0.21568763461538462 1 0.21643301442307694 1 0.19918038701923077
1 1 0.18642844471153847 0.9578207812499999 0.18569220432692307 0.9575349975961539 0.20206470913461538 1 0.20280593990384616 1 0.18642844471153847
1 1 0.1749266923076923 0.9572403533653847 0.17418031971153847 0.9569545697115385 0.19055282692307693 1 0.1913041875 1 0.1749266923076923
1 1 0.1638 0.9586843197115384 0.16307882932692308 0.958411625 0.17870144951923078 1 0.1794273798076923 1 0.1638
1 1 0.1502979423076923 0.9597010576923076 0.1495945216346154 0.9593650985576924 0.1688415889423077 1 0.16955087259615384 1 0.1502979423076923
1 1 0.13917124759615385 0.9606763485576924 0.13848485096153845 0.9603818389423077 0.15535728125 1 0.15604881730769232 1 0.13917124759615385
1 1 0.12641930528846154 0.9606645264423077 0.12573270192307692 0.9603700168269231 0.14260513221153845 1 0.143296875 1 0.12641930528846154
1 1 0.11616774278846154 0.9623275625 0.11551016826923077 0.9620483245192308 0.13150773317307693 1 0.13217018028846156 1 0.11616774278846154
1 1 0.10341580048076923 0.9628625336538461 0.10276756490384614 0.9625745673076923 0.11926505048076923 1 0.11991831490384615 1 0.10341580048076923
1 0.9057860576923077 0.16753130769230767 0.9054631875 0.18602848798076924 0.9482691658653846 0.18677567067307693 0.9485920360576923 0.16827848798076922 0.9057860576923077 0.16753130769230767
1 0.9062080096153846 0.15678703365384614 0.9059200456730768 0.17328452163461538 0.9498196081730769 0.1740507908653846 0.9501075721153847 0.1575533028846154 0.9062080096153846 0.15678703365384614
1 0.9072116586538462 0.14405261057692306 0.9068887884615384 0.16254979326923077 0.9520381610576922 0.16333787740384614 0.9523610312499999 0.1448406971153846 0.9072116586538462 0.14405261057692306
1 0.9070846394230769 0.13342377403846153 0.9068053990384615 0.1494213389423077 0.95148609375 0.15020124278846153 0.9517653317307692 0.13420368028846152 0.9070846394230769 0.13342377403846153
1 0.9080882884615384 0.12068935096153846 0.9077937788461538 0.13756178125000001 0.9516933413461538 0.13832805048076924 0.9519878509615385 0.12145562259615385 0.9080882884615384 0.12068935096153846
1 0.9086079879807692 0.10882161538461539 0.908322204326923 0.1251941201923077 0.9531591250000001 0.12597675240384615 0.95344490625 0.10960424519230769 0.9086079879807692 0.10882161538461539
1 0.8557322331730769 0.19703724038461537 0.8554028197115385 0.2159093653846154 0.8977401201923076 0.21664836538461538 0.8980695336538461 0.1977762403846154 0.8557322331730769 0.19703724038461537
1 0.8556139399038462 0.18590848076923078 0.8553194302884616 0.2027809110576923 0.8992189927884616 0.20354718028846155 0.8995135024038461 0.18667475 0.8556139399038462 0.18590848076923078
1 0.8566088629807692 0.17367398076923074 0.8562576322115384 0.1937959158653846 0.9001571947115384 0.1945621875 0.9005084254807693 0.17444025240384614 0.8566088629807692 0.17367398076923074
1 0.8570657211538462 0.16093001442307694 0.8567363052884616 0.17980213942307693 0.9006358677884615 0.18056840865384613 0.9009652836538462 0.16169628365384614 0.8570657211538462 0.16093001442307694
1 0.857578875 0.14943721875 0.8572145552884615 0.17030904086538462 0.9013484591346154 0.17107939903846156 0.9017127764423076 0.15020757932692308 0.857578875 0.14943721875
1 0.8588452235576922 0.1350821346153846 0.8584809038461538 0.15595395432692308 0.9005838653846154 0.1566888653846154 0.9009481850961538 0.13581704326923077 0.8588452235576922 0.1350821346153846