1 0.5191879375 0.12505195913461536 0.504304079326923 0.003832663461538461 0.37765105288461537 0.019383699519230767 0.3925349110576923 0.14060299519230768 0.5191879375 0.12505195913461536
1 0.48331490625 0.1726489326923077 0.4711618245192308 0.07367002403846154 0.33008586298076925 0.0909919735576923 0.34223894471153843 0.1899708822115385 0.48331490625 0.1726489326923077
1 0.3427664086538461 0.19298462019230772 0.3358040576923077 0.13628082451923076 0.29155304326923076 0.14171416586538463 0.2985153942307692 0.19841796153846153 0.3427664086538461 0.19298462019230772
1 0.30448251442307694 0.2243656442307692 0.2978699735576923 0.17051082451923077 0.2542909951923077 0.17586165144230767 0.2609035360576923 0.22971647115384614 0.30448251442307694 0.2243656442307692
1 0.26561917067307694 0.24760847596153848 0.26041715625 0.2052414591346154 0.23250179567307694 0.20866903365384618 0.23770381009615382 0.25103605048076927 0.26561917067307694 0.24760847596153848
1 0.1608857451923077 0.32586297596153846 0.15874174759615386 0.3084015144230769 0.14783407932692308 0.30974080769230766 0.14997807692307694 0.32720226682692305 0.1608857451923077 0.32586297596153846
1 0.24176785817307692 0.2649033918269231 0.23794251442307693 0.23374847115384614 0.21731616346153848 0.2362810673076923 0.22114150721153847 0.2674359903846154 0.24176785817307692 0.2649033918269231
1 0.2245237764423077 0.2753233269230769 0.22152218028846155 0.25087728125 0.20539330528846153 0.25285765865384613 0.20839490144230768 0.2773037019230769 0.2245237764423077 0.2753233269230769
1 0.17438635576923078 0.036225415865384615 0.17734281490384612 0.06030385096153846 0.2178200889423077 0.055333865384615384 0.21486362740384615 0.03125543269230769 0.17438635576923078 0.036225415865384615
1 0.21004469951923077 0.08175617307692308 0.20504580048076923 0.0410434014423077 0.15976088221153845 0.046603689903846154 0.16475978125000001 0.08731646153846154 0.21004469951923077 0.08175617307692308
1 0.15784151201923077 0.12883946153846154 0.15517843990384617 0.10715049278846153 0.14535636778846153 0.1083564903846154 0.14801943990384617 0.13004546153846153 0.15784151201923077 0.12883946153846154
1 0.19770017788461539 0.10472811778846153 0.19380712980769232 0.07302178365384615 0.14872899278846152 0.0785566826923077 0.1526220408653846 0.11026301682692306 0.19770017788461539 0.10472811778846153
1 0.15308488701923076 0.1507864423076923 0.14973347836538461 0.12349142307692308 0.13567240865384617 0.12521790625 0.1390238173076923 0.15251292548076922 0.15308488701923076 0.1507864423076923
1 0.2107264879807692 0.2877455360576923 0.2079054375 0.2647699278846154 0.18665874519230768 0.26737869471153847 0.1894797956730769 0.29035430048076927 0.2107264879807692 0.2877455360576923
1 0.1955814591346154 0.30201240865384615 0.19273784134615385 0.27885299759615384 0.17759117307692307 0.28071277403846157 0.1804347908653846 0.3038721850961539 0.1955814591346154 0.30201240865384615
1 0.1831384639423077 0.31221599278846157 0.18023842548076924 0.2885970721153846 0.16348920913461537 0.29065361778846155 0.16638924759615387 0.31427253846153846 0.1831384639423077 0.31221599278846157
1 0.16751554567307692 0.3191717956730769 0.1653489807692308 0.30152652884615383 0.1565608125 0.30260558173076924 0.15872737740384618 0.3202508485576923 0.16751554567307692 0.3191717956730769
1 0.37438714182692306 0.40991465384615383 0.37149838701923077 0.3863876322115385 0.3140134206730769 0.39344589903846156 0.3169021754807692 0.4169729182692308 0.37438714182692306 0.40991465384615383
1 0.3189324639423077 0.41812294951923074 0.3161678341346154 0.39560685576923077 0.2846338173076923 0.3994787451923077 0.28739844711538465 0.4219948389423077 0.3189324639423077 0.41812294951923074
1 0.6147317019230769 0.3950502572115384 0.608762360576923 0.3464338774038461 0.47916271634615387 0.36234671394230766 0.48513205769230766 0.41096309375 0.6147317019230769 0.3950502572115384
1 0.5230494711538461 0.6975523918269231 0.537865625 0.8182202716346154 0.6485448581730769 0.8046305697115385 0.6337287067307693 0.6839626899038461 0.5230494711538461 0.6975523918269231
1 0.4483224471153846 0.6509415240384615 0.45852336298076923 0.7340213100961539 0.5302761778846153 0.7252111730769231 0.5200752620192307 0.6421313870192308 0.4483224471153846 0.6509415240384615
1 0.3869564903846153 0.6234000480769232 0.39548734375000005 0.6928782788461538 0.4564875769230769 0.6853883918269231 0.44795672355769234 0.6159101610576924 0.3869564903846153 0.6234000480769232
1 0.31878674278846153 0.6007053533653847 0.3262568822115384 0.6615447548076923 0.3906689903846154 0.6536359423076923 0.38319885096153844 0.5927965408653846 0.31878674278846153 0.6007053533653847
1 0.13428890625 0.5092676802884616 0.13282196153846154 0.49732036778846156 0.09343028605769231 0.5021570552884616 0.09489723076923078 0.5141043701923077 0.13428890625 0.5092676802884616
1 0.09081225721153846 0.5124603197115385 0.08910834375 0.4985830528846154 0.05142260576923077 0.50321028125 0.053126521634615384 0.5170875456730769 0.09081225721153846 0.5124603197115385
1 0.1293838389423077 0.1992210841346154 0.12687874519230768 0.1788187451923077 0.11390327163461539 0.18041193509615386 0.11640836298076923 0.20081427163461538 0.1293838389423077 0.1992210841346154
1 0.14395751923076922 0.17047144471153847 0.14084307932692308 0.145106375 0.1274023485576923 0.14675668990384616 0.13051678846153847 0.17212175721153844 0.14395751923076922 0.17047144471153847
1 0.105460375 0.07062250961538462 0.10320353605769231 0.052242026442307694 0.08650601442307693 0.0542922235576923 0.08876285336538461 0.07267270913461538 0.105460375 0.07062250961538462
1 0.4949246081730769 0.23643171634615384 0.49195686538461536 0.21226137740384615 0.4575796129807692 0.21648237259615385 0.46054735817307696 0.24065271153846154 0.4949246081730769 0.23643171634615384
1 0.4947166706730769 0.2659362355769231 0.49243726442307695 0.24737194951923075 0.46359139182692305 0.2509137764423077 0.4658707980769231 0.2694780649038461 0.4947166706730769 0.2659362355769231
1 0.49719610817307697 0.29809600721153845 0.4948264278846154 0.2787964975961538 0.4666008966346154 0.28226215625 0.4689705769230769 0.30156166586538463 0.49719610817307697 0.29809600721153845
1 0.1347836610576923 0.18251254326923078 0.13253810576923078 0.16422396153846153 0.12400841105769231 0.1652712764423077 0.12625396634615385 0.1835598581730769 0.1347836610576923 0.18251254326923078
1 0.1040404014423077 0.10820532932692307 0.10138861538461538 0.08660825961538461 0.07993514182692309 0.08924241346153847 0.08258693028846155 0.11083948317307693 0.1040404014423077 0.10820532932692307
4 1 0.711737625 0.977693221153846 0.5300634855769231 0.6078146923076923 0.5754788581730769 0.6529176346153847 0.9428128365384616 1 0.9001964807692308 1 0.711737625
1 0.012705088942307692 0.5122554399038461 0.01399148798076923 0.5227323149038462 0.052400956730769235 0.5180162259615385 0.051114557692307695 0.5075393509615385 0.012705088942307692 0.5122554399038461
1 0.25699217067307695 0.40641765625000004 0.25944084375 0.4263604831730769 0.28880366586538464 0.42275518028846154 0.28635499278846155 0.4028123557692308 0.25699217067307695 0.40641765625000004
1 0.23412692307692307 0.4086654278846154 0.23678999278846155 0.43035439903846157 0.2595875384615385 0.42755521153846154 0.25692446634615385 0.40586624278846156 0.23412692307692307 0.4086654278846154
1 0.21884590384615385 0.41156787019230767 0.22094476442307692 0.42866171875 0.23629821394230768 0.4267765528846154 0.2341993533653846 0.4096827019230769 0.21884590384615385 0.41156787019230767
1 0.1324479375 0.33187347355769237 0.13384717788461536 0.34326937259615387 0.14087771153846154 0.3424061322115385 0.13947847115384615 0.33101023317307693 0.1324479375 0.33187347355769237
1 0.11139211298076922 0.3522768004807692 0.11278006971153845 0.3635807980769231 0.11882839663461539 0.36283815625 0.11744043990384616 0.3515341586538462 0.11139211298076922 0.3522768004807692
1 0.11305917788461538 0.19618795192307692 0.11528216346153847 0.21429272836538463 0.12324321153846154 0.21331523317307693 0.12102022596153847 0.19521045673076923 0.11305917788461538 0.19618795192307692
1 0.11012258653846155 0.20774307211538462 0.11189420673076923 0.22217175240384618 0.11763236298076923 0.2214671971153846 0.1158607451923077 0.2070385144230769 0.11012258653846155 0.20774307211538462
1 0.10496310817307693 0.21957113221153846 0.10646390624999999 0.23179415384615384 0.1142698653846154 0.23083570192307692 0.1127690673076923 0.21861268028846154 0.10496310817307693 0.21957113221153846
1 0.07776298557692307 0.1057412235576923 0.07985056250000001 0.12274317307692308 0.10161420192307692 0.1200709326923077 0.099526625 0.10306898557692307 0.07776298557692307 0.1057412235576923