1 0.3692889206730769 0.48290135817307694 0.3705526033653846 0.41050498076923075 0.18506002884615386 0.4072671947115385 0.18379634374999998 0.4796635721153846 0.3692889206730769 0.48290135817307694
1 0.5034654927884615 0.48052047836538464 0.504288016826923 0.4333980264423077 0.37295385817307697 0.43110557932692306 0.37213133173076923 0.47822803124999996 0.5034654927884615 0.48052047836538464
1 0.6052208269230769 0.482296625 0.6059916418269231 0.4381366826923077 0.5116830889423076 0.43649052163461544 0.5109122740384615 0.4806504615384615 0.6052208269230769 0.482296625
1 0.6744830889423077 0.4863764086538461 0.6751133149038462 0.4502707956730769 0.6041866201923077 0.44903276682692306 0.6035563942307692 0.4851383798076923 0.6744830889423077 0.4863764086538461
1 0.7418146009615385 0.48468087740384613 0.7423947307692308 0.4514451971153846 0.7092747764423077 0.4508670865384615 0.7086946466346155 0.4841027668269231 0.7418146009615385 0.48468087740384613
1 0.7855861394230769 0.4897974254807692 0.7861226394230769 0.4590613677884615 0.744254016826923 0.45833054807692303 0.743717516826923 0.4890666057692308 0.7855861394230769 0.4897974254807692
1 0.17479016826923077 0.47635774038461537 0.1762025192307692 0.39544414182692306 0.0035204903846153845 0.3924299639423077 0.0021081370192307693 0.47334356490384616 0.17479016826923077 0.47635774038461537
1 0.3612716033653846 0.9511660889423077 0.3635355673076923 0.8214636225961538 0.19111391586538462 0.8184539927884615 0.18884995192307694 0.9481564591346154 0.3612716033653846 0.9511660889423077
1 0 0.98884825 0.17678200721153844 0.9919339927884615 0.1784884639423077 0.8941711057692309 0 0.8910555769230769 0 0.98884825
1 0.48583221875 0.8699942740384615 0.4875968509615385 0.7688985649038462 0.3621992860576923 0.7667097427884616 0.36043465384615386 0.8678054519230769 0.48583221875 0.8699942740384615
1 0.6028417403846154 0.8006369206730769 0.6041797596153846 0.7239819302884616 0.5106523413461539 0.7223494038461538 0.5093143221153846 0.7990043918269231 0.6028417403846154 0.8006369206730769
1 0.6725898413461538 0.7589774759615384 0.6734624615384616 0.7089850913461538 0.6035251947115385 0.7077643317307692 0.6026525745192308 0.7577567163461538 0.6725898413461538 0.7589774759615384
1 0.7291009302884616 0.7295888846153846 0.7298749759615385 0.6852437884615384 0.6932138966346154 0.6846038677884615 0.6924398485576924 0.7289489639423077 0.7291009302884616 0.7295888846153846
1 0.7817026129807693 0.7093001177884616 0.7824039423076923 0.6691210528846153 0.7399104158653846 0.6683793245192308 0.7392090865384616 0.7085583894230769 0.7817026129807693 0.7093001177884616
1 0.8298394687499999 0.6941193918269231 0.8305731177884615 0.6520887548076922 0.7867777043269231 0.6513243052884616 0.7860440576923077 0.6933549399038461 0.8298394687499999 0.6941193918269231
1 0.6287815120192307 0.17701317067307692 0.6276681129807693 0.24079975 0.6994800889423077 0.24205323076923074 0.7005934879807693 0.17826665144230772 0.6287815120192307 0.17701317067307692
1 0.5206931610576923 0.1142838798076923 0.5192581850961538 0.19649357932692307 0.6267418125 0.19836971394230768 0.6281767884615385 0.11616001442307693 0.5206931610576923 0.1142838798076923
1 0.3919595961538462 0.04656389423076923 0.3901820360576923 0.1484002331730769 0.5193290288461538 0.15065450240384615 0.5211065889423077 0.04881816346153846 0.3919595961538462 0.04656389423076923
1 0.22477803605769228 0 0.22347184855769228 0.07483138461538462 0.3894882259615385 0.07772921153846155 0.3908449927884616 0 0.22477803605769228 0
1 0.6595365649038462 0.0027085576923076924 0.6578543461538462 0.09908276682692309 0.8739151850961538 0.10285412259615384 0.8755974014423077 0.006479913461538462 0.6595365649038462 0.0027085576923076924
1 0.9569368125 0.18709365625000002 0.9582198870192309 0.11358633653846154 0.8088155625 0.11097847355769232 0.807532485576923 0.18448579326923076 0.9569368125 0.18709365625000002
1 1 0.188864 0.8632874663461538 0.18647767548076924 0.8622710240384616 0.24470954567307693 1 0.24711361298076923 1 0.188864
1 0.8286235865384615 0.29524112259615387 0.829223108173077 0.26089450480769233 0.7943846658653846 0.2602863966346154 0.7937851418269232 0.29463301442307693 0.8286235865384615 0.29524112259615387
1 0.7174791033653847 0.21958615865384615 0.7167115216346154 0.2635609423076923 0.7468111009615386 0.26408633173076923 0.7475786850961538 0.22011155048076925 0.7174791033653847 0.21958615865384615
3 0.87333490625 0.055521971153846154 0.8720679903846154 0.12810350721153846 0.9542950480769231 0.12953878365384616 0.9555619615384615 0.05695725 0.87333490625 0.055521971153846154
3 0.8760244302884614 0.011858555288461537 0.8747995288461539 0.08203305048076923 0.9531730096153846 0.08340106490384615 0.9543979086538462 0.01322656971153846 0.8760244302884614 0.011858555288461537
3 0.5828414807692307 0.07230656971153847 0.5819559326923077 0.12303958173076923 0.6285634158653846 0.12385311778846154 0.6294489639423078 0.07312010576923077 0.5828414807692307 0.07230656971153847
3 0.5237891778846154 0.041363846153846154 0.5228050552884616 0.09774414423076923 0.5875347788461538 0.0988740048076923 0.5885189014423077 0.042493706730769236 0.5237891778846154 0.041363846153846154
1 0.7461303173076923 0.24638656971153847 0.7453902067307693 0.28878751682692305 0.7850716610576923 0.28948015865384613 0.7858117716346154 0.24707921153846155 0.7461303173076923 0.24638656971153847
1 1 0.3055484375 0.9030678990384615 0.3038564831730769 0.90211125 0.3586629495192308 1 0.36037160336538465 1 0.3055484375
1 0.8659940168269231 0.3208972331730769 0.8665175889423077 0.2909018028846154 0.8357410264423077 0.2903645961538462 0.8352174543269231 0.32036002644230765 0.8659940168269231 0.3208972331730769