1 0.5755995913461539 0.6155571610576923 0.5639045600961539 0.560536360576923 0.38959560096153845 0.5975868725961538 0.4012906322115385 0.6526076754807693 0.5755995913461539 0.6155571610576923
1 0.587434798076923 0.6562070024038462 0.5769237067307692 0.6067562067307692 0.4042195192307692 0.6434656153846153 0.41473061057692306 0.6929164110576923 0.587434798076923 0.6562070024038462
1 0.5955336370192308 0.6905514471153846 0.5873326754807692 0.6519689567307693 0.41157177884615387 0.6893280889423077 0.4197727403846154 0.7279105769230768 0.5955336370192308 0.6905514471153846
1 0.4025992860576923 0.6091640216346154 0.3938207932692308 0.5678644543269231 0.2520658076923077 0.59799540625 0.26084430288461535 0.6392949735576923 0.4025992860576923 0.6091640216346154
1 0.4073783533653846 0.6470539399038462 0.39946615865384616 0.6098299879807693 0.26084430288461535 0.6392949735576923 0.26875649759615383 0.6765189230769231 0.4073783533653846 0.6470539399038462
1 0.41420872596153846 0.6829459254807693 0.4054302331730769 0.6416463629807693 0.26604419951923075 0.6712737788461538 0.2748226947115385 0.71257334375 0.41420872596153846 0.6829459254807693
1 0.41816796634615383 0.7282516826923077 0.40878306490384614 0.6840991875 0.27405851682692306 0.7127357740384616 0.2834434182692308 0.7568882692307692 0.41816796634615383 0.7282516826923077
1 0.29970699038461535 0.7879353365384615 0.2891670216346154 0.7383486875 0.09093929807692308 0.7804832908653846 0.10147926442307692 0.8300699399038461 0.29970699038461535 0.7879353365384615
1 0.07136512740384615 0.7342368389423076 0.08046126201923078 0.777030795673077 0.2919092644230769 0.7320861346153846 0.2828131274038462 0.6892921778846154 0.07136512740384615 0.7342368389423076
1 0.2733323894230769 0.6942891971153846 0.2627924206730769 0.6447025480769231 0.06532887500000001 0.6866747211538461 0.07586884134615385 0.7362613701923078 0.2733323894230769 0.6942891971153846
1 0.27355815384615384 0.6611571322115384 0.25920647355769233 0.5936377788461539 0.05165577884615384 0.6377540408653846 0.06600745913461538 0.7052733942307692 0.27355815384615384 0.6611571322115384
1 0.2624117764423077 0.6087175528846154 0.24985044711538462 0.5496211370192308 0.044668704326923075 0.5932338629807693 0.05723003365384616 0.6523302788461538 0.2624117764423077 0.6087175528846154
1 0.2424674903846154 0.5641116802884615 0.22753827403846155 0.4938752475961538 0.03236726201923077 0.5353601274038462 0.04729647596153846 0.6055965600961538 0.2424674903846154 0.5641116802884615
1 0.029201076923076923 0.4900277932692308 0.04557412259615385 0.5670569182692308 0.24380184615384615 0.5249223149038461 0.22742880048076924 0.44789318990384613 0.029201076923076923 0.4900277932692308
1 0.23389823317307692 0.46668090144230767 0.21749631009615383 0.38951592307692307 0.01223814903846154 0.43314489182692306 0.028640072115384614 0.5103098701923077 0.23389823317307692 0.46668090144230767
1 0.011279973557692308 0.39444281971153844 0.027104362980769233 0.46889071875 0.21845448798076922 0.4282179951923077 0.20263009615384617 0.35377009375 0.011279973557692308 0.39444281971153844
1 0.20791451923076923 0.37863134615384614 0.19445801201923077 0.31532345913461535 0.011666680288461538 0.3541769567307692 0.025123187499999998 0.4174848413461539 0.20791451923076923 0.37863134615384614
1 0.0021240072115384615 0.3130398221153846 0.01968099519230769 0.3956389519230769 0.20705739423076922 0.3558108701923077 0.18950040865384615 0.2732117379807692 0.0021240072115384615 0.3130398221153846
1 0 0.30718051682692304 0.00506625 0.33101534855769227 0.19870890865384616 0.2898553293269231 0.1832021610576923 0.2169018221153846 0 0.25584264182692307 0 0.30718051682692304
1 0 0.2767439158653846 0.0007161225961538461 0.2801130072115385 0.19359460336538462 0.23911542067307692 0.1810332716346154 0.1800190048076923 0 0.21849881490384615 0 0.2767439158653846
1 0 0.22375250961538462 0.17445992788461537 0.18666990625 0.16519053365384614 0.14306082451923077 0 0.17817315625000002 0 0.22375250961538462
1 0 0.1947861923076923 0.17414759615384617 0.15776997836538462 0.16109536057692309 0.09636404326923077 0 0.13060591826923076 0 0.1947861923076923
1 0 0.13884144471153845 0.17950569951923076 0.10068632932692309 0.17156462740384615 0.06332652403846153 0 0.09979371153846153 0 0.13884144471153845
1 0.5031729014423078 0.1673488701923077 0.4957804855769231 0.1325702860576923 0.4455740024038462 0.1432420048076923 0.4529664182692308 0.17802058653846153 0.5031729014423078 0.1673488701923077
1 0.5594269471153847 0.16220730769230768 0.5524099278846154 0.12919482451923076 0.49754195913461535 0.14085737259615383 0.5045589783653847 0.1738698533653846 0.5594269471153847 0.16220730769230768
1 0.59621946875 0.1526829158653846 0.5898954879807692 0.12293092307692308 0.5527564471153846 0.13082506971153846 0.5590804278846154 0.1605770625 0.59621946875 0.1526829158653846
1 0.6436484855769231 0.1563747644230769 0.6387394591346154 0.13327961298076924 0.6034344447115385 0.14078392548076923 0.6083434711538461 0.16387907692307693 0.6436484855769231 0.1563747644230769
1 0.6966848774038461 0.1590167235576923 0.6910539350961538 0.13252522596153846 0.6455089375 0.1422061153846154 0.6511398798076923 0.1686976105769231 0.6966848774038461 0.1590167235576923
1 0.7167689302884616 0.24448651201923077 0.7111379879807692 0.21799501442307692 0.677667 0.22510949278846154 0.6832979423076923 0.25160099038461536 0.7167689302884616 0.24448651201923077
1 0.54165953125 0.27063180528846154 0.5345847596153847 0.23734761778846153 0.47902903124999996 0.24915635336538464 0.48610380528846153 0.2824405408653846 0.54165953125 0.27063180528846154
1 0.5603829254807692 0.2858209110576923 0.55281725 0.2502272067307692 0.48373557451923077 0.26491097115384615 0.4913012524038462 0.30050467548076926 0.5603829254807692 0.2858209110576923
1 0.5604702475961538 0.2990075841346154 0.5541173894230769 0.2691197403846154 0.48182616826923075 0.2844857139423077 0.48817902644230765 0.31437355769230774 0.5604702475961538 0.2990075841346154
1 0.5414548822115385 0.3173905913461538 0.5339180841346154 0.28193274038461535 0.4900542764423077 0.29125628124999997 0.4975910769230769 0.3267141322115385 0.5414548822115385 0.3173905913461538
1 0.5348920985576924 0.3308548533653846 0.5280483389423076 0.29865749519230766 0.4841081129807692 0.30799727884615385 0.4909518725961538 0.3401946370192308 0.5348920985576924 0.3308548533653846
1 0.5694213100961538 0.32834316346153847 0.5611048413461538 0.28921725961538464 0.5088350793269231 0.3003275408653846 0.5171515456730769 0.3394534447115385 0.5694213100961538 0.32834316346153847
1 0.5674587355769231 0.33827376923076924 0.5611347548076924 0.30852177644230766 0.51016409375 0.31935592548076924 0.5164880769230769 0.3491079158653846 0.5674587355769231 0.33827376923076924
1 0.5643896754807692 0.3617867884615385 0.556564110576923 0.3249703990384616 0.5152220913461538 0.3337579158653846 0.52304765625 0.3705743052884615 0.5643896754807692 0.3617867884615385
1 0.5543916105769231 0.37825310817307695 0.5487895456730769 0.3518974663461538 0.5171525841346154 0.3586221105769231 0.5227546490384616 0.38497775240384613 0.5543916105769231 0.37825310817307695
1 0.5517944423076924 0.39797403846153845 0.5461923774038462 0.3716183966346154 0.5255595769230769 0.37600403365384616 0.531161641826923 0.4023596754807693 0.5517944423076924 0.39797403846153845
1 0.5574486370192308 0.41480515625 0.5520775841346154 0.38953634375 0.529457920673077 0.3943443028846154 0.5348289735576923 0.41961311298076925 0.5574486370192308 0.41480515625
1 0.5595911322115384 0.4346545745192308 0.5534981634615385 0.4059894158653846 0.5335531225961538 0.41022886538461534 0.5396460913461538 0.43889402403846156 0.5595911322115384 0.4346545745192308
1 0.5627675600961538 0.44959849759615383 0.5578874110576924 0.4266391995192308 0.5366432668269231 0.43115478125 0.5415234158653847 0.4541140793269231 0.5627675600961538 0.44959849759615383
1 0.5619262427884615 0.46781027644230766 0.5577680096153845 0.44824732451923077 0.5442420600961538 0.45112235336538464 0.5484002956730769 0.47068530528846153 0.5619262427884615 0.46781027644230766
1 0.5589145913461538 0.4852054495192308 0.5557381610576922 0.4702615264423077 0.5454217620192308 0.4724543461538462 0.5485981899038461 0.48739826923076923 0.5589145913461538 0.4852054495192308
1 0.56232203125 0.5012362019230769 0.5589145913461538 0.4852054495192308 0.5511199759615384 0.4868622475961538 0.5545274182692308 0.5028929975961538 0.56232203125 0.5012362019230769
1 0.5666007043269231 0.5183596923076923 0.5629333725961538 0.5011062572115385 0.5539160745192308 0.5030229423076923 0.55758340625 0.5202763798076924 0.5666007043269231 0.5183596923076923
1 0.5696566947115385 0.5357430745192308 0.5659893629807692 0.5184896394230769 0.5562843052884616 0.5205525120192308 0.5599516370192308 0.5378059495192308 0.5696566947115385 0.5357430745192308
1 0.5703553581730769 0.5487998028846154 0.5676698317307692 0.5361653966346154 0.5599516370192308 0.5378059495192308 0.5626371610576923 0.5504403557692308 0.5703553581730769 0.5487998028846154
1 0.5752355072115385 0.5717591009615385 0.5703553581730769 0.5487998028846154 0.5645476057692307 0.5500342764423076 0.5694277572115385 0.572993576923077 0.5752355072115385 0.5717591009615385
1 0.7001380769230768 0.5498959663461538 0.6957488293269231 0.5292461850961538 0.6570050144230769 0.5374814375 0.6613942620192308 0.55813121875 0.7001380769230768 0.5498959663461538
1 0.7044068846153846 0.5729852115384616 0.6992957211538461 0.5489390817307692 0.66116325 0.557044389423077 0.6662744110576924 0.581090516826923 0.7044068846153846 0.5729852115384616
1 0.7083052283653846 0.5913254783653846 0.7034539567307692 0.5685020336538462 0.6602014903846154 0.5776956274038462 0.6650527644230769 0.6005190721153846 0.7083052283653846 0.5913254783653846
1 0.6520575913461539 0.5266057379807692 0.6559559350961539 0.5449460048076923 0.6998197427884616 0.5356224663461538 0.6959213990384616 0.5172821971153846 0.6520575913461539 0.5266057379807692
1 0.6472115985576923 0.5071889735576923 0.6513698317307692 0.5267519254807692 0.6972205 0.5170060649038462 0.6930622668269231 0.49744311298076926 0.6472115985576923 0.5071889735576923
1 0.6467826899038461 0.48938918028846157 0.6504211442307692 0.5065067620192308 0.6917631658653847 0.4977192451923077 0.6881247091346154 0.4806016634615385 0.6467826899038461 0.48938918028846157
1 0.6412911995192307 0.4665598269230769 0.6461713485576923 0.48951912500000005 0.6836160600961538 0.4815600048076923 0.6787359110576923 0.45860070673076925 0.6412911995192307 0.4665598269230769
1 0.6260425192307693 0.45531787500000004 0.6289879350961538 0.4691749639423077 0.6780481514423078 0.4587468942307692 0.675102735576923 0.44488980528846156 0.6260425192307693 0.45531787500000004
1 0.6221441754807693 0.4369776081730769 0.6260425192307693 0.45531787500000004 0.6738036346153845 0.4451659375 0.6699052884615385 0.4268256682692308 0.6221441754807693 0.4369776081730769
1 0.6138477548076924 0.4231219735576923 0.6177749759615385 0.44159809375 0.6706560817307692 0.4303578677884615 0.666728860576923 0.4118817475961538 0.6138477548076924 0.4231219735576923
1 0.6652751634615384 0.4110548052884615 0.6606549038461539 0.38931819471153845 0.6083087235576923 0.40044471875 0.6129289831730769 0.4221813293269231 0.6652751634615384 0.4110548052884615
1 0.6006236466346154 0.38645913701923074 0.60524390625 0.4081957524038462 0.6627100769230769 0.39598093990384614 0.6580898173076922 0.37424432692307696 0.6006236466346154 0.38645913701923074
1 0.6604911634615385 0.37614776442307696 0.6565639447115384 0.35767164423076925 0.5978750865384616 0.3701463461538462 0.6018023076923077 0.3886224639423077 0.6604911634615385 0.37614776442307696
1 0.5934284326923077 0.3556144086538462 0.5970668870192308 0.37273199278846153 0.6532339567307692 0.36079331249999996 0.6495955024038461 0.34367573076923075 0.5934284326923077 0.3556144086538462
1 0.622698201923077 0.3505288605769231 0.6187998581730769 0.33218859375 0.5897611009615384 0.3383609711538461 0.5936594471153847 0.3567012403846154 0.622698201923077 0.3505288605769231
1 0.5841259182692308 0.32763146153846157 0.5889771923076923 0.35045490384615385 0.620537735576923 0.3437465024038462 0.6156864615384615 0.32092306009615384 0.5841259182692308 0.32763146153846157
1 0.6179043365384616 0.32158756971153846 0.6135150913461538 0.30093778846153846 0.5799676850961538 0.3080685096153846 0.5843569326923077 0.3287182908653846 0.6179043365384616 0.32158756971153846
1 0.5719121442307692 0.2893339543269231 0.5763013918269231 0.3099837379807692 0.6124470024038462 0.30230075 0.6080577548076923 0.28165096875 0.5719121442307692 0.2893339543269231
1 0.5970436370192307 0.382392375 0.5928854014423077 0.36282942307692306 0.5780603533653846 0.36598058413461537 0.5822185865384616 0.3855435360576923 0.5970436370192307 0.382392375
1 0.5227004447115384 0.3561649495192307 0.5151347692307693 0.32057124519230773 0.49129242307692306 0.3256390913461538 0.4988580985576923 0.36123279807692305 0.5227004447115384 0.3561649495192307
1 0.5228740504807692 0.36336962740384615 0.5172719855769231 0.3370139831730769 0.4992373894230769 0.3408473533653846 0.5048394543269231 0.3672029975961539 0.5228740504807692 0.36336962740384615
1 0.5254732932692308 0.38198602644230767 0.5201022403846154 0.35671721634615383 0.5026789879807693 0.36042064182692307 0.5080500384615385 0.38568945432692303 0.5254732932692308 0.38198602644230767
1 0.5305260096153847 0.3929813365384615 0.5261367644230769 0.3723315552884615 0.504204860576923 0.3769933245192308 0.5085941081730769 0.3976431057692308 0.5305260096153847 0.3929813365384615
1 0.5315662596153846 0.41065118509615384 0.5254732932692308 0.38198602644230767 0.5054518341346154 0.38624171875 0.5115448028846153 0.41490687740384613 0.5315662596153846 0.41065118509615384
1 0.5329526850961538 0.4235617259615384 0.5280725336538462 0.40060242788461536 0.5100379375 0.4044357980769231 0.5149180889423077 0.4273950985576923 0.5329526850961538 0.4235617259615384
1 0.5387273173076923 0.43795338221153846 0.5331252524038461 0.41159773798076926 0.5144028966346154 0.41557729567307694 0.5200049615384615 0.44193293990384613 0.5387273173076923 0.43795338221153846
1 0.5460320649038461 0.45315573557692307 0.5409209038461539 0.42910960576923074 0.5163907956730769 0.4343236418269231 0.5215019591346154 0.4583697716346154 0.5460320649038461 0.45315573557692307
1 0.5477125360576923 0.47083149278846154 0.54211046875 0.4444758509615384 0.520866326923077 0.44899143269230773 0.5264683918269231 0.4753470769230769 0.5477125360576923 0.47083149278846154
1 0.5479967139423076 0.48156246153846155 0.5431165649038461 0.4586031634615385 0.5243942067307692 0.4625827235576923 0.5292743581730769 0.48554202163461535 0.5479967139423076 0.48156246153846155
1 0.5474726923076922 0.4948790793269231 0.5425925432692308 0.47191978124999995 0.5270797331730769 0.4752171298076923 0.5319598822115384 0.4981764278846154 0.5474726923076922 0.4948790793269231
1 0.5487196658653846 0.5041274735576923 0.5453122259615385 0.48809672115384617 0.5285767307692308 0.4916539615384616 0.5319841730769231 0.5076847115384615 0.5487196658653846 0.5041274735576923
1 0.5533688028846154 0.5259999423076923 0.5492105697115385 0.5064369903846153 0.5324750745192308 0.5099942283653847 0.5366333100961538 0.5295571802884615 0.5533688028846154 0.5259999423076923
1 0.5555634254807692 0.5363248317307693 0.5526468870192308 0.52260359375 0.5372104951923077 0.5258847019230769 0.5401270336538462 0.5396059399038461 0.5555634254807692 0.5363248317307693
1 0.5596927836538461 0.5557519302884615 0.5557944399038461 0.5374116634615385 0.5390589447115385 0.5409689014423077 0.5429572884615385 0.559309170673077 0.5596927836538461 0.5557519302884615
4 0 0.5247458389423078 0.0045106875 0.5459669543269231 0.06732610336538461 0.532615125 0.010323649038461538 0.26443965865384617 0 0.2666340168269231 0 0.5247458389423078
4 0 0.5427823461538461 0.06107926923076923 0.83013771875 0.1154123125 0.8185888725961538 0.04264322115384615 0.47623721394230767 0 0.48530131009615385 0 0.5427823461538461
0 0.5574559543269231 0 0.7169219663461538 0.7502285937500001 0.9976808942307692 0.6905514399038462 0.850899653846154 0 0.5574559543269231 0
2 0.5084632019230769 0.30083256009615383 0.5833402884615384 0.6531015504807692 0.7349531658653846 0.6208752379807693 0.6600760793269231 0.26860624759615387 0.5084632019230769 0.30083256009615383