2 0.9701308870192308 0.8516512788461538 0.9937347331730769 0.5141005432692307 0.8916402884615385 0.5069614038461538 0.8680364423076923 0.8445121394230769 0.9701308870192308 0.8516512788461538
1 0.7926595384615385 0.706167110576923 0.7954846754807693 0.665765766826923 0.7517633125000001 0.6627084711538462 0.7489381754807692 0.703109814903846 0.7926595384615385 0.706167110576923
1 0.70215878125 0.6844261370192307 0.7048356874999999 0.6461446153846153 0.6098332980769231 0.6395014014423077 0.607156391826923 0.6777829230769231 0.70215878125 0.6844261370192307
1 0.5973098629807693 0.6606793990384615 0.5991496899038462 0.6343686490384616 0.5273718389423077 0.6293494519230769 0.5255320120192308 0.6556602043269231 0.5973098629807693 0.6606793990384615
1 0.5151617692307693 0.6471661201923078 0.5174550120192307 0.6143712019230769 0.41216524519230774 0.607008625 0.409872 0.6398035432692308 0.5151617692307693 0.6471661201923078
1 0.4193669254807692 0.631696125 0.4221920625 0.59129478125 0.35111562259615386 0.5863246322115384 0.3482904855769231 0.6267259783653846 0.4193669254807692 0.631696125
1 0.34172485096153843 0.6119820673076923 0.34355595913461534 0.5857960096153846 0.2998345961538461 0.5827387139423077 0.29800348798076925 0.6089247716346153 0.34172485096153843 0.6119820673076923
1 0.3284020408653846 0.6748308100961539 0.33199449759615385 0.6234562620192308 0.23971982451923074 0.6170037884615385 0.23612736538461537 0.6683783365384616 0.3284020408653846 0.6748308100961539
1 0.2341669735576923 0.6572143918269231 0.23775943028846153 0.60583984375 0.19879208413461538 0.6031149807692308 0.19519962740384617 0.6544895288461539 0.2341669735576923 0.6572143918269231
1 0 0.7374501802884615 0.21450703365384616 0.7524499735576923 0.22231103846153846 0.6408474951923077 0.004171838942307693 0.6255937163461538 0 0.6852537788461538 0 0.7374501802884615
1 0.2892642451923077 0.3777520264423077 0.29310085096153843 0.32288600480769236 0.15601373076923078 0.31329993990384614 0.15217712259615385 0.36816596153846154 0.2892642451923077 0.3777520264423077
1 0.44975685096153845 0.3908543413461538 0.4527999783653846 0.3473356105769231 0.2992686346153846 0.3365996538461538 0.29622550961538463 0.3801183846153846 0.44975685096153845 0.3908543413461538
1 0.45887750961538465 0.26042284134615384 0.46099636298076924 0.23012183413461537 0.32632521634615386 0.22070470913461537 0.3242063629807692 0.25100571875 0.45887750961538465 0.26042284134615384
1 0.6410386658653846 0.2694016346153846 0.6426256274038462 0.2467070528846154 0.46781811298076925 0.23448331971153846 0.4662311538461538 0.2571779014423077 0.6410386658653846 0.2694016346153846
1 0.6237964447115385 0.39726033413461537 0.6255141971153846 0.37269531971153846 0.47198285576923077 0.36195936298076925 0.47026510096153845 0.38652437740384615 0.6237964447115385 0.39726033413461537
1 0.6318551730769231 0.3503331706730769 0.6338345120192308 0.3220272908653846 0.4719641586538461 0.3107082139423077 0.4699848197115385 0.33901409375 0.6318551730769231 0.3503331706730769
1 0.8180484206730768 0.4203669543269231 0.8209520336538462 0.3788433509615385 0.6402214831730769 0.3662054399038462 0.6373178701923077 0.40772904326923076 0.8180484206730768 0.4203669543269231
1 0.84007021875 0.27567565625 0.8424506586538462 0.24163378365384616 0.665227170673077 0.22924111057692306 0.6628467307692307 0.2632829831730769 0.84007021875 0.27567565625
1 0.8481102524038462 0.17749734374999998 0.8502291057692308 0.14719633653846154 0.6671605144230769 0.1343949326923077 0.6650416610576924 0.16469593990384615 0.8481102524038462 0.17749734374999998
1 1 0.15766933653846155 0.8750123365384616 0.1489293485576923 0.8732945841346154 0.17349436298076923 1 0.18235446875 1 0.15766933653846155
1 1 0.25841474759615385 0.8680018125 0.24918453365384613 0.8656300913461539 0.28310171153846153 1 0.2924977716346154 1 0.25841474759615385
1 1 0.39888191826923075 0.8452900264423077 0.3880635432692308 0.8423776947115384 0.42971184134615387 1 0.4407338677884616 1 0.39888191826923075
1 0.19261039903846155 0.1673723221153846 0.19453742067307692 0.13981461298076922 0.05261834855769231 0.1298906658653846 0.050691324519230765 0.15744837259615385 0.19261039903846155 0.1673723221153846
1 0.1826518870192308 0.2392276875 0.1842998846153846 0.21566023557692307 0.040744182692307694 0.20562184374999998 0.0390961875 0.2291892932692308 0.1826518870192308 0.2392276875
1 0.32770393028846156 0.18082874759615386 0.33110456009615385 0.13219750240384615 0.1899648341346154 0.12232805048076924 0.18656420432692308 0.17095929807692306 0.32770393028846156 0.18082874759615386
1 0.4788176153846154 0.17686024038461537 0.4813898870192308 0.14007506490384616 0.3287937596153846 0.1294045048076923 0.32622149038461534 0.1661896778846154 0.4788176153846154 0.17686024038461537
1 0.6516315408653846 0.19295433413461538 0.6549362524038462 0.14569473798076923 0.48924709855769233 0.13410862259615383 0.4859423846153846 0.18136821875 0.6516315408653846 0.19295433413461538
1 0.8672546538461539 0.09187421634615384 0.8696350937499999 0.05783234134615385 0.8081446225961538 0.05353250961538462 0.8057641826923077 0.08757438221153846 0.8672546538461539 0.09187421634615384
1 0.802346 0.10061771634615384 0.8060169350961538 0.048120908653846155 0.7428898341346154 0.04370662980769231 0.7392188990384615 0.09620343990384615 0.802346 0.10061771634615384
1 0.7343848413461539 0.11829504567307692 0.7394334663461539 0.046096348557692304 0.6827749447115384 0.042134399038461536 0.6777263197115384 0.11433309615384615 0.7343848413461539 0.11829504567307692
1 0.6516830841346154 0.12165925721153846 0.6565485985576923 0.05207916586538462 0.6114244110576923 0.048923774038461536 0.6065588966346154 0.11850386778846154 0.6516830841346154 0.12165925721153846
1 0.6037766995192307 0.12357213701923077 0.6088253245192308 0.05137343990384616 0.5538034326923077 0.04752593269230769 0.5487548076923077 0.11972463221153846 0.6037766995192307 0.12357213701923077
1 0.5503914375 0.11983907692307692 0.5552569495192308 0.05025898317307693 0.5011702740384615 0.046476875 0.4963047596153846 0.11605696634615385 0.5503914375 0.11983907692307692
1 0.5012729182692308 0.10324732451923077 0.5051269639423077 0.04813191105769231 0.4411425817307692 0.0436576875 0.43728853605769236 0.09877310096153846 0.5012729182692308 0.10324732451923077
1 0.3975452091346154 0.1250647908653846 0.4029600552884615 0.04762888221153846 0.3348451346153846 0.042865822115384616 0.3294302884615385 0.12030173317307692 0.3975452091346154 0.1250647908653846
1 0.3334736322115385 0.12183752403846154 0.33860945192307695 0.048391870192307694 0.28444484134615383 0.04460431009615384 0.2793090216346154 0.11804996394230768 0.3334736322115385 0.12183752403846154
1 0.28193703124999997 0.12750631971153845 0.28661943269230766 0.06054483413461539 0.23744264423076922 0.05710605769230769 0.23276024038461537 0.12406754326923078 0.28193703124999997 0.12750631971153845
1 0.22809173798076923 0.1079526298076923 0.23204169711538464 0.05146556730769231 0.19019076923076922 0.04853906490384615 0.1862408076923077 0.1050261298076923 0.22809173798076923 0.1079526298076923