1 1 0.5052125360576923 0.7734106466346155 0.56592696875 0.8659384567307692 0.9112454519230769 1 0.8753237692307692 1 0.5052125360576923
1 0.4043565144230769 0.7815708701923078 0.39280551682692305 0.7384619615384616 0.28046633173076924 0.7685631562499999 0.2920173293269231 0.8116720649038461 0.4043565144230769 0.7815708701923078
1 0.5996888076923077 0.8480967836538462 0.5772098942307692 0.7642043389423077 0.38840157932692304 0.814795375 0.41088049278846156 0.8986878197115384 0.5996888076923077 0.8480967836538462
1 0.61259175 0.7048771682692307 0.6015679759615384 0.6637358822115385 0.5233883533653846 0.6846840504807693 0.5344121274038461 0.7258253341346154 0.61259175 0.7048771682692307
1 0.7272955336538461 0.6194069471153847 0.721064704326923 0.5961531778846154 0.6643668701923077 0.6113453173076923 0.6705976971153846 0.6345990841346154 0.7272955336538461 0.6194069471153847
1 0.7857883413461538 0.6111149807692308 0.778790641826923 0.5849992091346153 0.7205835480769232 0.6005957524038462 0.7275812500000001 0.6267115240384615 0.7857883413461538 0.6111149807692308
1 0.61339846875 0.6416817091346154 0.6050108125 0.6103785552884615 0.5697444567307692 0.6198281466346154 0.578132110576923 0.6511313004807693 0.61339846875 0.6416817091346154
1 0.16121065625 1 0.3577048269230769 0.9473495456730769 0.32885129567307697 0.839666701923077 0.10306613221153847 0.9001656538461538 0.1298166658653846 1 0.16121065625 1
1 0.3437293485576923 0.5691923846153846 0.3353416923076923 0.5378892307692308 0.2681293533653846 0.5558987235576923 0.2765170072115385 0.587201875 0.3437293485576923 0.5691923846153846
1 0.3609089110576923 0.45722715865384617 0.3552292692307692 0.43603045192307693 0.295261375 0.4520988028846154 0.3009410144230769 0.47329550721153846 0.3609089110576923 0.45722715865384617
1 0.25896259374999997 0.4071854567307692 0.26593632932692307 0.43321178846153846 0.34632953125 0.4116704951923077 0.33935579807692307 0.3856441634615385 0.25896259374999997 0.4071854567307692
1 0.2502810480769231 0.35707684615384616 0.25735064423076925 0.3834609326923077 0.3388506346153846 0.3616230745192308 0.3317810408653846 0.33523899038461535 0.2502810480769231 0.35707684615384616
1 0.26590340865384615 0.46830496875 0.25698853125 0.4350341923076923 0.17659532692307692 0.4565754855769231 0.18551020673076923 0.48984626442307694 0.26590340865384615 0.46830496875
1 0.15933353846153847 0.47586718269230766 0.14989143509615385 0.4406287740384615 0.07392539423076923 0.4609838149038462 0.08336749759615383 0.4962222211538462 0.15933353846153847 0.47586718269230766
1 0.04905143269230769 0.4126257620192308 0.05918851201923077 0.45045785576923075 0.14914035576923076 0.4263553317307692 0.1390032764423077 0.3885232379807692 0.04905143269230769 0.4126257620192308
1 0 0.5081118509615384 0.07743497115384615 0.4873632139423077 0.06482952403846154 0.44031904807692307 0 0.4576900673076923 0 0.5081118509615384
1 0.2876891875 0.18054644711538462 0.27870241346153846 0.14700735576923077 0.19856075721153846 0.16848125 0.20754752884615385 0.20202033894230767 0.2876891875 0.18054644711538462
1 0.18856405048076924 0.11930018990384615 0.19781443509615387 0.15382309375 0.2760946730769231 0.13284796634615387 0.26684428846153846 0.09832506249999999 0.18856405048076924 0.11930018990384615
1 0.3645503125 0.2053886923076923 0.3574088245192308 0.17873629567307692 0.2885866081730769 0.19717715144230769 0.29572809615384615 0.22382954807692307 0.3645503125 0.2053886923076923
1 0.2629506995192308 0.2590692836538462 0.27138628365384615 0.2905513125 0.3143498605769231 0.27903925721153844 0.3059142764423077 0.2475572283653846 0.2629506995192308 0.2590692836538462
1 0.30149728365384615 0.22765179807692307 0.29461940625 0.2019832139423077 0.24466293028846156 0.21536901201923075 0.2515408052884615 0.24103759615384618 0.30149728365384615 0.22765179807692307
1 0.35400555528846156 0.4417264447115385 0.3602603485576923 0.46506965384615384 0.3957782475961539 0.4555526610576923 0.3895234519230769 0.4322094543269231 0.35400555528846156 0.4417264447115385
1 0.4331247740384615 0.45426885096153846 0.42744513221153846 0.4330721442307693 0.3943923581730769 0.4419286081730769 0.400072 0.4631253149038462 0.4331247740384615 0.45426885096153846
1 0.4587633173076923 0.4509458028846154 0.45430587740384615 0.43431041105769236 0.42769260817307697 0.44144141586538466 0.43215004807692303 0.45807680528846156 0.4587633173076923 0.4509458028846154
1 0.4177421442307692 0.4006835528846154 0.4217442524038461 0.4156196274038461 0.4484078293269231 0.40847514182692307 0.4444057211538462 0.39353906971153846 0.4177421442307692 0.4006835528846154
1 0.3698990649038461 0.36279370432692304 0.37490769471153845 0.38148615865384616 0.43673700721153846 0.36491904326923075 0.4317283798076923 0.3462265889423077 0.3698990649038461 0.36279370432692304
1 0.35068069711538463 0.27879446875 0.3560008677884615 0.2986496105769231 0.38397246875 0.2911546418269231 0.378652298076923 0.27129949999999997 0.35068069711538463 0.27879446875
1 0.33546158173076923 0.2322589158653846 0.3415486225961538 0.25497606009615387 0.3734946057692307 0.24641616105769232 0.36740756490384613 0.22369901442307694 0.33546158173076923 0.2322589158653846
1 0.4887426778846154 0.4453093293269231 0.4833266514423077 0.4250964375 0.4532420841346154 0.4331575721153846 0.4586581129807692 0.4533704639423077 0.4887426778846154 0.4453093293269231
1 0.5123116033653846 0.44512902403846155 0.5071112596153846 0.4257210721153846 0.48366743269230766 0.4320028245192308 0.48886777884615384 0.4514107788461538 0.5123116033653846 0.44512902403846155
1 0.5515001730769231 0.4408593076923077 0.5473542740384615 0.4253866081730769 0.511232673076923 0.4350653605769231 0.5153785697115384 0.4505380625 0.5515001730769231 0.4408593076923077
1 0.5723209831730769 0.43786857932692314 0.5684147331730769 0.4232902548076923 0.5477881923076923 0.42881711778846154 0.5516944423076923 0.44339544471153847 0.5723209831730769 0.43786857932692314
1 0.5874475745192307 0.43918351923076926 0.583517360576923 0.42451575721153845 0.5666639639423077 0.4290316105769231 0.5705941802884615 0.44369937499999995 0.5874475745192307 0.43918351923076926
1 0.5596059206730769 0.3976597668269231 0.5631047716346154 0.41071765384615383 0.5796060048076923 0.40629616346153846 0.5761071538461539 0.3932382764423077 0.5596059206730769 0.3976597668269231
1 0.5245976875 0.3720516971153846 0.5292708100961538 0.38949202403846156 0.5711275961538461 0.37827653125 0.5664544735576923 0.3608362043269231 0.5245976875 0.3720516971153846
1 0.6029815649038461 0.4420189014423077 0.5994827139423077 0.4289610144230769 0.58479259375 0.43289721875 0.5882914447115385 0.44595510576923075 0.6029815649038461 0.4420189014423077
1 0.6212510841346154 0.44057451682692306 0.616458139423077 0.42268700240384616 0.5990513485576924 0.42735113942307695 0.603844295673077 0.4452386514423077 0.6212510841346154 0.44057451682692306
1 0.652033391826923 0.46731492548076925 0.6581683605769231 0.4902109423076923 0.6700915096153846 0.4870161442307692 0.6639565384615385 0.4641201274038461 0.652033391826923 0.46731492548076925
1 0.4738961490384615 0.3017605889423077 0.4769396682692308 0.31311916105769233 0.49530231971153843 0.30819890384615384 0.49225880048076925 0.29684033173076924 0.4738961490384615 0.3017605889423077
1 0.4862749302884615 0.27591686057692305 0.4814100913461538 0.25776103365384617 0.4606326225961539 0.26332834134615385 0.4654974615384615 0.2814841682692308 0.4862749302884615 0.27591686057692305
1 0.5005808822115385 0.23412346634615386 0.49339146394230765 0.2072921923076923 0.4396618413461538 0.22168900240384615 0.4468512596153846 0.24852027644230767 0.5005808822115385 0.23412346634615386
1 0.5058045432692307 0.27394312019230765 0.5005562692307692 0.25435629086538464 0.4812880576923077 0.2595191923076923 0.4865363341346154 0.2791060216346154 0.5058045432692307 0.27394312019230765
1 0.5180505192307693 0.31964572355769233 0.5123708798076924 0.2984490168269231 0.4940082235576923 0.30336927644230766 0.49968786538461535 0.3245659807692308 0.5180505192307693 0.31964572355769233
1 0.5394995168269231 0.32262164182692304 0.5342512403846154 0.30303481009615385 0.5195611177884616 0.30697101682692307 0.5248093942307692 0.32655784855769227 0.5394995168269231 0.32262164182692304
1 0.5380973197115385 0.3143700552884615 0.5416440985576924 0.3276068173076923 0.5581453341346154 0.32318532692307694 0.5545985528846153 0.30994856490384615 0.5380973197115385 0.3143700552884615
1 0.5308402475961539 0.28084678846153843 0.534650639423077 0.29506736298076924 0.5473787235576923 0.2916568846153846 0.5435683317307692 0.2774363076923077 0.5308402475961539 0.28084678846153843
1 0.5225005216346154 0.24972251201923076 0.5265505600961539 0.26483746153846155 0.5398320408653846 0.2612786995192308 0.5357820024038461 0.24616375000000001 0.5225005216346154 0.24972251201923076
1 0.5133439639423076 0.21977569471153846 0.5176576129807692 0.23587445913461538 0.53093909375 0.23231569711538463 0.5266254447115385 0.21621693269230768 0.5133439639423076 0.21977569471153846
1 0.5015598870192307 0.2522660528846154 0.5078865769230769 0.2758775721153846 0.5253939807692307 0.2711864783653846 0.5190672932692307 0.2475749567307692 0.5015598870192307 0.2522660528846154
1 0.6100908317307693 0.40033253125 0.6128707403846154 0.4107072908653846 0.6229827764423077 0.40799777884615385 0.6202028677884616 0.39762301923076926 0.6100908317307693 0.40033253125
1 0.6329307812499999 0.3921995504807692 0.6294079663461538 0.3790522235576923 0.6156233990384615 0.3827457884615385 0.6191462139423076 0.3958931129807692 0.6329307812499999 0.3921995504807692
1 0.6538301033653846 0.38286109375 0.6502114302884615 0.3693560216346154 0.6290314927884615 0.3750311682692308 0.6326501658653847 0.38853624038461543 0.6538301033653846 0.38286109375
1 0.6612588221153846 0.40656076201923075 0.6587904567307692 0.3973486923076923 0.6365037307692307 0.4033204014423077 0.6389720961538461 0.41253247115384617 0.6612588221153846 0.40656076201923075
1 0.6317120360576923 0.4278980456730769 0.6339886850961538 0.4363946153846153 0.6457105985576923 0.4332537379807692 0.6434339495192307 0.42475717067307694 0.6317120360576923 0.4278980456730769
1 0.6179272956730769 0.42957862019230764 0.6212104639423077 0.4418315673076923 0.6323789807692308 0.4388389711538461 0.6290958149038463 0.4265860240384616 0.6179272956730769 0.42957862019230764
1 0.6008217596153846 0.37137444951923076 0.6044883629807692 0.3850584014423077 0.6180213870192308 0.38143223798076925 0.6143547836538461 0.36774828846153845 0.6008217596153846 0.37137444951923076
1 0.6304323317307692 0.6185208701923077 0.6251121634615384 0.5986657283653846 0.5974927211538461 0.6060663341346154 0.6028128894230769 0.6259214759615385 0.6304323317307692 0.6185208701923077
1 0.6699995360576924 0.587692641826923 0.6654462379807692 0.5706995 0.6484419182692308 0.5752557932692308 0.6529952163461539 0.5922489350961538 0.6699995360576924 0.587692641826923
1 0.6653809302884616 0.4239570144230769 0.6679211899038461 0.4334373990384615 0.6801461899038461 0.43016171875 0.6776059278846154 0.4206813365384615 0.6653809302884616 0.4239570144230769
1 0.6915042163461538 0.4300899711538462 0.6884606971153846 0.4187314014423077 0.677845576923077 0.4215757139423077 0.6808890961538462 0.4329342836538462 0.6915042163461538 0.4300899711538462
1 0.6973400192307693 0.4285262716346154 0.6942965 0.41716770192307695 0.6869011298076924 0.4191492860576923 0.6899446514423077 0.4305078557692308 0.6973400192307693 0.4285262716346154
1 0.3104296778846154 0.2696410432692308 0.3170439423076923 0.29432581490384613 0.35366863221153844 0.2845122596153846 0.34705436778846155 0.2598274879807692 0.3104296778846154 0.2696410432692308
1 0.38157599519230767 0.2822108846153846 0.38799854086538466 0.30618015625 0.41420934374999996 0.29915699278846153 0.4077867956730769 0.27518772115384615 0.38157599519230767 0.2822108846153846
1 0.41005648076923074 0.28627435096153847 0.4155683677884615 0.3068449927884615 0.44439521634615387 0.2991208605769231 0.4388833293269231 0.27855021875 0.41005648076923074 0.28627435096153847
1 0.3981674230769231 0.24009267548076924 0.4041825697115385 0.26254150721153846 0.43089645673076926 0.25538354326923074 0.4248813100961539 0.23293471153846154 0.3981674230769231 0.24009267548076924
1 0.4457987548076923 0.2951021442307692 0.4507594519230769 0.31361572355769235 0.4746560528846154 0.3072126466346154 0.46969535576923077 0.28869906971153847 0.4457987548076923 0.2951021442307692
1 0.4377491586538461 0.2668717548076923 0.4435486225961538 0.2885156466346154 0.4672942980769231 0.28215301442307694 0.4614948341346154 0.26050912019230765 0.4377491586538461 0.2668717548076923
1 0.5527689254807693 0.31801166586538465 0.5569627524038462 0.3336632403846154 0.5742689254807692 0.3290260673076923 0.5700750985576923 0.3133744903846154 0.5527689254807693 0.31801166586538465
1 0.5414281610576923 0.2680404375 0.5454542355769231 0.2830659495192308 0.5600940504807692 0.27914322355769233 0.5560679759615385 0.26411771153846153 0.5414281610576923 0.2680404375
1 0.5702144735576924 0.3183218076923077 0.5738091826923077 0.3317374447115385 0.5903607235576923 0.32730247355769226 0.586766014423077 0.3138868365384615 0.5702144735576924 0.3183218076923077
1 0.5883765841346154 0.32150743509615387 0.5922349038461538 0.33590688221153847 0.6026487932692308 0.3331164903846154 0.5987904711538461 0.3187170408653846 0.5883765841346154 0.32150743509615387
1 0.5804565 0.2949678004807692 0.5841470673076923 0.30874118509615384 0.5953155865384615 0.30574859134615384 0.5916250192307693 0.2919752067307692 0.5804565 0.2949678004807692
1 0.558476170673077 0.27008670192307693 0.5628617163461539 0.28645377884615386 0.589072514423077 0.27943061778846157 0.5846869711538462 0.26306354086538464 0.558476170673077 0.27008670192307693
1 0.6008274735576923 0.3263192355769231 0.6033916995192308 0.3358890552884616 0.6157173149038461 0.3325864158653846 0.6131530889423077 0.32301659615384615 0.6008274735576923 0.3263192355769231
1 0.5862336442307693 0.27990371153846155 0.5896126730769231 0.29251441346153845 0.605107733173077 0.2883625240384615 0.6017287067307693 0.2757518221153846 0.5862336442307693 0.27990371153846155
1 0.6158267572115383 0.32373807211538463 0.6189421706730769 0.3353649567307692 0.6301609975961538 0.3323588822115384 0.6270455841346153 0.32073199519230766 0.6158267572115383 0.32373807211538463
1 0.6292503389423078 0.32896025240384613 0.6320062812499999 0.33924557451923076 0.6439294302884615 0.33605077884615386 0.641173485576923 0.32576545432692305 0.6292503389423078 0.32896025240384613
1 0.6220228533653847 0.30520666586538464 0.6244432908653846 0.3142398629807692 0.6369701418269231 0.31088330288461535 0.634549704326923 0.30185010576923077 0.6220228533653847 0.30520666586538464
1 0.6165729975961539 0.2816477764423077 0.6184182836538461 0.28853446875 0.6284296995192308 0.2858519182692308 0.6265844158653846 0.2789652235576923 0.6165729975961539 0.2816477764423077
1 0.6082861322115385 0.25233065384615383 0.6115932644230769 0.2646730408653846 0.6220071538461538 0.26188264663461536 0.6187000216346153 0.2495402620192308 0.6082861322115385 0.25233065384615383
1 0.6622565649038462 0.3360288389423077 0.6642696033653847 0.34354159615384616 0.6743313317307693 0.34084556490384615 0.6723182932692308 0.3333328076923077 0.6622565649038462 0.3360288389423077
1 0.6570631850961538 0.31403082932692306 0.6589803629807692 0.3211858341346154 0.6672812884615384 0.31896160817307695 0.6653641105769231 0.3118066033653846 0.6570631850961538 0.31403082932692306
1 0.65140240625 0.2892822908653846 0.6533914783653846 0.2967056105769231 0.6621451802884616 0.29436006249999996 0.6601561081730769 0.28693674278846154 0.65140240625 0.2892822908653846
1 0.644551045673077 0.26552377884615386 0.6472111298076922 0.27545135096153844 0.6563673028846153 0.2729979615384615 0.6537072163461539 0.2630703894230769 0.644551045673077 0.26552377884615386
1 0.6521846298076923 0.3314423293269231 0.6546290336538461 0.34056496394230773 0.6646907596153846 0.33786893269230767 0.6622463581730769 0.3287462980769231 0.6521846298076923 0.3314423293269231
1 0.6401917956730769 0.33216346875 0.6427560216346154 0.3417332908653846 0.6547294759615384 0.33852501201923074 0.65216525 0.32895518990384615 0.6401917956730769 0.33216346875
1 0.6806058894230769 0.3990761177884616 0.6831701153846154 0.4086459375 0.6911691875 0.40650259134615385 0.6886049639423076 0.3969327716346154 0.6806058894230769 0.3990761177884616
1 0.6743152355769231 0.3766052475961538 0.6767596370192308 0.3857278822115384 0.685714576923077 0.38332841346153845 0.6832701730769231 0.3742057788461538 0.6743152355769231 0.3766052475961538
1 0.4058811706730769 0.8488387307692308 0.38905793269230765 0.7860535528846154 0.36174034134615385 0.7933732788461539 0.3785635793269231 0.8561584567307693 0.4058811706730769 0.8488387307692308
1 0.2211882596153846 0.2808998365384615 0.2044369158653846 0.21838296875 0.10311531971153845 0.24553200721153848 0.11986666346153846 0.308048875 0.2211882596153846 0.2808998365384615