1 0.741749735576923 0.34149748557692305 0.7410645673076923 0.30224420432692306 0.6356118798076923 0.30408488942307693 0.636297048076923 0.34333816826923075 0.741749735576923 0.34149748557692305
1 0.7280583509615385 0.4643477379807692 0.727424891826923 0.42805696634615387 0.6410318028846155 0.4295649639423077 0.6416652620192308 0.46585573317307694 0.7280583509615385 0.4643477379807692
1 0.6411511754807692 0.45132545432692306 0.6406922427884615 0.42503316346153847 0.5734108245192308 0.42620756490384615 0.5738697596153846 0.45249985576923074 0.6411511754807692 0.45132545432692306
1 0.6435283076923077 0.5606524711538461 0.6429869591346153 0.5296386778846154 0.57086253125 0.5308976129807692 0.5714038774038461 0.5619114086538461 0.6435283076923077 0.5606524711538461
1 0.7266711442307692 0.5758704134615384 0.7259633533653846 0.5353210360576923 0.6400910168269232 0.5368199423076923 0.6407988100961538 0.5773693197115385 0.7266711442307692 0.5758704134615384
1 0.9181875 0.32684191586538464 0.9174069903846154 0.2821265048076923 0.8197135384615385 0.28383175 0.820494048076923 0.3285471610576923 0.9181875 0.32684191586538464
1 0.9160131730769231 0.47384669711538463 0.9153780985576923 0.4374633485576923 0.8224235096153846 0.4390858774038462 0.8230585817307693 0.47546922355769233 0.9160131730769231 0.47384669711538463
1 0.5043634735576923 1 0.5502302956730769 0.9991993918269231 0.5486498846153846 0.9086576274038461 0.4193987403846154 0.9109137139423077 0.42095374759615384 1 0.5043634735576923 1
1 0.006934302884615384 0.9016293173076922 0.12530168749999998 0.8995632067307693 0.12370996394230768 0.8083733942307691 0.005342576923076923 0.8104395024038461 0.006934302884615384 0.9016293173076922
1 0.2122965168269231 0.7027371802884615 0.21112494471153848 0.6356177764423077 0.09083076682692307 0.6377175192307691 0.09200234134615384 0.704836923076923 0.2122965168269231 0.7027371802884615
1 0.33548349278846157 0.5470450408653846 0.3348548822115385 0.5110320096153846 0.2538776346153846 0.5124454711538461 0.2545062427884615 0.5484585024038462 0.33548349278846157 0.5470450408653846
1 0.4143980408653846 0.4334282668269231 0.41401505769230773 0.41148716346153846 0.3517328798076923 0.4125743028846154 0.35211586298076925 0.43451540625 0.4143980408653846 0.4334282668269231
1 0.41101324038461534 0.37977546153846153 0.41034261538461536 0.3413553894230769 0.35608004567307694 0.34230254567307694 0.3567506706730769 0.3807226201923077 0.41101324038461534 0.37977546153846153
1 0.4807817908653846 0.1361133173076923 0.4800546057692308 0.09445299519230768 0.43688410096153846 0.09520653846153845 0.4376112860576923 0.13686686057692307 0.4807817908653846 0.1361133173076923
1 0.4850197620192308 0.1729894158653846 0.48434105769230773 0.1341064471153846 0.43627546394230765 0.1349454375 0.4369541682692307 0.17382840384615386 0.4850197620192308 0.1729894158653846
1 0.4364000504807692 0.15402024278846155 0.4358457740384616 0.12226581971153846 0.39824733653846156 0.12292210336538462 0.39880161057692304 0.15467652403846152 0.4364000504807692 0.15402024278846155
1 0.4324065120192308 0.19381822115384617 0.43183607692307696 0.1611380144230769 0.40137196875000003 0.16166976682692308 0.4019424038461539 0.1943499735576923 0.4324065120192308 0.19381822115384617
1 0.5615010072115385 0.12887013461538463 0.5607124182692308 0.08369183173076923 0.4806725264423077 0.08508893269230769 0.4814611153846154 0.13026723557692307 0.5615010072115385 0.12887013461538463
1 0.54550521875 0.2390734903846154 0.5448103557692308 0.19926474278846154 0.4850798701923077 0.20030734134615386 0.48577473317307696 0.2401160889423077 0.54550521875 0.2390734903846154
1 0.6187805673076923 0.20825292788461539 0.6179806658653846 0.1624265745192308 0.557521125 0.1634819014423077 0.5583210288461539 0.2093082548076923 0.6187805673076923 0.20825292788461539
1 0.7322162716346153 0.18626985576923077 0.7312515408653847 0.13100049759615384 0.6176230168269231 0.13298389182692308 0.6185877451923076 0.18825324759615383 0.7322162716346153 0.18626985576923077
1 0.9503661177884616 0.14699366826923077 0.9488115600961537 0.05793316346153846 0.7697763317307692 0.061058235576923074 0.7713308894230769 0.1501187403846154 0.9503661177884616 0.14699366826923077
1 0.6262930312499999 0 0.6268737668269231 0.03327021875 0.7529483100961538 0.031069579326923075 0.7524059903846154 0 0.6262930312499999 0
1 0.4226937259615384 0.0014584350961538463 0.4232076033653846 0.030898396634615386 0.45565057692307687 0.030332100961538464 0.4551366995192308 0.0008921418269230769 0.4226937259615384 0.0014584350961538463
1 0.9912062091346154 0.6095921105769231 0.9903222764423076 0.5589516754807693 0.9399132908653847 0.5598315673076922 0.9407972211538461 0.6104720024038461 0.9912062091346154 0.6095921105769231
1 0.9243790841346153 0.6218713846153846 0.9236761394230769 0.5815997403846154 0.8284823052884616 0.5832613557692308 0.82918525 0.623533 0.9243790841346153 0.6218713846153846
1 0.42046337259615385 0.7361462932692308 0.4220340889423077 0.8261325865384616 0.5273305504807693 0.8242946298076923 0.5257598341346154 0.7343083365384615 0.42046337259615385 0.7361462932692308
1 0.5610906995192309 0.02478736778846154 0.5620538149038462 0.07996414903846152 0.6303246658653846 0.07877247596153847 0.6293615504807692 0.023595697115384617 0.5610906995192309 0.02478736778846154