1 0.7228272956730769 0.8021185120192308 0.7383489182692308 0.7348869783653846 0.6534721514423077 0.7152916322115386 0.6379505288461539 0.7825231682692307 0.7228272956730769 0.8021185120192308
1 0.7166580600961538 0.8482890865384616 0.731223641826923 0.785198625 0.6318074447115385 0.7622465865384616 0.6172418653846155 0.8253370480769231 0.7166580600961538 0.8482890865384616
1 0.6871581538461539 0.8979252211538462 0.7049011682692308 0.8210717836538461 0.6226125697115384 0.8020739639423078 0.6048695552884615 0.8789274014423077 0.6871581538461539 0.8979252211538462
4 0.8023086057692308 0.9089869495192308 0.8685285721153846 0.6221567596153845 0.7737558581730769 0.6002767548076923 0.707535891826923 0.8871069423076924 0.8023086057692308 0.9089869495192308
4 0.892105358173077 1 0.9704401802884616 0.6606946057692308 0.85930109375 0.6350361274038462 0.7783187139423077 0.9858093509615385 0.839785170673077 1 0.892105358173077 1
4 0 0.8635933461538462 0.050244562500000006 0.87519321875 0.16243890144230771 0.38922614903846153 0.021764223557692308 0.35674883894230774 0 0.45102004807692303 0 0.8635933461538462
4 0.10877662259615385 0 0.026179336538461537 0.35776814903846155 0.18466671875 0.39435784375 0.27571139903846154 0 0.10877662259615385 0
4 0.14567524519230768 0.6375701874999999 0.20258786298076922 0.3910545625 0.11519904807692308 0.37087926442307695 0.05828643028846154 0.617394889423077 0.14567524519230768 0.6375701874999999
4 0.1653720985576923 0.20773435096153847 0.12544328846153846 0.3806850384615385 0.21724721634615385 0.4018796442307692 0.25717602884615387 0.2289289591346154 0.1653720985576923 0.20773435096153847
4 0.2040995841346154 0.019496617788461536 0.14884598076923078 0.2588262668269231 0.24963238461538462 0.28209464182692306 0.3048859879807692 0.04276499278846154 0.2040995841346154 0.019496617788461536
1 0.6427684423076924 0.8217370096153847 0.6641950288461539 0.7289282620192308 0.5407240721153846 0.7004227451923076 0.519297485576923 0.7932314927884616 0.6427684423076924 0.8217370096153847
1 0.5631863076923077 0.7159998894230769 0.5786798125 0.6488901514423078 0.5033183774038462 0.6314915937500001 0.48782487259615387 0.6986013317307692 0.5631863076923077 0.7159998894230769
1 0.5157799759615385 0.6247469783653846 0.5211788004807693 0.6013620985576923 0.4542669807692308 0.5859142860576922 0.44886815625 0.6092991682692308 0.5157799759615385 0.6247469783653846
1 0.6554711442307692 0.4301840192307692 0.6652846346153846 0.387677125 0.5590173990384616 0.36314339903846155 0.5492039086538462 0.40565029326923074 0.6554711442307692 0.4301840192307692
1 0.5760875264423077 0.35553842788461537 0.5735568269230769 0.3665000913461538 0.6704609735576923 0.38887217788461537 0.6729916730769231 0.3779105144230769 0.5760875264423077 0.35553842788461537
1 0.57864634375 0.34445496875 0.5745128677884616 0.36235901923076924 0.6714170168269231 0.3847311033653846 0.6755504927884615 0.36682705528846155 0.57864634375 0.34445496875
1 0.6699035817307692 0.37565811538461535 0.6771863701923077 0.3441128846153846 0.5828703942307693 0.3223383245192308 0.5755876033653846 0.35388355528846155 0.6699035817307692 0.37565811538461535
1 0.5845637427884616 0.31118334375 0.5785463028846154 0.33724774278846154 0.6745369783653847 0.35940893749999997 0.6805544206730769 0.33334453846153844 0.5845637427884616 0.31118334375
1 0.6612054302884616 0.33901222596153846 0.6662668293269232 0.31708889903846155 0.5890784495192307 0.2992685576923077 0.5840170504807692 0.3211918846153846 0.6612054302884616 0.33901222596153846
1 0.6735272163461539 0.3245380528846154 0.6792353485576924 0.2998134110576923 0.5969467524038461 0.28081559134615386 0.5912386201923077 0.30554023317307694 0.6735272163461539 0.3245380528846154
1 0.5926264134615384 0.2682722427884615 0.5869182788461539 0.29299688221153847 0.6709576971153847 0.3123989110576923 0.6766658317307692 0.2876742692307692 0.5926264134615384 0.2682722427884615
1 0.6734883966346155 0.30143724759615387 0.6795058365384615 0.2753728485576923 0.6006427596153846 0.25716587259615387 0.5946253197115385 0.2832302716346154 0.6734883966346155 0.30143724759615387
1 0.6063322427884615 0.24398284615384616 0.6015801514423077 0.2645664134615385 0.6779311802884614 0.28219343750000003 0.6826832716346154 0.2616098701923077 0.6063322427884615 0.24398284615384616
1 0.694473266826923 0.27305539182692307 0.6998720913461539 0.24967050961538462 0.6073069350961539 0.22830015865384615 0.6019081105769231 0.2516850408653846 0.694473266826923 0.27305539182692307
1 0.39475898076923077 0.3352278221153846 0.39855502884615385 0.31878532692307693 0.3599608389423077 0.30987515625 0.35616479086538466 0.3263176514423077 0.39475898076923077 0.3352278221153846
1 0.35967018269230766 0.29967330048076923 0.35680205769230766 0.3120965168269231 0.3910572548076923 0.3200049543269231 0.3939253798076923 0.3075817355769231 0.35967018269230766 0.29967330048076923
1 0.35848050721153846 0.2850303822115384 0.35437514903846157 0.3028126370192308 0.39982037740384613 0.3133044951923077 0.4039257355769231 0.2955222403846154 0.35848050721153846 0.2850303822115384