1 0.28405258653846155 0.4655337091346154 0.2547139375 0.32750621634615384 0.07497931490384616 0.36570998798076926 0.10431796394230769 0.5037374831730769 0.28405258653846155 0.4655337091346154
1 0.3711793293269231 0.8915905144230769 0.34247596634615385 0.7565518052884616 0.17099446634615384 0.7930013245192308 0.1996978293269231 0.9280400336538462 0.3711793293269231 0.8915905144230769
1 0.5092266033653846 0.7256515985576922 0.4965208894230769 0.6658759134615385 0.41108581009615386 0.6840356995192308 0.4237915240384615 0.7438113870192308 0.5092266033653846 0.7256515985576922
1 0.5628406826923077 0.5769495552884615 0.5583936802884616 0.5560280625 0.5023030288461539 0.5679505 0.50675003125 0.5888719903846154 0.5628406826923077 0.5769495552884615
1 0.5755129326923076 0.6459618149038462 0.57063278125 0.6230025192307692 0.5348692596153847 0.6306042908653846 0.5397494110576923 0.6535635865384616 0.5755129326923076 0.6459618149038462
1 0.6134324254807693 0.5620781850961538 0.6086677836538461 0.5396623028846154 0.5477628125 0.5526080552884616 0.5525274543269231 0.5750239375 0.6134324254807693 0.5620781850961538
1 0.6272368653846154 0.6217623221153846 0.6220679495192307 0.5974444855769231 0.5818721971153846 0.605988358173077 0.5870411129807692 0.6303061923076924 0.6272368653846154 0.6217623221153846
1 0.6039109014423076 0.5037555552884615 0.5990307524038462 0.48079625721153846 0.5377436923076924 0.4938232235576923 0.5426238413461538 0.5167825216346154 0.6039109014423076 0.5037555552884615
1 0.6224332259615385 0.5063501322115385 0.6179862259615384 0.4854286442307692 0.606217889423077 0.48793008173076924 0.6106648870192308 0.5088515697115384 0.6224332259615385 0.5063501322115385
1 0.6382009927884614 0.50725834375 0.6345914134615385 0.49027661298076924 0.6219060625 0.49297296874999996 0.6255156418269231 0.5099546995192308 0.6382009927884614 0.50725834375
1 0.6459145697115385 0.5458024375 0.6425648822115384 0.5300433942307692 0.62987953125 0.5327397475961538 0.63322921875 0.5484987932692308 0.6459145697115385 0.5458024375
1 0.6359126394230769 0.5536080841346154 0.6317832812499999 0.5341809855769231 0.6170346514423077 0.5373159038461538 0.6211640072115384 0.5567430024038461 0.6359126394230769 0.5536080841346154
1 0.6445234975961539 0.6038887596153846 0.6397588557692307 0.5814728774038461 0.6264621610576923 0.5842991778846154 0.6312268028846154 0.6067150600961538 0.6445234975961539 0.6038887596153846
1 0.6562351514423077 0.5894720649038462 0.652192423076923 0.5704525288461538 0.6378258798076922 0.5735062307692307 0.6418686081730769 0.5925257668269232 0.6562351514423077 0.5894720649038462
1 0.6719814567307693 0.570364 0.6689782860576923 0.556235201923077 0.6618714326923077 0.5577458100961539 0.6648746033653846 0.571874610576923 0.6719814567307693 0.570364
1 0.4935378221153846 0.27006901923076926 0.505319483173077 0.32549738221153846 0.5397839038461538 0.3181717427884615 0.5280022403846154 0.2627433798076923 0.4935378221153846 0.27006901923076926
1 0.5739683245192307 0.3459775817307692 0.5644390384615384 0.3011458197115385 0.5370814735576923 0.3069608485576923 0.5466107572115384 0.35179261298076925 0.5739683245192307 0.3459775817307692
1 0.6024566346153846 0.36690063701923076 0.5952086033653846 0.33280132692307696 0.5746522187499999 0.33717072115384616 0.5819002524038461 0.37127003124999997 0.6024566346153846 0.36690063701923076
1 0.5605086442307692 0.2867881346153846 0.5680454423076923 0.3222459831730769 0.5913528653846154 0.31729183894230767 0.5838160673076923 0.28183398798076925 0.5605086442307692 0.2867881346153846
1 0.5224621394230768 0.2517096754807692 0.5325978341346154 0.2993943701923077 0.561330920673077 0.2932869639423077 0.5511952259615385 0.24560226923076925 0.5224621394230768 0.2517096754807692
1 0.5796683918269231 0.26908439423076924 0.5723337283653847 0.23457751923076925 0.5504782427884616 0.2392230456730769 0.55781290625 0.2737299206730769 0.5796683918269231 0.26908439423076924
1 0.4930571322115384 0.2681833076923077 0.4741718197115385 0.17933489903846153 0.35816962740384617 0.20399192788461537 0.37705493990384614 0.2928403341346154 0.4930571322115384 0.2681833076923077
1 0.36652354567307693 0.11929306490384615 0.3853799831730769 0.2080056201923077 0.4799851947115385 0.18789666105769232 0.46112875961538463 0.09918410576923077 0.36652354567307693 0.11929306490384615
1 0.2526262668269231 0.06554920913461539 0.2816761514423077 0.20221816826923078 0.38239478605769234 0.18080975961538462 0.35334490384615386 0.04414080288461538 0.2526262668269231 0.06554920913461539
1 0.46231798076923075 0.10816079567307693 0.44354817548076925 0.019855802884615383 0.35008922836538464 0.03972111538461538 0.36885903365384615 0.12802610817307694 0.46231798076923075 0.10816079567307693
1 0.41678225 0.0066601730769230766 0.4268313149038461 0.05393730528846154 0.4491453076923077 0.04919431971153846 0.43909624278846154 0.0019171875 0.41678225 0.0066601730769230766
1 0.5243364471153846 0.11698708173076923 0.5123526490384616 0.060607742788461545 0.48919806009615385 0.06552940384615384 0.5011818581730769 0.12190874278846153 0.5243364471153846 0.11698708173076923
1 0.5367852211538462 0.041783230769230774 0.5284976322115384 0.0027931826923076925 0.5005287235576923 0.00873815625 0.5088163149038462 0.04772820673076923 0.5367852211538462 0.041783230769230774
1 0.5599358822115384 0.08982532932692308 0.5529766177884615 0.057084555288461535 0.5428894711538461 0.059228644230769234 0.549848735576923 0.09196941826923077 0.5599358822115384 0.08982532932692308
1 0.5228421249999999 0.24410334375 0.5112337211538461 0.1894901033653846 0.4790618341346154 0.1963284471153846 0.49067023798076925 0.2509416899038462 0.5228421249999999 0.24410334375
1 0.5461206706730769 0.23901334375 0.5359560985576923 0.19119279326923078 0.5116552451923077 0.19635810096153847 0.5218198149038462 0.24417864903846154 0.5461206706730769 0.23901334375
1 0.49739440384615385 0.14429653846153848 0.5091471899038461 0.19958904807692307 0.5381095288461538 0.19343291346153846 0.5263567427884616 0.13814040384615384 0.49739440384615385 0.14429653846153848
1 0.5717308389423077 0.23399570913461537 0.5613930072115385 0.18536003846153845 0.5386205096153847 0.19020048076923077 0.5489583413461538 0.23883615384615384 0.5717308389423077 0.23399570913461537
1 0.5803104302884615 0.20860143028846154 0.57430409375 0.18034383413461536 0.5595554615384615 0.18347875240384617 0.5655618004807692 0.2117363485576923 0.5803104302884615 0.20860143028846154
1 0.5971205528846154 0.23470460576923077 0.5915184879807692 0.20834896153846155 0.58166059375 0.2104443221153846 0.5872626586538462 0.23679996634615386 0.5971205528846154 0.23470460576923077
1 0.6201173725961537 0.23279830769230767 0.6126383269230768 0.1976121658653846 0.5983482019230769 0.200649625 0.6058272475961538 0.2358357668269231 0.6201173725961537 0.23279830769230767
1 0.5927189278846154 0.26773033653846157 0.5982921153846154 0.293950125 0.6111303028846155 0.29122128365384614 0.6055571153846153 0.2650014951923077 0.5927189278846154 0.26773033653846157
1 0.6173134206730769 0.322565125 0.6130685552884615 0.30259461057692305 0.6013766346153846 0.30507980528846157 0.6056215 0.32505031971153847 0.6173134206730769 0.322565125
1 0.6731794038461539 0.30131898557692305 0.671215795673077 0.2920809254807692 0.6497423990384615 0.29664523557692307 0.6517060096153846 0.30588329807692305 0.6731794038461539 0.30131898557692305
1 0.6951468774038462 0.2949457548076923 0.6931543894230768 0.2855718413461539 0.6719866658653846 0.29007118028846157 0.6739791514423078 0.29944509375 0.6951468774038462 0.2949457548076923
1 0.7221987716346153 0.2891956971153846 0.7200330264423077 0.27900666105769234 0.697184108173077 0.2838633485576923 0.6993498557692307 0.29405238461538463 0.7221987716346153 0.2891956971153846
1 0.7465302620192307 0.28530180528846155 0.7444222692307693 0.2753844759615385 0.7227960384615385 0.2799812716346154 0.7249040312499999 0.28989860336538464 0.7465302620192307 0.28530180528846155
1 0.6511608725961539 0.30557319471153843 0.6495726586538461 0.2981012331730769 0.6381099903846154 0.30053769951923076 0.6396982043269231 0.30800966105769234 0.6511608725961539 0.30557319471153843
1 0.5743950961538462 0.3870644783653846 0.579650641826923 0.41178987740384615 0.6390272572115384 0.3991689879807692 0.6337717115384615 0.37444358894230767 0.5743950961538462 0.3870644783653846
1 0.6614675673076923 0.5006089783653846 0.6590708076923076 0.4893331105769231 0.6481430649038462 0.49165587499999996 0.6505398245192308 0.5029317427884615 0.6614675673076923 0.5006089783653846
1 0.8540462163461539 0.25378708894230767 0.8495414639423077 0.2325938894230769 0.7979594615384615 0.24355798317307692 0.8024642139423077 0.2647511826923077 0.8540462163461539 0.25378708894230767
1 0.7930756682692308 0.3415764278846154 0.7886286682692307 0.3206549399038462 0.7838143485576924 0.3216782548076923 0.7882613485576923 0.3425997427884615 0.7930756682692308 0.3415764278846154
1 0.7612669230769231 0.2806075216346154 0.7593321899038461 0.27150531490384616 0.7447363918269231 0.27460774759615386 0.7466711274038461 0.2837099543269231 0.7612669230769231 0.2806075216346154
1 0.8537279735576924 0.1470769375 0.8435634014423077 0.09925638701923077 0.8212494110576922 0.10399937259615386 0.8314139831730769 0.15181992307692307 0.8537279735576924 0.1470769375
1 0.8371619519230769 0 0.8475174567307693 0.04871881490384615 0.8830517235576922 0.04116577403846154 0.8743016682692308 0 0.8371619519230769 0
1 0.7805064471153845 0.07389581009615384 0.7672809519230769 0.011674752403846153 0.7481000889423076 0.015751771634615382 0.7613255841346154 0.07797282932692308 0.7805064471153845 0.07389581009615384
1 0.7770940096153847 0.12247236538461538 0.7665540432692308 0.07288571634615384 0.7552442115384616 0.07528969471153846 0.7657841778846154 0.12487634375000001 0.7770940096153847 0.12247236538461538
2 0.7681238533653846 0.5247957620192307 0.7543208269230769 0.4598576298076923 0.7417883100961539 0.4625215 0.7555913365384614 0.5274596322115385 0.7681238533653846 0.5247957620192307
3 0.7861247932692308 0 0.7978490721153846 0.05515839423076923 0.844081829326923 0.04533131971153846 0.834446360576923 0 0.7861247932692308 0
3 0.8507062019230769 0.07161165625 0.836267889423077 0.003684740384615385 0.7936267692307692 0.012748389423076923 0.8080650793269231 0.08067530769230769 0.8507062019230769 0.07161165625
3 0.7810929615384615 0 0.7861621153846153 0.023848497596153848 0.8307136802884615 0.014378769230769231 0.8276573774038462 0 0.7810929615384615 0
3 0.8624005432692308 0.11385334855769232 0.847471329326923 0.04361691826923077 0.806052891826923 0.05242067788461539 0.8209821057692307 0.12265711057692306 0.8624005432692308 0.11385334855769232
0 0.7417241490384616 0.53211109375 0.7195757788461539 0.4279112043269231 0.6862576274038462 0.4349931971153846 0.7084059975961539 0.5391930865384615 0.7417241490384616 0.53211109375
0 0.7278888509615384 0.34151712259615385 0.7694711875 0.5371466442307692 0.81730871875 0.5269784615384615 0.7757263822115384 0.3313489423076923 0.7278888509615384 0.34151712259615385
1 0.3079668485576923 0.03206146875 0.3192576081730769 0.08518031730769231 0.3590712716346154 0.0767176610576923 0.34778051201923077 0.023598812500000003 0.3079668485576923 0.03206146875
1 0.4683105865384615 0.13372346875 0.48142057451923076 0.19540110817307693 0.5089309759615385 0.18955359134615385 0.49582098798076923 0.12787595192307694 0.4683105865384615 0.13372346875
1 0.45422724759615385 0.06671504086538461 0.4701093894230769 0.14143464903846154 0.4989953125 0.13529475721153844 0.4831131682692308 0.06057514903846154 0.45422724759615385 0.06671504086538461
1 0.4755879951923077 0.020287108173076922 0.48601245673076926 0.06933034375 0.5119180841346154 0.06382393028846153 0.5014936225961538 0.014780697115384616 0.4755879951923077 0.020287108173076922
1 0.47846417067307695 0 0.4863061875 0.036893788461538464 0.5050285432692307 0.032914228365384615 0.4980324086538461 0 0.47846417067307695 0
1 0.45346004807692303 0 0.44062635817307694 0.0027278846153846155 0.45165722836538463 0.05462405048076923 0.48314135336538466 0.047931891826923076 0.4729531153846154 0 0.45346004807692303 0
1 0.5363949350961539 0.14140240625 0.5429210504807692 0.17210537259615383 0.5668398173076923 0.16702128125 0.5603136995192307 0.13631831490384616 0.5363949350961539 0.14140240625
1 0.5241797451923077 0.10835889423076923 0.5313700264423077 0.1421865 0.5596446057692307 0.1361765528846154 0.5524543245192308 0.10234894711538461 0.5241797451923077 0.10835889423076923
1 0.6085331057692308 0.3417544326923077 0.6125469567307692 0.3606381153846154 0.6261493197115384 0.35774684375 0.6221354711538462 0.3388631610576923 0.6085331057692308 0.3417544326923077
1 0.6119708990384616 0.29104261057692304 0.61656228125 0.3126433677884615 0.6261909206730769 0.31059673798076926 0.6215995384615384 0.28899597836538465 0.6119708990384616 0.29104261057692304
1 0.6564627067307692 0.52666334375 0.6586284543269231 0.5368523822115384 0.6672636634615384 0.5350169110576923 0.6650979158653846 0.5248278725961538 0.6564627067307692 0.52666334375
1 0.67412153125 0.5454865336538461 0.6768070552884615 0.5581209375 0.6902565865384616 0.5552621538461538 0.6875710600961539 0.5426277475961538 0.67412153125 0.5454865336538461
1 0.6683750817307692 0.5184516201923077 0.6707140889423078 0.5294557788461538 0.6860740625 0.5261909158653846 0.6837350552884616 0.5151867572115385 0.6683750817307692 0.5184516201923077
1 0.6620884302884615 0.48812372836538465 0.6643985600961538 0.4989920360576923 0.6783830144230769 0.49601954807692306 0.6760728846153847 0.4851512427884615 0.6620884302884615 0.48812372836538465
1 0.6552770673076923 0.4583333461538462 0.6581358533653846 0.471782875 0.6752534350961539 0.4681444206730769 0.6723946490384616 0.45469488942307695 0.6552770673076923 0.4583333461538462
1 0.6342480985576924 0.4537157163461538 0.6373090216346153 0.4681162235576923 0.643269608173077 0.46684926201923077 0.6402086875 0.4524487548076923 0.6342480985576924 0.4537157163461538
1 0.6268796875 0.3604314326923077 0.6307202788461539 0.3784999927884615 0.6407310096153847 0.3763721466346154 0.6368904182692308 0.35830358653846156 0.6268796875 0.3604314326923077
1 0.6206912932692308 0.3256809134615385 0.6248206514423077 0.3451080096153846 0.6338379495192308 0.3431913245192308 0.6297085913461539 0.3237642259615384 0.6206912932692308 0.3256809134615385
1 0.598039670673077 0.24203480288461537 0.6044791586538462 0.27233020913461536 0.6161710793269232 0.26984501442307696 0.6097315913461538 0.2395496081730769 0.598039670673077 0.24203480288461537
1 0.5782831274038461 0.15209365625 0.5849247524038461 0.18334003846153848 0.5972280144230769 0.18072489903846153 0.590586389423077 0.14947851682692306 0.5782831274038461 0.15209365625
1 0.558439923076923 0.09255716346153846 0.5663809951923077 0.12991696875 0.5808239567307693 0.1268470216346154 0.5728828846153846 0.08948721875 0.558439923076923 0.09255716346153846
1 0.5462525745192308 0.040480841346153845 0.5534139783653846 0.07417259375 0.5665578365384616 0.07137877884615385 0.5593964326923077 0.037687028846153846 0.5462525745192308 0.040480841346153845
1 0.7946541105769231 0.26257749278846154 0.8006315697115384 0.29069923798076924 0.8100309567307692 0.28870133653846153 0.804053497596154 0.2605795913461538 0.7946541105769231 0.26257749278846154
1 0.7854304014423078 0.3101174038461538 0.7889533509615384 0.32669156971153845 0.796060204326923 0.32518096153846154 0.7925372548076923 0.3086067932692308 0.7854304014423078 0.3101174038461538
1 0.7314426177884615 0.17448940865384616 0.7357452355769231 0.19473162980769232 0.7419350769230769 0.1934159375 0.7376324591346154 0.17317371634615386 0.7314426177884615 0.17448940865384616
1 0.72442459375 0.09149604567307691 0.7301132884615384 0.11825925 0.73958909375 0.11624510576923078 0.7339003990384616 0.08948190144230769 0.72442459375 0.09149604567307691
2 0.6762246826923076 0.46595009134615384 0.6915581706730769 0.5380884759615385 0.6977480096153846 0.5367727836538462 0.6824145240384615 0.46463439903846154 0.6762246826923076 0.46595009134615384