4 0.27057712259615385 0.7265588822115384 0.40514159375000003 0.14369612259615383 0.1489888389423077 0.08455859855769231 0.014424367788461538 0.6674213581730769 0.27057712259615385 0.7265588822115384
4 0.39249359615384616 0.6593447620192308 0.4941277307692308 0.21911895432692308 0.3830647692307692 0.1934780480769231 0.28143063221153847 0.6337038557692308 0.39249359615384616 0.6593447620192308
4 0.48157424519230774 0.6221810432692307 0.5591511153846154 0.2861587019230769 0.4750355745192308 0.2667390985576923 0.39745870432692304 0.6027614399038461 0.48157424519230774 0.6221810432692307
4 0 0.7406364134615384 0.04446220432692308 0.7509013221153846 0.20861398798076922 0.03988183173076923 0.10196613942307693 0.015260235576923077 0 0.45692410817307694 0 0.7406364134615384
4 0.5453058389423077 0.6229255024038461 0.6143533149038461 0.3238480240384615 0.5587837740384616 0.31101878365384616 0.4897362956730769 0.610096264423077 0.5453058389423077 0.6229255024038461
4 0.5773911490384616 0.5825813293269231 0.6318480480769231 0.34670257692307693 0.6033020504807692 0.34011221394230773 0.5488451490384615 0.5759909663461539 0.5773911490384616 0.5825813293269231
4 0.6062186995192308 0.5632940096153847 0.6499279399038461 0.3739684903846153 0.6275478774038461 0.3688016442307692 0.5838386370192308 0.5581271634615385 0.6062186995192308 0.5632940096153847
4 0.6241261754807692 0.5558823533653846 0.6630864495192307 0.38712687259615386 0.6414676129807693 0.38213576923076925 0.6025073413461539 0.5508912524038462 0.6241261754807692 0.5558823533653846
4 0.6419597764423077 0.5453177139423077 0.6753587596153847 0.40065082451923073 0.6576221802884615 0.39655601201923074 0.6242231971153847 0.5412229014423077 0.6419597764423077 0.5453177139423077
4 0.6533963052884615 0.5419712716346153 0.6850456682692307 0.40488281490384614 0.6738556370192307 0.4022993942307692 0.6422062740384615 0.5393878485576923 0.6533963052884615 0.5419712716346153
4 0.6818207235576923 0.4091272572115384 0.6543267043269231 0.5282169326923077 0.6693228701923076 0.5316790697115384 0.6968168870192308 0.41258939423076924 0.6818207235576923 0.4091272572115384
4 1 0.4395369759615385 0.9726055264423077 0.43321246153846155 0.9069010721153846 0.71780971875 0.9551628389423077 0.7289518269230769 1 0.5347407475961539 1 0.4395369759615385
4 0.926943639423077 0.6719769591346154 0.9786823822115385 0.44787184375 0.9497557716346154 0.4411936105769231 0.8980170288461539 0.6652987235576924 0.926943639423077 0.6719769591346154
4 0.9071793846153846 0.6433243822115385 0.9515134903846154 0.45129228125000004 0.92776321875 0.4458090985576923 0.8834291153846153 0.6378411995192308 0.9071793846153846 0.6433243822115385
4 0.8869255841346154 0.6313787692307693 0.9251985072115385 0.46560053125 0.9052543701923077 0.46099606249999997 0.8669814471153846 0.6267743028846154 0.8869255841346154 0.6313787692307693
4 0.8746282475961539 0.6141429399038462 0.9086833389423077 0.4666341394230769 0.8939155408653847 0.4632247235576923 0.8598604519230769 0.6107335264423077 0.8746282475961539 0.6141429399038462
4 0.8612998846153845 0.6013729735576923 0.8916370336538461 0.46996834375 0.8742810673076923 0.46596140384615387 0.8439439182692308 0.59736603125 0.8612998846153845 0.6013729735576923
1 1 0.3598558629807692 0.9679187812500001 0.3524493293269231 0.9568274447115385 0.40049118990384613 0.9953455120192308 0.40938378605769227 1 0.38922298317307696 1 0.3598558629807692
1 0.9492698822115385 0.41898738461538465 0.9612985144230769 0.3668856538461539 0.9404409038461539 0.3620702956730769 0.9284122716346155 0.41417202644230766 0.9492698822115385 0.41898738461538465
1 0.9257452091346153 0.4222513629807692 0.9327124447115385 0.39207295673076925 0.9203805721153846 0.38922592067307693 0.9134133389423076 0.4194043269230769 0.9257452091346153 0.4222513629807692
1 0.9069004374999999 0.4337228942307692 0.9141801033653846 0.40219119711538465 0.9048931370192308 0.4000471322115385 0.8976134711538462 0.43157882932692304 0.9069004374999999 0.4337228942307692
1 0.8937363894230769 0.4379533870192308 0.8994538942307693 0.4131881490384615 0.8894057043269231 0.41086834134615385 0.8836881971153846 0.4356335793269231 0.8937363894230769 0.4379533870192308
1 1 0.2312827668269231 0.9929791201923077 0.22966186778846154 0.9762015216346154 0.30233363701923077 1 0.3078279495192308 1 0.2312827668269231
1 1 0.10617529326923078 0.9862002836538462 0.16594843509615384 1 0.16913435096153845 1 0.10617529326923078
1 0.9836346850961538 0.2159586153846154 0.9969442884615384 0.15830838701923078 0.9738030000000001 0.15296579807692307 0.9604933966346153 0.21061602644230767 0.9836346850961538 0.2159586153846154
1 0.9624955216346154 0.23702093990384615 0.9726183197115384 0.19317428846153847 0.9541205120192308 0.1889037331730769 0.9439977163461539 0.23275038461538464 0.9624955216346154 0.23702093990384615
1 0.9450313028846153 0.2633505048076923 0.9548416682692308 0.22085714423076921 0.9363438605769231 0.2165865889423077 0.9265334951923077 0.25907994951923075 0.9450313028846153 0.2633505048076923
1 0.926115579326923 0.2820753076923077 0.9343325408653846 0.24648373557692307 0.9173571875 0.2425646682692308 0.9091402259615384 0.27815623798076927 0.926115579326923 0.2820753076923077
1 0.6813077668269231 0.3425841490384615 0.6743405336538462 0.37276255528846153 0.6967205961538461 0.3779293990384615 0.703687829326923 0.3477509951923077 0.6813077668269231 0.3425841490384615
1 0.6666561658653846 0.3074146418269231 0.6558772620192308 0.3541032067307693 0.6790185504807693 0.3594457956730769 0.6897974543269231 0.31275722836538467 0.6666561658653846 0.3074146418269231
1 0.63111759375 0.2890894158653846 0.6206511201923077 0.33442469230769234 0.6669336995192308 0.3451098653846154 0.6774001706730769 0.29977459134615386 0.63111759375 0.2890894158653846
1 0.5713368509615384 0.2031615721153846 0.55615265625 0.2689315504807692 0.6248152956730769 0.28478356971153845 0.6399994927884615 0.21901359134615386 0.5713368509615384 0.2031615721153846
1 0.4347863774038461 0.027098584134615387 0.4043867403846154 0.15877387259615386 0.5394283413461538 0.1899506826923077 0.5698279783653846 0.05827539423076923 0.4347863774038461 0.027098584134615387
1 0.695734701923077 0.06824259134615385 0.6838622860576924 0.11966767788461538 0.7079931682692308 0.12523873076923075 0.7198655865384616 0.07381364663461538 0.695734701923077 0.06824259134615385
1 0.6609884423076923 0.030857084134615385 0.6514905096153847 0.07199715384615385 0.6977730865384615 0.08268232932692307 0.7072710192307692 0.041542257211538466 0.6609884423076923 0.030857084134615385
1 0.7116651370192308 0.1829608221153846 0.725724576923077 0.12206269471153847 0.7016698149038461 0.11650921394230769 0.687610375 0.17740734375 0.7116651370192308 0.1829608221153846
1 0.71830228125 0.21742038701923078 0.7308620480769231 0.16301805769230768 0.710537298076923 0.15832571875 0.6979775288461538 0.21272804807692308 0.71830228125 0.21742038701923078
1 0.7207408173076922 0.1901876298076923 0.709337048076923 0.23958277884615387 0.7296617980769231 0.24427511778846153 0.7410655673076924 0.19487996875 0.7207408173076922 0.1901876298076923