1 0.8607025817307693 0.2664238701923077 0.8538148557692308 0.1876968173076923 0.6591677524038461 0.20472623076923077 0.6660554759615385 0.2834532860576923 0.8607025817307693 0.2664238701923077
1 0.8371771706730768 0.17590758173076923 0.8331704278846155 0.13011029807692306 0.6466174038461538 0.14643157211538463 0.6506241466346154 0.19222885817307694 0.8371771706730768 0.17590758173076923
1 0.9745113269230768 0.21910249278846153 0.9689672548076923 0.15573343750000002 0.846699920673077 0.16643044471153848 0.8522439951923076 0.22979949759615387 0.9745113269230768 0.21910249278846153
1 0.993138891826923 0.6077077524038461 0.9887811033653846 0.5578980192307692 0.9021588629807693 0.5654764831730769 0.9065166490384615 0.6152862163461539 0.993138891826923 0.6077077524038461
1 0.882905375 0.6241834879807692 0.8787533725961538 0.5767258774038462 0.804817045673077 0.58319446875 0.8089690504807692 0.630652076923077 0.882905375 0.6241834879807692
1 0.7891144375000001 0.6233268677884615 0.7851561153846155 0.5780830264423077 0.6589973942307693 0.5891204831730769 0.66295571875 0.6343643245192307 0.7891144375000001 0.6233268677884615
1 0.6897284519230769 0.6320220144230769 0.6859638076923077 0.5889919375 0.63498665625 0.5934518605769231 0.6387513004807693 0.6364819374999999 0.6897284519230769 0.6320220144230769
1 0.6451331730769231 0.6359235961538462 0.6409690649038461 0.5883276274038461 0.5836100432692308 0.5933458918269231 0.5877741490384616 0.6409418605769232 0.6451331730769231 0.6359235961538462
1 0.6096059951923076 0.6117056153846154 0.6066281730769231 0.5776689615384616 0.54545559375 0.5830208701923077 0.5484334134615385 0.6170575240384615 0.6096059951923076 0.6117056153846154
1 0.5419925841346154 0.631284125 0.5376347980769232 0.5814743894230769 0.440817125 0.5899448389423078 0.4451749134615385 0.6397545745192308 0.5419925841346154 0.631284125
1 0.4466628341346154 0.7446072235576923 0.43952090625 0.6629746009615385 0.2827758966346154 0.6766880144230769 0.28991782451923076 0.7583206346153847 0.4466628341346154 0.7446072235576923
1 0.3176765408653846 0.7412530216346155 0.30900938701923075 0.6421869927884616 0.20635463461538464 0.6511681201923077 0.21502179086538462 0.7502341490384615 0.3176765408653846 0.7412530216346155
1 0.2363301971153846 0.667506639423077 0.2326139735576923 0.6250300048076922 0.17245315384615384 0.6302933942307691 0.17616937740384617 0.6727700288461538 0.2363301971153846 0.667506639423077
1 0.15537755528846153 0.6493541634615384 0.15248446875000002 0.6162860336538463 0.13131533173076923 0.6181380913461538 0.13420841826923077 0.6512062211538462 0.15537755528846153 0.6493541634615384
1 0.138943875 0.6443786298076923 0.13536080528846153 0.6034239591346154 0.09644694951923076 0.6068284807692308 0.10003001923076923 0.6477831514423078 0.138943875 0.6443786298076923
1 0.10037287019230769 0.6113646850961538 0.09540983413461539 0.5546369326923076 0.06536833894230769 0.5572652235576923 0.07033137259615384 0.6139929759615385 0.10037287019230769 0.6113646850961538
1 0.07430513461538461 0.5168882379807692 0.07596351442307693 0.5358436105769231 0.09277430048076923 0.5343728581730769 0.09111592067307693 0.515417485576923 0.07430513461538461 0.5168882379807692
1 0.047798853365384614 0.50972671875 0.05028037019230769 0.53809059375 0.07681962019230769 0.5357687115384615 0.07433810096153846 0.5074048365384616 0.047798853365384614 0.50972671875
1 0.020681913461538463 0.5153057884615385 0.02260660096153846 0.5373050889423077 0.05000195673076923 0.5349083052884616 0.04807726682692308 0.5129090048076923 0.020681913461538463 0.5153057884615385
1 0.018244675480769232 0.3942241225961538 0.02002410576923077 0.4145630985576923 0.0885903173076923 0.4085643317307692 0.08681088942307692 0.3882253581730769 0.018244675480769232 0.3942241225961538
1 0.08775371875 0.3658357620192308 0.08538114663461539 0.3387171298076923 0.01315703125 0.3450359206730769 0.015529603365384614 0.3721545528846154 0.08775371875 0.3658357620192308
1 0.5085519230769231 0.3879951033653847 0.5021241875 0.3145257451923077 0.39448846153846157 0.3239426514423077 0.40091619951923074 0.39741200961538464 0.5085519230769231 0.3879951033653847
1 0.6751505000000001 0.32197385096153847 0.6695216899038462 0.25763627884615387 0.49402020432692306 0.27299066826923074 0.4996490120192308 0.3373282403846154 0.6751505000000001 0.32197385096153847
1 0.6604977307692308 0.20558581009615384 0.6520121490384615 0.10859518990384615 0.4927766538461539 0.1225264903846154 0.5012622331730769 0.21951711057692308 0.6604977307692308 0.20558581009615384
1 0.6263716394230769 0 0.47871702644230774 0.012918105769230769 0.4902893725961538 0.145190625 0.6613546826923078 0.13022434855769233 0.6499615288461539 0 0.6263716394230769 0
1 0.5153820865384615 0.20252738942307694 0.5057465360576923 0.09239253125 0.3752294639423077 0.10381129567307693 0.3848650168269231 0.21394615384615384 0.5153820865384615 0.20252738942307694
1 0.437723423076923 0.24891675961538462 0.43129568749999997 0.17544739903846154 0.2912058076923077 0.18770367548076922 0.2976335432692308 0.2611730360576923 0.437723423076923 0.24891675961538462
1 0.4317403076923077 0.3167797956730769 0.42543362259615386 0.24469403846153848 0.3059680865384615 0.2551459182692308 0.31227477163461537 0.32723167548076926 0.4317403076923077 0.3167797956730769
1 0.31831044471153846 0.35319331009615385 0.3139526586538462 0.30338357451923076 0.2593954326923077 0.3081567139423077 0.26375322115384614 0.35796644951923073 0.31831044471153846 0.35319331009615385
1 0.3195996322115385 0.44412140384615384 0.3157018341346154 0.3995693629807692 0.26254550721153846 0.40421993990384614 0.2664433052884615 0.44877198076923075 0.3195996322115385 0.44412140384615384
1 0.3988787235576923 0.40818614182692303 0.3949809254807692 0.3636341009615384 0.3330300673076923 0.3690541009615385 0.3369278653846154 0.41360613942307695 0.3988787235576923 0.40818614182692303
1 0.631218329326923 0 0.63207728125 0.009817860576923076 0.7389347283653845 0.00046904567307692305 0.7388936923076923 0 0.631218329326923 0
1 0.47513980769230774 0.06704697115384615 0.4709030697115385 0.018620836538461537 0.41922546875 0.023142040865384614 0.42346220673076923 0.07156817548076923 0.47513980769230774 0.06704697115384615
1 0.46601736778846153 0.005803435096153846 0.46808731490384614 0.029463060096153848 0.5160291850961538 0.025268689903846155 0.5139592379807693 0.001609064903846154 0.46601736778846153 0.005803435096153846
1 0.8319822980769231 0 0.8368723990384616 0.055894122596153846 0.9571940384615385 0.04536734375 0.9532249110576922 0 0.8319822980769231 0