1 0.81592509375 0.8679555288461539 0.8363952524038462 0.6731949927884616 0.47005378846153845 0.634690954326923 0.44958362980769234 0.8294514903846154 0.81592509375 0.8679555288461539
1 0.9097641634615384 0.83539853125 0.9185619759615384 0.7516929399038462 0.8227615456730769 0.7416239086538461 0.8139637331730769 0.8253295024038461 0.9097641634615384 0.83539853125
1 0.9709655072115384 0.8024486466346155 0.8924915120192308 0.7942006971153847 0.8828879591346154 0.8855723966346154 0.9613619543269232 0.8938203461538462 0.9709655072115384 0.8024486466346155
1 0.4378093822115385 0.6477461802884614 0.4502003605769231 0.5298538966346154 0.21244746875 0.5048650625 0.20005649278846155 0.6227573437499999 0.4378093822115385 0.6477461802884614
1 0.5051208173076923 0.6456037379807692 0.5143106105769231 0.5581686850961538 0.4274453389423077 0.5490387788461539 0.4182555456730769 0.6364738293269231 0.5051208173076923 0.6456037379807692
1 0.47759806009615385 0.3200056658653846 0.48069036057692305 0.2905843918269231 0.40711128125 0.28285092067307693 0.4040189807692308 0.3122721923076923 0.47759806009615385 0.3200056658653846
1 0.43930696634615385 0.4107712115384615 0.4420943918269231 0.3842506274038462 0.3980401778846154 0.37962034375000003 0.3952527524038461 0.40614092788461537 0.43930696634615385 0.4107712115384615
1 0.3663905072115385 0.29134932932692303 0.3687423966346154 0.2689725865384615 0.33727510336538463 0.26566524038461536 0.3349232139423077 0.2880419831730769 0.3663905072115385 0.29134932932692303
1 0.4069987596153846 0.30410140384615386 0.40950308653846157 0.2802743173076923 0.36436111538461535 0.2755297043269231 0.36185678846153846 0.29935679086538464 0.4069987596153846 0.30410140384615386
1 0.47389620432692303 0.21770412980769233 0.4760412163461538 0.1972957139423077 0.37262647836538465 0.18642638701923075 0.37048146634615386 0.2068348028846154 0.47389620432692303 0.21770412980769233
1 0.3683103846153846 0.20880616346153846 0.3705969447115385 0.1870509951923077 0.34161595432692304 0.18400497115384618 0.3393293942307692 0.20576013701923077 0.3683103846153846 0.20880616346153846
1 0.24034678125 0.43374590144230774 0.24519211057692306 0.38764566826923075 0.17448781971153846 0.3802143485576923 0.16964249038461537 0.42631458173076925 0.24034678125 0.43374590144230774
1 0.17954537740384616 0.40085608413461543 0.18223480769230768 0.37526786298076925 0.14299781009615384 0.3711438894230769 0.1403083798076923 0.3967321105769231 0.17954537740384616 0.40085608413461543
1 0.14070130048076923 0.3989729567307692 0.14376093509615384 0.36986247115384613 0.08339034855769231 0.3635172668269231 0.0803307139423077 0.3926277524038462 0.14070130048076923 0.3989729567307692
1 0.0869241875 0.4375212211538461 0.0910508846153846 0.39825832692307694 0.009469009615384615 0.38968372596153844 0.005342314903846153 0.42894662019230767 0.0869241875 0.4375212211538461
1 0.5335440576923077 0.07471823557692307 0.5373005480769231 0.03897760576923077 0.48617590865384613 0.03360418990384616 0.4824194158653846 0.06934481971153847 0.5335440576923077 0.07471823557692307
1 0.47206459134615386 0.10732467307692307 0.47683370192307695 0.06194961057692308 0.40752795673076925 0.05466528365384615 0.40275884615384616 0.10004034375 0.47206459134615386 0.10732467307692307
1 0.40585637740384617 0.095233625 0.40920999999999996 0.06332605048076924 0.3739355504807692 0.059618555288461536 0.37058193028846154 0.09152613221153846 0.40585637740384617 0.095233625
1 0.3707797980769231 0.10160201201923078 0.373589 0.07487423557692308 0.3458511634615385 0.07195887019230769 0.34304196153846156 0.09868664663461539 0.3707797980769231 0.10160201201923078
1 0.37572917788461535 0.04105853365384615 0.37860371153846156 0.013709180288461539 0.3510212668269231 0.01081014903846154 0.34814673557692305 0.0381595 0.37572917788461535 0.04105853365384615
1 0.41185951442307694 0 0.40836152884615384 0.03328110336538462 0.4956929831730769 0.04246000721153846 0.49947125000000003 0.006512187500000001 0.4375119302884615 0 0.41185951442307694 0
1 0.35135167307692305 0.03158348317307692 0.3543350889423077 0.003198173076923077 0.32465482692307696 0.0000786514423076923 0.32167140865384614 0.028463963942307692 0.35135167307692305 0.03158348317307692
1 0.32409923557692305 0.03825051682692308 0.32669067067307694 0.013594663461538462 0.3039254423076923 0.011201939903846155 0.30133400721153847 0.035857795673076925 0.32409923557692305 0.03825051682692308
1 0.30353963221153846 0.04551625480769231 0.30601129326923077 0.021999959134615384 0.2826244903846154 0.01954190625 0.2801528269230769 0.04305820432692308 0.30353963221153846 0.04551625480769231
1 0.28342154326923075 0 0.28278593990384615 0.006047358173076923 0.30446340865384613 0.008325752403846153 0.30533848076923076 0 0.28342154326923075 0
1 0.2618901057692308 0.09424212019230768 0.2596579879807692 0.11547930769230769 0.28110236778846154 0.11773320432692308 0.2833344855769231 0.09649601442307693 0.2618901057692308 0.09424212019230768