1 0.3184775096153846 0.8085480072115385 0.31383923557692306 0.7200444639423077 0.10038217307692307 0.7312312764423077 0.10502044711538461 0.8197348173076923 0.3184775096153846 0.8085480072115385
1 0.7066284975961538 0.6839379807692307 0.7045677692307692 0.6446169423076923 0.5947965384615385 0.6503698100961538 0.5968572668269231 0.6896908461538461 0.7066284975961538 0.6839379807692307
1 0.7416706610576923 0.6793477235576924 0.73989778125 0.6455191490384615 0.7047116923076923 0.6473631730769231 0.7064845745192307 0.68119175 0.7416706610576923 0.6793477235576924
1 0.8765808629807693 0.6651426033653846 0.8748145240384615 0.6314388557692308 0.7904771394230768 0.6358587908653845 0.7922434759615384 0.6695625384615386 0.8765808629807693 0.6651426033653846
1 0.882645139423077 0.619637860576923 0.8818339302884616 0.6041591033653846 0.8578824254807693 0.6054143485576924 0.8586936346153846 0.6208931057692308 0.882645139423077 0.619637860576923
1 0.8863289543269232 0.6317116105769232 0.8856878389423077 0.6194783990384616 0.8592397596153846 0.620864483173077 0.859880875 0.6330976971153847 0.8863289543269232 0.6317116105769232
1 0.8872286081730769 0.6593273725961539 0.885867875 0.6333630048076924 0.857937454326923 0.6348267764423077 0.8592981899038462 0.6607911442307692 0.8872286081730769 0.6593273725961539
1 0.9418042259615385 0.5423107379807692 0.9405677884615385 0.5187181153846153 0.907020076923077 0.5204762764423078 0.9082565144230769 0.5440688990384616 0.9418042259615385 0.5423107379807692
1 0.8971428269230769 0.5365151923076923 0.8957362980769231 0.5096770240384616 0.8489255408653846 0.5121302716346153 0.8503320697115384 0.5389684399038461 0.8971428269230769 0.5365151923076923
1 0.897887266826923 0.40592225961538464 0.8964414855769232 0.3783351177884615 0.8232606658653846 0.38217036298076923 0.8247064471153845 0.4097575024038462 0.897887266826923 0.40592225961538464
1 0.9010700408653847 0.43679799999999996 0.8990616490384615 0.39847559134615385 0.8598966466346153 0.4005281418269231 0.8619050384615385 0.4388505504807692 0.9010700408653847 0.43679799999999996
4 0.794231233173077 0.6642011586538461 0.7879640024038461 0.5446152716346154 0.7294505528846155 0.5476818317307692 0.7357177836538462 0.66726771875 0.794231233173077 0.6642011586538461
1 0.3713741081730769 0.2445066153846154 0.36503491346153843 0.12354761298076923 0.20689256490384617 0.13183550240384617 0.21323175721153845 0.25279450480769233 0.3713741081730769 0.2445066153846154
1 0.46589599038461543 0.2493163125 0.4620689254807692 0.17629152884615384 0.36805731490384613 0.18121846634615385 0.37188438221153847 0.25424325240384615 0.46589599038461543 0.2493163125
1 0.3659685144230769 0.17569521875000002 0.36810120432692306 0.2163893701923077 0.46125461538461543 0.21150740865384615 0.45912192548076924 0.1708132548076923 0.3659685144230769 0.17569521875000002
1 0.4705375144230769 0.18711314663461537 0.4677375408653846 0.13368646634615386 0.3623353149038462 0.13921036298076922 0.3651352884615384 0.19263704326923078 0.4705375144230769 0.18711314663461537
1 0.3513330673076923 0.11437714423076922 0.3540610769230769 0.16643070673076923 0.46913752884615384 0.1603998076923077 0.4664095168269231 0.10834624278846154 0.3513330673076923 0.11437714423076922
1 0.46651299278846153 0.12674103605769232 0.46378498076923075 0.07468747115384615 0.3082172235576923 0.0828404326923077 0.31094523557692305 0.13489399759615386 0.46651299278846153 0.12674103605769232
1 0.52329965625 0.15192856971153848 0.5209445360576923 0.10699024038461538 0.4656298221153846 0.10988916346153846 0.46798494230769233 0.15482749278846153 0.52329965625 0.15192856971153848
1 0.4603025865384615 0.14258778125 0.4623633149038462 0.18190881971153847 0.5264940552884615 0.1785478701923077 0.524433326923077 0.13922683173076925 0.4603025865384615 0.14258778125
1 0.5220720048076923 0.1956777764423077 0.5199327716346154 0.15485879567307695 0.46547625480769234 0.1577127403846154 0.46761548798076924 0.1985317235576923 0.5220720048076923 0.1956777764423077
1 0.46673231730769227 0.18167984855769231 0.46886500961538463 0.22237400240384617 0.5276905288461539 0.2192910889423077 0.5255578389423077 0.17859693509615385 0.46673231730769227 0.18167984855769231
1 0.527452625 0.24759232451923077 0.5250909663461538 0.2025291658653846 0.46712364182692306 0.2055671057692308 0.4694853028846154 0.25063026442307695 0.527452625 0.24759232451923077
1 0.46744349038461536 0.22958327884615384 0.4700929975961538 0.28013889903846156 0.5351599543269231 0.2767288846153846 0.5325104447115385 0.22617326442307692 0.46744349038461536 0.22958327884615384
1 0.31372662740384616 0.010327716346153846 0.317835 0.08872013461538461 0.4634944783653846 0.08108644471153846 0.4593861057692308 0.002694026442307692 0.31372662740384616 0.010327716346153846
1 0.3143633677884615 0.009042629807692309 0.31534466826923074 0.02776693509615385 0.4654511682692308 0.019900185096153846 0.46446987019230773 0.0011758822115384615 0.3143633677884615 0.009042629807692309
1 0.8947758557692308 0.25400189663461537 0.8924403629807693 0.2094380528846154 0.8119258581730769 0.21365763942307694 0.8142613485576924 0.2582214831730769 0.8947758557692308 0.25400189663461537
1 0.008380971153846154 0.5998662139423077 0.011122067307692309 0.6521694375 0.10396340624999999 0.6473038293269231 0.10122231250000001 0.5950006057692308 0.008380971153846154 0.5998662139423077
1 0.005109637019230769 0.4359377644230769 0.007674098557692308 0.4848706129807692 0.09731670192307693 0.4801726418269231 0.0947522403846154 0.43123979567307696 0.005109637019230769 0.4359377644230769
1 0.12184906730769231 0.82736453125 0.11822480288461537 0.7582094374999999 0.023276978365384615 0.7631854423076923 0.02690124519230769 0.8323405360576923 0.12184906730769231 0.82736453125