4 0.9478462692307693 0.3356198894230769 0.9374117908653846 0.2163532451923077 0.8959296201923077 0.2199824639423077 0.9063640985576923 0.33924910817307696 0.9478462692307693 0.3356198894230769
1 1 0.5176104230769231 0.9964765697115384 0.4773374230769231 0.9518812908653846 0.4812390048076923 0.9586237572115385 0.558305733173077 1 0.55468578125 1 0.5176104230769231
1 0.8753504519230769 0 0.8786885216346154 0.03815432451923077 0.9214937620192308 0.03440935096153846 0.9184833341346154 0 0.8753504519230769 0
1 0.8992135384615385 0.10244342548076922 0.8966957067307693 0.07366446634615385 0.8553691923076923 0.07728006730769231 0.8578870240384616 0.1060590264423077 0.8992135384615385 0.10244342548076922
1 0.8593759350961538 0.12307735336538461 0.8573180913461538 0.09955608653846154 0.8462665576923077 0.10052297115384616 0.8483244014423076 0.12404423798076923 0.8593759350961538 0.12307735336538461
1 0.8594559807692307 0.23335111298076922 0.8582575913461539 0.21965343509615384 0.8469725721153847 0.2206407451923077 0.8481709639423076 0.2343384230769231 0.8594559807692307 0.23335111298076922
4 0.96686415625 0.4651497139423077 0.9558728485576923 0.3395184927884615 0.9067635625 0.343815 0.9177548701923077 0.46944621875 0.96686415625 0.4651497139423077
4 0.9092944326923077 0.44355730288461537 0.9015714663461538 0.3552833846153846 0.8642141658653847 0.3585517235576923 0.8719371322115385 0.44682564423076926 0.9092944326923077 0.44355730288461537
4 0.8598846418269231 0.2561783942307692 0.86991965625 0.3708791442307692 0.9082887187500001 0.3675222860576923 0.898253701923077 0.2528215360576923 0.8598846418269231 0.2561783942307692
4 0.32919661057692307 0.7546053461538461 0.2828224903846154 0.22454675 0.04132310576923077 0.24567520913461538 0.0876972235576923 0.7757338052884616 0.32919661057692307 0.7546053461538461
4 0.4649896514423077 0.6555878557692308 0.4275611009615385 0.22777757692307693 0.2736178894230769 0.24124586298076922 0.3110464375 0.6690561418269231 0.4649896514423077 0.6555878557692308
4 0.5388318341346154 0.5619903653846154 0.5126851105769231 0.26313195432692305 0.43485739903846155 0.26994099759615386 0.46100412259615386 0.56879940625 0.5388318341346154 0.5619903653846154
4 0.5859265673076923 0.529289125 0.5659775865384615 0.3012712307692308 0.5137551923076923 0.30584009855769234 0.5337041730769231 0.5338579927884616 0.5859265673076923 0.529289125
4 0.6199926730769231 0.5215684687500001 0.6040262259615384 0.33907113461538463 0.55538390625 0.34332678605769235 0.5713503557692308 0.5258241201923076 0.6199926730769231 0.5215684687500001
4 0.5463666274038462 0.15868786538461538 0.5632893653846154 0.3521156682692308 0.599557079326923 0.34894265384615386 0.5826343389423078 0.15551485096153844 0.5463666274038462 0.15868786538461538
4 0.5011563389423077 0.1008804471153846 0.52082690625 0.3257160576923077 0.5615307980769231 0.32215492788461536 0.5418602307692308 0.09731931971153845 0.5011563389423077 0.1008804471153846
4 0.4101145 0.018501790865384615 0.4363943774038462 0.3188821658653846 0.5231722740384616 0.3112900841346154 0.4968923966346154 0.010909709134615385 0.4101145 0.018501790865384615
4 0.27085829567307695 0.02594487259615385 0.2919088269230769 0.2665535625 0.43075346394230773 0.2544062307692308 0.40970293028846155 0.013797540865384615 0.27085829567307695 0.02594487259615385
4 0.018174149038461537 0.05279212980769231 0.035230043269230765 0.2477418966346154 0.28560178846153844 0.22583720673076924 0.26854589423076924 0.030887439903846157 0.018174149038461537 0.05279212980769231
4 0.5132280985576924 0 0.4871969014423077 0.002277435096153846 0.4994350192307693 0.14215977163461538 0.5445750913461539 0.13821052884615384 0.5324832379807692 0 0.5132280985576924 0
4 0.5042739951923078 0.003850608173076923 0.5070339278846154 0.035396776442307695 0.5388654615384616 0.032611877403846155 0.5361055288461538 0.0010657115384615384 0.5042739951923078 0.003850608173076923
4 0.5307573798076923 0 0.5306800889423077 0.000006762019230769231 0.5388025216346154 0.09284657451923077 0.590090983173077 0.08835941586538462 0.5823605336538461 0 0.5307573798076923 0
4 0.5974589927884616 0.2129134375 0.5850756153846154 0.07137077403846154 0.536433295673077 0.07562642548076923 0.5488166730769231 0.21716908894230771 0.5974589927884616 0.2129134375
4 0.6254005673076922 0.23737681490384616 0.6150750336538462 0.11935541586538462 0.592115858173077 0.12136408413461539 0.6024413942307693 0.23938548317307692 0.6254005673076922 0.23737681490384616
4 0.5767552548076923 0.20036457932692306 0.5888723245192308 0.33886331490384614 0.6154115721153846 0.33654143028846156 0.6032945048076923 0.1980426971153846 0.5767552548076923 0.20036457932692306
4 0.63239875 0.4903684831730769 0.6200153725961539 0.3488258173076923 0.5855376947115385 0.3518422235576923 0.5979210745192307 0.4933848894230769 0.63239875 0.4903684831730769
4 0.6109061105769231 0.3459978701923077 0.6215705841346153 0.4678933605769231 0.6441406201923077 0.4659187379807692 0.6334761466346154 0.3440232475961539 0.6109061105769231 0.3459978701923077
4 0.5930986490384615 0.23657796153846153 0.6033636586538461 0.35390755769230775 0.6345725721153846 0.35117713221153846 0.6243075625000001 0.23384753605769232 0.5930986490384615 0.23657796153846153
4 0.6277818269230769 0.2610092019230769 0.6365458221153847 0.3611821129807692 0.6610615504807692 0.35903726682692305 0.6522975576923078 0.2588643557692308 0.6277818269230769 0.2610092019230769
4 0.6760758317307692 0.47148993509615383 0.6649997884615384 0.3448901923076923 0.6322343221153847 0.3477567980769231 0.6433103653846154 0.47435654326923077 0.6760758317307692 0.47148993509615383
4 0.6137531081730769 0.17147451442307693 0.6228318293269232 0.2752447932692308 0.6545077091346154 0.27247351442307693 0.6454289855769232 0.16870323317307692 0.6137531081730769 0.17147451442307693
4 0.6072725288461538 0.029276002403846153 0.621035875 0.18659175 0.6528674086538462 0.18380685096153845 0.6391040625000001 0.026491103365384613 0.6072725288461538 0.029276002403846153
4 0.5770185528846153 0.009755194711538462 0.5902371754807693 0.1608447235576923 0.6194225673076923 0.15829133173076923 0.6062039447115384 0.007201805288461538 0.5770185528846153 0.009755194711538462