4 0.9297159326923077 0.6393279735576923 0.8925657956730769 0.2146999831730769 0.6824309783653846 0.23308439903846154 0.7195811129807693 0.657712389423077 0.9297159326923077 0.6393279735576923
4 0.7211382307692307 0.6073851658653846 0.6904158317307693 0.2562265360576923 0.44634813221153846 0.2775796923076923 0.47707053125 0.6287383221153846 0.7211382307692307 0.6073851658653846
4 0.47578077884615383 0.5880012716346154 0.4497430024038461 0.29038810576923074 0.3627316201923077 0.29800061298076924 0.3887693990384615 0.59561378125 0.47578077884615383 0.5880012716346154
4 0.3922701490384615 0.5746734302884615 0.3703722692307692 0.32437951201923076 0.3158150432692307 0.3291526514423077 0.3377129230769231 0.5794465697115384 0.3922701490384615 0.5746734302884615
4 0.3427616826923077 0.5493085216346154 0.3242410865384615 0.3376171490384615 0.28377067548076923 0.34115785096153844 0.3022912716346154 0.5528492235576923 0.3427616826923077 0.5493085216346154
4 0.29970415625 0.5331385913461538 0.2839071778846154 0.3525783004807692 0.2509860576923077 0.3554585264423077 0.26678303605769227 0.5360188149038462 0.29970415625 0.5331385913461538
4 0.2698754927884615 0.5265465793269231 0.25541006009615386 0.3612059302884615 0.22427897596153848 0.36392954807692307 0.23874440865384614 0.5292701971153846 0.2698754927884615 0.5265465793269231
4 0.2482740673076923 0.520768391826923 0.23466808653846155 0.3652513293269231 0.20649445432692307 0.3677162043269231 0.22010043509615385 0.5232332644230769 0.2482740673076923 0.520768391826923
4 0.2264287596153846 0.5166845721153847 0.214880625 0.3846887764423077 0.19480107451923076 0.38644550961538465 0.20634921153846156 0.5184413052884616 0.2264287596153846 0.5166845721153847
4 0.20950731971153846 0.5150977788461538 0.19841917307692308 0.3883596754807692 0.18347625240384616 0.38966701201923076 0.19456439903846154 0.5164051129807692 0.20950731971153846 0.5150977788461538
4 0.19771738221153848 0.5076246802884615 0.18796078125000001 0.39610621875 0.17044954807692306 0.3976382524038462 0.18020614903846152 0.5091567139423077 0.19771738221153848 0.5076246802884615
4 0 0.5074883365384616 0.005484151442307693 0.5701724783653846 0.028988120192307693 0.5681161490384615 0.013856915865384616 0.39516568028846155 0 0.3963780048076923 0 0.5074883365384616
4 0.033512807692307696 0.5409517620192308 0.02209782451923077 0.4104779254807692 0.0054426947115384615 0.41193506249999995 0.016857675480769233 0.5424088966346153 0.033512807692307696 0.5409517620192308
4 0.18327610576923076 0.5012200600961538 0.17475421153846152 0.4038143581730769 0.1623017764423077 0.40490380288461536 0.1708236706730769 0.5023095072115384 0.18327610576923076 0.5012200600961538
4 0.17345777884615382 0.4956657572115385 0.16594059615384615 0.40974396394230767 0.15566733894230772 0.41064275961538466 0.1631845216346154 0.49656455048076925 0.17345777884615382 0.4956657572115385
4 0.16545533894230768 0.4983177524038461 0.15821656971153847 0.41557825 0.14825462259615385 0.41644980528846154 0.15549339182692307 0.49918931009615386 0.16545533894230768 0.4983177524038461
4 0.15689606971153847 0.4946051706730769 0.15015360576923079 0.41753844230769227 0.14167038461538461 0.41828062740384614 0.14841285096153845 0.4953473557692308 0.15689606971153847 0.4946051706730769
4 0.15194977403846155 0.48736984855769233 0.14609097115384614 0.4204034254807692 0.13900864903846155 0.4210230480769231 0.14486745192307693 0.48798947115384617 0.15194977403846155 0.48736984855769233
4 0.14601578365384615 0.49304752163461535 0.13975751923076923 0.4215152091346154 0.13446523317307693 0.4219782235576923 0.1407235 0.49351053605769235 0.14601578365384615 0.49304752163461535
4 0.02152526201923077 0.41917202403846154 0.03055556490384615 0.5223888653846154 0.039505752403846156 0.5216058245192308 0.03047544951923077 0.41838898557692306 0.02152526201923077 0.41917202403846154
1 0.3637509086538462 0.09003707932692308 0.3575652716346154 0.019334927884615383 0.2550661754807692 0.0283024375 0.26125181249999996 0.0990045889423077 0.3637509086538462 0.09003707932692308
1 0.4212807716346154 0.27252299278846154 0.4166929903846154 0.2200844110576923 0.3090572668269231 0.22950131490384618 0.31364504807692306 0.2819398990384615 0.4212807716346154 0.27252299278846154
1 0.3204901153846154 0.3090854951923077 0.3161323293269231 0.25927576201923075 0.27044746153846155 0.26327266826923074 0.27480525 0.3130824038461538 0.3204901153846154 0.3090854951923077
1 0.3075584543269231 0.17023976923076922 0.30148176201923077 0.10078286298076923 0.21968483894230767 0.10793916586538461 0.22576152884615386 0.17739607451923078 0.3075584543269231 0.17023976923076922
1 0.2292576466346154 0.10710165384615385 0.22295095913461538 0.035015899038461536 0.17282991346153848 0.039400923076923076 0.17913660096153847 0.11148667788461539 0.2292576466346154 0.10710165384615385
1 0.18690164423076924 0.1491476658653846 0.18277385336538463 0.10196677884615385 0.1517984230769231 0.10467677644230769 0.15592621634615386 0.15185766346153845 0.18690164423076924 0.1491476658653846
1 0.2729163798076923 0.33541534615384616 0.2691759471153846 0.29266199278846156 0.24045752163461537 0.29517452884615386 0.24419795432692307 0.33792788461538464 0.2729163798076923 0.33541534615384616
1 0.24725559615384615 0.3486745072115385 0.2428735985576923 0.2985880528846154 0.21773524759615384 0.300787375 0.2221172451923077 0.35087382932692307 0.24725559615384615 0.3486745072115385
1 0.22174704807692308 0.35829544711538464 0.21855133653846154 0.3217683076923077 0.19808264903846154 0.32355908653846155 0.20127836057692308 0.3600862259615385 0.22174704807692308 0.35829544711538464
1 0.20301634855769232 0.37457320913461534 0.20061956490384616 0.34717785576923077 0.17197896634615384 0.34968358413461537 0.17437575 0.3770789375 0.20301634855769232 0.37457320913461534
4 0.14413410576923077 0.4912602788461538 0.13829951201923077 0.4245705769230769 0.132151125 0.4251084903846154 0.13798571634615384 0.4917981923076923 0.14413410576923077 0.4912602788461538
4 0.14064054567307693 0.48808043749999996 0.13522962740384614 0.4262333485576923 0.12931472115384615 0.4267508365384615 0.13472563942307691 0.4885979254807692 0.14064054567307693 0.48808043749999996
4 0.138037625 0.48970235817307695 0.13261460096153846 0.4277169086538462 0.12568793509615384 0.42832291346153845 0.13111095913461537 0.49030836298076924 0.138037625 0.48970235817307695
1 0.14249868990384615 0.12208130769230768 0.1397871778846154 0.09108858413461539 0.10492036298076922 0.0941390360576923 0.10763187499999999 0.1251317596153846 0.14249868990384615 0.12208130769230768