1 0.9545960961538462 0.6599517067307693 0.9427278028846153 0.6041157836538461 0.8824341730769232 0.6169315889423077 0.8943024663461538 0.6727675144230769 0.9545960961538462 0.6599517067307693
1 0.9015657043269231 0.6426833245192308 0.8922096778846154 0.5986666802884616 0.8000498341346154 0.618255860576923 0.809405860576923 0.6622725024038462 0.9015657043269231 0.6426833245192308
1 0.8128119206730768 0.6527450360576924 0.8023585817307691 0.6035659471153847 0.6979718918269231 0.6257540216346154 0.7084252307692308 0.6749331105769231 0.8128119206730768 0.6527450360576924
1 0.7106762548076924 0.6291592740384615 0.6999052740384616 0.5784857932692308 0.635867173076923 0.5920975120192308 0.6466381538461538 0.6427709927884616 0.7106762548076924 0.6291592740384615
1 0.6137157211538461 0.39957940625 0.6110879495192308 0.3872167091346154 0.5702808533653847 0.3958905264423077 0.572908625 0.4082532235576923 0.6137157211538461 0.39957940625
1 0.4268528846153846 0.6721647980769231 0.41735247596153846 0.6274688870192308 0.33642604567307693 0.6446703317307693 0.3459264543269231 0.6893662427884616 0.4268528846153846 0.6721647980769231
1 0.49020504567307693 0.5982103966346154 0.48708637019230766 0.5835381826923076 0.4241181201923077 0.5969224975961539 0.4272367956730769 0.6115947115384615 0.49020504567307693 0.5982103966346154
1 0.2519733677884615 1 0.24694755528846152 0.9763554038461538 0.20873866346153847 0.9844769543269231 0.21203818990384615 1 0.2519733677884615 1
2 0.4345461298076923 0.6174246346153847 0.4095389735576923 0.4997752139423077 0.37515097115384616 0.5070846081730769 0.4001581298076923 0.62473403125 0.4345461298076923 0.6174246346153847
1 0.34740056730769225 0.3457168605769231 0.3498262043269231 0.3571285841346154 0.37794794711538465 0.35115112259615383 0.3755223100961539 0.33973939903846156 0.34740056730769225 0.3457168605769231
1 0.34615711298076923 0.3387395865384616 0.34797634134615385 0.34729837740384617 0.3754867427884615 0.34145086057692303 0.3736675144230769 0.33289206971153845 0.34615711298076923 0.3387395865384616
1 0.3442037139423077 0.3299253293269231 0.3463983389423077 0.3402502211538462 0.37375590384615387 0.33443518990384613 0.37156128125 0.3241103004807692 0.3442037139423077 0.3299253293269231
1 0.3423556105769231 0.3212306826923077 0.3446079879807692 0.3318272836538462 0.37211838942307696 0.3259797668269231 0.36986601201923075 0.3153831682692308 0.3423556105769231 0.3212306826923077
1 0.3406314663461538 0.31236769951923077 0.34285496634615387 0.3228284447115385 0.3704417860576923 0.31696468509615383 0.3682182860576923 0.30650393990384617 0.3406314663461538 0.31236769951923077
1 0.3398838485576923 0.30471706490384615 0.34178970432692307 0.3136834158653846 0.36830667548076923 0.3080470600961539 0.3664008173076923 0.2990807091346154 0.3398838485576923 0.30471706490384615
1 0.33832626923076925 0.2985165168269231 0.34014549759615387 0.30707530769230773 0.3671973918269231 0.30132525 0.3653781634615385 0.2927664591346154 0.33832626923076925 0.2985165168269231
1 0.33652394711538464 0.28853421394230766 0.3388918293269231 0.2996742283653846 0.36647864903846156 0.29381046875 0.36411076682692306 0.28267045432692306 0.33652394711538464 0.28853421394230766
1 0.3349713028846154 0.2793507908653846 0.33751244471153846 0.2913059302884615 0.36563418750000004 0.28532846875 0.36309304567307693 0.27337332932692304 0.3349713028846154 0.2793507908653846
1 0.33349859374999996 0.27242224759615385 0.33551995913461535 0.2819320144230769 0.36417662500000003 0.27584085096153843 0.36215526201923076 0.26633108413461537 0.33349859374999996 0.27242224759615385
1 0.33177444951923074 0.26355926201923074 0.33428671634615387 0.2753785456730769 0.36256129567307693 0.2693685985576923 0.36004902884615386 0.25754931490384614 0.33177444951923074 0.26355926201923074
1 0.3293998725961539 0.2542665625 0.3319698942307693 0.26635755528846156 0.3610850673076923 0.2601689326923077 0.3585150480769231 0.24807793990384616 0.3293998725961539 0.2542665625
1 0.3278489879807692 0.24621869951923078 0.3301013653846154 0.2568152980769231 0.35952221153846153 0.2505617043269231 0.3572698341346153 0.23996510576923077 0.3278489879807692 0.24621869951923078
1 0.32569521394230766 0.23758902884615385 0.3281786033653846 0.24927245673076925 0.35798153846153846 0.24293764903846155 0.3554981490384615 0.23125421875000002 0.32569521394230766 0.23758902884615385
1 0.32446866346153846 0.22918824038461538 0.3270386826923077 0.24127923076923075 0.3563066923076923 0.235058125 0.3537366730769231 0.22296713221153847 0.32446866346153846 0.22918824038461538
1 0.32442746875 0.22110346875 0.32676647596153846 0.23210762740384616 0.3552703076923077 0.22604895192307695 0.3529313028846154 0.21504479086538464 0.32442746875 0.22110346875
1 0.32322134375 0.21355029086538463 0.32530046153846154 0.22333176682692307 0.35365145673076925 0.21730557692307692 0.3515723413461539 0.20752410096153848 0.32322134375 0.21355029086538463
1 0.3215958004807692 0.20665423076923076 0.3235305336538462 0.21575643990384613 0.3518051129807693 0.20974649278846155 0.3498703798076923 0.20064428365384618 0.3215958004807692 0.20665423076923076
1 0.32031149759615385 0.19798173798076923 0.322823764423077 0.2098010216346154 0.35117476201923076 0.20377483173076924 0.3486624951923077 0.19195554807692308 0.32031149759615385 0.19798173798076923
1 0.317602375 0.18861815865384615 0.31985474999999997 0.19921475721153847 0.34904634375000004 0.19300989423076922 0.34679396634615384 0.18241329326923078 0.317602375 0.18861815865384615
1 0.37704045432692307 0.33899073317307693 0.37972598076923075 0.35162513942307694 0.4065486225961538 0.3459238100961538 0.40386309615384614 0.33328940384615385 0.37704045432692307 0.33899073317307693
1 0.37543181730769226 0.3306711610576923 0.3776553173076923 0.34113190625 0.40470721153846156 0.33538184855769226 0.4024837115384615 0.3249211033653846 0.37543181730769226 0.3306711610576923
1 0.3741763894230769 0.32213452163461537 0.37660202644230767 0.3335462451923077 0.4032718317307692 0.3278774038461538 0.40084619471153843 0.3164656802884615 0.3741763894230769 0.32213452163461537
1 0.3729413894230769 0.31444549278846157 0.3751937644230769 0.32504209134615386 0.4013286466346154 0.3194869495192308 0.3990762692307692 0.3088903533653846 0.3729413894230769 0.31444549278846157
1 0.3713429615384615 0.30654972836538463 0.3735953389423077 0.3171463269230769 0.40080006730769235 0.31136378124999997 0.3985476923076923 0.30076718509615386 0.3713429615384615 0.30654972836538463
1 0.3703354543269231 0.29767640865384615 0.3726744591346154 0.30868056971153846 0.39842725240384613 0.30320664423076926 0.3960882451923077 0.29220248317307695 0.3703354543269231 0.29767640865384615
1 0.3668621514423077 0.28847525721153844 0.3695765552884615 0.3012455168269231 0.3988445649038462 0.2950244110576923 0.3961301610576923 0.2822541514423077 0.3668621514423077 0.28847525721153844
1 0.36448088221153846 0.281029875 0.3669065192307693 0.29244159615384613 0.3974736322115385 0.2859443557692308 0.3950479951923077 0.2745326346153846 0.36448088221153846 0.281029875
1 0.3639456129807692 0.2747540216346154 0.36576484134615384 0.2833128125 0.39541493990384613 0.2770104903846154 0.3935957115384615 0.26845169951923076 0.3639456129807692 0.2747540216346154
1 0.3617953581730769 0.26839546634615385 0.36378784375 0.27776938221153846 0.3934379423076923 0.27146706009615384 0.3914454567307692 0.26209314423076924 0.3617953581730769 0.26839546634615385
1 0.3597993509615385 0.2567504326923077 0.36286027403846155 0.27115093990384614 0.3931217139423077 0.2647186730769231 0.39006079326923077 0.25031816586538463 0.3597993509615385 0.2567504326923077
1 0.3598159110576923 0.2489373701923077 0.3623859302884615 0.2610283605769231 0.39088976201923076 0.2549696826923077 0.38831974278846154 0.24287869230769232 0.3598159110576923 0.2489373701923077
1 0.35819036778846153 0.24204131009615384 0.3603561129807692 0.25223034615384615 0.3901590480769231 0.2458955360576923 0.38799330048076924 0.2357065 0.35819036778846153 0.24204131009615384
1 0.35578691346153846 0.23261275480769233 0.35861682451923077 0.24592643269230768 0.3893367716346154 0.2393967067307692 0.38650686298076925 0.22608302884615383 0.35578691346153846 0.23261275480769233
1 0.3549135769230769 0.2239949014423077 0.35739696634615387 0.2356783293269231 0.3875819903846154 0.22926230528846153 0.3850986009615385 0.217578875 0.3549135769230769 0.2239949014423077
1 0.3529619375 0.21631620432692306 0.3555030817307693 0.22827134134615384 0.38614661057692307 0.22175785817307692 0.38360546874999996 0.20980272115384618 0.3529619375 0.21631620432692306
1 0.35168784615384613 0.2080675168269231 0.35405573076923075 0.21920753124999998 0.3842407548076923 0.2127915048076923 0.3818728701923077 0.2016514903846154 0.35168784615384613 0.2080675168269231
1 0.3500418798076923 0.2003238485576923 0.35229425721153845 0.21092044711538463 0.3819443557692308 0.20461812499999998 0.3796919783653846 0.19402152403846154 0.3500418798076923 0.2003238485576923
1 0.348577625 0.19268354567307694 0.3508877548076923 0.20355185576923077 0.3805378533653846 0.19724953125000003 0.37822772355769235 0.1863812235576923 0.348577625 0.19268354567307694
1 0.3474715144230769 0.1818433028846154 0.3502147932692308 0.1947494158653846 0.37856579086538467 0.18872322596153845 0.3758225120192308 0.17581711298076924 0.3474715144230769 0.1818433028846154
1 0.41604591826923076 0.3331137235576923 0.41841380288461544 0.34425374038461537 0.4450071899038462 0.3386011394230769 0.44263930769230775 0.327461125 0.41604591826923076 0.3331137235576923
1 0.41440840384615385 0.3246583004807692 0.41663190384615384 0.33511904567307693 0.44284320432692303 0.32954766346153846 0.4406197043269231 0.3190869182692308 0.41440840384615385 0.3246583004807692
1 0.4125518485576923 0.3166754110576923 0.41465984134615386 0.3265927403846154 0.4410239759615384 0.3209888725961539 0.4389159831730769 0.31107154086538463 0.4125518485576923 0.3166754110576923
1 0.4101110673076923 0.30782275961538463 0.41247894951923075 0.3189627740384615 0.4391487548076923 0.31329393028846153 0.43678087259615384 0.30215391826923077 0.4101110673076923 0.30782275961538463
1 0.40878098317307693 0.3004379230769231 0.41077346875000004 0.3098118365384615 0.4371376033653846 0.3042079663461539 0.43514511538461537 0.2948340552884615 0.40878098317307693 0.3004379230769231
1 0.4065472692307692 0.2895533725961539 0.40923279567307697 0.30218778125 0.4357497668269231 0.29655142548076924 0.43306424038461533 0.28391701682692305 0.4065472692307692 0.2895533725961539
1 0.40150793749999997 0.2748634326923077 0.4047709951923077 0.2902149158653846 0.43541452644230766 0.2837014326923077 0.43215146875 0.26834994951923075 0.40150793749999997 0.2748634326923077
1 0.3999450817307692 0.2652562067307692 0.40271723557692307 0.27829817307692306 0.43328434855769227 0.2718009326923077 0.43051219230769233 0.25875896634615386 0.3999450817307692 0.2652562067307692
1 0.3976486826923077 0.25708282211538463 0.40053634375 0.2706682067307692 0.43179121634615386 0.26402477884615383 0.4289035552884615 0.2504393942307692 0.3976486826923077 0.25708282211538463
1 0.39636613942307697 0.2495458894230769 0.3991671706730769 0.2627237115384615 0.43019279086538464 0.25612901442307695 0.4273917572115385 0.24295118990384615 0.39636613942307697 0.2495458894230769
1 0.3937538581730769 0.2410136778846154 0.39609286298076923 0.25201783653846155 0.4280354975961539 0.24522822115384615 0.4256964903846154 0.23422406009615385 0.3937538581730769 0.2410136778846154
1 0.39285340384615386 0.2333955264423077 0.3950191490384615 0.24358456490384617 0.42635043990384613 0.23692489182692308 0.42418469230769235 0.22673585576923075 0.39285340384615386 0.2333955264423077
1 0.3910919278846154 0.2251084423076923 0.3935753173076923 0.23679187259615386 0.42505944471153845 0.2300997139423077 0.42257605528846154 0.21841628365384616 0.3910919278846154 0.2251084423076923
1 0.38968542548076923 0.21773984855769232 0.3919955576923077 0.22860815865384615 0.4233268461538462 0.22194848557692307 0.42101671634615384 0.2110801778846154 0.38968542548076923 0.21773984855769232
1 0.3900228028846154 0.20730274278846156 0.3928238341346154 0.2204805625 0.4213276682692308 0.21442188701923076 0.4185266346153846 0.20124406490384614 0.3900228028846154 0.20730274278846156
1 0.38880822355769235 0.20046131971153847 0.3911183533653846 0.21132962740384614 0.4193165168269231 0.20533592307692305 0.41700638701923076 0.19446761538461538 0.38880822355769235 0.20046131971153847
1 0.3873915096153846 0.19266892067307692 0.38961500961538464 0.2031296658653846 0.4175839182692308 0.19718469230769228 0.41536041826923076 0.1867239471153846 0.3873915096153846 0.19266892067307692
1 0.38554340625 0.18397427884615383 0.3879401658653846 0.19525014423076922 0.4156798197115385 0.18935389903846153 0.4132830600961538 0.17807803125 0.38554340625 0.18397427884615383
1 0.3831399543269231 0.1745457235576923 0.3858254807692308 0.18718013221153845 0.41387080528846154 0.18121891346153846 0.41118527884615386 0.1685845048076923 0.3831399543269231 0.1745457235576923
1 0.45017755048076924 0.3268527668269231 0.45248768028846154 0.3377210721153846 0.4815264375 0.33154869471153847 0.47921630769230766 0.3206803870192308 0.45017755048076924 0.3268527668269231
1 0.44893409615384616 0.3198754903846154 0.4508399543269231 0.32884184375 0.4798787091346154 0.3226694639423077 0.4779728533653846 0.31370311298076925 0.44893409615384616 0.3198754903846154
1 0.44727615625 0.3105724567307692 0.44961516346153846 0.3215766177884615 0.47865392067307694 0.3154042403846154 0.4763149134615385 0.3044000793269231 0.44727615625 0.3105724567307692
1 0.44479804567307696 0.3022957067307692 0.4469926706730769 0.3126205985576923 0.4767191875 0.3063020336538461 0.4745245625 0.2959771418269231 0.44479804567307696 0.3022957067307692
1 0.44327603846153846 0.29438369951923077 0.44532627884615383 0.3040293221153846 0.47489995913461536 0.29774324038461536 0.47284971875 0.28809762019230767 0.44327603846153846 0.29438369951923077
1 0.4411035985576923 0.28604197596153846 0.44344260336538466 0.29704613701923077 0.4734747932692308 0.2906625985576923 0.47113578605769235 0.27965843749999997 0.4411035985576923 0.28604197596153846
1 0.43920795192307693 0.2774994278846154 0.44157583653846155 0.28863944230769234 0.4717608605769231 0.2822234182692308 0.4693929759615385 0.2710834014423077 0.43920795192307693 0.2774994278846154
1 0.4373292139423077 0.26753337019230766 0.44001473798076923 0.2801677764423077 0.4699705096153846 0.27380048076923075 0.46728498317307693 0.2611660745192308 0.4373292139423077 0.26753337019230766
1 0.4357205745192308 0.2592137980769231 0.43846385336538457 0.27211991346153847 0.46826678846153846 0.26578510336538463 0.46552350961538463 0.25287898798076924 0.4357205745192308 0.2592137980769231
1 0.4340559423076923 0.25175807932692307 0.43656820913461536 0.2635773653846154 0.4665239783653846 0.2572100697115384 0.46401171153846155 0.24539078365384615 0.4340559423076923 0.25175807932692307
1 0.4326170432692308 0.24198251442307692 0.4352736947115385 0.2544810673076923 0.4644652860576923 0.24827620192307692 0.46180863701923075 0.23577764903846152 0.4326170432692308 0.24198251442307692
1 0.4318525192307692 0.23575538942307692 0.4341915264423077 0.24675955048076922 0.4628481947115385 0.24066838701923077 0.4605091875 0.22966422596153846 0.4318525192307692 0.23575538942307692
1 0.4297938269230769 0.22682152403846154 0.4324216009615384 0.2391842235576923 0.4611546875 0.2330768173076923 0.45852691346153845 0.22071411778846153 0.4297938269230769 0.22682152403846154
1 0.4283397836538461 0.21960502884615385 0.4309098028846154 0.2316960192307692 0.4595664711538462 0.22560485576923076 0.4569964519230769 0.2135138653846154 0.4283397836538461 0.21960502884615385
1 0.42585146153846154 0.21090447355769232 0.4287102475961539 0.22435400240384615 0.4575961682692308 0.21821411057692305 0.4547373822115385 0.20476457932692307 0.42585146153846154 0.21090447355769232
1 0.42417485817307693 0.20188939182692306 0.426716 0.2138445264423077 0.45575475721153846 0.20767214903846154 0.4532136153846154 0.19571701201923078 0.42417485817307693 0.20188939182692306
1 0.4226834855769231 0.19524879567307693 0.42502249278846155 0.20625295673076924 0.4539848317307692 0.20009682211538463 0.45164582451923074 0.18909266105769232 0.4226834855769231 0.19524879567307693
1 0.42085580528846156 0.1874017596153846 0.4232814423076923 0.19881348076923075 0.45254945192307694 0.19259237499999998 0.4501238173076923 0.18118065384615384 0.42085580528846156 0.1874017596153846
1 0.41966834375 0.17956063221153845 0.4220362283653846 0.1907006466346154 0.4507693149038462 0.1845932403846154 0.4484014302884616 0.17345322596153848 0.41966834375 0.17956063221153845
1 0.41672996875 0.17024578124999998 0.4192711105769231 0.18220091826923077 0.4489212091346154 0.17589859375 0.4463800673076923 0.1639434591346154 0.41672996875 0.17024578124999998
1 0.4675550841346154 0.2628125625 0.46992296875 0.2739525769230769 0.4972041153846154 0.2681537908653846 0.49483623317307696 0.2570137764423077 0.4675550841346154 0.2628125625
1 0.4662827548076923 0.25569943509615384 0.46841962259615383 0.26575261778846154 0.49531868269230767 0.2600350456730769 0.4931818125 0.24998186298076924 0.4662827548076923 0.25569943509615384
1 0.4645026153846154 0.24770030288461536 0.46692825240384617 0.25911202403846156 0.4940565625 0.2533457211538461 0.4916309278846154 0.24193399999999998 0.4645026153846154 0.24770030288461536
1 0.4618241274038462 0.23960813461538463 0.46387436778846153 0.2492537548076923 0.4914611875 0.2433899951923077 0.48941094711538463 0.233744375 0.4618241274038462 0.23960813461538463
1 0.4609050096153846 0.2322779375 0.4628686201923077 0.24151599759615383 0.4894620072115385 0.23586339903846154 0.48749839663461536 0.22662533653846154 0.4609050096153846 0.2322779375
1 0.4595171706730769 0.22462139182692306 0.4616251634615385 0.23453872115384614 0.48798929807692304 0.22893485096153846 0.4858813052884615 0.21901752163461538 0.4595171706730769 0.22462139182692306
1 0.45761131490384616 0.21565503846153847 0.4598925673076923 0.22638749278846154 0.48625670192307696 0.22078362259615383 0.48397544951923077 0.2100511682692308 0.45761131490384616 0.21565503846153847
1 0.4554286634615385 0.20688951442307693 0.4579409278846154 0.21870879567307694 0.4843814807692307 0.21308868269230768 0.4818692139423077 0.2012694014423077 0.4554286634615385 0.20688951442307693
1 0.49973894230769234 0.25753358173076923 0.5022800841346153 0.26948871875 0.5339170456730769 0.2627640745192308 0.5313759038461539 0.2508089399038461 0.49973894230769234 0.25753358173076923
1 0.49839864663461536 0.24972493990384617 0.5007087764423077 0.2605932475961538 0.5321929014423077 0.25390108894230773 0.5298827716346154 0.24303278365384615 0.49839864663461536 0.24972493990384617
1 0.4970023557692308 0.24278015384615384 0.4991969783653846 0.2531050432692308 0.5306046875 0.2464291298076923 0.5284100649038461 0.23610423798076924 0.4970023557692308 0.24278015384615384
1 0.4951475600961538 0.23593282211538463 0.4970822932692308 0.24503502884615386 0.5291777620192307 0.23821292788461537 0.5272430264423077 0.22911072115384615 0.4951475600961538 0.23593282211538463
1 0.49423689182692304 0.22789087019230767 0.4963737620192308 0.23794405288461537 0.5275522163461539 0.23131686778846156 0.5254153485576923 0.22126368509615385 0.49423689182692304 0.22789087019230767
1 0.49171969230769236 0.21905445913461538 0.4941742067307692 0.23060203846153846 0.5261168389423078 0.22381242067307694 0.5236623245192308 0.21226484375000002 0.49171969230769236 0.21905445913461538
1 0.48998709615384617 0.21090323076923076 0.492470485576923 0.22258666105769231 0.5244895360576923 0.21578080288461537 0.5220061466346154 0.20409737259615385 0.48998709615384617 0.21090323076923076
1 0.48903910096153846 0.20343718028846156 0.4913781081730769 0.2144413389423077 0.5231679038461539 0.20768420913461538 0.5208288966346154 0.19668005048076923 0.48903910096153846 0.20343718028846156
1 0.4876223870192308 0.19564477884615383 0.4899902692307692 0.20678479567307692 0.5216272307692308 0.20006015144230768 0.5192593485576923 0.18892013701923077 0.4876223870192308 0.19564477884615383
1 0.486385625 0.1868201923076923 0.48918665624999996 0.1999980120192308 0.5203651129807693 0.19337082692307692 0.517564079326923 0.18019300721153847 0.486385625 0.1868201923076923
1 0.4847871995192307 0.17892442548076926 0.48718395673076925 0.19020029326923077 0.5178274879807693 0.18368681009615384 0.5154307283653846 0.17241094230769233 0.4847871995192307 0.17892442548076926
1 0.4845185096153846 0.17202393990384615 0.4868575168269231 0.18302810096153846 0.5165076153846153 0.1767257764423077 0.5141686081730769 0.16572161778846153 0.4845185096153846 0.17202393990384615
1 0.48315602884615383 0.16223212980769233 0.4858993100961539 0.1751382451923077 0.5148616490384615 0.16898211057692308 0.5121183701923078 0.1560759951923077 0.48315602884615383 0.16223212980769233
1 0.5446809879807692 0.30889531490384614 0.5476841586538461 0.3230241129807692 0.5806202211538461 0.31602333653846154 0.5776170528846154 0.30189453846153846 0.5446809879807692 0.30889531490384614
1 0.5437263004807693 0.3032765769230769 0.5463829495192308 0.31577513221153847 0.5790897596153847 0.3088230841346154 0.5764331105769231 0.29632453125 0.5437263004807693 0.3032765769230769
1 0.5418035384615385 0.29573373798076924 0.5443446802884615 0.30768887259615385 0.5775864158653846 0.300623125 0.5750452740384615 0.2886679879807692 0.5418035384615385 0.29573373798076924
1 0.5402237764423077 0.2875500192307692 0.542793795673077 0.29964100961538465 0.5747364278846153 0.2928513942307692 0.5721664086538462 0.28076040384615386 0.5402237764423077 0.2875500192307692
1 0.5386066850961538 0.2799422067307692 0.5412055817307693 0.29216905288461537 0.57337746875 0.2853307067307692 0.5707785721153846 0.27310386057692304 0.5386066850961538 0.2799422067307692
1 0.5371984230769231 0.27143805288461537 0.5396818125 0.28312148076923077 0.5714716105769231 0.27636435096153844 0.5689882211538462 0.2646809206730769 0.5371984230769231 0.27143805288461537
1 0.5352450264423078 0.26262379807692304 0.5377572908653846 0.2744430793269231 0.5699291778846154 0.2676047331730769 0.5674169110576923 0.2557854519230769 0.5352450264423078 0.26262379807692304
1 0.5338571875 0.25496725240384616 0.5362828245192308 0.2663789759615385 0.5687603822115385 0.25947565865384614 0.5663347451923078 0.24806393509615385 0.5338571875 0.25496725240384616
1 0.5323725072115384 0.24647934134615385 0.5348558990384615 0.2581627716346154 0.5671806201923076 0.25129193990384613 0.5646972307692308 0.2396085096153846 0.5323725072115384 0.24647934134615385
1 0.5311001778846154 0.2393662139423077 0.5331792932692307 0.24914768990384614 0.5656568509615385 0.24224437259615383 0.5635777355769231 0.2324628966346154 0.5311001778846154 0.2393662139423077
1 0.5295204158653847 0.23118249759615386 0.5319460528846154 0.24259421875 0.5632773413461538 0.23593454807692307 0.5608517067307692 0.2245228269230769 0.5295204158653847 0.23118249759615386
1 0.526852139423077 0.22351413701923079 0.5292777764423077 0.23492585817307693 0.5612968269230769 0.22811999759615384 0.5588711899038462 0.2167082764423077 0.526852139423077 0.22351413701923079
1 0.5244180504807692 0.21281416826923077 0.5274789735576924 0.22721467548076923 0.5594980240384616 0.2204088173076923 0.5564371009615384 0.20600830769230769 0.5244180504807692 0.21281416826923077
1 0.5233189807692308 0.20651616346153848 0.525889 0.21860715384615384 0.557678795673077 0.21185002403846154 0.5551087764423077 0.19975903365384615 0.5233189807692308 0.20651616346153848
1 0.5218529639423077 0.1977403028846154 0.524682875 0.21105397836538461 0.5561670000000001 0.20436181971153847 0.5533370913461538 0.19104814423076924 0.5218529639423077 0.1977403028846154
1 0.5210884423076924 0.1915131778846154 0.5233985721153845 0.20238148557692306 0.5543477716346155 0.19580302884615383 0.552037641826923 0.1849347235576923 0.5210884423076924 0.1915131778846154
1 0.5193456322115385 0.1829381442307692 0.5219445288461538 0.19516498798076926 0.5529701466346154 0.1885702908653846 0.55037125 0.17634344471153846 0.5193456322115385 0.1829381442307692
1 0.5175654927884615 0.17493900961538464 0.5202221418269231 0.1874375625 0.5510949254807692 0.18087534855769233 0.5484382764423077 0.16837679807692307 0.5175654927884615 0.17493900961538464
1 0.5159026201923077 0.16861885096153847 0.5181549975961539 0.17921545192307692 0.5489513629807692 0.17266948317307693 0.5466989855769231 0.16207288221153845 0.5159026201923077 0.16861885096153847
1 0.5140936057692308 0.16048386778846155 0.5164614879807693 0.1716238798076923 0.5472578533653846 0.16507790865384614 0.5448899711538462 0.1539378966346154 0.5140936057692308 0.16048386778846155
1 0.5655821923076924 0.24339617548076922 0.5682965961538462 0.25616643509615383 0.5959598317307692 0.2502864326923077 0.5932454302884616 0.2375161730769231 0.5655821923076924 0.24339617548076922
1 0.5635150480769231 0.2351740625 0.5661139447115384 0.24740090865384617 0.5940828509615385 0.2414559326923077 0.5914839567307693 0.2292290889423077 0.5635150480769231 0.2351740625
1 0.5610556009615385 0.22660936298076925 0.5637988798076923 0.23951547596153844 0.591920625 0.23353801442307692 0.5891773461538462 0.22063190384615383 0.5610556009615385 0.22660936298076925
1 0.5593247644230769 0.21959369230769232 0.5617503990384616 0.23100541346153847 0.5898721442307692 0.22502795192307692 0.5874465072115385 0.21361623076923075 0.5593247644230769 0.21959369230769232
1 0.5578502956730769 0.21152958653846154 0.5602181802884615 0.22266960096153848 0.5878049975961539 0.21680584134615385 0.5854371153846154 0.20566582692307692 0.5578502956730769 0.21152958653846154
1 0.5559546514423077 0.20298703846153848 0.558553548076923 0.21521388461538463 0.5860639495192308 0.20936636778846152 0.5834650528846154 0.1971395216346154 0.5559546514423077 0.20298703846153848
1 0.5543086850961538 0.1952433701923077 0.5568787043269231 0.20733436057692306 0.5843891057692308 0.20148684615384616 0.5818190841346154 0.18939585336538461 0.5543086850961538 0.1952433701923077
1 0.5532163052884616 0.18709805048076925 0.5559884615384616 0.2001400192307692 0.5828875216346154 0.19442244711538462 0.5801153653846154 0.18138047836538462 0.5532163052884616 0.18709805048076925
1 0.5516773918269231 0.1806095528846154 0.5541030288461538 0.19202127403846153 0.58146059375 0.18620624278846154 0.5790349567307692 0.1747945216346154 0.5516773918269231 0.1806095528846154
1 0.5493978990384615 0.17101265865384616 0.5520834254807693 0.18364706490384614 0.5792117355769231 0.1778807644230769 0.5765262115384615 0.16524635817307692 0.5493978990384615 0.17101265865384616
1 0.5473716009615385 0.16448576442307694 0.5498838677884615 0.17630505048076922 0.5773178509615385 0.17047377644230768 0.5748055841346154 0.15865449278846155 0.5473716009615385 0.16448576442307694
1 0.5452347307692308 0.15443258173076924 0.5480646394230769 0.16774625721153846 0.5754222067307693 0.1619312283653846 0.5725922980769231 0.1486175528846154 0.5452347307692308 0.15443258173076924
1 0.6048626322115385 0.2978072139423077 0.6073748966346154 0.30962649519230767 0.6166214495192308 0.3076610817307692 0.6141091826923077 0.29584179807692307 0.6048626322115385 0.2978072139423077
1 0.6029652259615385 0.2881291033653846 0.6058528894230769 0.3017144879807692 0.6210600264423077 0.2984821105769231 0.6181723653846153 0.2848967259615385 0.6029652259615385 0.2881291033653846
1 0.6011783942307692 0.28197728846153847 0.6034596490384615 0.2927097403846154 0.6246273725961539 0.2882104014423077 0.6223461201923077 0.27747794951923077 0.6011783942307692 0.28197728846153847
1 0.5995817283653846 0.27521708173076925 0.6019784879807693 0.28649294951923077 0.6327748533653845 0.27994698076923075 0.63037809375 0.26867111298076923 0.5995817283653846 0.27521708173076925
1 0.5978202548076923 0.2669299975961538 0.60053465625 0.27970025721153846 0.6309489326923077 0.27323550240384614 0.6282345312500001 0.26046524278846156 0.5978202548076923 0.2669299975961538
1 0.5962897932692308 0.2597297451923077 0.5989464423076923 0.27222829807692306 0.6300484807692308 0.2656173557692308 0.6273918293269231 0.25311880288461536 0.5962897932692308 0.2597297451923077
1 0.593989875 0.24928524278846156 0.5971951802884615 0.2643650168269231 0.627685875 0.25788401923076926 0.6244805697115384 0.2428042451923077 0.593989875 0.24928524278846156
1 0.5919685120192308 0.23977547596153848 0.595347076923077 0.2556703725961538 0.6256849350961539 0.24922186298076923 0.6223063701923077 0.2333269639423077 0.5919685120192308 0.23977547596153848
1 0.5901528028846154 0.2334878028846154 0.59309821875 0.2473448918269231 0.6238945841346154 0.24079892307692308 0.6209491682692309 0.22694183173076923 0.5901528028846154 0.2334878028846154
1 0.5886205841346154 0.2251519903846154 0.5918836418269231 0.24050347355769233 0.6227564254807691 0.23394126201923077 0.6194933677884615 0.21858977884615383 0.5886205841346154 0.2251519903846154
1 0.5873957932692307 0.2178867620192308 0.5905722211538461 0.23283068509615384 0.6215978413461538 0.22623598798076922 0.6184214110576923 0.21129206490384614 0.5873957932692307 0.2178867620192308
1 0.5860928245192307 0.20950222115384615 0.5887494759615385 0.2220007764423077 0.6190873341346154 0.21555226442307693 0.6164306850961538 0.20305371153846152 0.5860928245192307 0.20950222115384615
1 0.5849088846153846 0.2039322139423077 0.5873056442307693 0.21520808413461537 0.6171849951923077 0.20885703125 0.6147882355769231 0.19758116105769233 0.5849088846153846 0.2039322139423077
1 0.5831456490384616 0.19450956971153846 0.5860333125 0.20809495432692307 0.6151484879807693 0.20190633173076922 0.6122608245192308 0.18832094711538463 0.5831456490384616 0.19450956971153846
1 0.581623641826923 0.18659756249999998 0.5846845649038461 0.20099806971153844 0.6135704855769231 0.1948581778846154 0.6105095625 0.18045766826923076 0.581623641826923 0.18659756249999998
1 0.5801900216346154 0.1802286754807692 0.5823846466346153 0.19055356730769232 0.6105063894230769 0.18457610576923075 0.6083117668269231 0.1742512139423077 0.5801900216346154 0.1802286754807692
1 0.5786866778846154 0.17202871634615385 0.5809679326923077 0.18276117067307693 0.6086311682692307 0.17688116826923078 0.6063499158653847 0.16614871394230768 0.5786866778846154 0.17202871634615385
1 0.5772801754807693 0.16466012259615384 0.5797635649038462 0.1763435528846154 0.6068918774038461 0.17057725240384616 0.6044084879807692 0.1588938221153846 0.5772801754807693 0.16466012259615384
1 0.5755458197115385 0.15537333173076923 0.5779714567307692 0.16678505528846152 0.603418576923077 0.1613761033653846 0.6009929399038462 0.1499643798076923 0.5755458197115385 0.15537333173076923
1 0.628946233173077 0.2634377836538462 0.6315451298076924 0.2756646298076923 0.6635641802884616 0.26885876923076923 0.6609652836538462 0.25663192548076924 0.628946233173077 0.2634377836538462
1 0.6273664735576923 0.25525406971153847 0.6301097524038461 0.26816018509615386 0.6617467139423077 0.2614355408653846 0.6590034350961538 0.24852942548076923 0.6273664735576923 0.25525406971153847
1 0.6252042451923077 0.2473361514423077 0.6280919086538461 0.2609215360576923 0.6600345408653846 0.25413192067307694 0.6571468774038463 0.2405465360576923 0.6252042451923077 0.2473361514423077
1 0.6234903125 0.23889697115384617 0.6262047139423077 0.25166723076923075 0.6571539158653846 0.2450887764423077 0.654439514423077 0.2323185168269231 0.6234903125 0.23889697115384617
1 0.6219887283653847 0.23183256971153846 0.6246742548076922 0.24446697596153846 0.6555470384615384 0.23790476442307693 0.6528615120192308 0.22527035817307692 0.6219887283653847 0.23183256971153846
1 0.6198247403846153 0.22277909375 0.6226257740384615 0.23595691346153844 0.6538042283653845 0.22932972836538462 0.6510031947115384 0.21615190865384618 0.6198247403846153 0.22277909375
1 0.6187323629807693 0.2146337716346154 0.6216489014423078 0.2283550096153846 0.6524452668269232 0.2218090408653846 0.6495287283653847 0.2080878028846154 0.6187323629807693 0.2146337716346154
1 0.61728853125 0.20784107932692308 0.6202050697115384 0.22156231971153847 0.6512306899038461 0.2149676201923077 0.6483141490384615 0.20124638221153848 0.61728853125 0.20784107932692308
1 0.6154133100961539 0.20014614182692309 0.6184453557692307 0.21441079567307691 0.6492417211538462 0.20786482451923077 0.6462096754807691 0.19360017307692307 0.6154133100961539 0.20014614182692309
1 0.6131373365384616 0.19282036778846154 0.6160827499999999 0.20667745913461538 0.6473376225961539 0.20003403125 0.6443922091346154 0.18617693990384615 0.6131373365384616 0.19282036778846154
1 0.6106947956730769 0.18283215865384614 0.61378459375 0.19736851923076923 0.6449630480769231 0.1907413341346154 0.64187325 0.17620497355769232 0.6106947956730769 0.18283215865384614
1 0.6618027067307692 0.26057168750000004 0.664545985576923 0.27347780048076925 0.6917507163461539 0.2676952572115385 0.6890074375 0.2547891442307692 0.6618027067307692 0.26057168750000004
1 0.6602144927884616 0.25309972596153846 0.6627845120192308 0.2651907163461539 0.6899128245192307 0.2594244158653846 0.6873428052884616 0.24733342548076923 0.6602144927884616 0.25309972596153846
1 0.6577652596153847 0.2449588317307692 0.6608261802884615 0.25935933653846155 0.6882601634615385 0.2535280625 0.6851992427884616 0.2391275576923077 0.6577652596153847 0.2449588317307692
1 0.655929125 0.23782354807692307 0.6585280216346153 0.25005039423076925 0.686038423076923 0.24420287740384616 0.6834395264423077 0.23197603125 0.655929125 0.23782354807692307
1 0.6536225168269231 0.2292263629807692 0.6562502884615384 0.24158906009615383 0.6839135240384615 0.2357090576923077 0.6812857524038461 0.2233463605769231 0.6536225168269231 0.2292263629807692
1 0.6520156370192307 0.22204235096153846 0.6544990264423076 0.23372578125 0.6817037572115384 0.22794323798076924 0.6792203677884616 0.21625980769230768 0.6520156370192307 0.22204235096153846
1 0.6504460865384616 0.21428243990384616 0.6532182427884615 0.22732440865384615 0.6802701370192307 0.22157435096153846 0.6774979807692307 0.20853238221153847 0.6504460865384616 0.21428243990384616
1 0.6484944495192307 0.2066037451923077 0.6510067139423078 0.21842302644230768 0.6773708485576923 0.21281915865384615 0.6748585841346154 0.200999875 0.6484944495192307 0.2066037451923077
1 0.6469248990384616 0.19884383173076922 0.6494949182692308 0.21093482451923076 0.6757826346153847 0.20534719951923078 0.6732126153846154 0.19325620673076924 0.6469248990384616 0.19884383173076922
1 0.6457289855769232 0.19171446153846153 0.6482412524038461 0.2035337451923077 0.6739176274038462 0.19807606490384616 0.671405360576923 0.18625677884615385 0.6457289855769232 0.19171446153846153
1 0.6436822644230769 0.18433995913461537 0.6464832980769231 0.19751778125 0.6726181778846154 0.19196264182692307 0.6698171466346154 0.1787848173076923 0.6436822644230769 0.18433995913461537
1 0.6334961706730768 0.1781275673076923 0.6363838317307693 0.1917129495192308 0.6690142259615384 0.1847771466346154 0.6661265625 0.17119176201923075 0.6334961706730768 0.1781275673076923
1 0.6302760649038461 0.1719964182692308 0.6332214807692308 0.18585350721153848 0.6679151538461539 0.17847913942307692 0.6649697379807692 0.16462205048076922 0.6302760649038461 0.1719964182692308
1 0.6275993365384616 0.1650398125 0.6311511610576923 0.18174983173076922 0.6652334927884614 0.17450540865384617 0.6616816682692307 0.15779538942307691 0.6275993365384616 0.1650398125
1 0.6273119855769231 0.1584272764423077 0.6308060552884616 0.17486559134615384 0.6644298798076923 0.16771862740384616 0.6609358076923078 0.15128031249999999 0.6273119855769231 0.1584272764423077
1 0.6983786394230769 0.26543449759615384 0.7010352884615384 0.2779330528846154 0.7218209254807693 0.2735149278846154 0.7191642764423077 0.261016375 0.6983786394230769 0.26543449759615384
1 0.6890637764423077 0.26031484615384615 0.6914605360576923 0.27159071394230766 0.7195058629807692 0.26562949759615384 0.7171091009615385 0.25435362740384615 0.6890637764423077 0.26031484615384615
1 0.6864888245192307 0.2512067283653846 0.6893764855769231 0.2647921129807692 0.7178039014423077 0.2587496802884615 0.7149162379807692 0.24516429567307693 0.6864888245192307 0.2512067283653846
1 0.6855035 0.24431657932692305 0.6883911610576923 0.25790196153846157 0.7156723100961538 0.2521031754807692 0.7127846466346154 0.2385177908653846 0.6855035 0.24431657932692305
1 0.6830271490384615 0.23717538942307692 0.6861458245192308 0.2518476033653846 0.7137326418269231 0.24598384375 0.7106139663461538 0.23131162980769232 0.6830271490384615 0.23717538942307692
1 0.6813336394230769 0.22958381971153846 0.6843368076923078 0.24371261778846154 0.712000045673077 0.23783261538461536 0.7089968774038462 0.22370381730769232 0.6813336394230769 0.22958381971153846
1 0.6802039326923077 0.22201439903846154 0.6832937307692308 0.23655075961538463 0.7105748774038462 0.23075197115384613 0.7074850793269231 0.2162156105769231 0.6802039326923077 0.22201439903846154
1 0.6774779038461538 0.21407432932692305 0.6803944423076923 0.22779556730769232 0.7078284254807692 0.22196429326923078 0.7049118870192307 0.20824305528846151 0.6774779038461538 0.21407432932692305
1 0.6759576538461538 0.20729788221153844 0.6785854278846154 0.21966057932692307 0.7059429927884615 0.21384554807692308 0.7033152211538461 0.20148285096153848 0.6759576538461538 0.20729788221153844
1 0.6737563389423078 0.19882030528846156 0.6769327668269232 0.21376422596153846 0.7045960024038462 0.20788422355769232 0.7014195745192308 0.1929403028846154 0.6737563389423078 0.19882030528846156
1 0.67246534375 0.19199512740384617 0.6755840192307693 0.20666734134615383 0.7018717355769231 0.2010797139423077 0.6987530600961538 0.1864075 0.67246534375 0.19199512740384617
1 0.670647875 0.18457189663461537 0.6737376730769231 0.1991082548076923 0.700636733173077 0.1933906826923077 0.6975469350961538 0.17885432451923075 0.670647875 0.18457189663461537
1 0.6685638245192307 0.17777329326923075 0.6713359807692308 0.19081526201923077 0.6988463822115385 0.18496774759615386 0.6960742259615385 0.17192577884615384 0.6685638245192307 0.17777329326923075
1 0.6660483846153846 0.17007244711538463 0.6691093076923077 0.18447295432692307 0.6970782163461539 0.17852797836538462 0.6940172932692307 0.16412747115384616 0.6660483846153846 0.17007244711538463
1 0.6644805961538461 0.16344809375 0.6675415168269231 0.17784860096153846 0.6948226658653845 0.1720498125 0.6917617427884615 0.15764930769230767 0.6644805961538461 0.16344809375
1 0.6614488942307692 0.15557299759615384 0.6644520649038461 0.16970179567307692 0.6927266442307692 0.1636918485576923 0.6897234735576923 0.14956305048076923 0.6614488942307692 0.15557299759615384
1 0.7217342956730769 0.2731073653846154 0.724564204326923 0.2864210432692308 0.7493999831730769 0.28114203605769233 0.7465700745192307 0.26782835817307693 0.7217342956730769 0.2731073653846154
1 0.7202904639423077 0.2663146730769231 0.7232647572115384 0.2803076201923077 0.748176954326923 0.2750123701923077 0.7452026610576923 0.26101942307692305 0.7202904639423077 0.2663146730769231
1 0.7185103245192308 0.2583155432692308 0.7215423701923077 0.2725801923076923 0.7466838197115385 0.2672362139423077 0.7436517764423077 0.2529715625 0.7185103245192308 0.2583155432692308
1 0.71557546875 0.25127181009615385 0.7182321177884615 0.2637703629807692 0.7445198341346154 0.25818273557692306 0.7418631850961539 0.24568418509615386 0.71557546875 0.25127181009615385
1 0.7140263413461538 0.24435950721153846 0.7167118677884615 0.2569939134615385 0.7430760024038462 0.25139004326923076 0.7403904759615384 0.23875563701923078 0.7140263413461538 0.24435950721153846
1 0.7117383966346154 0.23547437019230769 0.7147415649038462 0.24960316826923076 0.7413349519230769 0.24395056971153845 0.7383317836538462 0.2298217716346154 0.7117383966346154 0.23547437019230769
1 0.7100262235576923 0.22817075 0.7131160216346154 0.24270711057692307 0.7397094086538462 0.23705451201923078 0.7366196105769232 0.2225181514423077 0.7100262235576923 0.22817075
1 0.7081034615384615 0.22062790625 0.7115109014423078 0.2366586610576923 0.738257125 0.23097357451923078 0.7348496850961539 0.2149428221153846 0.7081034615384615 0.22062790625
1 0.7072354014423077 0.21541673076923076 0.7099209278846155 0.22805113942307692 0.7364378990384615 0.22241478365384618 0.7337523725961539 0.209780375 0.7072354014423077 0.21541673076923076
1 0.7044142908653845 0.20778085576923078 0.7075329663461538 0.22245306971153844 0.7347376971153847 0.2166705264423077 0.7316190216346155 0.20199831250000003 0.7044142908653845 0.20778085576923078
1 0.7034205144230768 0.20160246153846154 0.7060771634615384 0.21410101442307694 0.7325177163461538 0.2084809014423077 0.7298610673076923 0.1959823485576923 0.7034205144230768 0.20160246153846154
1 0.7012685 0.1941083485576923 0.7041272860576923 0.20755787740384615 0.7308735096153847 0.20187279326923077 0.7280147235576924 0.18842326442307694 0.7012685 0.1941083485576923
1 0.6993661610576923 0.18741311538461541 0.7022538245192307 0.2009985 0.7294585528846155 0.19521595673076925 0.726570891826923 0.1816305721153846 0.6993661610576923 0.18741311538461541
1 0.6976064471153846 0.18026159134615385 0.700522985576923 0.19398282932692307 0.7275748798076923 0.18823277163461538 0.7246583413461539 0.17451153365384617 0.6976064471153846 0.18026159134615385
1 0.6960861971153847 0.17348514423076924 0.6991182427884616 0.18774979326923077 0.7261701370192307 0.18199973557692306 0.72313809375 0.16773508653846153 0.6960861971153847 0.17348514423076924
1 0.6954371802884616 0.16780143509615383 0.6981227067307691 0.1804358389423077 0.7245632596153846 0.17481572596153847 0.7218777331730769 0.1621813221153846 0.6954371802884616 0.16780143509615383
1 0.69140853125 0.15786637740384618 0.695046985576923 0.17498396153846155 0.7234743990384616 0.1689415264423077 0.7198359447115384 0.15182394471153846 0.69140853125 0.15786637740384618
1 0.750251483173077 0.2941662740384615 0.7531680216346154 0.3078875120192308 0.7799142451923077 0.30220242548076925 0.7769977067307692 0.28848118990384614 0.750251483173077 0.2941662740384615
1 0.749028451923077 0.2880366105769231 0.7514540889423077 0.29944833173076923 0.7780474759615384 0.29379573076923077 0.7756218413461539 0.2823840096153846 0.749028451923077 0.2880366105769231
1 0.7473433966346155 0.27973328125 0.7501444278846154 0.2929111033653846 0.7762793100961538 0.28735596394230767 0.7734782764423076 0.27417814182692307 0.7473433966346155 0.27973328125
1 0.7460150721153845 0.2734840072115384 0.74864284375 0.28584670432692305 0.7747013076923076 0.28030780528846155 0.7720735336538461 0.26794510817307693 0.7460150721153845 0.2734840072115384
1 0.7447054110576924 0.2669467788461538 0.7473043076923077 0.27917362259615386 0.7730570985576922 0.2736996971153846 0.770458204326923 0.2614728533653846 0.7447054110576924 0.2669467788461538
1 0.7440817524038461 0.2591278052884615 0.7466517716346155 0.27121879567307694 0.7711054615384616 0.2660210024038462 0.7685354423076922 0.25393001201923077 0.7440817524038461 0.2591278052884615
1 0.7429045024038461 0.2517104807692308 0.7455033990384615 0.2639373269230769 0.7691164927884616 0.2589182091346154 0.7665175961538462 0.24669136298076924 0.7429045024038461 0.2517104807692308
1 0.7407796033653846 0.24321666346153847 0.743696141826923 0.25693789903846154 0.7662393894230769 0.25214618509615383 0.7633228485576923 0.2384249471153846 0.7407796033653846 0.24321666346153847
1 0.7396143269230768 0.23735870432692308 0.7422421009615385 0.24972140384615382 0.7646325096153846 0.2449621754807692 0.7620047379807692 0.23259947596153846 0.7396143269230768 0.23735870432692308
1 0.7388107139423077 0.2305719206730769 0.7416117475961539 0.2437497451923077 0.7633143966346154 0.23913670432692308 0.7605133653846153 0.22595887980769233 0.7388107139423077 0.2305719206730769
1 0.7363139399038462 0.22258312259615384 0.7393459855769231 0.23684777403846152 0.7614307235576923 0.2321535192307692 0.7583986778846155 0.21788886778846153 0.7363139399038462 0.22258312259615384
1 0.7347732668269231 0.21495906490384617 0.7374587932692307 0.22759347115384615 0.75748025 0.22333777884615386 0.7547947259615384 0.21070337259615385 0.7347732668269231 0.21495906490384617
1 0.7332445649038462 0.20889437259615384 0.7356124471153845 0.22003438701923078 0.7558631610576924 0.21572996394230767 0.7534952764423076 0.20458994951923076 0.7332445649038462 0.20889437259615384
1 0.7304607836538461 0.20068259375 0.7329441730769232 0.21236602403846155 0.7535005552884615 0.20799662980769232 0.7510171658653846 0.1963132019230769 0.7304607836538461 0.20068259375
1 0.7287486105769231 0.1933789735576923 0.7311453701923077 0.20465484134615386 0.7515489182692308 0.20031793269230772 0.7491521586538461 0.1890420673076923 0.7287486105769231 0.1933789735576923
1 0.7271808197115385 0.18675462259615383 0.7297797163461539 0.19898146875 0.7503360985576923 0.19461207451923077 0.7477372019230769 0.1823852283653846 0.7271808197115385 0.18675462259615383
1 0.7261395024038462 0.18072832211538462 0.7288539038461538 0.1934985841346154 0.7479583509615384 0.18943781009615385 0.7452439471153846 0.1766675480769231 0.7261395024038462 0.18072832211538462
1 0.7238142259615384 0.17241908653846152 0.7265863822115384 0.18546105528846152 0.7457672451923076 0.18138403846153844 0.7429950889423077 0.16834206971153845 0.7238142259615384 0.17241908653846152
1 0.7775414278846154 0.29404528846153843 0.7799093125 0.3051853028846154 0.7974089831730768 0.30146563221153844 0.7950411009615385 0.29032561778846155 0.7775414278846154 0.29404528846153843
1 0.7758479206730768 0.2864537139423077 0.7781869254807692 0.297457875 0.7959158509615385 0.2936894759615385 0.7935768461538462 0.2826853149038462 0.7758479206730768 0.2864537139423077
1 0.7741357475961539 0.27915009375 0.7764169999999999 0.28988254807692304 0.7940695072115385 0.28613039182692307 0.7917882548076923 0.27539793749999997 0.7741357475961539 0.27915009375
1 0.7720890264423077 0.27177559375 0.7743414014423077 0.2823721923076923 0.7926816706730769 0.2784738461538461 0.7904292932692307 0.26787725 0.7720890264423077 0.27177559375
1 0.7705585649038462 0.26457533894230767 0.7728975721153847 0.2755795 0.7910850024038462 0.2717136418269231 0.7887459951923077 0.2607094807692308 0.7705585649038462 0.26457533894230767
1 0.7685900216346154 0.25832015384615387 0.7706402620192307 0.2679657764423077 0.78920978125 0.2640187019230769 0.7871595408653846 0.2543730817307692 0.7685900216346154 0.25832015384615387
1 0.76682009375 0.2507448245192308 0.76901471875 0.26106971634615384 0.7879663269230769 0.25704142788461537 0.7857717043269231 0.2467165360576923 0.76682009375 0.2507448245192308
1 0.8146885769230768 0.27904982932692307 0.812147435096154 0.26709469471153846 0.8080055913461539 0.26797506971153845 0.7903417836538461 0.26690190625 0.7844518317307692 0.23975550721153846 0.7643539567307692 0.2440274423076923 0.7666063317307692 0.25462403846153847 0.7826846322115385 0.2512064903846154 0.7914382163461539 0.27149657451923076 0.793979358173077 0.28345170913461537 0.7955800600961538 0.27061619711538465 0.8038637475961538 0.26885544471153844 0.8146885769230768 0.27904982932692307
1 0.81131353125 0.2654260528846154 0.8136525384615385 0.2764302139423077 0.8306172860576923 0.2728242451923077 0.8282782788461538 0.2618200841346154 0.81131353125 0.2654260528846154
1 0.8096897475961539 0.2596655528846154 0.8118843701923077 0.2699904423076923 0.8292312067307692 0.2663032596153846 0.8270365841346153 0.25597836778846156 0.8096897475961539 0.2596655528846154
1 0.7897566778846153 0.26546436778846155 0.7919801778846154 0.2759251129807692 0.8129950697115385 0.2714582596153846 0.8107715673076924 0.26099751442307695 0.7897566778846153 0.26546436778846155
1 0.7884945600961538 0.2587750432692308 0.7907758125 0.26950749519230766 0.8117142836538461 0.2650568846153846 0.80943303125 0.2543244326923077 0.7884945600961538 0.2587750432692308
1 0.8060195889423076 0.2529201057692308 0.8085318557692307 0.2647393894230769 0.8277891370192307 0.2606461298076923 0.8252768701923077 0.24882684375 0.8060195889423076 0.2529201057692308
1 0.803857360576923 0.24500218750000002 0.8064851346153846 0.25736488701923077 0.8258952500000001 0.2532391394230769 0.8232674783653846 0.24087643990384616 0.803857360576923 0.24500218750000002
1 0.8027294134615384 0.23856832692307692 0.8055015697115385 0.2516102956730769 0.8240710889423077 0.2476632235576923 0.8212989326923077 0.2346212548076923 0.8027294134615384 0.23856832692307692
1 0.787463454326923 0.25317255048076925 0.7898313365384616 0.2643125625 0.8103113028846154 0.25995941105769227 0.8079434182692308 0.24881939903846154 0.787463454326923 0.25317255048076925
1 0.7622579326923078 0.2356694735576923 0.764856829326923 0.24789631971153847 0.7849547067307692 0.24362438461538463 0.7823558100961538 0.23139753846153846 0.7622579326923078 0.2356694735576923
1 0.7608718557692308 0.22914849038461538 0.7632108629807692 0.24015265144230769 0.7832323221153845 0.23589695913461536 0.7808933149038462 0.22489279807692306 0.7608718557692308 0.22914849038461538
1 0.7587673822115384 0.22150228125 0.7614240312499999 0.2340008341346154 0.78152190625 0.22972889903846155 0.7788652572115384 0.21723034615384615 0.7587673822115384 0.22150228125
1 0.7552891466346154 0.21528400721153848 0.7576570288461538 0.22642402163461536 0.7798946033653846 0.22169727884615384 0.7775267211538461 0.21055726682692308 0.7552891466346154 0.21528400721153848
1 0.753481891826923 0.20828457932692307 0.7559652812500001 0.21996800961538462 0.7765980817307692 0.21558237259615384 0.7741146923076924 0.20389894230769232 0.753481891826923 0.20828457932692307
1 0.7521042668269231 0.20105184134615386 0.7545299014423077 0.2124635625 0.7747806153846154 0.20815914182692305 0.7723549783653846 0.1967474206730769 0.7521042668269231 0.20105184134615386
1 0.7508505985576923 0.19365076201923076 0.7534206177884616 0.20574175240384618 0.7726778990384615 0.20164849038461538 0.7701078798076922 0.1895575 0.7508505985576923 0.19365076201923076
1 0.7850430961538462 0.24516750721153846 0.7878441274038461 0.25834532692307693 0.8084769302884616 0.25395968990384615 0.8056758966346155 0.24078187019230768 0.7850430961538462 0.24516750721153846
1 0.7834548822115385 0.23769554567307694 0.7859093942307692 0.24924312019230768 0.8061601057692307 0.24493869951923075 0.80370559375 0.23339112259615383 0.7834548822115385 0.23769554567307694
1 0.7820688028846153 0.23117456249999999 0.7847254519230769 0.24367311298076924 0.8029893028846153 0.23979101201923078 0.8003326538461538 0.22729246153846153 0.7820688028846153 0.23117456249999999
1 0.7803957187499999 0.22443059855769232 0.7829657379807693 0.2365215889423077 0.8017645120192308 0.2325257860576923 0.7991944927884614 0.22043479567307692 0.7803957187499999 0.22443059855769232
1 0.77884659375 0.21751829567307693 0.7814454903846154 0.22974514182692307 0.7997857572115384 0.2258467980769231 0.797186860576923 0.21361995192307692 0.77884659375 0.21751829567307693
1 0.7758064423076922 0.21035495673076923 0.7786941033653847 0.22394033653846154 0.7985627259615384 0.21971713221153846 0.7956750649038462 0.20613175 0.7758064423076922 0.21035495673076923
1 0.773253673076923 0.20323000961538462 0.7761413341346154 0.21681539182692308 0.7966213004807692 0.2124622403846154 0.7937336370192308 0.1988768581730769 0.773253673076923 0.20323000961538462
1 0.7718031490384616 0.19828463221153847 0.7743154134615384 0.21010391346153845 0.7947189615384616 0.20576700721153846 0.7922066971153847 0.19394772355769233 0.7718031490384616 0.19828463221153847
1 0.7695542908653846 0.18995915384615386 0.7726440889423076 0.20449551442307692 0.7922834591346154 0.2003210360576923 0.7891936610576923 0.1857846778846154 0.7695542908653846 0.18995915384615386
1 0.7598115576923077 0.18620837499999998 0.7624970841346154 0.19884277884615387 0.7899310673076924 0.19301150721153848 0.7872455408653847 0.18037710096153844 0.7598115576923077 0.18620837499999998
1 0.75753734375 0.18001815865384613 0.7603095 0.1930601298076923 0.7887369134615384 0.18701769471153848 0.7859647572115385 0.17397572596153846 0.75753734375 0.18001815865384613
1 0.7560663966346154 0.1742251754807692 0.7588674278846154 0.18740299519230771 0.7879061850961538 0.18123061778846153 0.7851051514423077 0.16805279807692308 0.7560663966346154 0.1742251754807692
1 0.7545257211538462 0.1666011153846154 0.7577021514423077 0.18154503846153844 0.7863588197115384 0.17545387740384613 0.7831823894230769 0.16050995432692308 0.7545257211538462 0.1666011153846154
1 0.8014282043269231 0.23131934615384614 0.8040559783653846 0.2436820456730769 0.8217849038461539 0.2399136466346154 0.8191571298076923 0.2275509471153846 0.8014282043269231 0.23131934615384614
1 0.8002171466346154 0.2267490456730769 0.8024117692307692 0.2370739375 0.8201406947115385 0.23330553846153845 0.8179460721153846 0.2229806466346154 0.8002171466346154 0.2267490456730769
1 0.7983894663461538 0.2189020096153846 0.8010461153846153 0.23140056250000002 0.8190807139423076 0.22756718990384617 0.8164240649038461 0.21506863701923076 0.7983894663461538 0.2189020096153846
1 0.7963409855769231 0.21039194711538461 0.7992286490384616 0.2239773293269231 0.8173396634615385 0.22012771394230768 0.814452 0.20654233173076925 0.7963409855769231 0.21039194711538461
1 0.7948327091346153 0.20517486298076923 0.7974604831730769 0.2175375625 0.8157243317307692 0.21365546153846154 0.8130965600961539 0.2012927620192308 0.7948327091346153 0.20517486298076923
1 0.7932156177884615 0.1975670480769231 0.7959588966346154 0.21047316346153847 0.8140699110576922 0.20662354807692307 0.8113266322115386 0.19371743509615386 0.7932156177884615 0.1975670480769231
1 0.7908565336538461 0.19210483413461538 0.7934843052884616 0.20446753365384615 0.8115189038461538 0.20063416105769233 0.8088911298076924 0.18827146153846153 0.7908565336538461 0.19210483413461538
1 0.7886196466346154 0.18533871875000002 0.791276298076923 0.19783727163461537 0.8097694014423078 0.19390644230769233 0.8071127499999999 0.18140788701923077 0.7886196466346154 0.18533871875000002
1 0.7863538846153847 0.17843674999999998 0.789212670673077 0.19188628124999998 0.8075529399038461 0.18798793509615383 0.8046941538461538 0.17453840625 0.7863538846153847 0.17843674999999998
1 0.7847096778846154 0.1718286418269231 0.7877417235576923 0.18609329567307692 0.8062348269230769 0.18216246634615382 0.80320278125 0.1678978125 0.7847096778846154 0.1718286418269231
1 0.7829872932692308 0.16410121875 0.7862792283653846 0.1795885528846154 0.8050780024038461 0.17559275 0.8017860673076923 0.16010541586538463 0.7829872932692308 0.16410121875
1 0.8261924687500001 0.2538859230769231 0.8287913653846153 0.2661127692307692 0.8466731274038461 0.26231188221153845 0.8440742307692308 0.25008503846153846 0.8261924687500001 0.2538859230769231
1 0.824242591346154 0.24734278846153845 0.8268126105769231 0.2594337788461539 0.8446943701923076 0.25563289182692306 0.8421243509615385 0.24354190144230767 0.824242591346154 0.24734278846153845
1 0.8224353341346154 0.24034335817307692 0.825091983173077 0.25284191346153845 0.8432029975961538 0.24899229807692308 0.8405463485576923 0.2364937451923077 0.8224353341346154 0.24034335817307692
1 0.8211647620192307 0.23436579086538462 0.8233016322115384 0.2444189735576923 0.840113545673077 0.24084549038461536 0.8379766754807693 0.2307923076923077 0.8211647620192307 0.23436579086538462
1 0.8190145072115385 0.22800723798076922 0.8214112668269231 0.23928310576923076 0.8385288509615385 0.2356446514423077 0.8361320913461537 0.22436878365384613 0.8190145072115385 0.22800723798076922
1 0.8179052235576924 0.22128542548076924 0.8202731057692307 0.23242544230769233 0.8370086009615385 0.2288682019230769 0.83464071875 0.2177281875 0.8179052235576924 0.22128542548076924
1 0.8165395697115384 0.21561205288461538 0.8185609326923077 0.22512181971153847 0.8349143389423077 0.22164579807692306 0.8328929759615384 0.21213602884615385 0.8165395697115384 0.21561205288461538
1 0.8140241298076922 0.2079112043269231 0.8166519038461538 0.22027390144230768 0.8339223221153845 0.21660296153846154 0.831294548076923 0.2042402644230769 0.8140241298076922 0.2079112043269231
1 0.8134022307692308 0.20122778846153844 0.81597225 0.21331878124999998 0.83232565625 0.20984275721153847 0.8297556346153846 0.19775176442307693 0.8134022307692308 0.20122778846153844
1 0.8115118629807692 0.19609192067307693 0.8137642403846154 0.2066885216346154 0.8303468990384615 0.20316376682692308 0.8280945216346154 0.19256716826923076 0.8115118629807692 0.19609192067307693
1 0.8085396778846154 0.18962409134615385 0.8108786826923077 0.20062825240384616 0.8273849254807693 0.19711974278846153 0.8250459182692308 0.18611558173076923 0.8085396778846154 0.18962409134615385
1 0.8066373389423076 0.1829288581730769 0.8090052235576923 0.19406887259615385 0.8257407163461538 0.19051163461538462 0.8233728341346154 0.17937161778846156 0.8066373389423076 0.1829288581730769
1 0.8054058557692307 0.17751094711538462 0.807715985576923 0.1883792548076923 0.8242986442307692 0.1848545 0.821988514423077 0.17398619471153848 0.8054058557692307 0.17751094711538462
1 0.802851329326923 0.16925044230769232 0.8057389903846153 0.18283582451923078 0.823085826923077 0.17914864182692308 0.8201981634615384 0.16556325721153844 0.802851329326923 0.16925044230769232
1 0.4795730384615385 0.3227344375 0.4817676610576923 0.33305932692307694 0.5089723918269231 0.32727678365384616 0.5067777692307692 0.31695189182692307 0.4795730384615385 0.3227344375
1 0.47765697115384614 0.31334428125 0.4800248533653846 0.3244842932692308 0.5069239110576923 0.31876672115384613 0.5045560288461538 0.3076267091346154 0.47765697115384614 0.31334428125
1 0.4758768317307692 0.30534514663461537 0.47821583894230774 0.31634930769230774 0.5055734038461538 0.31053427884615387 0.5032343966346153 0.29953011778846156 0.4758768317307692 0.30534514663461537
1 0.4738758918269231 0.29668298798076925 0.47641703365384613 0.308638125 0.5037746009615385 0.30282309375 0.5012334567307692 0.2908679567307692 0.4738758918269231 0.29668298798076925
1 0.47226725240384615 0.2883634158653846 0.47454850721153846 0.2990958701923077 0.5019060721153846 0.29328084134615384 0.4996248197115385 0.28254838701923074 0.47226725240384615 0.2883634158653846
1 0.4708301153846154 0.27972340865384615 0.47325575240384615 0.29113513221153847 0.5003076466346154 0.2853850745192308 0.49788200961538465 0.27397335096153846 0.4708301153846154 0.27972340865384615
1 0.4684555384615384 0.27043071153846154 0.4709100528846154 0.2819782884615385 0.49895537740384616 0.27601706971153844 0.4965008653846154 0.26446949278846155 0.4684555384615384 0.27043071153846154
1 0.7544621298076923 0.37221868509615386 0.7564546153846153 0.38159260096153846 0.7934408221153847 0.37373093990384615 0.7914483341346153 0.36435702644230766 0.7544621298076923 0.37221868509615386
1 0.7527499567307692 0.3649150649038461 0.7550600865384616 0.37578337259615385 0.7923519639423078 0.36785674038461535 0.7900418341346154 0.35698843269230773 0.7527499567307692 0.3649150649038461