1 0.8592542908653846 0.7753151057692308 0.855832201923077 0.6773192836538461 0.7304398822115385 0.6816980793269232 0.7338619735576923 0.7796939014423077 0.8592542908653846 0.7753151057692308
1 0.7533338990384616 0.7731770384615384 0.7504643846153846 0.6910049038461538 0.6281431105769231 0.6952764567307692 0.6310126250000001 0.7774485913461538 0.7533338990384616 0.7731770384615384
1 0.5177861730769231 0.6481732379807692 0.5166842524038462 0.6166183990384616 0.48264250240384615 0.6178071634615385 0.4837444230769231 0.6493620024038461 0.5177861730769231 0.6481732379807692
1 0.4919145264423077 0.6714051129807692 0.4906284158653846 0.6345757091346154 0.4521622788461538 0.6359189759615386 0.45344838942307697 0.6727483798076922 0.4919145264423077 0.6714051129807692
1 0.464503 0.7132205673076922 0.4623896418269231 0.6527018990384617 0.37952348557692306 0.6555956490384616 0.38163684375 0.7161143173076923 0.464503 0.7132205673076922
2 1 0.5076886225961539 0.99775271875 0.4433349014423077 0.9312828173076924 0.44565608173076926 0.9367342475961539 0.6017646322115385 1 0.59955534375 1 0.5076886225961539
1 0.4291866153846154 0.006337290865384615 0.4305987524038462 0.046775605769230774 0.4638076778846154 0.04561592548076923 0.46239554086538465 0.005177610576923077 0.4291866153846154 0.006337290865384615
1 0.4632372019230769 0.036741538461538464 0.46457824759615385 0.07514405528846155 0.4922696995192308 0.07417705048076922 0.4909286538461538 0.035774531250000005 0.4632372019230769 0.036741538461538464
1 0.4903099879807692 0.06581442307692308 0.4913763629807692 0.09635136538461539 0.5152159975961539 0.09551886538461538 0.5141496225961538 0.06498192548076923 0.4903099879807692 0.06581442307692308
1 0.7817411225961538 0.14949089182692307 0.7826006826923078 0.17410551923076925 0.8244501754807693 0.17264410096153845 0.8235906129807693 0.14802947596153845 0.7817411225961538 0.14949089182692307
1 0.7807552788461538 0.13618386057692308 0.7816503846153846 0.16181638221153843 0.8231875673076924 0.16036587259615384 0.8222924591346155 0.1347333485576923 0.7807552788461538 0.13618386057692308
1 0.7812100264423076 0.12532804086538463 0.7820017283653846 0.14799940865384614 0.822133516826923 0.1465979735576923 0.8213418149038462 0.12392660817307692 0.7812100264423076 0.12532804086538463
1 0.7810081899038461 0.11208627884615385 0.7818839086538462 0.13716358413461538 0.8214951778846153 0.13578032932692308 0.8206194591346154 0.11070302163461537 0.7810081899038461 0.11208627884615385
1 0.7803504663461538 0.10071341586538461 0.7812294158653846 0.1258832596153846 0.8208406874999999 0.12450000240384615 0.8199617355769231 0.09933015865384615 0.7803504663461538 0.10071341586538461
1 0.7799206850961539 0.08840610336538461 0.7808319495192309 0.1145013076923077 0.8201309110576923 0.11312895673076924 0.8192196466346153 0.08703375240384616 0.7799206850961539 0.08840610336538461
1 0.7797511610576924 0.07608970192307693 0.7806107235576923 0.10070432692307693 0.8196494254807691 0.09934106490384614 0.8187898653846154 0.07472643990384616 0.7797511610576924 0.07608970192307693
1 0.7792858341346154 0.06276449278846154 0.7801647836538461 0.08793433413461539 0.819515798076923 0.0865601658653846 0.8186368485576924 0.061390324519230766 0.7792858341346154 0.06276449278846154
1 0.7788398966346153 0.04999449759615385 0.7798707235576923 0.07951353846153847 0.8189094278846153 0.07815027884615386 0.8178786009615385 0.048631235576923074 0.7788398966346153 0.04999449759615385
1 0.7782177187499999 0.03963953125 0.7791806850961538 0.06721531490384615 0.8182193894230768 0.06585205288461539 0.8172564230769231 0.03827627163461538 0.7782177187499999 0.03963953125
1 0.777839639423077 0.028812798076923076 0.7786830456730769 0.05296474519230769 0.8163684062500001 0.05164874278846154 0.8155249999999999 0.027496795673076925 0.777839639423077 0.028812798076923076
1 0.7771137067307692 0.016979072115384616 0.7779765 0.041686233173076924 0.8159741706730769 0.04035932451923077 0.8151113774038462 0.015652163461538464 0.7771137067307692 0.016979072115384616
1 0.7767356298076924 0.006152338942307692 0.7775951899038461 0.03076696394230769 0.8147600360576923 0.029469139423076923 0.8139004759615385 0.00485451201923077 0.7767356298076924 0.006152338942307692
1 0.8237717331730768 0.12486089423076924 0.8246022115384615 0.14864269471153846 0.8658791346153846 0.14720127163461538 0.8650486562499999 0.12341947115384616 0.8237717331730768 0.12486089423076924
1 0.8231107788461538 0.11339549278846153 0.8239412572115385 0.13717729567307693 0.8657386947115384 0.13571769711538462 0.8649082163461539 0.11193589423076923 0.8231107788461538 0.11339549278846153
1 0.82260990625 0.09905238461538463 0.8235405576923077 0.1257028076923077 0.8658064615384615 0.12422684855769231 0.8648758076923078 0.09757642788461539 0.82260990625 0.09905238461538463
1 0.8217375120192307 0.08750172115384616 0.8226552379807692 0.113782 0.8644526778846154 0.11232240144230768 0.8635349495192308 0.08604212259615385 0.8217375120192307 0.08750172115384616
1 0.8212786466346155 0.07436158413461538 0.8221672932692308 0.09980903365384616 0.8644331947115386 0.09833307692307693 0.8635445504807693 0.072885625 0.8212786466346155 0.07436158413461538
1 0.8211252812500001 0.06250786057692308 0.8219977692307693 0.08749263221153845 0.8630664855769231 0.08605848076923077 0.8621939975961539 0.061073711538461535 0.8211252812500001 0.06250786057692308
1 0.8206664182692307 0.049367723557692304 0.8214968966346153 0.07314952403846155 0.8628258725961538 0.07170628365384615 0.8619953942307692 0.047924485576923075 0.8206664182692307 0.049367723557692304
1 0.8204448437499999 0.037053141826923076 0.8213334879807692 0.06250059134615385 0.8617255336538462 0.06109006971153846 0.8608368894230769 0.03564262019230769 0.8204448437499999 0.037053141826923076
1 0.8195957668269231 0.023185435096153846 0.8206621394230769 0.05372237740384615 0.8611062379807692 0.05231003846153846 0.8600398653846154 0.021773096153846153 0.8195957668269231 0.023185435096153846
1 0.8183848653846154 0.012387783653846154 0.8193478317307693 0.039963569711538464 0.8600521874999999 0.038542141826923074 0.8590892187500001 0.01096635576923077 0.8183848653846154 0.012387783653846154
1 0.8185434591346153 0.0020055552884615385 0.8193868629807692 0.0261575 0.8595707043269231 0.02475425 0.858727298076923 0.0006023028846153846 0.8185434591346153 0.0020055552884615385
1 0.8179522740384615 0 0.8184882716346155 0.015348942307692308 0.8583597980769231 0.013956598557692308 0.8578724230769231 0 0.8179522740384615 0
1 0.8865706802884615 0.11442214423076923 0.8875045649038462 0.1411650985576923 0.9288335432692307 0.13972186057692307 0.9278996586538462 0.11297890384615385 0.8865706802884615 0.11442214423076923
1 0.8851163750000001 0.10113146634615384 0.886011483173077 0.12676399278846154 0.9275486634615385 0.12531348076923077 0.9266535576923077 0.09968095673076924 0.8851163750000001 0.10113146634615384
1 0.8843351586538462 0.08920702163461539 0.8852658125 0.11585744471153846 0.9270111995192308 0.11439966346153846 0.9260805480769231 0.08774924038461539 0.8843351586538462 0.08920702163461539
1 0.88385690625 0.07551166586538462 0.8848134110576923 0.1029023798076923 0.9261423846153847 0.10145913942307692 0.9251858798076923 0.07406842548076922 0.88385690625 0.07551166586538462
1 0.8832059927884616 0.06284147836538462 0.8841495721153846 0.08986204807692308 0.9253223918269231 0.08842426201923076 0.9243788149038461 0.061403692307692305 0.8832059927884616 0.06284147836538462
1 0.8823633798076924 0.04915884855769231 0.8833683557692308 0.07793760336538462 0.9251137427884615 0.07647982211538461 0.924108766826923 0.04770106730769231 0.8823633798076924 0.04915884855769231
1 0.8815785817307693 0.03862426201923076 0.882460764423077 0.06388664423076923 0.9228528125 0.062476122596153844 0.9219706298076923 0.03721374278846154 0.8815785817307693 0.03862426201923076
1 0.8802215673076923 0.026627278846153846 0.8811296009615385 0.052629947115384615 0.9218860072115385 0.05120670192307693 0.9209779735576924 0.025204033653846155 0.8802215673076923 0.026627278846153846
1 0.8772577620192308 0.013389314903846154 0.878165795673077 0.03939198317307692 0.9200673389423077 0.03792875 0.9191593052884616 0.01192608173076923 0.8772577620192308 0.013389314903846154
1 0.8892406754807692 0 0.87659715625 0.0004415216346153846 0.8775148846153846 0.026721798076923077 0.9198328413461538 0.025244021634615383 0.9189513004807692 0 0.8892406754807692 0
1 0.8756436682692308 0 0.8761611009615385 0.014817346153846155 0.9192077788461539 0.013314125 0.9187428389423077 0 0.8756436682692308 0
1 0.9386166826923077 0.08110398317307693 0.9395634927884615 0.10821708653846153 0.9852648028846154 0.10662116346153847 0.9843179927884615 0.07950806009615384 0.9386166826923077 0.08110398317307693
1 0.9375522403846154 0.07002327163461539 0.9383988750000001 0.09426775480769231 0.9847768557692308 0.09264819951923077 0.9839302211538462 0.06840371634615384 0.9375522403846154 0.07002327163461539
1 0.9370384423076923 0.05531001923076923 0.9379529375 0.08149775961538461 0.9841227139423077 0.07988547355769231 0.9832082163461539 0.053697735576923075 0.9370384423076923 0.05531001923076923
1 0.9364194951923076 0.04504758894230769 0.9372499735576922 0.06882938942307693 0.9832115432692308 0.067224375 0.9823810625 0.043442576923076924 0.9364194951923076 0.04504758894230769
1 0.9357815072115384 0.03274754807692308 0.9366249110576923 0.05689949278846154 0.9816495504807693 0.05532719711538462 0.9808061466346154 0.03117525240384615 0.9357815072115384 0.03274754807692308
1 0.9351564471153846 0.02081764903846154 0.9360160096153846 0.04543227644230769 0.98218578125 0.043819992788461534 0.9813262211538463 0.019205365384615383 0.9351564471153846 0.02081764903846154
1 0.934295139423077 0.0036150072115384616 0.9353550504807693 0.03396687740384616 0.9813166201923077 0.032361865384615385 0.9802567091346154 0.002009995192307692 0.934295139423077 0.0036150072115384616
1 0.9339604447115384 0 0.9346879831730769 0.020834009615384615 0.9801290336538462 0.01924717307692308 0.9794569086538462 0 0.9339604447115384 0
1 0.933230829326923 0 0.9335003942307692 0.0077193197115384615 0.9792017067307692 0.006123394230769231 0.9789878725961538 0 0.933230829326923 0
1 0.7927012548076923 0.23202903846153847 0.7933216899038461 0.24979598798076924 0.8283524206730769 0.2485726875 0.8277319855769231 0.23080573798076923 0.7927012548076923 0.23202903846153847
1 0.7922230024038461 0.21833368509615386 0.7929630000000001 0.23952447115384615 0.8279937307692309 0.2383011706730769 0.8272537331730769 0.21711038461538462 0.7922230024038461 0.21833368509615386
1 0.7915365432692307 0.20464559855769232 0.7923605576923076 0.22824232692307692 0.8269748774038461 0.2270335673076923 0.8261508605769231 0.20343684134615386 0.7915365432692307 0.20464559855769232
1 0.7903486081730768 0.19301330528846156 0.7911370769230769 0.21559213461538462 0.8259596009615385 0.21437610576923077 0.8251711322115385 0.19179727644230768 0.7903486081730768 0.19301330528846156
1 0.7898596153846154 0.18348753125 0.7906125384615384 0.20504846153846154 0.8250186514423077 0.20384697355769232 0.8242657259615385 0.18228604326923079 0.7898596153846154 0.18348753125
1 0.789852360576923 0.17283314663461538 0.7905923605769231 0.1940239326923077 0.8248423173076923 0.19282789663461536 0.8241023197115385 0.17163711057692307 0.789852360576923 0.17283314663461538
1 0.8574364951923077 0.578499391826923 0.8582120408653846 0.6007080769230769 0.949406454326923 0.5975234975961539 0.9486309086538461 0.5753148125 0.8574364951923077 0.578499391826923