1 0.23514815384615384 0 0.21550057932692307 0.22457282451923077 0.6721157572115384 0.26452147596153847 0.6929605072115385 0.026264911057692304 0.39275119711538464 0 0.23514815384615384 0
1 0.04512819711538462 0 0.028509786057692308 0.18994930528846155 0.2704761394230769 0.21111861778846153 0.288946625 0 0.04512819711538462 0
1 0.4262563269230769 0.09243858653846154 0.4092972716346154 0.2862814735576923 0.7738422692307693 0.3181750264423077 0.7908013221153846 0.12433214182692308 0.4262563269230769 0.09243858653846154
1 0.7780957427884616 0.22025646634615384 0.7695617427884615 0.31780052884615384 0.8196827908653846 0.32218555288461537 0.8282167884615385 0.2246414903846154 0.7780957427884616 0.22025646634615384
1 0.8155623413461538 0.2536489639423077 0.8077909543269232 0.3424763245192307 0.8380659350961538 0.3451250408653846 0.8458373221153846 0.2562976826923077 0.8155623413461538 0.2536489639423077
1 0.8375845889423077 0.29684381009615385 0.8329847043269231 0.34942075000000006 0.8527529423076923 0.3511502475961539 0.857352829326923 0.2985733076923077 0.8375845889423077 0.29684381009615385
1 0.7931435817307692 0.6309084038461539 0.8002007740384616 0.5502443052884616 0.7620651971153846 0.546907875 0.7550080024038461 0.6275719711538461 0.7931435817307692 0.6309084038461539
1 0.8197689206730769 0.5990800625 0.8253977283653846 0.534742485576923 0.7780784807692308 0.5306025889423076 0.7724496730769231 0.5949401634615384 0.8197689206730769 0.5990800625
1 0.844037 0.5717857451923076 0.8481284783653845 0.5250199375 0.8093702788461539 0.5216290360576923 0.8052788004807692 0.5683948413461539 0.844037 0.5717857451923076
1 0.8596524591346154 0.5519601682692308 0.862932903846154 0.5144645072115385 0.8294669879807692 0.5115366201923077 0.8261865432692308 0.5490322788461538 0.8596524591346154 0.5519601682692308
1 0.8823916826923077 0.5269022235576923 0.8851637187500001 0.4952176971153846 0.8628271658653847 0.4932635024038462 0.8600551298076924 0.5249480288461539 0.8823916826923077 0.5269022235576923
1 0.8946277956730769 0.5161220937500001 0.8977992956730769 0.4798716778846154 0.8747622932692308 0.47785620192307693 0.8715907932692308 0.5141066177884616 0.8946277956730769 0.5161220937500001
1 0.7552057355769232 0.6781985240384615 0.7633886899038462 0.5846669086538461 0.7068857740384615 0.5797235456730769 0.6987028173076923 0.6732551586538461 0.7552057355769232 0.6781985240384615
1 0.7029761370192307 0.8018948918269231 0.7218719855769231 0.5859143485576923 0.49469289903846153 0.5660387524038462 0.475797048076923 0.782019298076923 0.7029761370192307 0.8018948918269231
1 0.5887575865384616 0.9161247692307692 0.6117328076923078 0.6535167788461538 0.34937559615384617 0.6305634951923077 0.32640037259615384 0.8931714879807693 0.5887575865384616 0.9161247692307692
1 0 0.9386468677884616 0.31436904086538464 0.9661505961538462 0.3614331418269231 0.42820545913461533 0.011441927884615384 0.39758519471153847 0 0.5283670288461538 0 0.9386468677884616
1 0.7958890384615385 0.08141781730769232 0.7900181298076923 0.14852260096153846 0.8634096610576923 0.15494352884615384 0.8692805697115384 0.0878387451923077 0.7958890384615385 0.08141781730769232
1 0.8624052884615385 0.3501822668269231 0.85976640625 0.38034482932692304 0.8893409350961539 0.38293226442307693 0.8919798173076923 0.35276970192307694 0.8624052884615385 0.3501822668269231
1 0.8957213100961539 0.40412455048076923 0.8986265024038461 0.37091806009615386 0.8832944423076923 0.3695766778846154 0.8803892499999999 0.4027831682692308 0.8957213100961539 0.40412455048076923
4 0.8092251033653847 0.3771778125 0.7970838245192307 0.5159532692307692 0.8704753557692307 0.5223741947115385 0.8826166346153846 0.3835987403846154 0.8092251033653847 0.3771778125
4 0.8885280384615384 0.5338523798076923 0.9007903653846154 0.3936933197115385 0.8747180841346154 0.39141229086538465 0.8624557548076923 0.5315713485576923 0.8885280384615384 0.5338523798076923