1 1 0.5359246682692308 0.9997509471153846 0.5216564423076924 0.9047654158653846 0.523314420673077 0.9060568942307692 0.5973031490384615 1 0.5956633653846154 1 0.5359246682692308
1 0.8788543918269232 0.578775076923077 0.8779468653846153 0.5267829975961539 0.8226427908653846 0.5277483341346154 0.8235503149038461 0.5797404134615385 0.8788543918269232 0.578775076923077
1 0.8122431274038462 0.5765622668269231 0.8115079447115385 0.5344436826923077 0.7567506610576923 0.5353994735576924 0.7574858437499999 0.5775180576923077 0.8122431274038462 0.5765622668269231
1 0.7439819158653846 0.5648768100961539 0.7434256201923077 0.5330066634615385 0.7198354639423077 0.5334184326923077 0.7203917596153846 0.5652885769230769 0.7439819158653846 0.5648768100961539
1 0.6913179927884615 0.5604202427884615 0.6908555024038462 0.5339242788461539 0.6760921274038462 0.5341819735576923 0.6765546153846155 0.5606779375 0.6913179927884615 0.5604202427884615
1 0.6671871658653846 0.5567158197115385 0.6668468437499999 0.5372187908653846 0.6481778125000001 0.5375446586538462 0.6485181346153847 0.5570416899038462 0.6671871658653846 0.5567158197115385
1 0.6693107283653846 0.6649452427884615 0.6686235408653847 0.6255762403846153 0.6429243293269231 0.6260248197115386 0.6436115168269231 0.6653938245192308 0.6693107283653846 0.6649452427884615
1 0.6988369230769231 0.7046859927884616 0.6979424855769231 0.6534437980769231 0.6751334615384615 0.6538419302884615 0.6760278966346154 0.7050841250000001 0.6988369230769231 0.7046859927884616
1 0.7465905600961539 0.7322317716346153 0.7458401057692308 0.6892383197115385 0.7195159927884615 0.6896978100961538 0.7202664447115384 0.7326912596153845 0.7465905600961539 0.7322317716346153
1 0.8111136057692309 0.7714866682692307 0.8098548509615384 0.6993726514423078 0.7518949278846154 0.7003843461538461 0.7531536826923078 0.7724983629807693 0.8111136057692309 0.7714866682692307
1 0.8785760288461538 0.8493211394230769 0.8768678750000001 0.751461048076923 0.8221105913461538 0.7524168389423077 0.8238187451923077 0.8502769326923078 0.8785760288461538 0.8493211394230769
1 1 0.9029944278846155 0.9983217884615385 0.8068498197115385 0.9009147524038461 0.8085500673076923 0.903454076923077 0.95402790625 1 0.9523426923076923 1 0.9029944278846155
1 0.2452441754807692 0.42668493509615385 0.24401596153846153 0.3563206538461538 0.13731346634615385 0.35818315384615385 0.13854167788461538 0.42854743509615384 0.2452441754807692 0.42668493509615385
1 0.24322492067307694 0.4587250576923077 0.24223231490384614 0.40185871875 0.1363890625 0.40370621875 0.13738166826923076 0.4605725576923077 0.24322492067307694 0.4587250576923077
1 0.24908720673076923 0.4991288990384615 0.24834984375 0.4568853341346154 0.13180509615384614 0.4589196298076923 0.1325424591346154 0.5011631947115385 0.24908720673076923 0.4991288990384615
1 0.2476614014423077 0.5427854326923077 0.24689131490384617 0.49866715384615384 0.1301122283653846 0.5007055384615385 0.13088231490384616 0.5448238197115385 0.2476614014423077 0.5427854326923077
1 0.25031978365384616 0.5697431418269231 0.24962386778846155 0.5298742163461538 0.1309700673076923 0.5319453269230769 0.13166598317307693 0.5718142524038462 0.25031978365384616 0.5697431418269231
1 0.24883725721153846 0.610150170673077 0.24809771153846152 0.5677816250000001 0.12905334615384614 0.5698595528846154 0.12979289182692308 0.6122280985576923 0.24883725721153846 0.610150170673077
1 0.24927743990384615 0.6532740552884615 0.2483480985576923 0.6000321658653847 0.12914750721153848 0.6021128197115385 0.1300768485576923 0.6553547115384616 0.24927743990384615 0.6532740552884615
1 0.2468030168269231 0.690572920673077 0.24577114423076923 0.6314569278846154 0.12774224759615385 0.6335171298076923 0.12877412259615384 0.692633125 0.2468030168269231 0.690572920673077
1 0.2450485769230769 0.7467370961538461 0.24387053846153844 0.679247375 0.12779446875 0.6812734903846154 0.12897250721153847 0.7487632115384616 0.2450485769230769 0.7467370961538461
1 0.2696316105769231 0.7136780264423077 0.2688746105769231 0.6703096322115385 0.2461436995192308 0.6707064038461539 0.24690069711538462 0.714074795673077 0.2696316105769231 0.7136780264423077
1 0.30960595192307694 0.6894766923076923 0.3089733004807692 0.6532322139423077 0.2742129711538462 0.6538389567307692 0.2748456201923077 0.6900834375 0.30960595192307694 0.6894766923076923
1 0.3149964495192308 0.6043696538461538 0.3143114423076923 0.5651256322115384 0.2791605480769231 0.5657391923076923 0.27984555528846156 0.6049832139423077 0.3149964495192308 0.6043696538461538
1 0.26937009615384616 0.6091666730769231 0.26869381490384614 0.5704225745192308 0.24783761538461538 0.5707866225961539 0.2485138966346154 0.60953071875 0.26937009615384616 0.6091666730769231
1 0.2475647716346154 0.46114968509615384 0.24824541586538462 0.5001437451923076 0.2733197211538462 0.4997060721153846 0.27263907692307693 0.46071201201923073 0.2475647716346154 0.46114968509615384
1 0.3208093918269231 0.5121291538461539 0.32018764903846153 0.47650957932692306 0.28667712980769233 0.47709450961538463 0.2872988701923077 0.5127140841346154 0.3208093918269231 0.5121291538461539
1 0.3519098028846154 0.4943336682692308 0.3513556899038462 0.46258850240384614 0.3208915817307692 0.4631202548076923 0.32144569471153844 0.49486542067307693 0.3519098028846154 0.4943336682692308
1 0.35002707211538464 0.547624641826923 0.3496103966346154 0.5237532788461539 0.3170372331730769 0.52432184375 0.31745390865384615 0.5481932091346153 0.35002707211538464 0.547624641826923
1 0.3482141514423077 0.6049150072115385 0.3478301995192308 0.5829183581730769 0.31400722596153846 0.5835087403846153 0.3143911778846154 0.605505389423077 0.3482141514423077 0.6049150072115385
1 0.34925693269230773 0.6646559062499999 0.3487333605769231 0.6346604759615384 0.3125669951923077 0.6352917620192307 0.3130905673076923 0.6652871923076924 0.34925693269230773 0.6646559062499999
1 0.46571272596153845 0.6396196610576923 0.4653047764423077 0.6162482211538461 0.4056263677884615 0.6172899110576923 0.40603431730769235 0.6406613509615385 0.46571272596153845 0.6396196610576923
1 0.54184196875 0.6544182764423077 0.5414252908653846 0.6305469110576923 0.4754197211538462 0.6316990432692309 0.47583639663461536 0.65557040625 0.54184196875 0.6544182764423077
1 0.620575610576923 0.6527939375 0.6199735024038462 0.6182991923076924 0.557951701923077 0.6193817860576923 0.5585538076923077 0.65387653125 0.620575610576923 0.6527939375
1 0.5595745408653846 0.5019605793269231 0.5599344951923076 0.5225824375 0.6241434663461539 0.5214616658653847 0.6237835096153846 0.5008398076923076 0.5595745408653846 0.5019605793269231
1 0.4817643197115385 0.4938173149038461 0.48212863942307693 0.5146891346153846 0.5400885600961538 0.5136774423076923 0.5397242403846154 0.49280562019230767 0.4817643197115385 0.4938173149038461
1 0.048739504807692305 0.010926093750000001 0.050914509615384615 0.13553211298076923 0.13144911778846155 0.134126375 0.1292741105769231 0.009520355769230769 0.048739504807692305 0.010926093750000001
1 0.14569237019230769 0.11750026442307693 0.1473263533653846 0.2111110048076923 0.20583306490384615 0.2100897668269231 0.2041990841346154 0.11647902644230769 0.14569237019230769 0.11750026442307693
1 0.26533020192307694 0.2658098846153846 0.2638903798076923 0.18332244951923077 0.20967988701923077 0.1842686971153846 0.21111971153846154 0.2667561322115385 0.26533020192307694 0.2658098846153846
1 0.2922084326923077 0.29709556009615384 0.2912420048076923 0.24172899278846155 0.2592156322115385 0.24228801682692308 0.26018206009615386 0.29765458173076925 0.2922084326923077 0.29709556009615384
1 0.31248546875 0.3217454302884616 0.3117350168269231 0.2787519807692308 0.28970712259615383 0.2791364783653846 0.29045757451923077 0.3221299302884616 0.31248546875 0.3217454302884616
1 0.3358429783653846 0.3393404663461539 0.3351623341346154 0.30034640625 0.3140717956730769 0.30071454326923075 0.31475243990384616 0.3397086033653846 0.3358429783653846 0.3393404663461539
1 0.35618067548076926 0.362989125 0.3555305745192308 0.3257447980769231 0.3370177692307692 0.3260679423076923 0.33766787019230765 0.3633122692307692 0.35618067548076926 0.362989125
1 0.8970930673076923 0.31654182932692304 0.8954285432692307 0.22118135576923076 0.8111445072115384 0.22265253846153849 0.81280903125 0.3180130120192307 0.8970930673076923 0.31654182932692304
1 0.8896844158653846 0.2144055721153846 0.8878039182692308 0.10667198317307693 0.8069568581730769 0.10808317307692308 0.8088373557692308 0.21581676201923078 0.8896844158653846 0.2144055721153846
1 0.8030387019230769 0 0.8047884807692308 0.10024482211538463 0.8921970408653846 0.09871910096153846 0.8904738942307693 0 0.8030387019230769 0
1 0.9938591370192308 0.1438267235576923 0.8978581346153847 0.14550242548076925 0.8997626298076923 0.25461080528846153 0.9957636298076923 0.2529351033653846 0.9938591370192308 0.1438267235576923
1 0.813857579326923 0.3467490889423077 0.8127864375 0.2853834375 0.7711521562500001 0.2861101658653846 0.772223298076923 0.3474758173076923 0.813857579326923 0.3467490889423077
1 0.7740412235576923 0.366572 0.7732798629807692 0.3229536442307692 0.7438312235576923 0.32346767067307697 0.7445925841346154 0.3670860264423077 0.7740412235576923 0.366572
1 0.7161329495192308 0.31682506250000003 0.7152995961538462 0.26908233413461535 0.6996769759615385 0.26935502884615387 0.7005103293269231 0.3170977548076923 0.7161329495192308 0.31682506250000003
1 0.7179290600961538 0.3346714326923077 0.7173160456730769 0.29955178365384616 0.7005217283653846 0.29984492788461536 0.7011347427884616 0.3349645793269231 0.7179290600961538 0.3346714326923077
1 0.7465986826923078 0.3566744302884616 0.745902766826923 0.31680550240384614 0.69903490625 0.31762358413461544 0.6997308221153846 0.35749251201923077 0.7465986826923078 0.3566744302884616
1 0.7464642043269231 0.3803053774038462 0.7457617451923078 0.34006150721153844 0.6978784134615386 0.3408973125 0.6985808725961539 0.3811411826923077 0.7464642043269231 0.3803053774038462
1 0.7431056947115385 0.40724309375 0.7424686826923076 0.3707486514423077 0.6971630841346154 0.3715394639423077 0.6978000961538461 0.40803390625 0.7431056947115385 0.40724309375
1 0.6978310600961539 0.41428431730769233 0.6972202259615384 0.3792896466346154 0.6665217788461538 0.3798254903846154 0.6671326129807693 0.4148201610576923 0.6978310600961539 0.41428431730769233
1 0.6635869134615385 0.4355101923076923 0.6631615096153846 0.4111389038461538 0.6512102067307691 0.41134751682692305 0.651635608173077 0.43571880288461534 0.6635869134615385 0.4355101923076923
1 0.6987861947115385 0.16460462019230768 0.6979048485576923 0.11411231250000001 0.6740022379807692 0.11452953365384616 0.6748835865384616 0.16502184134615383 0.6987861947115385 0.16460462019230768
1 0.6713498437500001 0.12820290625 0.6707368269230769 0.09308325721153846 0.6519115697115385 0.09341185336538461 0.6525245865384615 0.12853150240384614 0.6713498437500001 0.12820290625
1 0.6978945000000001 0.07323126682692307 0.6989983629807692 0.13647163221153846 0.71758928125 0.13614712740384616 0.7164854158653846 0.0729067596153846 0.6978945000000001 0.07323126682692307
1 0.4070151538461539 0.5491302932692308 0.40667046875 0.5293833004807692 0.34691394711538465 0.5304263533653846 0.3472586322115384 0.5501733461538462 0.4070151538461539 0.5491302932692308
3 0.5415591129807692 0.3920082451923077 0.5412318822115385 0.3732611009615385 0.5120956947115385 0.3737696754807692 0.5124229278846154 0.3925168197115385 0.5415591129807692 0.3920082451923077
3 0.5411187283653847 0.41601958894230767 0.5406998701923077 0.39202324278846157 0.5124229278846154 0.3925168197115385 0.5128417836538461 0.41651316346153844 0.5411187283653847 0.41601958894230767
3 0.5408720769230769 0.44665356009615387 0.5403375961538461 0.4160332235576923 0.5115919759615385 0.41653498076923073 0.512126454326923 0.4471553149038462 0.5408720769230769 0.44665356009615387
3 0.5407873509615384 0.46865838942307697 0.5402746850961538 0.4392878629807692 0.5103573677884615 0.43981007211538464 0.5108700336538461 0.4691805985576923 0.5407873509615384 0.46865838942307697
3 0.5424778341346154 0.49388272836538466 0.5419193557692308 0.46188760096153847 0.5107522283653846 0.462431625 0.5113107067307692 0.4944267524038462 0.5424778341346154 0.49388272836538466
3 0.48110155048076925 0.46032378125 0.48170584134615385 0.49494350721153846 0.5113107067307692 0.4944267524038462 0.5107064158653846 0.45980702644230764 0.48110155048076925 0.46032378125
3 0.48032703365384616 0.43833394951923077 0.4807109855769231 0.46033059855769226 0.5114875480769231 0.459793391826923 0.5111035937499999 0.43779674278846153 0.48032703365384616 0.43833394951923077
3 0.4824426995192308 0.41629366826923075 0.4828266514423077 0.4382903173076923 0.5111035937499999 0.43779674278846153 0.5107196418269231 0.4158000913461538 0.4824426995192308 0.41629366826923075
3 0.48278315625 0.39103387980769233 0.4832238293269231 0.41628003365384614 0.5132192620192307 0.4157564615384616 0.5127785865384615 0.3905103076923077 0.48278315625 0.39103387980769233
3 0.5960972620192307 0.4143098197115384 0.59551696875 0.38106488461538457 0.5634905961538462 0.38162390625000003 0.5640708894230769 0.41486884375 0.5960972620192307 0.4143098197115384
3 0.6273206850961538 0.4125146225961539 0.6265985937499999 0.37114592548076925 0.5953533533653845 0.3716913125 0.5960754447115385 0.41306001201923076 0.6273206850961538 0.4125146225961539
3 0.627796264423077 0.4397604735576923 0.6272268798076923 0.40714044230769236 0.5934820192307693 0.4077294615384615 0.5940514038461538 0.4403494927884615 0.627796264423077 0.4397604735576923
3 0.6224373557692308 0.46848337259615386 0.62184615625 0.43461353365384614 0.5939597788461538 0.4351002908653846 0.5945509807692309 0.4689701322115385 0.6224373557692308 0.46848337259615386
3 0.6242936370192307 0.5032062644230769 0.6235955408653846 0.4632123581730769 0.5936001105769231 0.46373593028846155 0.5942982067307692 0.5037298365384616 0.6242936370192307 0.5032062644230769
3 0.5653798870192308 0.46747900961538463 0.5659972668269231 0.5028486225961538 0.5955240192307693 0.5023332307692308 0.594906639423077 0.4669636201923077 0.5653798870192308 0.46747900961538463
3 0.5632050336538461 0.43688730769230766 0.5637635096153846 0.46888243509615385 0.5957898822115385 0.4683234110576923 0.5952314038461538 0.4363282860576923 0.5632050336538461 0.43688730769230766
3 0.5592876923076923 0.40495081009615386 0.559846170673077 0.4369459375 0.5952314038461538 0.4363282860576923 0.5946729278846153 0.40433315865384617 0.5592876923076923 0.40495081009615386
3 0.6194950336538461 0.5371701850961539 0.6190543605769231 0.51192403125 0.5878091201923077 0.5124694182692308 0.5882497932692308 0.5377155721153846 0.6194950336538461 0.5371701850961539
3 0.6202935504807693 0.5605348076923077 0.6198855985576923 0.5371633677884615 0.5903588461538462 0.5376787596153846 0.590766798076923 0.5610501995192307 0.6202935504807693 0.5605348076923077
3 0.6169280745192308 0.5825969038461538 0.6165441201923076 0.5606002548076924 0.590766798076923 0.5610501995192307 0.59115075 0.5830468485576923 0.6169280745192308 0.5825969038461538
3 0.6177593124999999 0.6078362403846154 0.617318639423077 0.5825900865384616 0.5899009399038462 0.5830686634615385 0.5903416129807693 0.6083148173076923 0.6177593124999999 0.6078362403846154
3 0.6223744615384615 0.6305091490384616 0.6219774206730769 0.6077626129807693 0.5903416129807693 0.6083148173076923 0.59073865625 0.6310613533653846 0.6223744615384615 0.6305091490384616
3 0.5555651682692307 0.5990453389423077 0.5560996466346154 0.6296656754807692 0.5927346923076923 0.6290262067307691 0.5922002115384616 0.5984058725961539 0.5555651682692307 0.5990453389423077
3 0.5581146081730769 0.5749971826923077 0.55860109375 0.6028679375 0.5914867091346154 0.6022939158653846 0.5910002235576923 0.5744231610576923 0.5581146081730769 0.5749971826923077
3 0.5535343629807692 0.5543239711538461 0.5539183149038461 0.5763206201923077 0.5914126033653846 0.5756661538461538 0.5910286514423077 0.5536695048076923 0.5535343629807692 0.5543239711538461
3 0.5536321778846154 0.5330690264423077 0.5541426610576923 0.5623145721153846 0.5990576947115385 0.561530576923077 0.5985472115384616 0.53228503125 0.5536321778846154 0.5330690264423077
3 0.5376705024038462 0.5273467235576923 0.5372516466346154 0.5033503798076923 0.5064750841346154 0.5038875865384616 0.5068939423076924 0.5278839302884616 0.5376705024038462 0.5273467235576923
3 0.5397515528846154 0.5525642451923077 0.5393108798076923 0.5273180913461538 0.5068939423076924 0.5278839302884616 0.5073346153846153 0.5531300841346154 0.5397515528846154 0.5525642451923077
3 0.5402402187500001 0.5805599807692308 0.5397515528846154 0.5525642451923077 0.5081157451923077 0.5531164495192308 0.5086044134615384 0.5811121850961538 0.5402402187500001 0.5805599807692308
3 0.5427572235576923 0.6038946081730769 0.5423383653846154 0.5798982620192308 0.5085935048076923 0.58048728125 0.5090123629807692 0.6044836250000001 0.5427572235576923 0.6038946081730769
3 0.5432218942307693 0.6305155528846154 0.5427572235576923 0.6038946081730769 0.5077625528846154 0.6045054423076923 0.5082272235576923 0.6311263870192309 0.5432218942307693 0.6305155528846154
3 0.4769619951923077 0.603667858173077 0.4774506610576923 0.63166359375 0.5082272235576923 0.6311263870192309 0.5077385576923077 0.6031306514423077 0.4769619951923077 0.603667858173077
3 0.4760046490384615 0.5756803028846154 0.4764933173076923 0.6036760384615385 0.5060981826923077 0.6031592836538462 0.505609514423077 0.575163548076923 0.4760046490384615 0.5756803028846154
3 0.47732827644230774 0.5530287524038461 0.47772313701923075 0.5756503076923077 0.505609514423077 0.575163548076923 0.5052146538461538 0.5525419951923077 0.47732827644230774 0.5530287524038461
3 0.47673489423076926 0.5190339302884616 0.47732827644230774 0.5530287524038461 0.5043554086538461 0.5525569927884615 0.5037620264423077 0.518562170673077 0.47673489423076926 0.5190339302884616
3 0.46561531971153847 0.5266041466346154 0.4651855528846154 0.5019828990384615 0.4343308798076923 0.50252146875 0.43476064423076927 0.52714271875 0.46561531971153847 0.5266041466346154
3 0.4682937572115385 0.5591873653846154 0.46773528125 0.5271922379807692 0.4347715528846154 0.5277676225961538 0.43533002884615385 0.5597627475961539 0.4682937572115385 0.5591873653846154
3 0.46874752163461536 0.5851834038461539 0.4682937572115385 0.5591873653846154 0.4382983269230769 0.5597109375 0.4387520889423077 0.5857069759615384 0.46874752163461536 0.5851834038461539
3 0.47141765625 0.6217673774038462 0.47077846153846153 0.5851479543269231 0.4387520889423077 0.5857069759615384 0.43939128365384617 0.6223263990384615 0.47141765625 0.6217673774038462
3 0.4074130432692308 0.5808781826923076 0.40798242788461536 0.6134982139423077 0.4404774783653846 0.6129310120192307 0.43990809375 0.5803109807692308 0.4074130432692308 0.5808781826923076
3 0.4073738413461539 0.5562501153846153 0.4078166971153846 0.5816212524038462 0.4390619375 0.5810758629807693 0.4386190841346154 0.5557047283653846 0.4073738413461539 0.5562501153846153
3 0.40408450240384614 0.5110506394230769 0.40487422355769226 0.5562937475961538 0.4386190841346154 0.5557047283653846 0.43782936057692307 0.5104616201923077 0.40408450240384614 0.5110506394230769
3 0.7476166057692308 0.26726804807692306 0.7467505288461538 0.2176506057692308 0.6962894663461537 0.21853140625 0.6971555432692308 0.2681488485576923 0.7476166057692308 0.26726804807692306
1 0.22708242548076923 0.7918075120192308 0.22589784375 0.7239428509615385 0.12263232451923077 0.7257453557692308 0.12381690625 0.7936100192307692 0.22708242548076923 0.7918075120192308
1 0.3827214903846154 0.5674320625 0.3829985456730769 0.5833046442307692 0.40690115625 0.5828874230769231 0.40662409855769227 0.5670148413461539 0.3827214903846154 0.5674320625
1 0.3812542355769231 0.6087139567307692 0.3815312908653846 0.6245865384615384 0.3961384423076923 0.6243315697115384 0.3958613846153846 0.6084589879807693 0.3812542355769231 0.6087139567307692
1 0.3540446129807692 0.4912959471153846 0.3542714951923077 0.5042939663461539 0.40301406971153847 0.5034431634615385 0.40278718990384615 0.4904451418269231 0.3540446129807692 0.4912959471153846
1 0.36326251923076924 0.45087891586538464 0.36348939903846156 0.4638769375 0.4038738725961538 0.4631720240384615 0.4036469903846154 0.4501740024038462 0.36326251923076924 0.45087891586538464
1 0.6407482596153845 0.42078153846153843 0.6411627524038461 0.44452792067307695 0.6520204735576923 0.44433839903846156 0.6516059807692307 0.42059201682692304 0.6407482596153845 0.42078153846153843
1 0.6418012235576923 0.28861803365384614 0.6422593485576923 0.3148640360576923 0.65624159375 0.31461997355769233 0.65578346875 0.28837397115384616 0.6418012235576923 0.28861803365384614
1 0.6425950721153846 0.12370406009615385 0.6431819110576923 0.15732393990384616 0.6592732091346154 0.15704306490384615 0.6586863725961538 0.1234231875 0.6425950721153846 0.12370406009615385