1 0.8409878317307692 0.34333264423076926 0.8428685264423077 0.28947658413461536 0.7954755408653846 0.2878215841346154 0.7935948461538461 0.34167764663461536 0.8409878317307692 0.34333264423076926
1 0.8737394759615384 0.3366938389423077 0.875576545673077 0.28408701442307693 0.831228576923077 0.28253834855769233 0.8293915072115384 0.33514517307692304 0.8737394759615384 0.3366938389423077
1 0.909497358173077 0.3312718004807692 0.9115622451923078 0.2721411754807692 0.8612803942307692 0.2703852956730769 0.8592155072115385 0.3295159206730769 0.909497358173077 0.3312718004807692
1 0.942928125 0.3074239903846154 0.9444404375000001 0.2641170528846154 0.906729048076923 0.26280014423076925 0.9052167379807692 0.3061070793269231 0.942928125 0.3074239903846154
1 0.9812378052884616 0.3005623557692308 0.982561079326923 0.26266878365384616 0.9400088894230769 0.26118282932692305 0.9386856177884616 0.2990763990384615 0.9812378052884616 0.3005623557692308
1 0.9782616538461538 0.3857881826923077 0.9795219134615384 0.34969906971153847 0.9496963437500001 0.34865753846153846 0.9484360841346154 0.3847466514423077 0.9782616538461538 0.3857881826923077
1 0.9298507403846153 0.18494854326923077 0.9322306923076924 0.11679563942307693 0.8906935120192307 0.1153451298076923 0.8883135600961538 0.18349803365384615 0.9298507403846153 0.18494854326923077
1 0.9606021177884615 0.15947845673076924 0.9623228557692307 0.1102029375 0.9324972860576923 0.10916140384615385 0.9307765456730769 0.1584369230769231 0.9606021177884615 0.15947845673076924
1 0.9345223846153845 0.8145228774038462 0.9383564807692307 0.7047286899038461 0.7924298052884615 0.6996328197115385 0.7885957091346154 0.8094270048076923 0.9345223846153845 0.8145228774038462
1 0.7963112115384615 0.8324880985576922 0.8007415096153847 0.705620985576923 0.607968389423077 0.6988891995192308 0.6035380913461539 0.8257563149038462 0.7963112115384615 0.8324880985576922
1 0.5675403629807693 0.7865594687499999 0.5709139807692307 0.6899516850961539 0.3930536442307692 0.6837406658653846 0.38968002644230765 0.7803484471153846 0.5675403629807693 0.7865594687499999
1 0.3989542596153846 0.6669919471153847 0.40107246634615384 0.6063344759615384 0.3329108894230769 0.6039542211538461 0.3307926826923077 0.6646116923076922 0.3989542596153846 0.6669919471153847
1 0.4222255889423077 0.5199367475961538 0.42401418990384615 0.4687179663461538 0.33133630528846153 0.46548158413461543 0.3295477067307692 0.5167003629807693 0.4222255889423077 0.5199367475961538
1 0.43461664423076923 0.3800061682692308 0.4364003966346154 0.32892619230769227 0.32880972836538463 0.32516904326923074 0.3270259759615385 0.3762490192307692 0.43461664423076923 0.3800061682692308
1 0.5187528533653846 0.2293785 0.5210019326923077 0.16497331250000002 0.41770551923076926 0.16136612259615385 0.4154564423076923 0.22577131009615387 0.5187528533653846 0.2293785
1 0.41318634134615384 0.1385556201923077 0.4116691826923077 0.18200136057692307 0.520274858173077 0.18579395432692308 0.5217920168269231 0.14234821394230768 0.41318634134615384 0.1385556201923077
1 0.28956893509615383 0.5019628125 0.29102308173076924 0.46032152884615385 0.17921623076923077 0.45641714903846153 0.17776208653846154 0.4980584326923077 0.28956893509615383 0.5019628125
1 0.1473039110576923 0.48379232211538464 0.14882591826923078 0.4402077764423077 0.031631728365384616 0.43611526682692303 0.030109721153846154 0.47969981009615387 0.1473039110576923 0.48379232211538464
1 0.05196847596153846 0.2813140408653846 0.05037861057692308 0.32684184615384615 0.15266001442307692 0.33041359134615383 0.15424988221153846 0.28488578605769227 0.05196847596153846 0.2813140408653846
1 0.2234735576923077 0.715758579326923 0.22658058173076923 0.6267850336538461 0.06995730048076923 0.6213156274038462 0.06685027644230769 0.7102891730769231 0.2234735576923077 0.715758579326923
1 0.08062219711538463 0.07190869951923076 0.07658936778846154 0.18739386057692306 0.31730201682692305 0.19579973317307695 0.32133484615384617 0.08031456971153846 0.08062219711538463 0.07190869951923076
1 0.7233419519230769 0.32755058173076923 0.7263859639423077 0.24038149278846152 0.5569579879807692 0.2344649375 0.5539139759615385 0.3216340264423077 0.7233419519230769 0.32755058173076923
1 0.6408624374999999 0.11509822115384614 0.6381092548076922 0.19393905528846153 0.7215740048076923 0.1968537091346154 0.7243271875 0.118012875 0.6408624374999999 0.11509822115384614
1 0.6092283966346154 0.08077885817307692 0.6061407596153846 0.1691971875 0.6860139495192308 0.17198642067307693 0.6891015841346154 0.08356809134615384 0.6092283966346154 0.08077885817307692
1 0.5435105480769231 0.053190757211538466 0.5408640024038461 0.12897789423076922 0.6473615889423077 0.13269687259615384 0.6500081322115385 0.056909735576923075 0.5435105480769231 0.053190757211538466
1 0.46359944951923077 0 0.46024201923076924 0.09614422836538461 0.5862589567307692 0.10054483653846155 0.5896228798076923 0.0042146634615384615 0.46893070192307695 0 0.46359944951923077 0