2 0.7341796370192307 0.4930797139423077 0.6968348557692308 0.7588016466346155 0.8968999519230769 0.7869189615384615 0.9342447331730769 0.5211970288461538 0.7341796370192307 0.4930797139423077
1 0.6739345817307693 0.7516561153846154 0.6869434014423077 0.6590935600961539 0.5601426706730769 0.6412728798076923 0.5471338509615384 0.7338354350961538 0.6739345817307693 0.7516561153846154
1 0.5714829639423077 0.7200062572115384 0.5842984879807692 0.6288190745192307 0.44504204086538457 0.6092478581730769 0.4322265168269231 0.7004350408653846 0.5714829639423077 0.7200062572115384
1 0.4472157067307692 0.6998768125 0.4598572620192308 0.6099274615384616 0.36090781971153846 0.5960210240384616 0.34826626442307695 0.685970375 0.4472157067307692 0.6998768125
1 0.2378078389423077 0.6585248774038461 0.24550101923076922 0.6037850625 0.1942082283653846 0.5965763293269231 0.18651504807692307 0.6513161466346153 0.2378078389423077 0.6585248774038461
1 0.2269753485576923 0.6396109975961538 0.23648550961538461 0.5719426778846154 0.12074792788461539 0.5556768221153846 0.11123776682692309 0.623345141826923 0.2269753485576923 0.6396109975961538
1 0.06742761298076923 0.588155483173077 0.07724704807692308 0.5182865697115384 0.02657317548076923 0.5111648197115385 0.016753740384615384 0.5810337331730769 0.06742761298076923 0.588155483173077
1 0.11839217307692307 0.6021905216346154 0.12471294951923076 0.5572158485576924 0.07280124038461538 0.5499201322115385 0.0664804639423077 0.5948948076923076 0.11839217307692307 0.6021905216346154
1 0.9908164495192308 0.5144210120192307 0.993329298076923 0.4965411730769231 0.9650138197115384 0.4925616923076923 0.9625009711538461 0.51044153125 0.9908164495192308 0.5144210120192307
1 0.9848021201923077 0.5229727620192308 0.9868897163461539 0.5081187427884616 0.9640671322115384 0.5049112355769231 0.9619795360576924 0.5197652572115385 0.9848021201923077 0.5229727620192308
1 0.9836619519230769 0.5344535889423077 0.9855755817307692 0.5208374038461538 0.9627529975961538 0.5176298990384616 0.9608393677884616 0.5312460841346154 0.9836619519230769 0.5344535889423077
1 0.9884400216346154 0.5448026177884615 0.9903923100961538 0.5309113557692308 0.9612258197115384 0.5268122740384615 0.95927353125 0.5407035360576923 0.9884400216346154 0.5448026177884615
1 0.9867967259615384 0.5531271514423077 0.988710358173077 0.5395109639423077 0.9607043389423077 0.5355749759615385 0.9587907091346154 0.5491911610576923 0.9867967259615384 0.5531271514423077
1 0.9848832355769231 0.5684264038461538 0.9869708317307692 0.5535723822115385 0.9580364375 0.5495059182692308 0.9559488413461538 0.5643599399038461 0.9848832355769231 0.5684264038461538
1 0.9862571177884616 0.5766139567307692 0.9879194639423077 0.5647857548076923 0.9577472331730769 0.5605453245192308 0.9560848894230769 0.5723735264423077 0.9862571177884616 0.5766139567307692
1 0.984304829326923 0.5905052163461538 0.9861991298076924 0.5770265673076923 0.9552532524038462 0.5726774086538462 0.953358951923077 0.5861560576923077 0.984304829326923 0.5905052163461538
1 0.9828936298076923 0.5988623701923077 0.9840727355769231 0.5904725985576923 0.9531268581730769 0.5861234375 0.9519477524038462 0.5945132115384616 0.9828936298076923 0.5988623701923077
1 0.9821788509615386 0.6090004447115385 0.9836672307692308 0.5984100769230769 0.9530308125 0.5941044110576923 0.9515424326923078 0.6046947764423076 0.9821788509615386 0.6090004447115385
1 0.979065766826923 0.6188014567307693 0.9803608509615385 0.6095864639423076 0.9671314879807693 0.6077271971153846 0.96583640625 0.6169421923076922 0.979065766826923 0.6188014567307693
1 0.9777708245192307 0.6296995192307692 0.9792398725961539 0.6192466899038462 0.9660105096153846 0.6173874230769231 0.9645414615384615 0.6278402524038462 0.9777708245192307 0.6296995192307692
1 0.9810599567307693 0.6439066514423076 0.9829542572115385 0.6304280024038462 0.9645414615384615 0.6278402524038462 0.9626471610576923 0.6413189014423076 0.9810599567307693 0.6439066514423076
1 0.9788951802884616 0.6609938870192308 0.9812920504807692 0.6439392692307693 0.9604035841346155 0.6410035865384616 0.9580067139423077 0.6580582043269231 0.9788951802884616 0.6609938870192308
1 0.9512720961538462 0.6099864278846154 0.9533596923076922 0.5951324062500001 0.9238837451923078 0.5909898317307692 0.9217961490384615 0.6058438533653846 0.9512720961538462 0.6099864278846154
1 0.9256432019230769 0.5840841634615385 0.9235556057692308 0.5989381850961538 0.9515616225961538 0.6028741754807693 0.9536492211538461 0.5880201538461539 0.9256432019230769 0.5840841634615385
1 0.9276925552884615 0.5745544134615385 0.926339483173077 0.5841820216346154 0.9536492211538461 0.5880201538461539 0.9550022932692308 0.578392545673077 0.9276925552884615 0.5745544134615385
1 0.92964484375 0.5606631538461538 0.9276925552884615 0.5745544134615385 0.9544607403846155 0.5783164350961538 0.9564130288461539 0.5644251778846153 0.92964484375 0.5606631538461538
1 0.956278045673077 0.5693150889423078 0.9583656418269231 0.5544610697115384 0.9318295528846154 0.5507316634615385 0.9297419567307692 0.5655856850961538 0.956278045673077 0.5693150889423078
1 0.933336983173077 0.5366376274038461 0.9305728509615385 0.556305454326923 0.9575731274038461 0.5601000961538461 0.9603372620192308 0.5404322692307693 0.933336983173077 0.5366376274038461
1 0.9577852908653846 0.5529769663461539 0.9607233894230769 0.5320713076923077 0.933026829326923 0.5281788100961539 0.9300887307692308 0.54908446875 0.9577852908653846 0.5529769663461539
1 0.9578215889423076 0.5240897788461538 0.960036079326923 0.5234893557692307 0.9616956177884616 0.5167332740384615 0.9635263197115385 0.5138114735576923 0.9633551586538461 0.5099771899038461 0.9650146995192308 0.5032211057692307 0.9591938990384615 0.5132025913461539 0.9505290528846154 0.5119848269230769 0.9520174302884615 0.5013944591346153 0.9460621562499999 0.5224370985576923 0.9343027211538462 0.5207844182692308 0.9315385889423078 0.5404522427884616 0.9550574567307692 0.5437576033653846 0.9567169975961539 0.5370015216346153 0.9564395216346154 0.5339236923076923 0.9583765384615385 0.5302454375 0.9578215889423076 0.5240897788461538
1 0.963778485576923 0.5226829038461539 0.9653055240384615 0.5118174639423076 0.9510704206730769 0.5098168509615385 0.9495433822115384 0.5206822908653846 0.963778485576923 0.5226829038461539
1 0.9915698413461538 0.50344684375 0.9944499519230768 0.48295379567307695 0.9669081201923077 0.47908304326923074 0.9640280096153847 0.4995760913461539 0.9915698413461538 0.50344684375
1 0.9256443125 0.5975486875 0.9279252067307693 0.5813192932692307 0.9089708557692308 0.5786554326923077 0.9066899639423076 0.594884826923077 0.9256443125 0.5975486875