1 0.5461480240384615 0.53107259375 0.5490739206730769 0.48923032451923076 0.39117823557692305 0.4781891826923077 0.38825233894230765 0.520031451923077 0.5461480240384615 0.53107259375
1 0.5411329927884615 0.561352076923077 0.5433710144230769 0.5293468966346154 0.3918659735576923 0.5187526322115384 0.3896279543269231 0.5507578125 0.5411329927884615 0.561352076923077
1 0.5389910024038461 0.5897440432692307 0.5415584278846154 0.5530281442307692 0.3902092572115385 0.5424447788461538 0.38764183173076927 0.5791606778846154 0.5389910024038461 0.5897440432692307
1 0.5350005192307692 0.6244112379807691 0.5374323076923078 0.5896350480769231 0.38468031249999995 0.5789535865384615 0.38224852403846155 0.6137297788461539 0.5350005192307692 0.6244112379807691
1 0.5344180769230769 0.6551399062500001 0.53659796875 0.6239660312499999 0.383066625 0.6132300745192307 0.3808867355769231 0.6444039495192307 0.5344180769230769 0.6551399062500001
1 0.5322866298076924 0.68562103125 0.5349509399038461 0.6475196249999999 0.3887454591346154 0.6372959423076924 0.3860811490384615 0.6753973485576924 0.5322866298076924 0.68562103125
2 0.38101653125 0.6526274807692308 0.39863973076923076 0.40060400721153844 0.33590230288461537 0.39621697836538466 0.3182791057692308 0.6482404519230769 0.38101653125 0.6526274807692308
1 0.2384235408653846 0.5873828750000001 0.24080688701923075 0.5532994375 0.15609187740384614 0.5473755865384615 0.15370853125 0.5814590240384615 0.2384235408653846 0.5873828750000001
1 0.23743746153846154 0.6070843052884615 0.2394817139423077 0.5778501370192308 0.15694887740384617 0.5720788774038461 0.15490462500000002 0.601313045673077 0.23743746153846154 0.6070843052884615
2 0.1344838798076923 0.5696726033653846 0.14327125961538462 0.44400724519230766 0.030967367788461538 0.4361541923076923 0.022179990384615385 0.5618195504807693 0.1344838798076923 0.5696726033653846
1 0.976360923076923 0.6975994903846154 0.9788992836538462 0.6612992427884615 0.9446080192307692 0.6589013629807692 0.9420696586538462 0.6952016105769231 0.976360923076923 0.6975994903846154
2 0.8504421129807693 0.6996541754807691 0.8679393629807692 0.4494318605769231 0.7172136682692307 0.43889209375000005 0.6997164206730768 0.6891144086538462 0.8504421129807693 0.6996541754807691
2 0.10872952403846153 0.4743104375 0.10437943269230769 0.5365196442307693 0.12830538221153848 0.5381927091346154 0.1326554735576923 0.4759835048076923 0.10872952403846153 0.4743104375
1 0.9784017548076923 0.6594544879807693 0.9764640745192307 0.6871645985576923 0.9877646057692308 0.6879548076923078 0.9897022860576924 0.6602446971153846 0.9784017548076923 0.6594544879807693