2 0.4566595552884615 0.7303371971153846 0.5018097331730769 0.4980596634615385 0.43424617548076927 0.4849266394230769 0.3890959975961538 0.717204170673077 0.4566595552884615 0.7303371971153846
1 0.5128884567307692 0.7424130432692307 0.5232875480769231 0.6889143629807692 0.4638530889423077 0.6773614735576923 0.453454 0.73086015625 0.5128884567307692 0.7424130432692307
1 0.7611911947115384 1 0.7680318822115384 0.9648077211538462 0.6999314951923077 0.9515703461538462 0.6905177235576924 1 0.7611911947115384 1
1 0.3003795625 0.7522960120192308 0.3207722740384616 0.647384608173077 0.1597240625 0.6160800072115384 0.13933135096153845 0.7209914110576924 0.3003795625 0.7522960120192308
1 0 0.6895785961538461 0.16345593509615386 0.7213512115384616 0.18115346875 0.6303052884615384 0.008371747596153846 0.5967199254807692 0 0.6397888341346154 0 0.6895785961538461
2 0.36785167307692307 0.6369256201923077 0.3922036706730769 0.5116454495192307 0.3207289423076923 0.49775217067307687 0.29637694471153847 0.6230323389423076 0.36785167307692307 0.6369256201923077
1 0.30856486778846154 0.5603309038461538 0.3034130264423077 0.5868348365384615 0.3229688798076923 0.5906361105769231 0.3281207235576923 0.5641321754807692 0.30856486778846154 0.5603309038461538
1 0.4472173533653846 0.1631140528846154 0.44361583413461536 0.1816422644230769 0.48863264182692306 0.19039264663461536 0.4922341634615384 0.1718644326923077 0.4472173533653846 0.1631140528846154
1 0.45098984615384613 0.15353284375 0.44748373076923076 0.17157024278846153 0.4906599879807692 0.17996285817307692 0.49416610336538463 0.16192545913461537 0.45098984615384613 0.15353284375
1 0.4514151514423077 0.1415182548076923 0.44778978125 0.16016917067307693 0.4938802451923077 0.16912825 0.49750561538461535 0.1504773341346154 0.4514151514423077 0.1415182548076923
1 0.4543488389423077 0.12642573557692308 0.4505088076923077 0.14618098317307693 0.4959090649038461 0.15500589903846154 0.49974909615384616 0.1352506514423077 0.4543488389423077 0.12642573557692308
1 0.45950505048076923 0.11545808173076924 0.4557842764423077 0.1345998125 0.4985770865384615 0.14291789182692308 0.502297860576923 0.1237761610576923 0.45950505048076923 0.11545808173076924
1 0.46241854807692306 0.10456384615384615 0.4583638581730769 0.12542342307692309 0.50299721875 0.13409926923076923 0.5070519086538462 0.1132396923076923 0.46241854807692306 0.10456384615384615
1 0.46671245913461534 0.09393793509615385 0.4633255985576923 0.1113618173076923 0.5054282019230769 0.11954573317307693 0.5088150625 0.10212185096153846 0.46671245913461534 0.09393793509615385
1 0.46892878365384616 0.08048872836538462 0.4653034134615384 0.09913964423076924 0.508479670673077 0.10753225961538462 0.5121050408653847 0.08888134375000001 0.46892878365384616 0.08048872836538462
1 0.4730608725961538 0.07110475961538462 0.4699125240384615 0.08730160817307693 0.5105580240384615 0.0952022908653846 0.5137063725961538 0.07900544471153846 0.4730608725961538 0.07110475961538462
1 0.47584814903846157 0.05840323317307693 0.47212737259615384 0.07754496394230768 0.5142299759615384 0.08572887980769231 0.5179507524038461 0.06658714903846154 0.47584814903846157 0.05840323317307693
1 0.4767321153846154 0.05017064663461539 0.47391768269230766 0.06464964663461538 0.5174773894230769 0.07311679567307693 0.5202918221153846 0.05863779567307692 0.4767321153846154 0.05017064663461539
1 0.4807394591346154 0.03528682451923077 0.4768040240384615 0.055532887019230766 0.5195968341346154 0.06385096634615385 0.5235322692307692 0.043604906250000006 0.4807394591346154 0.03528682451923077
1 0.48463120673076926 0.025092100961538463 0.48145900721153845 0.04141165144230769 0.5224112668269231 0.049371963942307695 0.5255834663461538 0.03305241346153846 0.48463120673076926 0.025092100961538463
1 0.4929144495192308 0.17696291346153847 0.4896229951923077 0.19389598076923079 0.5324924951923077 0.20222896875000002 0.5357839495192308 0.18529589903846155 0.4929144495192308 0.17696291346153847
1 0.49547018028846157 0.16790922596153848 0.4924887908653846 0.18324715144230772 0.5348214639423077 0.19147578846153845 0.5378028533653846 0.1761378653846154 0.49547018028846157 0.16790922596153848
1 0.49729975240384616 0.1560402596153846 0.4936743798076923 0.17469117548076923 0.5364671899038462 0.1830092548076923 0.5400925625 0.1643583389423077 0.49729975240384616 0.1560402596153846
1 0.5002642572115384 0.14324584375 0.49642422596153846 0.16300109134615384 0.5397538629807692 0.17142351923076923 0.5435938942307692 0.15166827163461538 0.5002642572115384 0.14324584375
1 0.503305451923077 0.13046633653846154 0.49953697596153845 0.1498534735576923 0.5420997163461538 0.15812683173076922 0.5458681947115385 0.13873969471153846 0.503305451923077 0.13046633653846154
1 0.5057929350961539 0.12012598798076923 0.5018813509615385 0.14024934615384615 0.54452078125 0.14853761057692308 0.5484323677884615 0.1284142548076923 0.5057929350961539 0.12012598798076923
1 0.5099180576923077 0.10832121153846154 0.5058395168269231 0.12930349278846154 0.547481983173077 0.13739796875000002 0.5515605240384616 0.11641568749999999 0.5099180576923077 0.10832121153846154
1 0.5128007379807692 0.09512887259615385 0.5087221971153846 0.11611115384615384 0.5507481105769231 0.12428016346153846 0.5548266514423077 0.10329788221153846 0.5128007379807692 0.09512887259615385
1 0.5152166682692307 0.08515663701923078 0.511686701923077 0.10331673798076922 0.554019375 0.11154537740384615 0.5575493413461539 0.09338527403846154 0.5152166682692307 0.08515663701923078
1 0.5181778677884615 0.07401699278846154 0.5141947307692308 0.09450846153846154 0.5570642307692307 0.10284144711538461 0.5610473677884615 0.08234998076923078 0.5181778677884615 0.07401699278846154
1 0.5204591346153846 0.06350922115384615 0.5171676778846154 0.08044229086538462 0.5598071105769231 0.08873055528846155 0.5630985649038461 0.07179748798076922 0.5204591346153846 0.06350922115384615
1 0.5244257403846154 0.05129161538461539 0.5210388822115385 0.06871549759615385 0.5631414855769231 0.07689941346153846 0.56652834375 0.059475531250000005 0.5244257403846154 0.05129161538461539
1 0.5276970048076923 0.03855682692307692 0.5240000817307693 0.057575853365384615 0.5657959254807692 0.06570014182692308 0.5694928509615385 0.04668111538461538 0.5276970048076923 0.03855682692307692
1 0.5521849038461538 0.1819896033653846 0.5485833822115385 0.20051781490384618 0.5924498485576923 0.20904459134615383 0.5960513677884616 0.1905163798076923 0.5521849038461538 0.1819896033653846
1 0.5559845528846153 0.17063091826923077 0.5525499903846154 0.18830020673076925 0.5948826634615385 0.19652884615384617 0.5983172235576923 0.17885955528846154 0.5559845528846153 0.17063091826923077
1 0.5576504711538461 0.1579661033653846 0.5540489519230769 0.17649431490384615 0.5969184519230769 0.1848273028846154 0.6005199711538461 0.1662990889423077 0.5576504711538461 0.1579661033653846
1 0.5605485600961538 0.14592281490384615 0.55701859375 0.16408291826923077 0.6000414711538462 0.17244571875 0.6035714375000001 0.15428561538461538 0.5605485600961538 0.14592281490384615
1 0.5631075961538461 0.13521435817307692 0.5596730336538461 0.1528836466346154 0.6025425336538461 0.16121663221153845 0.6059770961538461 0.14354734375 0.5631075961538461 0.13521435817307692
1 0.565167235576923 0.12339011057692308 0.5616372692307693 0.14155021394230768 0.6047368365384616 0.14992792067307692 0.6082668028846154 0.13176781730769233 0.565167235576923 0.12339011057692308
1 0.5684828966346154 0.1120646875 0.5650721850961539 0.12961127403846154 0.6070214086538461 0.13776537740384615 0.6104321201923077 0.12021879086538462 0.5684828966346154 0.1120646875
1 0.5710026730769231 0.10032988221153846 0.5674727067307692 0.11848998557692308 0.6088084134615385 0.1265248341346154 0.6123383798076923 0.10836473076923078 0.5710026730769231 0.10032988221153846
1 0.5738820456730769 0.08879231490384616 0.5706382932692308 0.10547997836538461 0.611974 0.11351482451923077 0.6152177524038461 0.09682716346153845 0.5738820456730769 0.08879231490384616
1 0.576204048076923 0.07561833173076923 0.5729364447115385 0.09242869711538462 0.6142721514423077 0.10046354326923077 0.6175397548076924 0.08365317788461539 0.576204048076923 0.07561833173076923
1 0.5793050480769231 0.06539724038461539 0.5762998052884616 0.08085786778846155 0.616561858173077 0.08868401923076924 0.6195671009615384 0.07322338942307692 0.5793050480769231 0.06539724038461539
1 0.5805926538461539 0.053040906250000006 0.5775158605769231 0.06886964423076923 0.6193117043269231 0.0769939326923077 0.6223885 0.061165194711538466 0.5805926538461539 0.053040906250000006
1 0.6003231971153846 0.20866492307692308 0.5967932307692307 0.2268250264423077 0.6395093509615385 0.2351281971153846 0.6430393197115385 0.21696809615384616 0.6003231971153846 0.20866492307692308
1 0.6034139254807692 0.19767779807692307 0.5998839591346153 0.21583789903846154 0.6420632524038462 0.2240367235576923 0.64559321875 0.20587662019230768 0.6034139254807692 0.19767779807692307
1 0.6054889735576923 0.18700260096153845 0.6021259663461538 0.20430378125 0.6435383629807692 0.2123535360576923 0.6469013701923078 0.19505235576923077 0.6054889735576923 0.18700260096153845
1 0.6083749591346154 0.1721554903846154 0.6046303341346154 0.1914199230769231 0.6465795576923077 0.1995740264423077 0.6503241850961538 0.18030959375 0.6083749591346154 0.1721554903846154
1 0.6103887259615385 0.16261443990384614 0.6066679519230769 0.18175616826923077 0.6483104158653846 0.18985064423076922 0.6520311923076924 0.17070891346153846 0.6103887259615385 0.16261443990384614
1 0.6135135793269231 0.15227064423076925 0.6101982716346154 0.16932641586538463 0.6513039110576924 0.17731654326923077 0.6546192163461538 0.16026077163461538 0.6135135793269231 0.15227064423076925
1 0.6156480769230769 0.13842351442307693 0.6118318966346153 0.1580560576923077 0.6536277427884615 0.1661803485576923 0.6574439206730769 0.14654780528846154 0.6156480769230769 0.13842351442307693
1 0.6194869855769232 0.12809118028846153 0.6155276995192308 0.1484599423076923 0.6567867163461538 0.1564798846153846 0.6607460024038462 0.1361111201923077 0.6194869855769232 0.12809118028846153
1 0.6219164951923077 0.11723020432692308 0.6187204447115384 0.1336724591346154 0.6603629086538461 0.14176693509615385 0.6635589591346154 0.12532468028846153 0.6219164951923077 0.11723020432692308
1 0.6240186995192307 0.10477753365384615 0.6205841370192308 0.12244682211538462 0.6632235673076923 0.13073508894230768 0.6666581298076923 0.11306580048076922 0.6240186995192307 0.10477753365384615
1 0.6276308461538461 0.09274570432692308 0.623933920673077 0.11176473076923078 0.6658831466346153 0.11991883413461538 0.6695800697115384 0.10089980769230769 0.6276308461538461 0.09274570432692308
1 0.6303806923076922 0.08105562019230769 0.6267791730769231 0.09958383413461538 0.6688050865384615 0.10775284375000001 0.6724066057692308 0.08922462980769232 0.6303806923076922 0.08105562019230769
1 0.6338512067307692 0.06606745192307692 0.6295580048076924 0.08815406249999999 0.6712004711538462 0.09624853846153845 0.675493673076923 0.07416192548076923 0.6338512067307692 0.06606745192307692
1 0.6460104375 0.20086413701923078 0.6432437067307692 0.21509773076923075 0.6847327932692308 0.22316239182692307 0.6874995240384615 0.20892879807692305 0.6460104375 0.20086413701923078
1 0.6493139951923077 0.18673489182692307 0.6456886225961539 0.2053858076923077 0.6866408822115384 0.2133461201923077 0.6902662524038461 0.19469520432692308 0.6493139951923077 0.18673489182692307
1 0.6519735721153845 0.17591863701923077 0.6487059687500001 0.19272900240384613 0.6896582259615385 0.20068931490384617 0.6929258317307692 0.18387894951923078 0.6519735721153845 0.17591863701923077
1 0.65422915625 0.16349577884615385 0.6507945937499999 0.18116506971153848 0.6925904399038461 0.1892893581730769 0.696025 0.17162006971153848 0.65422915625 0.16349577884615385
1 0.6559838677884616 0.15364969471153847 0.6528832211538462 0.16960113701923077 0.6949858245192307 0.1777850528846154 0.6980864711538461 0.16183361057692308 0.6559838677884616 0.15364969471153847
1 0.658709860576923 0.1420823125 0.6555615120192309 0.15827916105769232 0.6978941850961539 0.16650780048076924 0.7010425336538462 0.15031095192307692 0.658709860576923 0.1420823125
1 0.700133829326923 0.22704742788461538 0.6970808846153846 0.24275346153846153 0.7388767283653846 0.25087775240384613 0.741929673076923 0.23517171634615386 0.700133829326923 0.22704742788461538
1 0.7030234735576923 0.21627589423076923 0.6999705312500001 0.23198193028846154 0.7413062379807692 0.2400167764423077 0.7443591826923076 0.22431074278846155 0.7030234735576923 0.21627589423076923
1 0.7049910144230769 0.20328768990384616 0.7016280072115385 0.2205888677884615 0.7439606778846154 0.2288175048076923 0.7473236875 0.21151632692307692 0.7049910144230769 0.20328768990384616
1 0.7082538365384615 0.19182465625 0.7045092115384615 0.2110890889423077 0.7468418822115385 0.21931772836538463 0.7505865096153846 0.20005329326923077 0.7082538365384615 0.19182465625
1 0.7116087572115385 0.18152558173076921 0.7083173028846154 0.19845865144230768 0.7485793557692308 0.20628480048076922 0.7518708100961539 0.1893517331730769 0.7116087572115385 0.18152558173076921
1 0.7147130649038461 0.16964971874999998 0.7112785024038462 0.18731900721153846 0.7518473125 0.19520478605769231 0.7552818750000001 0.17753549759615384 0.7147130649038461 0.16964971874999998
1 0.7186029807692308 0.15741720432692308 0.7148583557692307 0.17668163701923076 0.7546602692307692 0.18441834615384614 0.7584048966346154 0.16515391346153846 0.7186029807692308 0.15741720432692308
1 0.7203287043269231 0.14731080528846155 0.7168225889423077 0.16534820432692307 0.7579282283653845 0.17333833173076924 0.76143434375 0.15530093269230769 0.7203287043269231 0.14731080528846155
1 0.7226030048076922 0.13438222836538463 0.7190968894230768 0.15241962740384615 0.7601258365384616 0.16039484615384614 0.7636319519230769 0.14235744711538462 0.7226030048076922 0.13438222836538463
1 0.7244989903846153 0.12176213221153846 0.7208974711538462 0.14029034615384617 0.7632301442307692 0.14851898317307693 0.7668316634615385 0.12999076923076924 0.7244989903846153 0.12176213221153846
1 0.7272385649038462 0.10930601442307693 0.7234700865384615 0.12869314903846155 0.7657260697115384 0.13690688221153846 0.7694945480769231 0.11751974519230769 0.7272385649038462 0.10930601442307693
1 0.7306514591346154 0.0995275673076923 0.7272168966346153 0.11719685576923076 0.7683225360576924 0.12518698317307692 0.7717570985576923 0.1075176923076923 0.7306514591346154 0.0995275673076923
1 0.7461145408653846 0.2525393197115385 0.7425607235576923 0.27082212499999997 0.7866572572115385 0.27939362259615386 0.7902110745192308 0.2611108173076923 0.7461145408653846 0.2525393197115385
1 0.7479782355769231 0.2413136826923077 0.7443051610576923 0.2602100048076923 0.788708454326923 0.2688411298076923 0.7923815264423077 0.2499448076923077 0.7479782355769231 0.2413136826923077
1 0.7494397668269231 0.23051923076923078 0.7461483100961538 0.24745230048076922 0.790858360576923 0.25614305288461536 0.7941498173076924 0.23920998317307693 0.7494397668269231 0.23051923076923078
1 0.7534269182692307 0.2198336923076923 0.7500639086538462 0.2371348701923077 0.7935469254807692 0.2455871129807692 0.7969099350961538 0.2282859326923077 0.7534269182692307 0.2198336923076923
1 0.7565719615384616 0.2052916153846154 0.7528988870192308 0.2241879375 0.7960751466346154 0.2325805528846154 0.79974821875 0.21368422836538462 0.7565719615384616 0.2052916153846154
1 0.7588888245192307 0.19173461298076924 0.7549533894230769 0.2119806730769231 0.7996634399038461 0.22067142788461538 0.8035988774038461 0.20042536778846154 0.7588888245192307 0.19173461298076924
1 0.7612911778846154 0.18265111298076922 0.7580951274038461 0.1990933701923077 0.8034186947115385 0.20790337740384615 0.8066147451923077 0.19146112259615386 0.7612911778846154 0.18265111298076922
1 0.7644960240384615 0.17066745432692307 0.7610137596153846 0.1885821514423077 0.8054937427884615 0.1972281826923077 0.8089760048076923 0.1793134879807692 0.7644960240384615 0.17066745432692307
1 0.7669699278846154 0.16121584375 0.7637738774038462 0.17765810096153847 0.8085606177884616 0.1863637596153846 0.8117566682692308 0.16992150480769233 0.7669699278846154 0.16121584375
1 0.7697333533653846 0.1486370216346154 0.7665373028846154 0.16507927884615384 0.8113240432692308 0.1737849375 0.8145200937499999 0.1573426826923077 0.7697333533653846 0.1486370216346154
1 0.7715970480769231 0.13741138461538463 0.768567954326923 0.15299471634615386 0.8136614519230769 0.16176000480769231 0.816690545673077 0.14617667307692309 0.7715970480769231 0.13741138461538463
1 0.7756796033653846 0.12623503365384614 0.7721973389423076 0.14414972836538462 0.8160638052884616 0.15267650721153847 0.8195460673076924 0.13476181009615384 0.7756796033653846 0.12623503365384614
1 0.7802391826923076 0.11260461298076924 0.7760175336538461 0.1343231129807692 0.8174299302884616 0.14237286778846153 0.821651579326923 0.12065436778846153 0.7802391826923076 0.11260461298076924
1 0.7845829182692309 0.3015295192307692 0.7809813990384615 0.3200577331730769 0.8220870360576923 0.3280478581730769 0.8256885552884616 0.3095196466346154 0.7845829182692309 0.3015295192307692
1 0.7882479038461538 0.28963530048076924 0.7847179375 0.30779540384615384 0.8257468846153846 0.31577062259615385 0.8292768509615385 0.2976105216346154 0.7882479038461538 0.28963530048076924
1 0.7905053173076924 0.27925023317307696 0.787309266826923 0.29569248798076925 0.8308689735576924 0.30415963701923077 0.8340650240384615 0.2877173822115385 0.7905053173076924 0.27925023317307696
1 0.7937835480769231 0.26893625240384617 0.79080215625 0.2842741754807692 0.8344385528846154 0.2927562331730769 0.8374199447115385 0.2774183076923077 0.7937835480769231 0.26893625240384617
1 0.7975949447115384 0.2546510408653846 0.7940649783653846 0.27281114423076924 0.8354006875 0.28084599278846156 0.8389306538461538 0.2626858894230769 0.7975949447115384 0.2546510408653846
1 0.7993206682692308 0.24454464182692306 0.7960292139423076 0.26147771153846155 0.8385919543269231 0.26975106971153845 0.8418834110576923 0.252818 0.7993206682692308 0.24454464182692306
1 0.8025203798076923 0.2321779639423077 0.7992289254807693 0.24911103365384615 0.8413315288461539 0.25729494951923076 0.8446229831730769 0.24036188221153848 0.8025203798076923 0.2321779639423077
1 0.8041147451923076 0.2198812596153846 0.8010379495192308 0.23570999759615383 0.8431405528846153 0.24389391346153846 0.8462173485576923 0.22806517548076924 0.8041147451923076 0.2198812596153846
1 0.8061505336538463 0.2081797139423077 0.8026205673076923 0.22633981730769231 0.8449532379807692 0.23456845673076923 0.8484832043269231 0.2164083533653846 0.8061505336538463 0.2081797139423077
1 0.8103387668269231 0.19727858413461538 0.8067372475961538 0.21580679567307692 0.8485330913461537 0.22393108653846155 0.8521346105769231 0.20540287259615386 0.8103387668269231 0.19727858413461538
1 0.8122160384615384 0.1851642091346154 0.8089245841346154 0.2020972764423077 0.8519474639423077 0.21046007692307694 0.8552389182692307 0.19352700961538463 0.8122160384615384 0.1851642091346154
1 0.8156373774038461 0.17411400721153847 0.8122028149038462 0.19178329567307692 0.8532317644230769 0.19975851682692308 0.8566663245192309 0.18208922596153845 0.8156373774038461 0.17411400721153847
1 0.8179270841346155 0.16233448076923077 0.8145402259615384 0.17975836298076922 0.8566428293269231 0.18794228124999998 0.8600296875000001 0.17051839903846153 0.8179270841346155 0.16233448076923077
1 0.820025983173077 0.15153658173076923 0.816901485576923 0.16761072596153845 0.8586973317307692 0.17573501682692308 0.8618218293269231 0.15966087019230768 0.820025983173077 0.15153658173076923
1 0.8226411658653846 0.1393109639423077 0.8195166682692308 0.1553851081730769 0.8611591322115385 0.16347958413461539 0.8642836298076924 0.1474054375 0.8226411658653846 0.1393109639423077
1 0.8255818197115385 0.12663925240384616 0.8221949591346154 0.1440631346153846 0.8635306658653845 0.15209798076923076 0.8669175264423077 0.1346740985576923 0.8255818197115385 0.12663925240384616
1 0.8279502788461539 0.3412848173076923 0.8245395697115385 0.35883140384615386 0.8665654831730769 0.36700041346153844 0.8699761923076923 0.3494538293269231 0.8279502788461539 0.3412848173076923
1 0.8299757956730769 0.32881724038461535 0.8266604879807692 0.34587301201923076 0.8677661274038461 0.3538631394230769 0.8710814326923076 0.33680736778846154 0.8299757956730769 0.32881724038461535
1 0.8336117932692308 0.31666270913461536 0.8304872956730769 0.3327368533653846 0.8716696225961538 0.3407418870192308 0.8747941201923077 0.32466774278846156 0.8336117932692308 0.31666270913461536
1 0.8354787932692307 0.3037823004807692 0.8319726778846154 0.32181969951923073 0.8743820384615385 0.33006324278846155 0.8778881538461539 0.31202584375 0.8354787932692307 0.3037823004807692
1 0.8391063485576923 0.29289952163461536 0.8356479350961539 0.3106915144230769 0.8768302620192308 0.3186965480769231 0.8802886754807692 0.30090455528846155 0.8391063485576923 0.29289952163461536
1 0.8429724134615384 0.28078971153846155 0.8395855552884615 0.29821359375 0.8793107788461539 0.30593539423076926 0.882697639423077 0.28851151201923075 0.8429724134615384 0.28078971153846155
1 0.8448394134615385 0.2679093028846154 0.8411186394230769 0.28705103125 0.883528 0.2952945769230769 0.8872487764423076 0.27615284615384617 0.8448394134615385 0.2679093028846154
1 0.8490243413461538 0.2586629423076923 0.8458282908653847 0.2751051971153846 0.8867805504807692 0.2830655096153846 0.8899766009615384 0.2666232548076923 0.8490243413461538 0.2586629423076923
1 0.85134634375 0.24548895913461538 0.8476255673076923 0.2646306875 0.8888078966346153 0.27263572115384616 0.8925286706730768 0.2534939927884615 0.85134634375 0.24548895913461538
1 0.8525675336538462 0.23388375240384615 0.8493714807692307 0.25032600721153847 0.8904771201923077 0.2583161346153846 0.8936731706730769 0.24187387740384617 0.8525675336538462 0.23388375240384615
1 0.8568408990384615 0.22172577163461538 0.8535017403846153 0.23890424759615386 0.8952975865384616 0.2470285360576923 0.8986367427884615 0.22985006009615386 0.8568408990384615 0.22172577163461538
1 0.8588341201923076 0.2106526514423077 0.8553041538461539 0.2288127548076923 0.8972533774038461 0.23696685817307694 0.9007833437499999 0.21880675480769232 0.8588341201923076 0.2106526514423077
1 0.8609330192307693 0.19985475240384615 0.8573315 0.21838296634615384 0.8972101033653845 0.22613458173076922 0.9008116225961539 0.20760636778846153 0.8609330192307693 0.19985475240384615
1 0.8627728629807693 0.18875181971153848 0.85948140625 0.20568488942307692 0.8998201490384615 0.21352594471153846 0.9031116033653847 0.19659287740384615 0.8627728629807693 0.18875181971153848
1 0.8652108125000001 0.17661909134615383 0.8621340168269231 0.19244782932692306 0.9020893125 0.20021435096153845 0.9051661057692308 0.18438561298076922 0.8652108125000001 0.17661909134615383
1 0.8683763990384615 0.16360908173076924 0.864607923076923 0.18299621875000002 0.9048699759615384 0.1908223701923077 0.908638451923077 0.17143523317307693 0.8683763990384615 0.16360908173076924
1 0.8704378701923077 0.153822625 0.8671225625 0.1708783966346154 0.9079981322115385 0.17882380288461538 0.9113134399038461 0.16176803125 0.8704378701923077 0.153822625
1 0.8836274375000001 0.3508764110576923 0.8811787235576923 0.3634739615384615 0.8888780024038462 0.3453602524038461 0.9210876442307693 0.3516211730769231 0.9214407764423077 0.3713001105769231 0.9251138485576923 0.35240378846153847 0.8964399230769231 0.2555481971153846 0.90900796875 0.16666815384615383 0.9122755721153847 0.14985778846153847 0.8720135192307693 0.14203163942307692 0.8687459158653846 0.15884200480769228 0.9049817620192309 0.16588553846153847 0.895542204326923 0.2618967716346154 0.883871875 0.34442823798076927 0.8848517956730769 0.3445776370192308 0.8829741586538462 0.35077681250000003 0.8836274375000001 0.3508764110576923
1 0.8873392788461539 0.3342372908653846 0.8840001225961539 0.3514157668269231 0.9244922427884615 0.3592866370192308 0.9278314014423077 0.34210816105769226 0.8873392788461539 0.3342372908653846
1 0.8900924302884616 0.32089243509615384 0.886824826923077 0.3377028004807692 0.9271635697115385 0.34554385817307687 0.9304311730769231 0.32873349278846153 0.8900924302884616 0.32089243509615384
1 0.8919458533653846 0.3089007620192307 0.8879865649038461 0.32926952644230767 0.9293989639423077 0.33731928125 0.9333582500000001 0.3169505168269231 0.8919458533653846 0.3089007620192307
1 0.8946751538461538 0.2956786105769231 0.8911451875 0.31383871394230767 0.9324042043269232 0.32185865384615386 0.9359341706730769 0.3036985504807692 0.8946751538461538 0.2956786105769231
1 0.896998985576923 0.28454241586538465 0.8931112524038463 0.30454306971153844 0.93483040625 0.31265245192307695 0.938718139423077 0.2926517980769231 0.896998985576923 0.28454241586538465
1 0.9004118798076923 0.27476396875 0.8970488725961538 0.29206514663461536 0.9370041658653846 0.2998316706730769 0.9403671730769231 0.2825304903846154 0.9004118798076923 0.27476396875
1 0.9307059326923077 0.3625318894230769 0.9279153509615384 0.37688818749999997 0.9714750576923077 0.38535533653846155 0.974265639423077 0.3709990384615385 0.9307059326923077 0.3625318894230769
1 0.9341969927884615 0.34907578846153847 0.9308339855769231 0.36637696875000003 0.9735501057692308 0.3746801418269231 0.9769131129807692 0.35737896153846155 0.9341969927884615 0.34907578846153847
1 0.9359021730769231 0.33743732211538463 0.9328492283653845 0.3531433557692308 0.9761021754807693 0.36155087740384617 0.9791551201923077 0.34584484375 0.9359021730769231 0.33743732211538463
1 0.9383588389423078 0.3247988701923077 0.9349719783653847 0.3422227548076923 0.9767678221153846 0.3503470432692308 0.9801546826923077 0.3329231610576923 0.9383588389423078 0.3247988701923077
1 0.9410796971153845 0.31284847355769235 0.9377643894230769 0.32990424519230765 0.9809406490384615 0.3382968605769231 0.984255954326923 0.3212410865384615 0.9410796971153845 0.31284847355769235
1 0.9434171057692308 0.30082354086538465 0.940030247596154 0.3182474230769231 0.9838967115384616 0.32677419951923076 0.9872835721153846 0.3093503173076923 0.9434171057692308 0.30082354086538465
1 0.94632546875 0.28954628605769234 0.9430101610576924 0.30660206009615387 0.9858796610576923 0.31493504567307695 0.9891949663461539 0.29787927403846154 0.94632546875 0.28954628605769234
1 0.948923764423077 0.2798641778846154 0.9458231177884616 0.29581562019230767 0.9897662716346154 0.3043573028846154 0.9928669182692308 0.2884058605769231 0.948923764423077 0.2798641778846154
1 0.9508436033653846 0.2671213798076923 0.9476952548076922 0.2833182283653846 0.9924819951923076 0.29202388701923077 0.99563034375 0.2758270384615385 0.9508436033653846 0.2671213798076923
1 0.9530617572115384 0.25570996153846154 0.9498657067307692 0.27215221875 0.9938088605769231 0.2806939014423077 0.9970049110576924 0.26425164663461537 0.9530617572115384 0.25570996153846154
1 1 0.37969413942307695 0.9824699519230768 0.37628664423076924 0.9790592427884615 0.39383323076923077 1 0.39790370192307695 1 0.37969413942307695
1 1 0.36746954086538464 0.9854498677884614 0.36464128125 0.9824684759615384 0.37997920432692306 1 0.38338698798076926 1 0.36746954086538464
1 1 0.35460824278846154 0.9880888990384615 0.35229295913461534 0.9849882548076923 0.36824439903846157 1 0.37116238701923077 1 0.35460824278846154
1 1 0.34251098076923076 0.9910449639423077 0.3407702980769231 0.9876342524038461 0.3583168846153846 1 0.36072054326923075 1 0.34251098076923076
1 1 0.3323238125 0.9927229855769231 0.3309093052884616 0.9900516586538461 0.3446520865384616 1 0.3465858485576923 1 0.3323238125
1 0.9573538365384615 0.2430462620192308 0.9538238701923076 0.2612063653846154 0.9958497860576923 0.26937537500000003 0.9993797524038462 0.2512152716346154 0.9573538365384615 0.2430462620192308
1 1 0.24038463221153844 0.9596351033653847 0.23253849038461538 0.9564867548076923 0.24873533894230768 0.9995863245192307 0.2571130480769231 1 0.2549848701923077 1 0.24038463221153844
1 1 0.2273959951923077 0.9628348149038461 0.22017181490384616 0.9593048485576923 0.23833191586538463 1 0.24624225240384617 1 0.2273959951923077
1 1 0.2165721298076923 0.9645554014423077 0.2096823966346154 0.9615024567307693 0.2253884326923077 1 0.23287159615384614 1 0.2165721298076923
1 1 0.20358349278846152 0.9677551129807692 0.19731572115384616 0.9645352115384616 0.21388067788461537 1 0.22077433653846154 1 0.20358349278846152
1 1 0.19148623076923077 0.9703277283653846 0.18571852644230769 0.9672032307692308 0.20179267067307693 1 0.20816771634615383 1 0.19148623076923077
1 0.9029367932692308 0.26341218028846153 0.8993352740384615 0.2819403942307692 0.9409010504807692 0.29001996153846155 0.9445025697115385 0.27149174759615385 0.9029367932692308 0.26341218028846153
1 0.9047527836538461 0.25243194951923076 0.9015328822115385 0.2689969086538462 0.944632451923077 0.2773746153846154 0.9478523533653846 0.26080965624999997 0.9047527836538461 0.25243194951923076
1 0.9078570913461538 0.24055608653846153 0.9040170600961539 0.2603113341346154 0.9471166274038462 0.26868904086538464 0.950956658653846 0.2489337932692308 0.9078570913461538 0.24055608653846153
1 0.9105199735576923 0.22808506009615387 0.9069184543269231 0.24661327403846153 0.9500180240384615 0.25499098076923077 0.9536195432692308 0.23646276923076923 0.9105199735576923 0.22808506009615387
1 0.9130210360576924 0.21685597596153847 0.9090378990384615 0.2373474423076923 0.9523675360576923 0.24576987259615385 0.9563506730769231 0.22527840384615386 0.9130210360576924 0.21685597596153847
1 0.9167608798076923 0.20293887500000002 0.9127777427884615 0.22343034375 0.9541134495192308 0.23146518990384615 0.9580965889423076 0.2109737235576923 0.9167608798076923 0.20293887500000002