1 0.9072749519230769 0.06501213701923077 0.8954337788461538 0.013722379807692309 0.8738149423076924 0.01871348076923077 0.8856561177884615 0.07000324038461539 0.9072749519230769 0.06501213701923077
1 0.8909453605769231 0.08631481490384615 0.881759860576923 0.04652803846153846 0.8579334663461539 0.05202879567307693 0.86711896875 0.09181557211538462 0.8909453605769231 0.08631481490384615
1 0.920039514423077 0.4293965504807692 0.9090731514423077 0.3818960096153846 0.8462719567307692 0.39639480769230767 0.8572383197115384 0.4438953485576923 0.920039514423077 0.4293965504807692
1 0.9852747548076923 0.43585968509615386 0.9734335817307692 0.38456993028846154 0.9085770745192308 0.39954323557692306 0.9204182475961539 0.4508329903846154 0.9852747548076923 0.43585968509615386
1 0.798244 0.09146679807692307 0.7916516826923077 0.06291233894230769 0.7786347091346154 0.06591754567307692 0.7852270240384616 0.09447200240384615 0.798244 0.09146679807692307
1 0.8103663605769231 0.1439745144230769 0.8019306971153846 0.10743563701923077 0.7659246778846154 0.11574828365384615 0.77436034375 0.1522871610576923 0.8103663605769231 0.1439745144230769
4 0.3301870673076923 0.3017290360576923 0.4090136682692308 0.643164548076923 0.5238066394230769 0.6166625024038462 0.4449800408653846 0.2752269903846154 0.3301870673076923 0.3017290360576923
4 0.4540820384615385 0.7973959783653846 0.3296091225961538 0.2582445408653846 0.10344869471153847 0.3104577908653846 0.22792161298076924 0.8496092259615384 0.4540820384615385 0.7973959783653846
4 0 0.5090407115384615 0.09280477644230768 0.9110223605769231 0.23994987980769228 0.8770512355769231 0.09485644951923076 0.24858254567307692 0 0.27048188221153846 0 0.5090407115384615
4 0 0.2806023798076923 0.11679048798076923 0.2536391730769231 0.07848632211538462 0.08772560096153846 0 0.10584559615384616 0 0.2806023798076923
4 0.06592608173076922 0.09062536057692308 0.11600893509615386 0.30755803125000003 0.32237746875 0.2599141009615385 0.27229461778846153 0.04298143028846154 0.06592608173076922 0.09062536057692308
4 0.2651390865384615 0.044633415865384614 0.3240637668269231 0.29986424038461534 0.43893286057692305 0.27334462019230765 0.3800081826923077 0.018113795673076923 0.2651390865384615 0.044633415865384614
4 0.38182723557692305 0.07912953846153846 0.43853364663461536 0.32475199278846156 0.5091754759615384 0.30844304086538465 0.4524690649038462 0.0628205889423077 0.38182723557692305 0.07912953846153846
4 0.3838103461538462 0.01652328846153846 0.40555561298076925 0.11071239182692308 0.46059229807692303 0.09800617307692307 0.43884702884615384 0.0038170673076923078 0.3838103461538462 0.01652328846153846
4 0.5706900504807693 0.5606527235576924 0.5105781298076922 0.3002793918269231 0.4482336706730769 0.3146727427884616 0.5083455913461539 0.575046076923077 0.5706900504807693 0.5606527235576924
4 0.6013244855769231 0.5321988701923077 0.5505855240384615 0.3124242908653846 0.5100882692307692 0.32177381730769233 0.5608272283653846 0.5415483990384615 0.6013244855769231 0.5321988701923077
4 0.4688995408653846 0.13885096634615385 0.5149207788461538 0.33819084134615385 0.5502416923076923 0.3300363653846154 0.5042204567307692 0.1306964903846154 0.4688995408653846 0.13885096634615385
4 0.4364235384615384 0.012073855769230769 0.4692601442307692 0.1543048173076923 0.502449625 0.14664242307692307 0.4696130192307692 0.004411459134615384 0.4364235384615384 0.012073855769230769
4 0.5474051442307692 0.3462283389423077 0.5810853149038462 0.49211318990384617 0.611229889423077 0.4851537668269231 0.5775497163461538 0.33926891586538466 0.5474051442307692 0.3462283389423077
4 0.5094758966346153 0.18193871875 0.5469989831730769 0.34446906009615386 0.5750882451923076 0.3379841442307692 0.5375651586538461 0.17545380048076925 0.5094758966346153 0.18193871875
4 0.47842689423076923 0.05682775240384615 0.5074205841346153 0.1824132235576923 0.5385547524038462 0.17522533413461538 0.5095610625 0.04963986298076923 0.47842689423076923 0.05682775240384615
4 0.46340699759615384 0 0.46208999038461535 0.0003040552884615384 0.4774616442307692 0.06688600961538461 0.5117168413461538 0.05897757451923077 0.5361092043269231 0.09413105288461539 0.5379490961538461 0.09202886057692307 0.5395938269230769 0.09915297836538461 0.5728594302884615 0.09147300721153846 0.5517412211538462 0 0.5167025576923077 0 0.5264359759615385 0.04216006009615385 0.5083009182692307 0.044181584134615384 0.49810079567307697 0 0.46340699759615384 0
4 0.5504501634615384 0.055879514423076926 0.5700396514423077 0.14073090865384616 0.5959974783653846 0.1347380721153846 0.5764079903846153 0.049886677884615385 0.5504501634615384 0.055879514423076926
4 0.5754875096153846 0.3494378870192308 0.6044811995192307 0.47502336057692307 0.6263284038461538 0.46997953605769227 0.5973347115384615 0.34439406250000004 0.5754875096153846 0.3494378870192308
4 0.5984247764423076 0.35397781490384617 0.619732639423077 0.4462723125 0.6353377860576923 0.4426695817307692 0.6140299206730769 0.35037508173076926 0.5984247764423076 0.35397781490384617
4 0.5949880240384615 0.33909160576923075 0.5334111201923076 0.06751056730769231 0.5053979807692308 0.0739779110576923 0.5394843149038462 0.2216220408653846 0.5415396274038462 0.22114753605769233 0.5700959134615384 0.34483840384615383 0.5949880240384615 0.33909160576923075
4 0.5656777716346154 0.2305417403846154 0.5930155745192308 0.34895476923076924 0.6146344110576923 0.34396366826923075 0.5872966081730769 0.22555063701923078 0.5656777716346154 0.2305417403846154
1 0.8695092836538462 0.04208665144230769 0.8613235649038462 0.006630408653846153 0.8301132740384615 0.01383587019230769 0.8382989927884614 0.049292115384615386 0.8695092836538462 0.04208665144230769
4 0.5446835432692307 0.13161789182692307 0.5695531322115385 0.23933991346153846 0.585995625 0.2355438653846154 0.5611260384615384 0.12782184134615385 0.5446835432692307 0.13161789182692307