1 0.8195237475961539 0.6825092980769232 0.824455778846154 0.6513696778846154 0.7543144735576923 0.6402603870192307 0.7493824423076922 0.6714000072115385 0.8195237475961539 0.6825092980769232
1 0.7365142451923077 0.662752735576923 0.7406423774038462 0.6366887379807692 0.6901776754807692 0.6286959134615385 0.686049545673077 0.6547599134615385 0.7365142451923077 0.662752735576923
1 0.673017920673077 0.6566332716346154 0.6775371394230769 0.6281000504807692 0.5927348341346154 0.6146686850961538 0.5882156177884615 0.6432019062500001 0.673017920673077 0.6566332716346154
1 0.5991406682692307 0.6356513317307692 0.6016175456730769 0.6200129350961538 0.5401956778846154 0.6102846658653847 0.5377187980769231 0.6259230625 0.5991406682692307 0.6356513317307692
1 0.5387076995192308 0.6246734903846154 0.54220575 0.6025876802884615 0.5005376466346154 0.5959881009615384 0.4970395985576923 0.6180739110576923 0.5387076995192308 0.6246734903846154
1 0.5079723509615385 0.6624133942307692 0.5131216514423077 0.6299019879807692 0.4239982115384615 0.6157862211538461 0.41884891105769234 0.6482976274038462 0.5079723509615385 0.6624133942307692
1 0.4317389855769231 0.6423238677884615 0.4368665600961539 0.6099496370192308 0.36525915625 0.5986081394230769 0.36013158173076926 0.6309823677884616 0.4317389855769231 0.6423238677884615
1 0.3545129326923077 0.6994181995192308 0.36624551923076926 0.6253415721153845 0.14401564182692309 0.5901438173076923 0.1322830576923077 0.6642204447115384 0.3545129326923077 0.6994181995192308
1 0.14702246634615385 0.6186034639423077 0.15627817307692307 0.5601652379807692 0.09994907211538462 0.5512435841346154 0.09069336538461538 0.6096818125 0.14702246634615385 0.6186034639423077
1 0.0931806346153846 0.6034666105769231 0.09976391826923077 0.5619013918269231 0.050765317307692306 0.5541407764423076 0.04418203365384616 0.5957059927884616 0.0931806346153846 0.6034666105769231
1 0.0881735048076923 0.36390053125 0.08508826923076923 0.3833799399038461 0.11433310336538462 0.38801186778846153 0.1174183389423077 0.3685324591346154 0.0881735048076923 0.36390053125
1 0.34923286057692304 0.33971928124999995 0.3540345288461539 0.30940273557692305 0.29315280288461537 0.29976001682692305 0.28835113221153846 0.3300765625 0.34923286057692304 0.33971928124999995
1 0.4512232067307692 0.34251404807692304 0.4577413100961539 0.30136036778846154 0.3596669447115385 0.2858269134615385 0.3531488413461539 0.32698059615384617 0.4512232067307692 0.34251404807692304
1 0.5140939663461539 0.4225006370192308 0.5195908990384616 0.38779436538461537 0.41788986538461537 0.37168650480769233 0.4123929326923077 0.4063927740384615 0.5140939663461539 0.4225006370192308
1 0.64471184375 0.42982956009615386 0.6514037620192308 0.38757844951923076 0.5295631442307692 0.3682807908653846 0.5228712259615385 0.41053190384615385 0.64471184375 0.42982956009615386
1 0.7863571442307692 0.382516375 0.7917019879807692 0.34877035576923077 0.6594443461538462 0.3278228052884616 0.6540995024038462 0.36156882211538466 0.7863571442307692 0.382516375
1 0.7828476081730769 0.4286464110576923 0.7886052668269231 0.39229399278846155 0.6592026610576922 0.3717986322115384 0.6534450024038462 0.4081510528846154 0.7828476081730769 0.4286464110576923
1 0.9148814206730769 0.4335278149038461 0.9203131730769231 0.3992330793269231 0.7992441875 0.38005763701923073 0.7938124350961538 0.4143523701923077 0.9148814206730769 0.4335278149038461
1 1 0.4101667932692308 0.9372411370192307 0.4002267644230769 0.9325481033653846 0.4298574158653846 1 0.4405407451923077 1 0.4101667932692308
1 1 0.2855773341346154 0.9450711201923077 0.27687745432692307 0.9406388100961538 0.3048619567307692 1 0.3142638461538461 1 0.2855773341346154
1 1 0.20725190865384613 0.9510771754807692 0.19950329326923077 0.944906704326923 0.23846211057692307 1 0.24718803125 1 0.20725190865384613
1 0.9322481177884616 0.2444725360576923 0.9396570288461539 0.19769451923076925 0.8203627956730769 0.17880016826923079 0.8129538870192307 0.22557818509615385 0.9322481177884616 0.2444725360576923
1 0.9307910120192309 0.3160986514423077 0.9372004783653847 0.2756308677884615 0.8117331947115385 0.25575880048076927 0.8053237259615386 0.29622658653846157 0.9307910120192309 0.3160986514423077
1 0.7938680865384615 0.24969498076923077 0.8022764375 0.19660673317307692 0.6829050432692308 0.1777001610576923 0.6744966899038461 0.23078841105769232 0.7938680865384615 0.24969498076923077
1 0.6601582620192308 0.2588913798076923 0.6695443293269231 0.1996300793269231 0.5572719447115385 0.18184787980769232 0.5478858774038462 0.24110918028846154 0.6601582620192308 0.2588913798076923
1 0.6495920721153846 0.3370901105769231 0.6594561346153847 0.2748108725961539 0.5568291442307692 0.25855635336538463 0.5469650817307692 0.3208355913461538 0.6495920721153846 0.3370901105769231
1 0.5448752668269231 0.28858381971153846 0.5557387716346154 0.21999435096153847 0.45226298317307695 0.20360539663461538 0.4413994807692308 0.2721948653846154 0.5448752668269231 0.28858381971153846
1 0.4401610408653846 0.2800140673076923 0.44709195673076924 0.23625398557692306 0.3690028461538462 0.22388588701923076 0.3620719302884616 0.26764596634615384 0.4401610408653846 0.2800140673076923
1 0.36063108653846154 0.2882295432692308 0.36656256009615384 0.25077968990384614 0.30514068990384613 0.2410514230769231 0.29920921634615383 0.27850127403846153 0.36063108653846154 0.2882295432692308
1 0.6188404807692307 0.20763007692307692 0.6289869951923077 0.14356751442307691 0.564941579326923 0.13342371875 0.5547950649038461 0.19748628124999998 0.6188404807692307 0.20763007692307692
1 0.5552947860576923 0.19433116346153845 0.5634424158653846 0.1428890625 0.5213884975961538 0.13622837740384616 0.5132408677884616 0.1876704783653846 0.5552947860576923 0.19433116346153845
1 0.6871375288461539 0.20241656971153846 0.6990004759615385 0.12751686778846152 0.6287820072115384 0.11639535576923077 0.6169190600961538 0.19129505528846155 0.6871375288461539 0.20241656971153846
1 0.7236510144230769 0.17613834134615386 0.732776358173077 0.1185231875 0.6809998846153846 0.11032260096153847 0.6718745408653847 0.1679377548076923 0.7236510144230769 0.17613834134615386
1 0.7644853389423076 0.17951222115384613 0.7756095673076923 0.10927660336538461 0.7221355024038462 0.10080714423076922 0.7110112740384615 0.17104275961538462 0.7644853389423076 0.17951222115384613
1 0.8103494855769231 0.18508894471153844 0.8212129903846154 0.11649947596153847 0.7712112668269231 0.10857998076923077 0.7603477620192307 0.17716944951923075 0.8103494855769231 0.18508894471153844
1 0.8546018100961539 0.1553959639423077 0.8610330048076923 0.11479099759615385 0.8172043341346154 0.10784921874999999 0.8107731394230769 0.1484541826923077 0.8546018100961539 0.1553959639423077
1 0.9012818389423077 0.15632082692307694 0.9071915841346154 0.11900815625 0.8668352572115385 0.11261634134615385 0.8609255096153846 0.14992901201923076 0.9012818389423077 0.15632082692307694
1 0.9536097908653847 0.15504659134615384 0.9580421009615385 0.12706208653846154 0.9080403798076924 0.11914259134615385 0.9036080697115385 0.14712709615384617 0.9536097908653847 0.15504659134615384