4 0.6725542091346154 0.5193671875 0.6810500576923076 0.2760779831730769 0.5038143389423078 0.26988877403846157 0.4953184927884615 0.5131779807692308 0.6725542091346154 0.5193671875
1 0.7283230360576923 0.576660891826923 0.7319729423076923 0.4721412692307692 0.6097817980769231 0.46787425961538465 0.6061318918269231 0.5723938846153847 0.7283230360576923 0.576660891826923
1 0.89433559375 0.6311336634615384 0.8986653124999999 0.5071467379807693 0.7327508197115384 0.5013528774038462 0.7284211009615384 0.6253398004807693 0.89433559375 0.6311336634615384
1 0.9918569182692308 0.6613263341346154 0.9947433966346153 0.5786683846153846 0.8853569471153846 0.5748485240384615 0.88247046875 0.6575064759615384 0.9918569182692308 0.6613263341346154
1 1 0.24541966586538463 0.9407879038461539 0.24335193269230768 0.938239514423077 0.3163282836538462 1 0.3184850072115385 1 0.24541966586538463
1 0.9713737499999999 0.3076877211538461 0.9745983173076923 0.21534817548076923 0.7594950576923077 0.20783660336538462 0.7562704903846154 0.3001761490384615 0.9713737499999999 0.3076877211538461
1 0.7791500673076922 0.27179067788461536 0.7812731177884615 0.2109944014423077 0.6590819759615385 0.20672739182692307 0.656958923076923 0.26752366826923074 0.7791500673076922 0.27179067788461536
1 0.6552467548076923 0.26506658413461537 0.6579660072115385 0.18719738221153845 0.5121174086538461 0.18210423798076925 0.5093981562500001 0.25997343990384614 0.6552467548076923 0.26506658413461537
1 0.5099071081730769 0.2453989903846154 0.5126263605769231 0.16752978846153846 0.41417074759615385 0.1640916418269231 0.4114514951923077 0.24196084615384614 0.5099071081730769 0.2453989903846154
1 0.4316882524038462 0.2377687091346154 0.4341493918269231 0.16729083653846155 0.3447507596153846 0.16416896634615386 0.34228961778846156 0.23464684134615382 0.4316882524038462 0.2377687091346154
1 0.4518863942307692 0.4428693918269231 0.45409306009615386 0.3796787403846154 0.3574332307692308 0.3763033052884615 0.3552265625 0.43949395432692306 0.4518863942307692 0.4428693918269231
1 0.15490545673076922 0.4787767788461539 0.1579627980769231 0.39122597836538464 0.004774923076923077 0.38587653846153847 0.0017175817307692306 0.47342734134615383 0.15490545673076922 0.4787767788461539
1 1 0.03372820913461538 0.8897694278846154 0.029878872596153846 0.8867157211538461 0.11732556971153846 1 0.12128154326923077 1 0.03372820913461538
1 0.891065173076923 0.09798641586538462 0.8928465024038462 0.046975841346153846 0.7797904134615384 0.04302783653846154 0.7780090865384615 0.09403841105769231 0.891065173076923 0.09798641586538462
1 0.7921842235576922 0.10672834615384616 0.7942200264423077 0.048430548076923076 0.7085691105769231 0.04543955048076923 0.7065333076923076 0.10373735096153847 0.7921842235576922 0.10672834615384616
2 0.015861125 0.11318065625000001 0.0076415673076923075 0.34855801923076923 0.0835328076923077 0.35120819951923077 0.09175236778846153 0.11583083653846155 0.015861125 0.11318065625000001