1 1 0.6233065649038461 0.8605331225961539 0.6306157139423078 0.8654977692307693 0.7253468197115385 1 0.718297858173077 1 0.6233065649038461
1 0.8811410240384615 0.6551263269230769 0.8778118774038461 0.5916023918269231 0.8262420240384615 0.5943050528846153 0.829571170673077 0.6578289879807693 0.8811410240384615 0.6551263269230769
1 0.8341650216346154 0.65591928125 0.8303633966346153 0.5833799399038462 0.6852500408653845 0.5909850096153846 0.6890516658653846 0.6635243485576924 0.8341650216346154 0.65591928125
1 0.5513326634615384 0.7689320168269231 0.5458010432692307 0.6633824230769231 0.35067819471153844 0.6736083798076924 0.3562098149038461 0.7791579735576923 0.5513326634615384 0.7689320168269231
1 0.3742435336538461 0.72021671875 0.3698749350961539 0.636858891826923 0.32914957451923077 0.6389932163461538 0.3335181730769231 0.7223510432692308 0.3742435336538461 0.72021671875
1 0.33593525721153844 0.7042831129807693 0.3332675769230769 0.6533807475961539 0.21686482211538463 0.6594811586538462 0.21953250240384614 0.7103835240384615 0.33593525721153844 0.7042831129807693
1 0.20090307932692308 0.6071893125 0.19926031009615386 0.5758434399038461 0.14129298798076922 0.5788813798076923 0.14293575480769233 0.61022725 0.20090307932692308 0.6071893125
1 0.19224153365384614 0.5001347980769231 0.1913111153846154 0.4823813822115385 0.09940599038461538 0.48719792548076923 0.10033640865384616 0.5049513413461538 0.19224153365384614 0.5001347980769231
1 0.21670525 0.5056676033653846 0.21577483173076925 0.48791418750000004 0.1969725096153846 0.48889957692307695 0.1979029278846154 0.5066529903846153 0.21670525 0.5056676033653846
1 0.2192687764423077 0.5919016201923077 0.21797491586538462 0.5672132764423077 0.20330754326923076 0.5679819615384616 0.20460140625 0.5926703028846154 0.2192687764423077 0.5919016201923077
1 0.2128973125 0.42255855288461536 0.21181425 0.40189246874999995 0.16929447596153846 0.40412083653846154 0.1703775408653846 0.42478691826923076 0.2128973125 0.42255855288461536
1 0.1942281346153846 0.29919989423076926 0.19155318509615385 0.24815882932692307 0.14372819230769232 0.25066523076923075 0.14640314182692307 0.3017062956730769 0.1942281346153846 0.29919989423076926
1 0.2276266105769231 0.31400001442307696 0.22536598798076923 0.27086476682692306 0.19330061778846153 0.27254524278846154 0.1955612403846154 0.3156804903846154 0.2276266105769231 0.31400001442307696
1 0.26462748798076924 0.3393204615384615 0.26302106490384614 0.3086680841346154 0.22713281490384615 0.31054890865384616 0.22873923798076923 0.3412012836538461 0.26462748798076924 0.3393204615384615
1 0.2240546682692308 0.23240847115384614 0.22575558653846153 0.2648639326923077 0.26429644471153846 0.26284409134615383 0.2625955264423077 0.23038863221153846 0.2240546682692308 0.23240847115384614
1 0.1948696105769231 0.17858435817307694 0.19723926442307693 0.22380008413461538 0.22883652884615382 0.22214414182692307 0.22646687259615383 0.1769284158653846 0.1948696105769231 0.17858435817307694
1 0.13273870673076923 0.14248100240384615 0.13542819471153847 0.19379946634615383 0.1985447019230769 0.19049167067307693 0.1958552139423077 0.13917320673076922 0.13273870673076923 0.14248100240384615
1 0.028036254807692305 0.18524152884615383 0.03113279807692308 0.24432711298076923 0.1334143076923077 0.2389667644230769 0.1303177644230769 0.1798811826923077 0.028036254807692305 0.18524152884615383
1 0.08879223076923076 0.04881929086538461 0.09268108173076922 0.12302301201923077 0.1429246298076923 0.12038986057692308 0.13903577884615384 0.046186137019230765 0.08879223076923076 0.04881929086538461
1 0.0161008125 0.024673908653846152 0.019320927884615386 0.08611736538461538 0.0862603125 0.08260922115384615 0.08304019951923076 0.02116576442307692 0.0161008125 0.024673908653846152
1 0.5991962620192308 0.5954948966346154 0.5977424855769231 0.5677551875 0.5319733677884615 0.5712020024038462 0.5334271442307692 0.5989417091346154 0.5991962620192308 0.5954948966346154
1 0.6200725817307693 0.5743733677884616 0.6193529615384615 0.5606422115384615 0.5939191153846154 0.5619751442307692 0.594638735576923 0.5757063004807692 0.6200725817307693 0.5743733677884616
1 0.6426309134615384 0.5763899639423077 0.6415187740384615 0.5551690865384615 0.6191276274038462 0.5563425576923077 0.6202397668269231 0.5775634350961538 0.6426309134615384 0.5763899639423077
1 0.6942831538461539 0.5827231538461539 0.6929238725961538 0.5567865240384615 0.6414320360576924 0.5594850961538461 0.6427913173076922 0.5854217259615384 0.6942831538461539 0.5827231538461539
1 0.7891073221153846 0.48582208173076924 0.7880751394230768 0.4661268894230769 0.7463355456730769 0.4683143701923077 0.7473677283653846 0.4880095625 0.7891073221153846 0.48582208173076924
1 0.8029819158653846 0.4863466610576923 0.8022114134615385 0.4716446153846154 0.7881681875000001 0.47238059134615384 0.7889386875 0.48708263701923077 0.8029819158653846 0.4863466610576923
1 0.747803860576923 0.4963314759615385 0.7464809230769232 0.47108834134615385 0.7236996875 0.47228225480769226 0.725022625 0.49752538942307695 0.747803860576923 0.4963314759615385
1 0.7256099326923077 0.49081879567307696 0.7248975841346154 0.4772263389423077 0.708825889423077 0.47806862019230767 0.7095382403846154 0.491661076923077 0.7256099326923077 0.49081879567307696
1 0.7187685288461538 0.4319294735576923 0.7177581538461539 0.412650375 0.6997360120192307 0.413594875 0.7007463870192308 0.4328739735576923 0.7187685288461538 0.4319294735576923
1 0.7338090216346154 0.42335278365384615 0.7329076802884615 0.40615416346153843 0.7174601298076924 0.4069637331730769 0.7183614711538462 0.4241623557692308 0.7338090216346154 0.42335278365384615
1 0.7631974615384615 0.32431787740384616 0.7617146081730769 0.29602337259615386 0.7245780721153847 0.29796961538461536 0.7260609254807692 0.3262641201923077 0.7631974615384615 0.32431787740384616
1 0.7645406923076923 0.28725233653846155 0.763203216346154 0.2617318028846154 0.7207614615384615 0.26395608173076923 0.7220989350961537 0.2894766153846154 0.7645406923076923 0.28725233653846155
1 0.7981925961538461 0.2949461201923077 0.7964916778846154 0.2624906610576923 0.7667668461538462 0.26404847355769234 0.768467764423077 0.2965039326923077 0.7981925961538461 0.2949461201923077
1 0.7224526610576922 0.2663708798076923 0.7212823701923077 0.24404041346153849 0.6863303365384615 0.2458721706730769 0.6875006274038462 0.2682026394230769 0.7224526610576922 0.2663708798076923
1 0.7036431129807692 0.31200116346153844 0.7025382427884614 0.2909189855769231 0.6900553725961539 0.2915731850961538 0.6911602427884616 0.31265536298076924 0.7036431129807692 0.31200116346153844
1 0.707426298076923 0.35881176442307694 0.7060742860576923 0.33301383413461544 0.6922651129807692 0.3337375432692308 0.693617125 0.35953547115384615 0.707426298076923 0.35881176442307694
1 0.7251169711538462 0.34258589182692306 0.7238303798076923 0.31803624759615384 0.7014392331730769 0.31920971875000004 0.7027258245192307 0.34375936298076926 0.7251169711538462 0.34258589182692306
1 0.9748549759615385 0.0071114134615384616 0.9502013100961538 0.00840345673076923 0.9526945360576923 0.055977060096153844 0.9773482043269232 0.054685014423076925 0.9748549759615385 0.0071114134615384616
2 0 0.4832377596153846 0.014624497596153845 0.7622898293269231 0.15466668749999998 0.7549505288461538 0.1375848125 0.4290089447115385 0 0.4362194591346154 0 0.4832377596153846
1 0.20140314423076924 0.06739559375000001 0.20359834615384614 0.10928255528846154 0.2239610264423077 0.10821539182692308 0.22176582451923077 0.06632843028846154 0.20140314423076924 0.06739559375000001
1 0.16745415144230769 0.02119236057692308 0.17029628605769231 0.07542349278846154 0.20290778125 0.07371439663461539 0.2000656466346154 0.019483264423076924 0.16745415144230769 0.02119236057692308
1 0.2228968701923077 0.09686664182692308 0.22523744951923078 0.14152757692307694 0.24677039903846154 0.14039908173076923 0.24442981971153846 0.09573814903846153 0.2228968701923077 0.09686664182692308
1 0.24254918269230769 0.12852038942307692 0.24443909134615385 0.16458201201923076 0.26316339423076923 0.16360071153846154 0.2612734855769231 0.12753909134615385 0.24254918269230769 0.12852038942307692
1 0.24530494230769231 0.05869713942307692 0.24727481009615385 0.09628444711538461 0.2652189326923077 0.09534403605769232 0.2632490673076923 0.05775672836538462 0.24530494230769231 0.05869713942307692
1 0.22795200721153847 0.05599050240384615 0.22915073317307694 0.054979411057692315 0.23225859615384614 0.05576480528846154 0.23321757692307693 0.05495593028846154 0.24948495432692308 0.054862009615384615 0.2475950456730769 0.018800387019230768 0.22606209615384615 0.01992888221153846 0.22495481730769232 0.013728334134615385 0.20264168990384615 0.014897716346153845 0.20474966586538462 0.05512029567307693 0.22508388701923077 0.05500289182692308 0.2270627932692308 0.05395091346153846 0.22795200721153847 0.05599050240384615
1 0.8449719567307692 0.3963868990384615 0.8440415384615385 0.37863348317307693 0.8300763293269231 0.37936537019230765 0.8310067475961538 0.3971187836538462 0.8449719567307692 0.3963868990384615
1 0.8417629062499999 0.24857449759615385 0.8404908509615385 0.22430225240384616 0.827539875 0.22498098317307694 0.8288119278846153 0.2492532283653846 0.8417629062499999 0.24857449759615385
1 0.6997406177884616 0.15991364182692308 0.6985485216346153 0.13716707932692307 0.67561125 0.1383691706730769 0.6768033461538461 0.16111573317307692 0.6997406177884616 0.15991364182692308
1 0.6959928149038461 0.12422754567307694 0.694626266826923 0.09815221874999999 0.671376920673077 0.09937066586538462 0.6727434711538461 0.12544599278846152 0.6959928149038461 0.12422754567307694
1 0.6932500384615385 0.08681982451923077 0.6918689495192307 0.06046710096153846 0.6669812307692309 0.06177141105769231 0.6683623173076924 0.08812413461538463 0.6932500384615385 0.08681982451923077
1 0.6756577812500001 0.15269191826923076 0.6745092980769231 0.13077754807692307 0.6503237403846154 0.13204506009615385 0.6514722235576923 0.15395943028846154 0.6756577812500001 0.15269191826923076
1 0.6648792211538462 0.1828807331730769 0.66410871875 0.16817868509615386 0.6540444062499999 0.16870613221153846 0.6548149086538462 0.18340818028846154 0.6648792211538462 0.1828807331730769
1 0.6707902091346154 0.22401663942307692 0.6696417259615385 0.20210226923076924 0.6570808389423076 0.2027605576923077 0.6582293221153847 0.22467492788461538 0.6707902091346154 0.22401663942307692
1 0.7079233125000001 0.18020764903846154 0.7065276875000001 0.15357752644230768 0.6930305841346154 0.1542848798076923 0.6944262115384615 0.18091500240384617 0.7079233125000001 0.18020764903846154
1 0.6787441153846154 0.17575644711538463 0.6800379783653846 0.20044478846153846 0.6945493125000001 0.19968428125 0.6932554519230769 0.17499593990384615 0.6787441153846154 0.17575644711538463
1 0.6528970504807692 0.3154951298076923 0.6538856201923077 0.3343581322115385 0.6647301129807693 0.3337897956730769 0.6637415432692308 0.3149267932692308 0.6528970504807692 0.3154951298076923
1 0.6631527644230769 0.30369221153846154 0.664163139423077 0.3229713076923077 0.6752416850961538 0.3223907067307692 0.6742313100961539 0.3031116081730769 0.6631527644230769 0.30369221153846154
1 0.673208829326923 0.29106527884615385 0.6743282355769231 0.31242485576923074 0.6891516442307692 0.31164799278846156 0.6880322355769231 0.2902884158653846 0.673208829326923 0.29106527884615385
1 0.6600509134615385 0.2683895024038461 0.6608214134615384 0.2830915480769231 0.6870354399038461 0.2817177283653846 0.6862649375000001 0.2670156826923077 0.6600509134615385 0.2683895024038461
1 0.6502478100961538 0.2903215024038462 0.6511491514423077 0.30752012259615386 0.6623837331730769 0.30693134375000003 0.661482391826923 0.2897327211538462 0.6502478100961538 0.2903215024038462
1 0.6476891850961538 0.2638914110576923 0.648670483173077 0.28261571634615384 0.6617774951923077 0.28192880528846154 0.6607961971153846 0.26320450240384613 0.6476891850961538 0.2638914110576923
1 0.6472807836538461 0.37253389663461534 0.6479785961538462 0.3858489591346154 0.6598373221153846 0.38522746875 0.6591395096153847 0.37191240865384617 0.6472807836538461 0.37253389663461534
1 0.6456587355769231 0.21768435096153846 0.6466109591346154 0.2358538605769231 0.6597179711538461 0.23516695192307693 0.6587657475961539 0.21699744230769233 0.6456587355769231 0.21768435096153846
1 0.7433821009615385 0.05220423076923077 0.745766295673077 0.09769735576923076 0.7709660865384615 0.09637668990384615 0.7685818942307693 0.05088356730769231 0.7433821009615385 0.05220423076923077
1 0.7697598798076922 0.012157733173076921 0.7721077283653847 0.05695736298076923 0.8009743629807692 0.05544452644230769 0.798626514423077 0.010644896634615384 0.7697598798076922 0.012157733173076921
1 0.7957216730769231 0 0.7966566899038461 0.017841185096153848 0.8275517908653847 0.016222040865384615 0.8267016298076922 0 0.7957216730769231 0