1 0.472661375 0.614812545673077 0.4755994735576923 0.5939068870192308 0.39405708653846155 0.5824468533653846 0.3911189879807692 0.6033525120192308 0.472661375 0.614812545673077
1 0.5346304927884615 0.6235217379807693 0.5379551850961538 0.5998653341346154 0.4665475721153846 0.5898296490384616 0.46322288221153846 0.6134860528846153 0.5346304927884615 0.6235217379807693
1 0.49483385817307696 0.4744490168269231 0.4909292788461539 0.5022315384615385 0.5512737403846154 0.5107123990384616 0.5551783173076923 0.4829298774038462 0.49483385817307696 0.4744490168269231
1 0.4124593269230769 0.45712162500000003 0.40696972115384616 0.4961821995192308 0.4947786466346154 0.5085229375 0.5002682524038462 0.4694623653846154 0.4124593269230769 0.45712162500000003
1 0.7350192836538461 0.5898326081730769 0.7368169375 0.5770416466346154 0.7132207043269231 0.5737254110576923 0.7114230528846155 0.5865163725961539 0.7350192836538461 0.5898326081730769
1 0.7347880697115384 0.6004594038461538 0.7367403581730769 0.5865681442307692 0.7099721754807693 0.5828061201923077 0.7080198870192308 0.5966973798076923 0.7347880697115384 0.6004594038461538
1 0.7323332115384615 0.6179266322115384 0.7347880697115384 0.6004594038461538 0.7074009687499999 0.5966103966346153 0.7049461105769231 0.614077625 0.7323332115384615 0.6179266322115384
1 0.7305355576923076 0.6307175937499999 0.732816451923077 0.6144881995192308 0.7054293485576923 0.6106391947115385 0.7031484567307692 0.6268685865384616 0.7305355576923076 0.6307175937499999
1 0 0.6608678942307692 0.0971811201923077 0.6745258100961539 0.10508692548076923 0.6182730817307692 0 0.603504076923077 0 0.6608678942307692
1 0 0.5994367163461539 0.1045643798076923 0.61413228125 0.11132973798076923 0.56599425 0 0.5503478774038462 0 0.5994367163461539
1 0 0.5461402620192307 0.10401842788461539 0.5607590985576923 0.11105440144230769 0.5106955432692307 0 0.49508786538461536 0 0.5461402620192307
1 0.3396529663461539 0.13762966346153846 0.3445433557692308 0.10283274519230769 0.3022248677884615 0.09688527163461538 0.29733448076923075 0.1316821875 0.3396529663461539 0.13762966346153846
1 0.37872366586538464 0.16163419951923078 0.3838266778846154 0.1253243701923077 0.3422044735576923 0.11947474999999999 0.33710145913461537 0.15578457932692308 0.37872366586538464 0.16163419951923078
1 0.42493207692307694 0.19659989663461538 0.4314074927884616 0.15052492067307693 0.3820488197115385 0.14358801201923077 0.3755734038461539 0.18966298557692307 0.42493207692307694 0.19659989663461538
1 0.29890017788461537 0.12054167307692308 0.30398386057692306 0.08436938221153846 0.261665375 0.07842190625 0.25658168990384617 0.11459419711538461 0.29890017788461537 0.12054167307692308
1 0.24928878365384616 0.09800107211538461 0.2532126923076923 0.07008101442307692 0.21321514423076923 0.06445972596153846 0.20929123798076923 0.09237978365384615 0.24928878365384616 0.09800107211538461
1 0.23918417307692305 0.2277182908653846 0.24635545432692307 0.17669198076923076 0.1803633701923077 0.16741739663461536 0.1731920889423077 0.2184437091346154 0.23918417307692305 0.2277182908653846
1 0.23939800240384615 0.24079195192307695 0.2447716298076923 0.20255659855769229 0.17026943028846153 0.19208599759615386 0.1648958028846154 0.23032135096153847 0.23939800240384615 0.24079195192307695
1 0.2354733076923077 0.25917463701923077 0.2413495048076923 0.21736331730769232 0.17009662259615382 0.2073493798076923 0.16422042548076923 0.24916069951923078 0.2354733076923077 0.25917463701923077
1 0.20476031009615386 0.26439546875000003 0.20997930288461536 0.22726041586538462 0.1668098028846154 0.2211933389423077 0.16159081250000001 0.2583283918269231 0.20476031009615386 0.26439546875000003
1 0.18166822355769233 0.27657800721153847 0.18574676923076924 0.24755765144230768 0.16485830048076922 0.24462196875 0.16077975721153845 0.27364232451923076 0.18166822355769233 0.27657800721153847
1 0.24261333653846154 0.2981868894230769 0.24995858413461539 0.24592274278846155 0.1800209014423077 0.23609364182692308 0.17267565384615385 0.2883577884615385 0.24261333653846154 0.2981868894230769
1 0.23497346875 0.2958508918269231 0.23938061778846154 0.26449240384615386 0.17926825 0.2560441610576923 0.17486110336538463 0.2874026490384615 0.23497346875 0.2958508918269231
1 0.23331149519230768 0.3121672692307692 0.23721607211538462 0.28438474759615384 0.18429862259615384 0.27694768509615386 0.18039404567307693 0.3047302067307692 0.23331149519230768 0.3121672692307692
1 0.22958051201923077 0.33422377884615384 0.23416162740384616 0.30162745673076924 0.16878846153846153 0.29243985817307694 0.16420734615384613 0.3250361802884615 0.22958051201923077 0.33422377884615384
1 0.22960141586538463 0.3531609855769231 0.2333513581730769 0.32647876442307694 0.16534779326923077 0.31692148557692307 0.16159785096153845 0.34360370673076923 0.22960141586538463 0.3531609855769231
1 0.2271465576923077 0.3706282139423077 0.23091582692307694 0.3438084543269231 0.16554266346153845 0.3346208557692308 0.16177339182692307 0.36144061538461536 0.2271465576923077 0.3706282139423077
1 0.22175202403846153 0.3899263581730769 0.22631381009615387 0.35746757211538466 0.16550516105769233 0.34892147596153844 0.16094337740384615 0.38138025961538463 0.22175202403846153 0.3899263581730769
1 0.22094175480769232 0.4147776658653846 0.2255228701923077 0.38218134134615384 0.15620410576923077 0.37243922596153844 0.15162299038461538 0.4050355480769231 0.22094175480769232 0.4147776658653846
1 0.21782890384615383 0.42738378846153846 0.22142420913461539 0.4018018653846154 0.15736624278846156 0.39279910576923077 0.1537709375 0.4183810288461538 0.21782890384615383 0.42738378846153846
1 0.21908764182692309 0.4464949591346154 0.2231661875 0.4174746033653846 0.15199067067307692 0.4074715360576923 0.147912125 0.43649189182692305 0.21908764182692309 0.4464949591346154
1 0.2145823173076923 0.46002741586538465 0.21734644951923077 0.4403595913461539 0.1454746514423077 0.43025866826923076 0.14271051923076922 0.44992649278846153 0.2145823173076923 0.46002741586538465
1 0.20590018028846155 0.4836321466346154 0.20932151923076925 0.4592880576923077 0.14271051923076922 0.44992649278846153 0.13928918028846154 0.4742705817307692 0.20590018028846155 0.4836321466346154
1 0.2059017548076923 0.502706889423077 0.20934242307692308 0.47822526201923077 0.13878582211538462 0.4683091802884615 0.13534515625 0.4927908052884616 0.2059017548076923 0.502706889423077
1 0.20495617788461537 0.5285209567307693 0.20886075721153846 0.5007384350961538 0.13567375721153846 0.4904526730769231 0.13176918028846155 0.5182351947115384 0.20495617788461537 0.5285209567307693
1 0.20213364182692306 0.5435521971153846 0.2055549807692308 0.5192081057692307 0.13561729807692308 0.5093790048076923 0.13219595913461538 0.5337230961538462 0.20213364182692306 0.5435521971153846
1 0.19956322115384614 0.5668938437500001 0.20282992307692307 0.5436500528846154 0.13420743990384615 0.5340057908653846 0.13094073798076925 0.5572495817307692 0.19956322115384614 0.5668938437500001
1 0.1982298485576923 0.5808720889423077 0.20083934615384613 0.5623045625 0.13159794471153846 0.5525733173076923 0.12898844951923077 0.5711408437500001 0.1982298485576923 0.5808720889423077
1 0.29754578846153845 0.34854430769230765 0.30032925 0.32873894711538465 0.23820540144230767 0.3200080096153846 0.23542193990384613 0.3398133701923077 0.29754578846153845 0.34854430769230765
1 0.29296388701923076 0.3716032596153846 0.29688779567307694 0.34368320192307694 0.23607914663461538 0.3351371033653846 0.23215523798076923 0.3630571610576923 0.29296388701923076 0.3716032596153846
1 0.29199740625000004 0.3784801225961539 0.2942782980769231 0.36225072836538463 0.23022033413461537 0.35324796875 0.22793943990384616 0.3694773605769231 0.29199740625000004 0.3784801225961539
1 0.2877448942307692 0.4087383125 0.29199740625000004 0.3784801225961539 0.22732052403846154 0.3693903774038461 0.2230680120192308 0.39964856971153845 0.2877448942307692 0.4087383125
1 0.2882099639423077 0.41946296394230764 0.2913220288461539 0.39731947115384614 0.22664514423076923 0.3882297259615385 0.22353307932692307 0.41037322115384617 0.2882099639423077 0.41946296394230764
1 0.2831831105769231 0.44119710096153847 0.28627584615384616 0.4191911418269231 0.21896856250000002 0.40973171875000003 0.2158758269230769 0.4317376778846154 0.2831831105769231 0.44119710096153847
1 0.2813471682692308 0.45875131249999995 0.28443990384615386 0.4367453533653846 0.2197630216346154 0.42765561057692303 0.2166702860576923 0.4496615697115385 0.2813471682692308 0.45875131249999995
1 0.27925998798076923 0.47865452884615384 0.28270065624999996 0.45417290144230765 0.21338189182692308 0.44443078365384614 0.20994122355769232 0.46891241346153845 0.27925998798076923 0.47865452884615384
1 0.27628281490384615 0.4947860649038462 0.27889231009615384 0.47621853846153844 0.2109661105769231 0.4666721346153846 0.2083566129807692 0.48523966105769234 0.27628281490384615 0.4947860649038462
1 0.2713723100961538 0.5201831514423076 0.2748129783653846 0.4957015264423077 0.20750569471153846 0.4862421033653846 0.2040650264423077 0.5107237307692307 0.2713723100961538 0.5201831514423076
1 0.26810481971153843 0.5338895745192308 0.27088828125000003 0.5140842115384616 0.21015699759615383 0.5055489879807692 0.20737353605769232 0.5253543485576923 0.26810481971153843 0.5338895745192308
1 0.2676614423076923 0.5516394951923077 0.27011630288461536 0.5341722692307692 0.20737353605769232 0.5253543485576923 0.2049186778846154 0.5428215745192307 0.2676614423076923 0.5516394951923077
1 0.2596755865384615 0.5753420865384615 0.2629422884615385 0.5520982956730769 0.20739443990384615 0.5442915528846154 0.20412773798076925 0.56753534375 0.2596755865384615 0.5753420865384615
1 0.25623413221153846 0.59028634375 0.25836038701923075 0.5751572451923077 0.20343145673076923 0.5674374879807692 0.2013051995192308 0.5825665841346154 0.25623413221153846 0.59028634375
1 0.30146717548076923 0.5244127091346154 0.30457924038461537 0.5022692163461538 0.26535534134615385 0.49675665625 0.2622432764423077 0.5189001490384615 0.30146717548076923 0.5244127091346154
1 0.305066 0.5414684423076923 0.3071922548076923 0.5263393461538461 0.2673494375 0.5207398028846154 0.26522318269230766 0.5358689014423077 0.305066 0.5414684423076923
1 0.3020888245192308 0.5575999807692308 0.30436971634615384 0.5413705865384615 0.26452689903846155 0.5357710456730769 0.26224600721153846 0.5520004375 0.3020888245192308 0.5575999807692308
1 0.29967225480769233 0.5703039591346154 0.30146990625 0.5575129975961539 0.2603118894230769 0.5517286153846154 0.2585142379807692 0.564519576923077 0.29967225480769233 0.5703039591346154
1 0.29686983173076925 0.5947350336538462 0.3002911706730769 0.5703909423076923 0.2591331538461538 0.5646065600961538 0.2557118173076923 0.5889506514423076 0.29686983173076925 0.5947350336538462
1 0.2811974158653846 0.28467526201923077 0.28577852884615385 0.2520789375 0.2446205120192308 0.24629455528846153 0.24003939903846155 0.27889087980769234 0.2811974158653846 0.28467526201923077
1 0.2415084471153846 0.26843805048076924 0.23694666346153845 0.30089683653846155 0.27740839663461536 0.3065833629807692 0.28197018269230767 0.27412457692307696 0.2415084471153846 0.26843805048076924
1 0.2717425096153846 0.31883068028846157 0.27468060817307693 0.2979250216346154 0.2394023076923077 0.2929669807692308 0.23646420913461538 0.31387263942307697 0.2717425096153846 0.31883068028846157
1 0.27398784615384614 0.34046482451923077 0.2767713076923077 0.3206594615384616 0.2336791730769231 0.3146032572115385 0.23089571153846153 0.3344086177884616 0.27398784615384614 0.34046482451923077
1 0.16573730048076923 0.3495151153846154 0.16913931009615385 0.3253085625 0.15188698317307692 0.32288390625 0.14848497596153848 0.3470904591346154 0.16573730048076923 0.3495151153846154
1 0.16796261298076923 0.36287146875 0.17157724759615386 0.3371520072115385 0.15076614423076923 0.3342271971153846 0.14715150961538462 0.3599466586538461 0.16796261298076923 0.36287146875
1 0.1636700985576923 0.37713510096153846 0.16627959615384616 0.35856757451923077 0.14454011538461536 0.3555122908653846 0.14193062019230768 0.3740798173076923 0.1636700985576923 0.37713510096153846
1 0.15599300721153847 0.39246585576923076 0.1582545721153846 0.37637399759615386 0.14641777403846154 0.37471044471153847 0.14415620913461538 0.39080230048076925 0.15599300721153847 0.39246585576923076
1 0.15701965384615385 0.41154440625 0.15974512740384617 0.39215165625 0.14427218749999998 0.3899770769230769 0.1415467139423077 0.4093698269230769 0.15701965384615385 0.41154440625
1 0.15276575240384616 0.4249719447115385 0.15502731490384616 0.4088800889423077 0.14280369471153848 0.4071621706730769 0.1405421298076923 0.4232540264423077 0.15276575240384616 0.4249719447115385
1 0.15060056009615386 0.4370099807692308 0.15230156490384614 0.42490670673076925 0.13914956730769232 0.42305831490384616 0.13744856249999998 0.43516158894230766 0.15060056009615386 0.4370099807692308
1 0.1449350889423077 0.4543064951923077 0.1469840264423077 0.4397275504807692 0.13336784134615384 0.43781392067307695 0.13131890384615386 0.45239286538461543 0.1449350889423077 0.4543064951923077
1 0.14232559375 0.4728740216346154 0.1448191105769231 0.45513171875 0.13081610336538463 0.4531637235576923 0.1283225841346154 0.47090602644230767 0.14232559375 0.4728740216346154
1 0.14428033653846153 0.4887169182692308 0.1464259230769231 0.4734502860576923 0.1283225841346154 0.47090602644230767 0.126177 0.4861726610576923 0.14428033653846153 0.4887169182692308
1 0.14136050240384615 0.49658154086538464 0.14238497115384616 0.4892920649038462 0.1255968341346154 0.48693264663461544 0.12457236538461539 0.4942221201923077 0.14136050240384615 0.49658154086538464
1 0.1338777716346154 0.523440420673077 0.13648726923076923 0.5048728942307692 0.12194270673076923 0.5028287884615384 0.11933321153846153 0.5213963149038462 0.1338777716346154 0.523440420673077
4 0.32012532932692306 0.45340168269230774 0.3028253389423077 0.5764975048076922 0.38258833894230765 0.5877074615384615 0.3998883269230769 0.4646116394230769 0.32012532932692306 0.45340168269230774
4 0.2606902860576923 0.4496770072115384 0.24420213942307692 0.5669962668269231 0.3187043389423077 0.5774668677884616 0.3351924855769231 0.4601476081730769 0.2606902860576923 0.4496770072115384
4 0.7916474158653847 0.5635692379807693 0.803206514423077 0.4813219735576923 0.745492451923077 0.47321079086538465 0.7339333533653847 0.5554580552884615 0.7916474158653847 0.5635692379807693
4 0.784845016826923 0.631618108173077 0.7943551778846154 0.5639497884615385 0.7355580120192309 0.5556863846153847 0.7260478509615385 0.6233547043269231 0.784845016826923 0.631618108173077
4 0.8352875384615385 0.6476835865384616 0.8471365817307692 0.5633732644230769 0.790505625 0.5554143004807692 0.7786565817307692 0.639724625 0.8352875384615385 0.6476835865384616
4 0.7985451177884616 0.47856304807692307 0.7852076947115385 0.5734637379807692 0.8423802043269231 0.5814988100961538 0.8557176249999999 0.48659812019230764 0.7985451177884616 0.47856304807692307
0 1 0.18499314663461539 0.8823625360576923 0.16846027884615383 0.7966551009615385 0.7783003653846153 0.9612871682692308 0.8014378942307693 1 0.5259817836538462 1 0.18499314663461539