1 0.8926055504807693 0.10823146153846154 0.8769685673076922 0.04987344471153846 0.8425574591346153 0.05909387259615385 0.8581944423076924 0.11745188942307692 0.8926055504807693 0.10823146153846154
1 0.8749829687499999 0.15263900721153847 0.860747920673077 0.09951308653846154 0.8249784807692309 0.10909747836538462 0.8392135288461537 0.16222339903846153 0.8749829687499999 0.15263900721153847
1 0.8512983677884616 0.20068389903846157 0.8401188245192308 0.15896126923076923 0.8076697524038461 0.16765597115384615 0.8188492980769231 0.20937860096153849 0.8512983677884616 0.20068389903846157
1 0.8254441634615385 0.2173891201923077 0.8183985336538462 0.1910944735576923 0.7913073317307693 0.19835353846153847 0.7983529615384615 0.22464818509615384 0.8254441634615385 0.2173891201923077
1 0.7973298341346153 0.19487056490384613 0.7916861418269231 0.17380801442307695 0.7791592908653846 0.17716457451923076 0.784802983173077 0.19822712259615385 0.7973298341346153 0.19487056490384613
1 0.7952343942307691 0.14841324278846152 0.7874698221153846 0.11943546875000001 0.7621142692307692 0.12622946875000002 0.7698788413461538 0.15520724278846154 0.7952343942307691 0.14841324278846152
1 0.7815410096153846 0.20959771634615385 0.7751783774038461 0.18585204326923074 0.7502756009615384 0.19252472115384614 0.7566382355769231 0.2162703966346154 0.7815410096153846 0.20959771634615385
1 0.7773467475961537 0.2446556201923077 0.7736441971153846 0.23083751442307693 0.7639849399038462 0.23342570432692306 0.7676874903846154 0.24724381009615384 0.7773467475961537 0.2446556201923077
1 0.7975486899038462 0.2744706730769231 0.7926958341346153 0.2563595625 0.7837157427884616 0.2587657716346154 0.7885685985576922 0.27687687980769227 0.7975486899038462 0.2744706730769231
1 0.791013 0.2859995144230769 0.7849379423076923 0.26332708894230766 0.7741467403846154 0.2662185841346154 0.780221798076923 0.28889100721153843 0.791013 0.2859995144230769
1 0.8542415240384614 0.6194697139423078 0.8398267403846155 0.5656730096153846 0.7072383293269231 0.60119996875 0.7216531129807693 0.6549966706730769 0.8542415240384614 0.6194697139423078
1 0.961926641826923 0.5845764615384615 0.9423354783653846 0.5114612403846154 0.8243868798076923 0.5430654735576923 0.8439780432692309 0.6161806923076922 0.961926641826923 0.5845764615384615
1 0.9896676802884615 0.57038521875 0.9773018822115385 0.5242354302884615 0.9454565168269231 0.5327683701923077 0.9578223149038462 0.5789181586538461 0.9896676802884615 0.57038521875
1 0.6385205216346154 0.5382286394230769 0.6321219399038461 0.5143488052884615 0.5799770384615385 0.5283209879807692 0.5863756201923077 0.5522008221153846 0.6385205216346154 0.5382286394230769
1 0.5836510384615384 0.544447358173077 0.5785824975961538 0.5255313100961538 0.5339838918269231 0.5374814711538461 0.5390524326923077 0.5563975192307692 0.5836510384615384 0.544447358173077
1 0.7497363317307693 0.14795103846153845 0.7429782788461539 0.12272963942307692 0.7310551322115385 0.12592443749999999 0.7378131850961539 0.15114583413461538 0.7497363317307693 0.14795103846153845
1 0.7381725336538462 0.06736472355769231 0.7314144807692308 0.04214332692307692 0.7212269807692308 0.04487306009615385 0.7279850336538461 0.07009445432692309 0.7381725336538462 0.06736472355769231
1 0.31093812980769225 0.276167 0.31884648798076926 0.30568139903846153 0.3500881514423077 0.29731022115384614 0.34217979326923076 0.26779581971153843 0.31093812980769225 0.276167
1 0.3006139182692308 0.23522170192307693 0.3100320552884615 0.2703706706730769 0.3418774230769231 0.2618377307692308 0.3324592860576923 0.22668876201923077 0.3006139182692308 0.23522170192307693
1 0.23886302884615385 0.24443459615384616 0.24907200240384614 0.2825350048076923 0.30974421875 0.2662779326923077 0.2995352451923077 0.2281775264423077 0.23886302884615385 0.24443459615384616
1 0.32896624278846154 0.35099513221153844 0.31757101682692307 0.30846756490384614 0.2601437067307692 0.3238551658653846 0.27153893509615384 0.36638273317307696 0.32896624278846154 0.35099513221153844
1 0.29098020913461536 0.45161633413461544 0.2821731730769231 0.4187480264423077 0.20950234615384614 0.43822011538461536 0.21830938461538463 0.47108842307692306 0.29098020913461536 0.45161633413461544
1 0.31568195913461533 0.5311267475961539 0.3096069014423077 0.5084543221153847 0.23504950240384614 0.5284319182692307 0.24112456009615385 0.5511043437500001 0.31568195913461533 0.5311267475961539
1 0.3409774855769231 0.6203994567307693 0.3318469254807692 0.5863237379807692 0.27962656009615383 0.6003161442307692 0.2887571225961538 0.6343918605769231 0.3409774855769231 0.6203994567307693
1 0.2879280673076923 0.6466922259615384 0.2800197067307692 0.6171778269230769 0.22138499038461537 0.6328889519230769 0.22929335096153844 0.6624033509615385 0.2879280673076923 0.6466922259615384
1 0.2334270048076923 0.6748118485576923 0.22364939903846154 0.6383213173076924 0.1376216298076923 0.661372389423077 0.14739923798076923 0.6978629182692307 0.2334270048076923 0.6748118485576923
1 0.12351934134615385 0.5640678677884615 0.11654560576923076 0.5380415336538461 0.06696644471153847 0.5513262307692307 0.07394018028846154 0.5773525649038461 0.12351934134615385 0.5640678677884615
1 0.14728161538461537 0.45805545432692313 0.1350596033653846 0.4124422884615385 0.037712391826923077 0.4385263966346154 0.049934403846153844 0.4841395625 0.14728161538461537 0.45805545432692313
1 0.18002209134615385 0.4531649567307693 0.17250914903846154 0.42512627403846154 0.1391545216346154 0.4340636201923077 0.1466674639423077 0.4621023004807692 0.18002209134615385 0.4531649567307693
1 0 0.4743695192307692 0.043920533653846155 0.4626010480769231 0.030584163461538465 0.4128290360576923 0 0.4210240360576923 0 0.4743695192307692
1 0 0.5603929206730769 0.009336752403846153 0.5952381538461539 0.06744322836538462 0.5796685721153846 0.057378043269230766 0.5421047884615384 0 0.5574791899038462 0 0.5603929206730769
1 0.10531004807692307 0.722800576923077 0.09470565865384616 0.6832244495192307 0.037051959134615384 0.6986727115384616 0.04765635096153846 0.7382488389423076 0.10531004807692307 0.722800576923077
1 0 0.29549680048076926 0.03814123798076923 0.28527688701923076 0.023151302884615383 0.2293336826923077 0 0.23553705528846153 0 0.29549680048076926
1 0.10563704086538461 0.30414504807692305 0.09075494711538462 0.24860431249999998 0.02721513701923077 0.2656297548076923 0.042097233173076926 0.3211704879807692 0.10563704086538461 0.30414504807692305
1 0.15887235817307693 0.3084293846153846 0.14851959615384616 0.26979235336538465 0.09946867548076922 0.2829355072115385 0.10982143750000001 0.3215725408653846 0.15887235817307693 0.3084293846153846
1 0.21197180288461537 0.3206584903846154 0.20093604807692306 0.27947248798076924 0.14931938701923075 0.2933031298076923 0.1603551418269231 0.3344891322115385 0.21197180288461537 0.3206584903846154
1 0.26084532451923076 0.33401993028846155 0.25139123798076923 0.2987368052884615 0.2077736514423077 0.3104241033653846 0.21722773557692307 0.34570722836538464 0.26084532451923076 0.33401993028846155
1 0.18427697355769232 0.2034147908653846 0.1973617139423077 0.25224770913461536 0.24082837499999998 0.24060085096153846 0.22774363461538463 0.19176793509615386 0.18427697355769232 0.2034147908653846
1 0.12936946875 0.18534346875000002 0.14205879086538462 0.23270066346153848 0.19186434134615385 0.21935530769230768 0.17917501923076923 0.17199811057692307 0.12936946875 0.18534346875000002
1 0.08723005769230768 0.21130110096153845 0.09801418269230769 0.25154800961538465 0.14148084615384615 0.23990115384615385 0.13069671875 0.1996542451923077 0.08723005769230768 0.21130110096153845
1 0.07417613942307692 0.14477395673076923 0.08549947115384615 0.18703321153846153 0.12911706009615384 0.17534591346153847 0.11779372596153846 0.13308665865384614 0.07417613942307692 0.14477395673076923
1 0.014985865384615384 0.13547098076923075 0.030083644230769233 0.19181665384615385 0.08826558173076923 0.17622685096153848 0.07316780528846153 0.11988117788461539 0.014985865384615384 0.13547098076923075
1 0 0.15688482211538463 0.01926 0.1517241201923077 0.009122923076923077 0.1138920264423077 0 0.11633650721153846 0 0.15688482211538463
1 0.21426879807692306 0.11974582932692307 0.22451372115384613 0.1579803942307692 0.2496428846153846 0.15124705528846152 0.23939796394230767 0.11301249038461539 0.21426879807692306 0.11974582932692307
1 0.16866769951923077 0.09112871394230769 0.18092565625 0.13687603365384615 0.2212983389423077 0.12605820673076923 0.2090403798076923 0.08031088701923077 0.16866769951923077 0.09112871394230769
1 0.24544830048076924 0.14072413461538463 0.25544159134615385 0.17801960336538464 0.287966125 0.16930468028846152 0.2779728341346154 0.13200921153846154 0.24544830048076924 0.14072413461538463
1 0.22777939663461538 0.06421807932692308 0.23928246634615385 0.10714811538461538 0.2737690360576923 0.09790746634615385 0.26226596634615384 0.05497743028846154 0.22777939663461538 0.06421807932692308
1 0.30376228125 0.11445861057692307 0.29499119230769233 0.08172445673076924 0.27114489903846156 0.08811405048076923 0.2799159879807692 0.12084820432692307 0.30376228125 0.11445861057692307
1 0.33283420432692307 0.15685094951923076 0.32632778124999995 0.13256864663461537 0.30617917067307693 0.13796745192307694 0.31268559615384617 0.1622497548076923 0.33283420432692307 0.15685094951923076
1 0.34155228125 0.1999520673076923 0.33321255528846155 0.16882779326923075 0.3104982067307693 0.17491408413461537 0.3188379302884616 0.20603836057692307 0.34155228125 0.1999520673076923
1 0.3683653774038461 0.21821806009615383 0.3600256514423077 0.18709378605769228 0.3391978774038461 0.19267456971153846 0.3475376009615384 0.22379884615384615 0.3683653774038461 0.21821806009615383
1 0.32330134615384615 0.12489606490384617 0.3342292620192308 0.16567959855769232 0.3543778701923077 0.16028079567307693 0.3434499567307692 0.11949726201923078 0.32330134615384615 0.12489606490384617
1 0.3785476153846154 0.2797631346153846 0.37153793269230767 0.2536026442307692 0.3338819182692308 0.26369254086538463 0.3408916009615384 0.2898530336538462 0.3785476153846154 0.2797631346153846
1 0.38681544711538457 0.3106190985576923 0.38034496875 0.28647095432692304 0.3488769182692308 0.2949027932692308 0.3553473942307692 0.3190509375 0.38681544711538457 0.3106190985576923
1 0.4101806706730769 0.3096785745192308 0.4036383004807692 0.2852621153846154 0.3816031177884615 0.2911664254807692 0.38814548798076925 0.31558288221153846 0.4101806706730769 0.3096785745192308
1 0.42559535336538457 0.37384769230769227 0.41901703605769225 0.3492970769230769 0.36098602403846153 0.36484643990384613 0.36756434134615384 0.3893970552884615 0.42559535336538457 0.37384769230769227
1 0.4554119134615385 0.38340055048076926 0.45070284615384615 0.3658260649038461 0.42413988461538465 0.37294358894230767 0.42884895432692305 0.3905180745192308 0.4554119134615385 0.38340055048076926
1 0.4704583701923077 0.3861269158653846 0.46671987259615383 0.37217465384615384 0.4507217259615385 0.37646134375 0.45446022355769233 0.3904136057692308 0.4704583701923077 0.3861269158653846
1 0.4376792932692308 0.3181270600961538 0.44281972596153846 0.3373114206730769 0.4578368557692307 0.33328759375 0.4526964206730769 0.3141032331730769 0.4376792932692308 0.3181270600961538
1 0.4083053221153846 0.31535745192307696 0.4132660216346154 0.3338710336538462 0.4405836105769231 0.32655130528846155 0.4356229110576923 0.3080377259615385 0.4083053221153846 0.31535745192307696
1 0.3886126754807692 0.23220424038461537 0.39414852884615387 0.2528643221153846 0.4086374158653846 0.2489820360576923 0.40310156490384613 0.22832195673076922 0.3886126754807692 0.23220424038461537
1 0.37771382932692305 0.19515141586538462 0.3836091514423077 0.2171530576923077 0.3962869278846154 0.2137560576923077 0.39039160576923077 0.1917544158653846 0.37771382932692305 0.19515141586538462
1 0.4701141995192308 0.5629350288461539 0.46314046394230773 0.5369086947115385 0.41175019230769233 0.5506786754807692 0.4187239278846154 0.5767050096153846 0.4701141995192308 0.5629350288461539
1 0.47992003846153847 0.5515364735576923 0.4755704399038461 0.5353035528846154 0.46357182932692304 0.5385185721153847 0.4679214278846154 0.5547514903846154 0.47992003846153847 0.5515364735576923
1 0.49586082451923075 0.5488468221153846 0.4911158076923077 0.5311381850961538 0.47428756971153846 0.535647298076923 0.4790325841346154 0.5533559375 0.49586082451923075 0.5488468221153846
1 0.4351936081730769 0.4978096033653846 0.43810532451923073 0.5086762692307693 0.47893078125 0.49773712019230765 0.47601906730769233 0.48687045432692305 0.4351936081730769 0.4978096033653846
1 0.4285050673076923 0.2358939447115385 0.4242273629807692 0.21992933653846156 0.41087042067307694 0.22350831730769233 0.415148125 0.23947292548076923 0.4285050673076923 0.2358939447115385
1 0.4029906105769231 0.19168565384615383 0.4075558918269231 0.20872351201923076 0.42098829567307694 0.20512431009615384 0.41642301682692306 0.18808645192307694 0.4029906105769231 0.19168565384615383
1 0.3965231850961538 0.16121000240384614 0.40126819951923076 0.17891864423076922 0.41462514423076924 0.1753396610576923 0.40988012740384616 0.15763101923076925 0.3965231850961538 0.16121000240384614
1 0.43758151682692303 0.22569734615384615 0.4333757067307692 0.21000105048076925 0.4207733918269231 0.21337783173076924 0.4249792019230769 0.22907412500000002 0.43758151682692303 0.22569734615384615
1 0.45050864903846155 0.2386254014423077 0.44554795192307695 0.22011182451923078 0.43354934134615386 0.22332684134615383 0.43851003846153846 0.24184042067307693 0.45050864903846155 0.2386254014423077
1 0.4452864543269231 0.27165812500000003 0.4502471538461539 0.2901717019230769 0.4642078004807692 0.28643095913461536 0.4592471009615385 0.2679173822115385 0.4452864543269231 0.27165812500000003
1 0.4328985288461539 0.2607424134615385 0.43850627403846154 0.28167080528846156 0.45510812259615385 0.27722235336538464 0.44950037740384613 0.25629396153846157 0.4328985288461539 0.2607424134615385
1 0.3633843028846154 0.21351362259615386 0.3716880817307692 0.24450374519230772 0.39304409615384617 0.23878141826923077 0.3847403197115385 0.20779129567307694 0.3633843028846154 0.21351362259615386
1 0.4024344014423077 0.24273576923076925 0.4084375649038462 0.26513988221153845 0.42594496875 0.2604487860576923 0.4199418052884616 0.23804467307692306 0.4024344014423077 0.24273576923076925
1 0.1236756875 0.08319770432692307 0.13086510576923077 0.11002897836538462 0.17206787980769228 0.09898872836538461 0.16487846153846153 0.07215745432692308 0.1236756875 0.08319770432692307
1 0.7128992475961538 0.1952064783653846 0.7164939567307692 0.2086221153846154 0.73098284375 0.20473982932692308 0.7273881346153845 0.1913241923076923 0.7128992475961538 0.1952064783653846
1 0.7041970024038461 0.16906814182692306 0.7084387572115385 0.18489859375 0.7256443125 0.1802883798076923 0.7214025552884615 0.16445792788461538 0.7041970024038461 0.16906814182692306
1 0.6964722043269231 0.14295547596153846 0.7006420673076923 0.15851761538461537 0.7158101225961538 0.15445334855769233 0.7116402596153846 0.13889120673076924 0.6964722043269231 0.14295547596153846