1 0.7899473413461539 0 0.7967194975961539 0.07740609375 0.9113597139423076 0.067376375 0.9054650456730768 0 0.7899473413461539 0
1 0.8029213004807693 0.17159900480769233 0.7929637548076923 0.057783759615384615 0.7079758966346154 0.06521923317307693 0.7179334399038461 0.1790344783653846 0.8029213004807693 0.17159900480769233
1 0.723018235576923 0.22012266346153847 0.7157843076923077 0.13743850240384614 0.6743021370192307 0.14106772115384614 0.6815360649038461 0.22375188221153847 0.723018235576923 0.22012266346153847
1 0.6850907932692307 0.2625898581730769 0.6798723437499999 0.20294269951923075 0.6480408100961538 0.2057275985576923 0.6532592596153847 0.2653747548076923 0.6850907932692307 0.2625898581730769
1 0.6571161129807692 0.2906347307692308 0.6525731201923077 0.2387080817307692 0.62844653125 0.24081888461538462 0.6329895240384615 0.29274553365384615 0.6571161129807692 0.2906347307692308
1 0.5914724375 0 0.5902125216346155 0.00011022836538461539 0.5957251225961538 0.06311954326923076 0.627478829326923 0.060341454326923075 0.6221996370192309 0 0.5914724375 0
1 0.6080416298076923 0.10708840384615384 0.6043375096153846 0.0647501298076923 0.5851918942307692 0.06642515384615386 0.5888960120192308 0.10876342788461539 0.6080416298076923 0.10708840384615384
1 0.08333787259615384 0.03479425 0.09384013942307692 0.15483570913461536 0.16209504086538462 0.14886418028846155 0.15159277403846153 0.02882271875 0.08333787259615384 0.03479425
1 0.21834354807692308 0.20555251682692305 0.20986765144230768 0.10867258173076923 0.1572561201923077 0.11327549278846154 0.16573201442307692 0.21015542788461536 0.21834354807692308 0.20555251682692305
1 0.2586608004807692 0.25673339423076924 0.2523420096153846 0.18450927884615384 0.21241639182692307 0.1880023173076923 0.21873518509615383 0.26022643269230766 0.2586608004807692 0.25673339423076924
1 0.2798964471153846 0.29239328124999997 0.27501572596153845 0.2366063798076923 0.25229003365384617 0.2385946201923077 0.2571707548076923 0.2943815216346154 0.2798964471153846 0.29239328124999997
1 0.3040631995192308 0.3176330552884616 0.29978167307692305 0.2686949903846154 0.2767446706730769 0.27071046875 0.2810261971153846 0.31964853365384616 0.3040631995192308 0.3176330552884616
1 0 0.48238584375 0.12203352644230768 0.4717092932692308 0.11337242307692308 0.37271244711538465 0 0.38263124759615386 0 0.48238584375
1 0.19380918990384616 0.479985125 0.18850358413461538 0.4193417716346154 0.11923692067307692 0.42540181971153845 0.12454252644230769 0.4860451730769231 0.19380918990384616 0.479985125
1 0.29565113221153844 0.4966725144230769 0.29208863942307695 0.45595305769230765 0.23714227644230768 0.46076024038461544 0.24070476682692307 0.5014796995192308 0.29565113221153844 0.4966725144230769
1 0.2401351923076923 0.49048751201923074 0.23597350721153848 0.44291921634615383 0.19091126201923075 0.4468616514423077 0.19507294951923076 0.4944299471153846 0.2401351923076923 0.49048751201923074
1 0.5008485697115385 0.6163688605769231 0.4996610721153846 0.6027957091346153 0.44985133653846154 0.6071534951923077 0.45103883413461543 0.6207266490384615 0.5008485697115385 0.6163688605769231
1 0.31485114903846156 0.5018939927884616 0.3122909495192308 0.47263077403846154 0.2932231610576923 0.47429898798076925 0.29578336057692306 0.5035622091346154 0.31485114903846156 0.5018939927884616
1 0.6375810048076923 0.32371320192307695 0.633310375 0.2748996610576923 0.6090281274038462 0.27702408173076926 0.6132987596153846 0.32583762259615384 0.6375810048076923 0.32371320192307695
1 0.6148457740384615 0.3435200769230769 0.6115992235576923 0.30641182451923077 0.59463278125 0.30789619711538463 0.5978793341346154 0.34500444951923076 0.6148457740384615 0.3435200769230769
1 0.593243045673077 0.1459008798076923 0.5896260817307692 0.10455879807692307 0.575383610576923 0.10580485336538462 0.5790005745192308 0.1471469326923077 0.593243045673077 0.1459008798076923
1 0.9980086274038461 0.45630441346153844 0.9913303173076924 0.3799709951923077 0.9003497235576923 0.38793076442307695 0.9070280336538462 0.46426418509615386 0.9980086274038461 0.45630441346153844
1 0.9062887043269231 0.4611919302884615 0.9005037427884616 0.3950695072115385 0.8013512379807692 0.4037442259615384 0.807136201923077 0.46986664903846154 0.9062887043269231 0.4611919302884615
1 0.8063095769230769 0.47834596153846154 0.8017121105769232 0.42579668990384617 0.7318228269230769 0.4319112115384615 0.7364202932692308 0.48446048076923076 0.8063095769230769 0.47834596153846154
1 0.736666235576923 0.4836860985576923 0.7338009903846154 0.4509361995192308 0.6897505072115385 0.4547901153846154 0.6926157524038461 0.48754001682692305 0.736666235576923 0.4836860985576923
1 0.8482247163461539 0.8677998052884616 0.8397488197115385 0.7709198701923078 0.7551500985576923 0.7783213004807692 0.7636259927884615 0.8752012355769231 0.8482247163461539 0.8677998052884616
1 0.965715375 0.9611651033653845 0.9544178124999999 0.8320333653846154 0.8421124254807691 0.8418588124999999 0.8534099879807692 0.9709905504807692 0.965715375 0.9611651033653845
1 0.7623224254807692 0.8020364350961539 0.7564503076923077 0.7349178173076923 0.714501170673077 0.738587889423077 0.7203732884615385 0.8057065072115385 0.7623224254807692 0.8020364350961539
1 0.17856818028846153 0.9664144759615384 0.1669546778846154 0.8336715336538462 0.042196855769230775 0.8445864278846155 0.05381036057692308 0.9773293725961539 0.17856818028846153 0.9664144759615384
1 0.233799 0.8581889639423077 0.22626002884615384 0.7720181225961539 0.16065126682692307 0.7777581442307693 0.16819024038461539 0.863928985576923 0.233799 0.8581889639423077
1 0.26582263942307693 0.797542139423077 0.2604843509615385 0.7365252139423077 0.21861304326923078 0.7401884783653846 0.22395133173076923 0.8012054038461538 0.26582263942307693 0.797542139423077
1 0.4471117740384616 0.6099027259615385 0.4460005384615385 0.5972012427884615 0.40171656971153846 0.6010755889423077 0.40282780528846157 0.6137770697115384 0.4471117740384616 0.6099027259615385
1 0.30571143749999996 0.7461199254807693 0.30186568990384616 0.7021628341346153 0.25913827884615387 0.7059009975961538 0.26298402403846155 0.7498580889423077 0.30571143749999996 0.7461199254807693
1 0.2999151875 0.2998017259615385 0.30353215144230766 0.3411438052884615 0.32470128846153845 0.3392917451923077 0.32108432451923075 0.2979496658653846 0.2999151875 0.2998017259615385
1 0.3182556850961538 0.33195058173076925 0.32065246875 0.35934593509615387 0.3325601081730769 0.3583041514423077 0.3301633269230769 0.3309087980769231 0.3182556850961538 0.33195058173076925
1 0.3304776274038461 0.34167236298076925 0.33323392788461537 0.37317702163461536 0.34677594951923074 0.37199224759615385 0.34401964903846155 0.34048759134615386 0.3304776274038461 0.34167236298076925
1 0.30678365625 0.07622733173076923 0.30292701442307696 0.032145716346153846 0.2862718846153846 0.033602850961538464 0.2901285264423077 0.07768446634615385 0.30678365625 0.07622733173076923
1 0.5508497043269232 0.6168879495192308 0.5496513125 0.6031902740384616 0.5032659975961539 0.6072484615384616 0.5044643894230769 0.620946139423077 0.5508497043269232 0.6168879495192308
1 0.7154924975961539 0.756193485576923 0.7109495048076924 0.7042668365384616 0.6819197692307692 0.7068066081730768 0.6864627620192307 0.7587332572115385 0.7154924975961539 0.756193485576923
1 0.6823258557692308 0.7222048100961539 0.6790466201923077 0.6847229855769231 0.6581887932692307 0.6865478100961538 0.6614680288461539 0.7240296346153846 0.6823258557692308 0.7222048100961539
1 0.6923013076923077 0.48932421153846156 0.6900788365384615 0.4639212475961539 0.6570020600961539 0.46681509134615384 0.65922453125 0.4922180552884615 0.6923013076923077 0.48932421153846156
1 0.5879731418269231 0.37071567067307687 0.5862518173076923 0.3510408245192308 0.571931516826923 0.35229368749999995 0.5736528437499999 0.3719685336538462 0.5879731418269231 0.37071567067307687
1 0.5650292091346154 0.4015828245192308 0.5632643052884615 0.3814098822115385 0.5531467019230769 0.38229505769230765 0.5549116057692308 0.40246800000000005 0.5650292091346154 0.4015828245192308
1 0.6593910096153847 0.49860284134615385 0.6575498461538462 0.4775582283653846 0.6314775625 0.4798392572115385 0.6333187283653847 0.5008838701923077 0.6593910096153847 0.49860284134615385
1 0.6330011514423077 0.5044250240384616 0.6310292524038462 0.4818861201923077 0.610482735576923 0.4836837067307692 0.6124546346153846 0.5062226105769231 0.6330011514423077 0.5044250240384616
1 0.5621323245192308 0.13720426442307693 0.5658255504807692 0.17941801442307692 0.5830254735576923 0.17791321634615384 0.57933225 0.13569946634615385 0.5621323245192308 0.13720426442307693