1 0 0.8355418701923077 0.23268453846153847 0.8477363509615384 0.24422752403846154 0.6274830576923077 0 0.6146836370192308 0 0.8355418701923077
1 0.6275209302884615 0.6208673533653847 0.6285240360576924 0.6017269519230769 0.5849120120192308 0.59944134375 0.58390890625 0.6185817427884616 0.6275209302884615 0.6208673533653847
1 0.7673731466346154 0.6437736009615385 0.7684198653846154 0.6238010096153845 0.705303358173077 0.6204932139423077 0.7042566394230769 0.6404658052884616 0.7673731466346154 0.6437736009615385
1 0.7126108894230769 0.6079417908653846 0.7117022788461539 0.6252791105769231 0.7681872620192307 0.6282393629807692 0.7690958725961539 0.6109020432692308 0.7126108894230769 0.6079417908653846
1 0.7730345625 0.614863608173077 0.7740885504807692 0.5947523197115385 0.7108940264423077 0.5914404350961538 0.7098400384615384 0.6115517235576923 0.7730345625 0.614863608173077
1 0.7631495625 0.5959870649038461 0.7641017860576922 0.5778175552884616 0.7153405793269231 0.5752620889423077 0.7143883557692308 0.5934315985576923 0.7631495625 0.5959870649038461
1 0.816440608173077 0.6509347379807693 0.8183014399038462 0.6154279110576923 0.7628306899038461 0.6125208125 0.7609698581730769 0.648027639423077 0.816440608173077 0.6509347379807693
1 0.6946555961538461 0.6325914206730769 0.6953824831730769 0.6187215673076923 0.6451389350961538 0.6160884134615384 0.6444120456730769 0.629958266826923 0.6946555961538461 0.6325914206730769
1 0.6993197235576923 0.6182325120192308 0.7000829567307693 0.6036691634615384 0.6452363509615384 0.6007947740384615 0.6444731177884615 0.6153581225961539 0.6993197235576923 0.6182325120192308
1 0.6451830600961539 0.58688403125 0.6442235673076924 0.6051922403846154 0.6977438677884616 0.6079971201923077 0.6987033605769231 0.5896889110576923 0.6451830600961539 0.58688403125
1 0.7020179086538462 0.593617766826923 0.7027447956730769 0.5797479134615384 0.6457136875 0.5767590384615384 0.6449868004807692 0.590628891826923 0.7020179086538462 0.593617766826923
1 0.6486323461538461 0.5628649711538461 0.6478981899038462 0.5768735240384616 0.6985318269230769 0.5795271201923077 0.6992659855769231 0.5655185673076922 0.6486323461538461 0.5628649711538461
1 0.7010841442307693 0.5636667403846154 0.7017819567307693 0.5503516778846154 0.6487297620192307 0.5475713293269231 0.6480319495192308 0.5608863918269231 0.7010841442307693 0.5636667403846154
1 0.6489647980769231 0.5356228149038461 0.648339673076923 0.5475508870192308 0.7007677235576922 0.5502985240384615 0.7013928485576923 0.538370451923077 0.6489647980769231 0.5356228149038461
1 0.7055529951923076 0.54109190625 0.7064543365384615 0.5238932860576923 0.6501253894230768 0.5209412091346154 0.6492240456730769 0.5381398317307693 0.7055529951923076 0.54109190625
1 0.6491736754807692 0.5107385288461539 0.6483377548076923 0.5266888629807692 0.7025602187500001 0.5295305432692308 0.703396139423077 0.5135802091346154 0.6491736754807692 0.5107385288461539
1 0.7069849639423077 0.5137682908653847 0.7077772716346153 0.49865015144230773 0.6507461634615385 0.4956612764423077 0.6499538557692308 0.5107794182692308 0.7069849639423077 0.5137682908653847
1 0.6524291346153847 0.48295416346153847 0.6513606081730768 0.5033428485576923 0.7051929807692308 0.5061640841346153 0.7062615072115384 0.48577539903846156 0.6524291346153847 0.48295416346153847
1 0.705963483173077 0.49146203846153846 0.7069593197115385 0.47246033653846153 0.6535170360576923 0.4696595456730769 0.6525211995192308 0.4886612475961538 0.705963483173077 0.49146203846153846
1 0.6562486442307692 0.4578418677884616 0.6554199927884615 0.4736535024038462 0.7021527331730769 0.4761026610576923 0.7029813870192307 0.4602910264423077 0.6562486442307692 0.4578418677884616
1 0.6996004374999999 0.46957124519230764 0.7006616947115384 0.4493212572115385 0.6572057067307693 0.4470438269230769 0.6561444495192308 0.4672938125 0.6996004374999999 0.46957124519230764
1 0.6605963533653847 0.4301147427884615 0.6595060216346155 0.4509195264423077 0.7001533629807692 0.45304976442307693 0.7012436971153846 0.43224498076923074 0.6605963533653847 0.4301147427884615
1 0.7041153317307691 0.4386540528846154 0.7049803293269231 0.4221489278846154 0.6564531754807692 0.4196057283653846 0.6555881778846153 0.4361108533653846 0.7041153317307691 0.4386540528846154
1 0.657504733173077 0.40700460336538463 0.656639735576923 0.42350972836538464 0.7047768004807692 0.4260324855769231 0.7056417980769231 0.40952736057692307 0.657504733173077 0.40700460336538463
1 0.7072326802884615 0.41350496153846156 0.7081630985576923 0.3957515456730769 0.6582316201923077 0.3931347475961538 0.6573012043269231 0.41088816346153845 0.7072326802884615 0.41350496153846156
1 0.6606293509615385 0.3817168076923077 0.6596989326923077 0.3994702235576923 0.7056514951923076 0.40187849519230767 0.7065819134615385 0.3841250817307692 0.6606293509615385 0.3817168076923077
1 0.7067684735576923 0.38802908413461534 0.7075317067307693 0.37346573798076926 0.6636856274038462 0.37116786298076926 0.6629223966346154 0.38573120913461534 0.7067684735576923 0.38802908413461534
1 0.6632257692307693 0.3590438461538462 0.6622299326923078 0.3780455456730769 0.7049837596153845 0.3802861778846154 0.7059795961538462 0.36128447836538463 0.6632257692307693 0.3590438461538462
1 0.7070064278846153 0.3625900096153846 0.7077333173076923 0.34872015384615385 0.6624829158653847 0.34634868028846155 0.6617560264423077 0.3602185360576923 0.7070064278846153 0.3625900096153846
1 0.9469408822115385 0.6373292836538462 0.9479003749999999 0.6190210745192307 0.9049905120192308 0.616772264423077 0.9040310192307692 0.6350804735576923 0.9469408822115385 0.6373292836538462
1 0.9739147307692307 0.643610704326923 0.9747070384615385 0.6284925625 0.9449822067307692 0.62693475 0.9441898990384616 0.642052891826923 0.9739147307692307 0.643610704326923
1 0.9907389783653847 0.6494992884615385 0.9916039735576923 0.6329941610576924 0.9723335456730768 0.6319842427884615 0.9714685480769231 0.6484893677884614 0.9907389783653847 0.6494992884615385
1 0.9922770600961539 0.6335857548076922 0.9931711322115385 0.6165258317307691 0.9778016009615385 0.6157203485576923 0.9769075288461538 0.6327802716346155 0.9922770600961539 0.6335857548076922
1 0.9920425384615386 0.6171620841346154 0.9929729543269231 0.5994086682692308 0.9783836009615385 0.5986440721153846 0.9774531850961539 0.6163974879807692 0.9920425384615386 0.6171620841346154
1 0.9937768798076922 0.5975036899038462 0.9944746923076924 0.5841886274038461 0.9801974110576922 0.5834403870192307 0.9794995985576923 0.5967554495192308 0.9937768798076922 0.5975036899038462
1 0.9816851033653846 0.5625173485576923 0.9805875 0.5834608317307692 0.9948647836538461 0.5842090721153845 0.9959623846153847 0.5632655889423077 0.9816851033653846 0.5625173485576923
1 0.9825137548076923 0.5467057163461538 0.9814524975961538 0.5669557043269231 0.9953396899038461 0.5676835 0.9964009471153846 0.5474335144230769 0.9825137548076923 0.5467057163461538
1 0.9835459375 0.5270105216346154 0.9823829158653846 0.5492022908653846 0.9962701081730769 0.5499300865384615 0.9974331274038462 0.5277383197115385 0.9835459375 0.5270105216346154
1 0.9845417740384614 0.5080088221153847 0.9835459375 0.5270105216346154 0.9974331274038462 0.5277383197115385 0.9984289663461539 0.5087366201923077 0.9845417740384614 0.5080088221153847
1 0.9844744350961538 0.4883950841346154 0.9832459927884615 0.5118351394230769 0.9979133653846154 0.5126038245192308 0.9991418052884615 0.48916376923076926 0.9844744350961538 0.4883950841346154
1 1 0.47516171634615384 0.9848965192307693 0.4743701778846154 0.9839297596153845 0.49281708173076927 1 0.4936592884615385 1 0.47516171634615384
1 1 0.45360439423076926 0.9867253581730769 0.4529086995192308 0.9853660769230769 0.4788453269230769 1 0.47961225721153844 1 0.45360439423076926
1 1 0.44219987740384614 0.9859170841346153 0.44146182211538465 0.9849212475961538 0.4604635240384616 1 0.4612537692307692 1 0.44219987740384614
1 1 0.4205034759615385 0.9884553533653846 0.4198984471153846 0.9871614903846153 0.4445867860576923 1 0.44525962259615387 1 0.4205034759615385
1 1 0.3935220528846154 0.9879150673076923 0.3928887091346154 0.9861923413461539 0.4257602644230769 1 0.4264838918269231 1 0.3935220528846154
1 1 0.3584740216346154 0.9601780288461538 0.35638704086538464 0.9585134543269231 0.38814900721153844 1 0.39032322596153846 1 0.3584740216346154
1 1 0.3793359447115385 0.960335983173077 0.3772572427884615 0.9590784663461539 0.40125209134615386 1 0.4033966971153846 1 0.3793359447115385
1 0.9932633894230769 0.42070674278846154 0.9947607788461539 0.39213484134615384 0.9596527091346154 0.39029490625 0.9581553197115384 0.4188668076923077 0.9932633894230769 0.42070674278846154
1 0.9864166971153847 0.43342139423076925 0.9876160625 0.4105361346153846 0.9623382524038462 0.40921138221153847 0.9611388870192308 0.4320966418269231 0.9864166971153847 0.43342139423076925
1 0.9881064254807692 0.44894777163461536 0.9892549086538461 0.42703340384615385 0.9627288125 0.4256432307692308 0.9615803269230769 0.44755759855769234 0.9881064254807692 0.44894777163461536
1 0.9860004110576923 0.46524878125 0.9873160769230769 0.44014434375 0.9596197115384615 0.43869283894230765 0.9583040432692307 0.46379727644230767 0.9860004110576923 0.46524878125
1 0.9869298245192308 0.48184794951923077 0.9881364591346155 0.45882399278846153 0.9586456802884615 0.4572784471153846 0.9574390456730769 0.48030240384615386 0.9869298245192308 0.48184794951923077
1 0.9805909759615384 0.4968144879807692 0.981797610576923 0.4737905288461538 0.9602646610576924 0.4726620360576923 0.9590580264423078 0.4956859951923077 0.9805909759615384 0.4968144879807692
1 0.9840368317307693 0.5146581730769231 0.9852434663461539 0.49163421634615384 0.9574690817307693 0.49017862259615386 0.9562624471153847 0.5132025793269231 0.9840368317307693 0.5146581730769231
1 0.9830046490384615 0.5343533701923077 0.9840949831730769 0.5135485865384616 0.9581930288461538 0.5121911225961538 0.9571026971153846 0.5329959062499999 0.9830046490384615 0.5343533701923077
1 0.9810149375 0.5484351995192308 0.9818726658653846 0.5320687716346154 0.9559707115384615 0.5307113076923077 0.9551129831730769 0.5470777355769231 0.9810149375 0.5484351995192308
1 0.9795839471153845 0.5637980288461539 0.9804489447115384 0.5472929014423077 0.9551711346153847 0.5459681490384616 0.9543061370192307 0.5624732740384615 0.9795839471153845 0.5637980288461539
1 0.9816526153846153 0.58254309375 0.9828011009615385 0.5606287259615385 0.955104733173077 0.5591772211538462 0.95395625 0.5810915889423077 0.9816526153846153 0.58254309375
1 0.9781437283653845 0.603221125 0.9792922115384616 0.5813067548076923 0.9540144014423078 0.579982 0.9528659182692307 0.6018963725961538 0.9781437283653845 0.603221125
1 0.9777439399038462 0.6108495456730769 0.9784272139423076 0.5978118822115385 0.9519011177884615 0.5964217091346155 0.9512178413461538 0.6094593725961539 0.9777439399038462 0.6108495456730769
1 0.9751727163461539 0.6360272596153845 0.9764956514423078 0.610784125 0.9512178413461538 0.6094593725961539 0.94989490625 0.6347025072115385 0.9751727163461539 0.6360272596153845