4 1 0.45700422115384615 0.7637843942307693 0.41535303605769236 0.6640452211538462 0.9810019879807693 0.7717883004807693 1 0.9078882740384615 1 1 0.4776084519230769 1 0.45700422115384615
4 1 0.5125353629807692 0.9807937932692308 0.5091487908653846 0.8942434807692308 1 0.9175665600961539 1 1 0.5324967379807692 1 0.5125353629807692
1 0.6576766105769232 0.16140287019230767 0.6657801923076924 0.11544517548076924 0.47474287740384613 0.08176014423076923 0.46663929567307694 0.12771783653846153 0.6576766105769232 0.16140287019230767
1 0.647542627403846 0.1864824735576923 0.6545247307692308 0.14688499278846154 0.47033490625 0.11440735817307691 0.4633528004807692 0.15400483653846153 0.647542627403846 0.1864824735576923
1 0.6450932836538462 0.21207089423076922 0.6507730240384616 0.1798594735576923 0.48627935576923076 0.15085480048076924 0.48059961298076925 0.18306622115384613 0.6450932836538462 0.21207089423076922
1 0.645943358173077 0.23919305528846155 0.6518401610576923 0.205750625 0.4667270793269231 0.1731101923076923 0.46083027644230773 0.20655262259615384 0.645943358173077 0.23919305528846155
1 0.63914446875 0.2620048365384615 0.6440645 0.23410194951923075 0.46518340384615386 0.20256038461538461 0.46026337259615385 0.23046327163461539 0.63914446875 0.2620048365384615
1 0.6365504182692308 0.2884139302884615 0.64224825 0.25609992548076926 0.4586739278846154 0.22373081971153846 0.4529760985576923 0.2560448245192308 0.6365504182692308 0.2884139302884615
1 0.6222806153846154 0.3180529567307693 0.6276166778846155 0.2877906322115385 0.4618150600961538 0.2585553341346154 0.45647899759615385 0.28881765625 0.6222806153846154 0.3180529567307693
1 0.5355788822115385 0.35670963942307693 0.5414395096153846 0.3234723774038461 0.48742895913461537 0.31394886057692306 0.48156833173076924 0.34718612259615383 0.5355788822115385 0.35670963942307693
1 0.6555219206730769 0.1254830096153846 0.6635712379807692 0.0798330673076923 0.4808432355769231 0.04761318990384615 0.47279391826923073 0.09326313221153847 0.6555219206730769 0.1254830096153846
1 0.5362182524038461 0.07324334134615385 0.5425853533653846 0.0371337235576923 0.49457597355769234 0.028668375 0.488208875 0.06477799278846154 0.5362182524038461 0.07324334134615385
1 0.48640695432692305 0.05970045192307692 0.49297302644230767 0.022462411057692307 0.46281328846153846 0.017144435096153845 0.45624721875 0.054382478365384616 0.48640695432692305 0.05970045192307692
1 0.48502532451923075 0.08283280288461539 0.49169992548076924 0.044979254807692305 0.4593859230769231 0.039281423076923075 0.4527113197115385 0.07713497115384614 0.48502532451923075 0.08283280288461539
1 0.4696865552884616 0.10593692307692308 0.47605365625 0.06982730528846154 0.45551118269230767 0.06620511298076923 0.44914408173076925 0.10231473076923077 0.4696865552884616 0.10593692307692308
1 0.4694090673076923 0.12820622355769232 0.47476321875 0.09784131971153845 0.4496813966346154 0.09341871634615385 0.4443272451923077 0.1237836201923077 0.4694090673076923 0.12820622355769232
1 0.46601404326923074 0.15510872596153844 0.47183849278846157 0.12207663461538462 0.45083438942307696 0.11837304326923077 0.44500993990384613 0.15140513701923078 0.46601404326923074 0.15510872596153844
1 0.4191678293269231 0.17963829326923075 0.4238888894230769 0.15286383173076923 0.3618767764423077 0.14192942307692308 0.35715571634615384 0.1687038846153846 0.4191678293269231 0.17963829326923075
1 0.4234005048076923 0.15563360336538462 0.42741611778846156 0.13285992548076922 0.37055885817307693 0.12283445432692308 0.3665432427884615 0.1456081346153846 0.4234005048076923 0.15563360336538462
1 0.3770683341346154 0.1016640216346154 0.37279948317307693 0.12587387980769232 0.4275794134615385 0.13553306009615385 0.4318482644230769 0.11132320192307692 0.3770683341346154 0.1016640216346154
1 0.38166302644230765 0.07740584615384614 0.37723137980769234 0.10253896153846154 0.4364737211538462 0.11298498317307692 0.4409053677884615 0.08785186778846153 0.38166302644230765 0.07740584615384614
1 0.38962515625000005 0.055645362980769233 0.3848679182692308 0.08262499278846154 0.43741664423076926 0.09189075240384616 0.44217388221153847 0.06491112259615385 0.38962515625000005 0.055645362980769233
1 0.3179237524038462 0.013280088942307693 0.31244298317307695 0.044363084134615385 0.4417759375 0.06716797355769231 0.4472567091346154 0.036084978365384615 0.3179237524038462 0.013280088942307693
1 0.30400269951923076 0 0.2997276033653846 0.024245278846153847 0.4407551490384615 0.04911224278846154 0.4467423942307692 0.015156891826923076 0.3607833894230769 0 0.30400269951923076 0
1 0.3115939014423077 0 0.44618240625000005 0.023731586538461538 0.45036692548076923 0 0.3115939014423077 0
1 0.16009770913461538 0 0.15773803846153844 0.013382353365384616 0.3128452596153846 0.04073193990384615 0.31839838461538467 0.009238608173076923 0.26600363701923074 0 0.16009770913461538 0
1 0.31392640144230766 0.06969299519230769 0.32051056009615386 0.03235236778846154 0.15178529567307691 0.0026015504807692306 0.1452011346153846 0.03994217788461539 0.31392640144230766 0.06969299519230769
1 0.3066569639423077 0.09337376682692308 0.3119568509615384 0.06331661298076924 0.14723236778846155 0.03427124278846154 0.14193248076923076 0.06432839663461538 0.3066569639423077 0.09337376682692308
1 0.29752725721153844 0.11545724278846155 0.3027547908653846 0.08581042548076923 0.14280047115384614 0.057606161057692305 0.1375729375 0.08725298076923077 0.29752725721153844 0.11545724278846155
1 0.29324031971153847 0.13976968509615384 0.29752725721153844 0.11545724278846155 0.1375729375 0.08725298076923077 0.13328599759615384 0.11156542067307693 0.29324031971153847 0.13976968509615384
1 0.28081552884615385 0.158945125 0.28446937499999997 0.1382231298076923 0.13328599759615384 0.11156542067307693 0.12963214903846154 0.13228741826923077 0.28081552884615385 0.158945125
1 0.2763838822115385 0.1840782403846154 0.28081552884615385 0.158945125 0.12963214903846154 0.13228741826923077 0.12520050480769232 0.15742053365384615 0.2763838822115385 0.1840782403846154
1 0.23155776682692306 0.38296158413461534 0.2383589879807692 0.3443899495192308 0.042782322115384616 0.3099045048076923 0.03598110096153846 0.34847614182692305 0.23155776682692306 0.38296158413461534
1 0.21338346153846155 0.420797125 0.22186689903846152 0.3726851610576923 0.03698462980769231 0.3400854278846154 0.028501192307692307 0.3881973918269231 0.21338346153846155 0.420797125
1 0.19995922596153845 0.4451907908653846 0.20761059855769232 0.4017976995192308 0.032499468749999996 0.37092088221153846 0.02484809615384615 0.4143139735576923 0.19995922596153845 0.4451907908653846
1 0.19331087980769232 0.47659677884615387 0.20110695913461538 0.4323830144230769 0.02853478846153846 0.4019538846153846 0.020738709134615382 0.4461676490384615 0.19331087980769232 0.47659677884615387
3 0.11467190625 0.1761899110576923 0.11971855769230769 0.14756893509615385 0.06355374038461538 0.1376655625 0.058507091346153846 0.16628653846153846 0.11467190625 0.1761899110576923
3 0.11090978125 0.19932560576923078 0.11590216586538461 0.17101238461538462 0.06050673076923077 0.16124467307692306 0.05551434375 0.18955789663461536 0.11090978125 0.19932560576923078
3 0.10627916346153846 0.22558714663461538 0.11154287259615384 0.19573516105769231 0.05830170432692308 0.1863473076923077 0.05303799278846154 0.21619929086538464 0.10627916346153846 0.22558714663461538
3 0.10282937259615385 0.2492010096153846 0.10753234375 0.22252913461538462 0.05629156490384615 0.21349400240384617 0.051588593749999995 0.24016587740384615 0.10282937259615385 0.2492010096153846
3 0.09673668028846152 0.27340659615384616 0.10156627163461539 0.2460166298076923 0.05209506971153846 0.23729352403846155 0.04726547836538461 0.26468348798076924 0.09673668028846152 0.27340659615384616
3 0.09286602403846154 0.29715779807692305 0.09760517067307693 0.2702807548076923 0.047210711538461535 0.26139485096153847 0.042471564903846154 0.28827189423076927 0.09286602403846154 0.29715779807692305
3 0.09151240384615383 0.32642995432692307 0.09655905288461539 0.2978089783653846 0.042471564903846154 0.28827189423076927 0.037424913461538464 0.3168928701923077 0.09151240384615383 0.32642995432692307
3 0.14806599519230768 0.33322867067307693 0.15293176201923078 0.30563353605769233 0.09869039663461539 0.2960693197115385 0.09382462980769232 0.32366445432692303 0.14806599519230768 0.33322867067307693
3 0.09911692788461537 0.2716050528846154 0.09383512740384616 0.3015596201923077 0.15076932692307693 0.31159865625000005 0.156051125 0.2816440865384615 0.09911692788461537 0.2716050528846154
3 0.10340386538461538 0.2472926105769231 0.09839339182692308 0.27570841826923076 0.15425045673076923 0.2855575240384615 0.15926093028846156 0.25714171875 0.10340386538461538 0.2472926105769231
3 0.10741948076923077 0.22451893269230772 0.10318680528846154 0.24852362019230767 0.15942856009615386 0.25844056009615385 0.16366123557692308 0.2344358701923077 0.10741948076923077 0.22451893269230772
3 0.11177877403846154 0.19979615384615385 0.1070215360576923 0.22677578125 0.16210922115384616 0.23648922596153849 0.16686645673076922 0.2095095985576923 0.11177877403846154 0.19979615384615385
3 0.113960875 0.17257400721153845 0.10900466586538463 0.20068206009615386 0.16740068990384616 0.21097885576923078 0.17235689663461537 0.18287080048076923 0.113960875 0.17257400721153845
3 0.11786795913461538 0.15041583173076922 0.11289366346153845 0.17862646875 0.17190518990384615 0.18903179326923075 0.1768794855769231 0.16082115624999999 0.11786795913461538 0.15041583173076922
3 0.22311871153846155 0.1973217043269231 0.22765888701923076 0.1715730841346154 0.17157100721153845 0.16168327884615386 0.1670308317307692 0.18743189903846155 0.22311871153846155 0.1973217043269231
3 0.21936575240384615 0.22130520913461538 0.22423151923076923 0.19371007451923078 0.16968240384615385 0.18409159375 0.16481663701923077 0.2116867283653846 0.21936575240384615 0.22130520913461538
3 0.21568998317307694 0.24710047115384615 0.22066428124999998 0.21888983173076923 0.16611516346153848 0.20927135096153845 0.16114086778846154 0.23748199038461537 0.21568998317307694 0.24710047115384615
3 0.21220835096153845 0.2695452139423077 0.21629631971153845 0.24636119471153844 0.16390146874999997 0.23712256971153847 0.15981350240384615 0.26030658653846156 0.21220835096153845 0.2695452139423077
3 0.20774919711538462 0.29213490865384617 0.21212657932692308 0.2673095480769231 0.15934703846153847 0.25800309134615385 0.15496965625 0.28282845192307693 0.20774919711538462 0.29213490865384617
3 0.2039781514423077 0.3162209951923077 0.2084821514423077 0.2906775432692308 0.1573183125 0.2816559783653846 0.1528143125 0.30719943028846153 0.2039781514423077 0.3162209951923077
3 0.1973333894230769 0.3408581057692308 0.20212680288461538 0.3136733076923077 0.15319416826923077 0.3050451634615384 0.1484007548076923 0.3322299615384615 0.1973333894230769 0.3408581057692308
3 0.23695218028846154 0.34921902403846156 0.24174559134615384 0.32203422596153847 0.2008914591346154 0.3148305408653846 0.19609804567307693 0.34201533653846156 0.23695218028846154 0.34921902403846156
3 0.21062216346153845 0.28618930048076924 0.2053403653846154 0.3161438701923077 0.2507338485576923 0.32414796634615384 0.2560156466346154 0.29419339663461536 0.21062216346153845 0.28618930048076924
3 0.21320321153846156 0.2639030841346154 0.20826509134615384 0.29190855288461537 0.25327388461538464 0.2998448173076923 0.2582120024038462 0.2718393485576923 0.21320321153846156 0.2639030841346154
3 0.2164043485576923 0.24214930048076924 0.2119003485576923 0.26769275240384616 0.25967891346153843 0.2761174014423077 0.26418291346153844 0.2505739495192308 0.2164043485576923 0.24214930048076924
3 0.22070937740384616 0.2177342764423077 0.21580743269230768 0.24553457692307695 0.2648939447115385 0.25418985336538463 0.2697958870192308 0.2263895528846154 0.22070937740384616 0.2177342764423077
3 0.22415483173076925 0.19549470432692306 0.21936141826923078 0.22267949999999997 0.2680632403846154 0.23126694471153847 0.2728566538461539 0.20408214903846153 0.22415483173076925 0.19549470432692306
3 0.22275777163461538 0.1728243581730769 0.21772920913461538 0.20134275 0.2738940264423077 0.21124612259615386 0.2789225889423077 0.18272773076923077 0.22275777163461538 0.1728243581730769
3 0.4632742475961538 0.4023474110576923 0.46879119471153846 0.37105924759615383 0.42078181730769226 0.36259389903846156 0.41526487019230773 0.3938820625 0.4632742475961538 0.4023474110576923
3 0.5023773942307692 0.4127328798076923 0.5063206538461539 0.3903695360576923 0.46785160336538467 0.38358640625 0.4639083413461539 0.4059497475961538 0.5023773942307692 0.4127328798076923
3 0.4597024230769231 0.42710326923076924 0.4640617163461539 0.40238048798076925 0.4146674519230769 0.3936709471153846 0.4103081610576923 0.4183937259615385 0.4597024230769231 0.42710326923076924
3 0.5066875072115384 0.39233814903846154 0.5117522451923077 0.3636145889423077 0.46058840625 0.3545930240384615 0.4555236682692308 0.3833165817307692 0.5066875072115384 0.39233814903846154
1 0.44633905769230775 0.14116790865384615 0.4529413076923077 0.10372469711538461 0.4121641105769231 0.09653457692307692 0.40556186298076924 0.13397778846153846 0.44633905769230775 0.14116790865384615
1 0.44668932451923077 0.15402827644230768 0.4524775985576923 0.12120135336538462 0.4117004014423077 0.11401123317307693 0.4059121298076923 0.14683815625000002 0.44668932451923077 0.15402827644230768
1 0.4424423966346154 0.17316486778846155 0.4468378653846154 0.14823692067307692 0.4102922644230769 0.14179294471153844 0.40589679567307696 0.16672089182692307 0.4424423966346154 0.17316486778846155
1 0.4594412860576923 0.11185187740384615 0.4650305865384615 0.08015337740384616 0.4122510456730769 0.07084692067307692 0.4066617451923077 0.10254542067307693 0.4594412860576923 0.11185187740384615
0 0.2711599951923077 0 0.14208882692307692 0.7319989639423077 0.7101228629807692 0.8321586899038462 0.8462196225961538 0.06031561298076923 0.50415278125 0 0.2711599951923077 0
3 0.46337436057692305 0.4062786875 0.45849050480769227 0.4339764038461539 0.4988830096153846 0.4410986947115385 0.5037668653846153 0.41340097596153846 0.46337436057692305 0.4062786875
3 0.5044593076923077 0.41352307211538464 0.4995754519230769 0.4412207908653846 0.5188869182692307 0.44462592307692306 0.5237707716346154 0.4169282043269231 0.5044593076923077 0.41352307211538464
3 0.5065919807692307 0.38883077403846156 0.5018709206730769 0.415605235576923 0.521874826923077 0.4191324639423077 0.5265958870192308 0.39235800480769234 0.5065919807692307 0.38883077403846156
3 0.5123720865384616 0.3623488245192308 0.5074882307692308 0.39004654326923077 0.5260303149038461 0.3933160120192308 0.5309141682692308 0.3656182956730769 0.5123720865384616 0.3623488245192308
3 0.38091404807692303 0.3862384831730769 0.3768984326923077 0.4090121610576923 0.4115205793269231 0.41511698076923076 0.41553619471153846 0.3923433004807692 0.38091404807692303 0.3862384831730769