1 0 0.9326798149038461 0.34999268990384613 0.981868079326923 0.3790644038461538 0.7750120817307693 0 0.7217380552884615 0 0.9326798149038461
1 0.5648047860576922 0.8870917884615385 0.59694990625 0.6583673725961539 0.39827737500000004 0.6304457692307692 0.3661322548076923 0.859170185096154 0.5648047860576922 0.8870917884615385
1 0.6543061057692309 0.7829791923076923 0.6771536875 0.6204101850961539 0.5935998197115384 0.6086674567307692 0.5707522355769231 0.7712364615384615 0.6543061057692309 0.7829791923076923
1 0.7468475408653846 0.7223517836538461 0.7640508822115385 0.5999436466346154 0.6737662860576923 0.5872549735576923 0.6565629447115384 0.7096631105769231 0.7468475408653846 0.7223517836538461
1 0.43875615384615385 0 0.4280746995192307 0.07600250721153846 0.7554820793269231 0.12201661538461539 0.7674664302884615 0.03674353125 0.5060226153846153 0 0.43875615384615385 0
1 0.7023476514423077 0.06335640865384616 0.6835399519230769 0.1971801370192308 0.8105727788461539 0.21503343509615383 0.8293804759615384 0.0812097091346154 0.7023476514423077 0.06335640865384616
1 0.8108007980769231 0.16569613221153848 0.7974053870192308 0.2610094350961539 0.84065225 0.2670873846153846 0.8540476610576923 0.17177408413461537 0.8108007980769231 0.16569613221153848
1 0.8425624543269231 0.2119555841346154 0.8307327403846153 0.2961283701923077 0.854715795673077 0.29949896875 0.8665455096153847 0.2153261826923077 0.8425624543269231 0.2119555841346154
1 0.8570337259615385 0.2633587355769231 0.8507709375 0.3079207980769231 0.8643871225961538 0.30983442788461535 0.8706499110576923 0.26527236538461535 0.8570337259615385 0.2633587355769231
1 0.8465144903846155 0.29049213461538465 0.8412181802884615 0.32817733653846154 0.8804420793269231 0.3336898966346154 0.8857383894230769 0.29600469471153845 0.8465144903846155 0.29049213461538465
1 0.8625862956730769 0.049831247596153844 0.8525155769230769 0.12148814423076923 0.8911979230769231 0.12692459375 0.901268641826923 0.05526769711538461 0.8625862956730769 0.049831247596153844
4 0.7957741105769232 0.64928328125 0.8437888317307691 0.30764079807692307 0.7274323341346154 0.29128795673076924 0.6794176129807692 0.6329304423076922 0.7957741105769232 0.64928328125
4 0.821551391826923 0.5983473028846154 0.8571371802884615 0.3451412596153846 0.8258044807692309 0.34073773557692305 0.7902186923076923 0.5939437788461539 0.821551391826923 0.5983473028846154
4 0.8400580576923077 0.5665860552884616 0.8676413942307692 0.3703204254807692 0.8460566442307692 0.3672868870192308 0.8184733100961539 0.5635525168269231 0.8400580576923077 0.5665860552884616
4 0.8641608629807693 0.38049056009615384 0.8388584206730769 0.5605267980769231 0.8571938509615384 0.5631036754807692 0.8824962956730769 0.3830674375 0.8641608629807693 0.38049056009615384
4 0.8889723341346154 0.11020211057692308 0.8625294447115385 0.2983530432692308 0.8841141923076923 0.3013865817307692 0.9105570817307692 0.11323564903846153 0.8889723341346154 0.11020211057692308
4 0.8716590552884615 0.07228466826923077 0.8422780673076923 0.28134126201923076 0.8729918485576923 0.2856578028846154 0.9023728365384615 0.07660120913461538 0.8716590552884615 0.07228466826923077
4 0.8553524879807692 0.04629003365384616 0.8279237908653846 0.24145536538461537 0.867147689903846 0.24696792548076923 0.8945763894230769 0.05180259375 0.8553524879807692 0.04629003365384616
4 0.7673307043269231 0.03265709375 0.7441351899038462 0.1977017716346154 0.8447092884615385 0.21183653846153844 0.8679048052884616 0.04679186298076923 0.7673307043269231 0.03265709375