1 0.9107938557692308 0.2730416105769231 0.9181444447115384 0.3781599206730769 0.9902340336538462 0.37311892548076925 0.9828834447115384 0.2680006153846154 0.9107938557692308 0.2730416105769231
1 0.9227342980769231 0.41467870673076923 0.9164998124999999 0.32552142067307693 0.8412149014423077 0.3307858557692308 0.8474493846153847 0.4199431418269231 0.9227342980769231 0.41467870673076923
1 1 0.5818210745192307 0.9264800528846154 0.5869620913461538 0.9320256923076923 0.6662684326923076 1 0.6615152067307692 1 0.5818210745192307
1 0.9215280769230769 0.6259023798076923 0.9173078100961539 0.5655497548076923 0.846932783653846 0.5704708557692307 0.8511530504807693 0.6308234807692308 0.9215280769230769 0.6259023798076923
1 1 0.8754112451923077 0.9405193341346153 0.8795705384615384 0.9468148581730769 0.9696006947115384 1 0.9658816274038462 1 0.8754112451923077
1 0.751104045673077 0.7859303798076923 0.7463082884615384 0.7173478509615384 0.6440579735576922 0.7244978894230769 0.6488537307692308 0.7930804182692307 0.751104045673077 0.7859303798076923
1 0.7458475072115385 0.46100555528846154 0.7442256682692308 0.4378121923076923 0.7226377596153846 0.4393217668269231 0.7242595985576923 0.4625151298076923 0.7458475072115385 0.46100555528846154
1 0.7286163028846153 0.46434066826923076 0.7267241586538462 0.4372817427884615 0.7003822331730769 0.43912375 0.7022743774038461 0.46618267548076925 0.7286163028846153 0.46434066826923076
1 0.8168011201923077 0.18212674759615383 0.8097295576923076 0.08099869230769231 0.7529151658653847 0.08497154086538461 0.7599867283653846 0.18609959615384616 0.8168011201923077 0.18212674759615383
1 0.7924748413461539 0 0.7996077908653846 0.10200592307692308 0.9216535168269231 0.09347165384615384 0.91511734375 0 0.7924748413461539 0
1 0.7490095889423076 0 0.7525348701923077 0.050413889423076924 0.8025689423076923 0.04691516586538461 0.7992883149038461 0 0.7490095889423076 0
1 0.7778820697115385 0.24938043028846155 0.7710982524038462 0.15236732692307692 0.7230904831730769 0.15572435576923077 0.7298743004807692 0.25273746153846155 0.7778820697115385 0.24938043028846155
1 0.7304153365384616 0.2974335961538462 0.7251836009615384 0.22261629326923077 0.7011797163461538 0.2242948076923077 0.706411451923077 0.29911211298076923 0.7304153365384616 0.2974335961538462
1 0.7096167548076924 0 0.71499915625 0.0769719423076923 0.7554472620192307 0.0741435360576923 0.7502626394230769 0 0.7096167548076924 0
1 0.72699659375 0.12086696875 0.721764858173077 0.046049665865384615 0.6990079278846154 0.04764098557692308 0.7042396634615385 0.12245828846153846 0.72699659375 0.12086696875
1 0.7050505841346154 0.13405497115384615 0.7015540408653845 0.08405207211538462 0.683083516826923 0.08534365625 0.6865800600961538 0.13534655528846154 0.7050505841346154 0.13405497115384615
1 0.7064095192307692 0.22292666346153847 0.7032704783653846 0.17803628124999998 0.6851896298076923 0.17930061778846154 0.6883286706730769 0.224191 0.7064095192307692 0.22292666346153847
1 0.712930125 0.3128157740384615 0.7092766298076923 0.26056835576923076 0.688156329326923 0.26204523317307693 0.6918098245192308 0.31429264903846155 0.712930125 0.3128157740384615
1 0 0.48195929086538464 0.025975764423076923 0.4801428894230769 0.024388802884615386 0.45744830528846153 0 0.45915373798076925 0 0.48195929086538464
1 0.08203392788461539 0.7408675817307693 0.07839787259615384 0.6888695552884615 0.015192838942307692 0.69328928125 0.01882889423076923 0.7452873076923077 0.08203392788461539 0.7408675817307693
1 0.1229308701923077 0.6447806923076923 0.12175372836538462 0.6279467980769231 0.060341192307692304 0.6322411802884615 0.06151833173076923 0.6490750745192309 0.1229308701923077 0.6447806923076923
1 0.1598038389423077 0.6266644326923078 0.15843486778846155 0.6070872379807692 0.11346655048076923 0.6102317283653846 0.11483552163461538 0.6298089230769232 0.1598038389423077 0.6266644326923078
1 0.11339209615384616 0.5453288221153846 0.11464771394230769 0.5632849759615385 0.15782353125 0.560265829326923 0.15656791586538463 0.5423096754807692 0.11339209615384616 0.5453288221153846
1 0.16464275 0.49650983653846154 0.16268084855769233 0.46845334855769233 0.10913971634615384 0.47219731009615384 0.11110161778846155 0.500253798076923 0.16464275 0.49650983653846154
1 0.5529319230769231 0.6342597067307693 0.551406 0.6124379927884616 0.49833247596153846 0.6161492548076922 0.4998583990384615 0.6379709687499999 0.5529319230769231 0.6342597067307693
1 0.640630221153846 0.6373998317307692 0.6387903942307692 0.611089079326923 0.5915619711538461 0.6143916129807692 0.5934017980769231 0.6407023629807692 0.640630221153846 0.6373998317307692
1 0 0.37394617548076925 0.03981360817307692 0.37116213701923073 0.03757268269230769 0.3391153918269231 0 0.3417427307692308 0 0.37394617548076925
1 0 0.30991519951923074 0.037695954326923076 0.3072792427884615 0.03548990625 0.27573127884615384 0 0.2782129759615385 0 0.30991519951923074
1 0 0.2536531466346154 0.034638153846153846 0.25123101201923076 0.03199612740384616 0.21344827403846153 0 0.2156856610576923 0 0.2536531466346154
1 0.08217568509615385 0.3867450673076923 0.07958597596153846 0.34971050240384616 0.03111059855769231 0.35310023076923075 0.03370030769230769 0.3901347956730769 0.08217568509615385 0.3867450673076923
1 0.11491637740384616 0.4013718221153846 0.11209124038461539 0.3609704783653846 0.07741030288461538 0.3633956057692308 0.08023543990384616 0.4037969495192308 0.11491637740384616 0.4013718221153846
1 0.13887882932692308 0.4035806658653846 0.1373965048076923 0.38238243028846153 0.11237946875 0.38413179326923075 0.11386179326923077 0.4053300288461538 0.13887882932692308 0.4035806658653846
1 0.16581585096153845 0.4147287908653846 0.1641242548076923 0.39053786298076926 0.13856167788461538 0.39232537259615385 0.14025327163461537 0.4165163004807692 0.16581585096153845 0.4147287908653846
1 0.11026013221153846 0.3347844230769231 0.1118034951923077 0.35685552644230767 0.13915856971153845 0.35494267307692307 0.1376152091346154 0.3328715697115384 0.11026013221153846 0.3347844230769231
1 0.11292914903846155 0.2844756923076923 0.11472537740384615 0.31016296634615387 0.1395865456730769 0.30842450240384617 0.13779031490384616 0.2827372283653846 0.11292914903846155 0.2844756923076923
1 0.07159381490384616 0.27909599278846153 0.07374754567307693 0.3098957836538461 0.11684543028846153 0.30688208653846155 0.11469169951923078 0.2760822956730769 0.07159381490384616 0.27909599278846153
1 0 0.1471436971153846 0.03011011298076923 0.1450381923076923 0.027119302884615386 0.1022676346153846 0 0.10416399999999999 0 0.1471436971153846
1 0 0.08762370913461538 0.027293211538461537 0.0857151826923077 0.024232646634615385 0.04194706009615385 0 0.043641572115384615 0 0.08762370913461538
1 0.06975476201923077 0.1822383389423077 0.06645876682692307 0.1351034375 0.030608810096153845 0.13761031009615385 0.033904802884615386 0.18474521153846152 0.06975476201923077 0.1822383389423077
1 0.10898087019230769 0.21345310096153847 0.10591158653846154 0.16956028365384615 0.07325694951923077 0.17184371874999999 0.07632623557692307 0.2157365360576923 0.10898087019230769 0.21345310096153847
1 0.1364476201923077 0.22769681490384613 0.1345903533653846 0.20113667307692307 0.11043059855769231 0.20282608653846154 0.11228786538461538 0.22938623076923076 0.1364476201923077 0.22769681490384613
1 0.16453892788461538 0.2441523485576923 0.1626031875 0.21646994711538461 0.13579365384615386 0.2183446514423077 0.13772939423076924 0.24602705528846155 0.16453892788461538 0.2441523485576923
1 0.13506403365384617 0.17767147115384616 0.13754910817307692 0.21320968990384617 0.16287788221153846 0.21143852884615383 0.1603928076923077 0.17590031009615387 0.13506403365384617 0.17767147115384616
1 0.10960728846153846 0.1473734375 0.1118394951923077 0.17929548798076922 0.13506403365384617 0.17767147115384616 0.13283182451923076 0.14574942067307692 0.10960728846153846 0.1473734375
1 0.10726503125 0.10267794951923077 0.10954955769230769 0.13534817307692307 0.1350342019230769 0.13356611298076923 0.13274967548076924 0.10089588942307692 0.10726503125 0.10267794951923077
1 0.1639369110576923 0.18066469230769233 0.1617047043269231 0.14874264182692307 0.13427169471153846 0.15066094471153846 0.1365039014423077 0.1825829951923077 0.1639369110576923 0.18066469230769233
1 0.10506667788461538 0.05108061057692308 0.10745583894230769 0.08524718028846154 0.1340315673076923 0.08338882451923077 0.13164240865384616 0.04922225480769231 0.10506667788461538 0.05108061057692308
1 0.13650620192307691 0.31365211057692305 0.13852041826923076 0.34245677403846153 0.16766799278846156 0.3404185769230769 0.16565377644230767 0.31161391346153844 0.13650620192307691 0.31365211057692305
1 0.13458518990384616 0.28058055288461536 0.13664300721153846 0.3100086923076923 0.16727134134615385 0.30786695192307695 0.16521352403846154 0.2784388125 0.13458518990384616 0.28058055288461536