1 0.534921875 0.3304166658653846 0.534921875 0.2445833341346154 0.45945312499999996 0.2445833341346154 0.45945312499999996 0.3304166658653846 0.534921875 0.3304166658653846
1 0.5341406249999999 0.45527777884615384 0.5341406249999999 0.38652777884615386 0.456171875 0.38652777884615386 0.456171875 0.45527777884615384 0.5341406249999999 0.45527777884615384
1 0.53359375 0.5779166658653846 0.53359375 0.5427777788461539 0.45125 0.5427777788461539 0.45125 0.5779166658653846 0.53359375 0.5779166658653846
1 0.52953125 0.7179166658653846 0.52953125 0.6609722211538462 0.44843750000000004 0.6609722211538462 0.44843750000000004 0.7179166658653846 0.52953125 0.7179166658653846
1 0.3375 0.7373611105769231 0.3375 0.6702777788461538 0.26804687499999996 0.6702777788461538 0.26804687499999996 0.7373611105769231 0.3375 0.7373611105769231
1 0.296953125 0.8198611105769231 0.296953125 0.6781944447115384 0.060234375 0.6781944447115384 0.060234375 0.8198611105769231 0.296953125 0.8198611105769231
1 0 0.7497222211538461 0.052734375 0.7497222211538461 0.052734375 0.6902777788461538 0 0.6902777788461538 0 0.7497222211538461
1 0.39953125 0.21902777884615385 0.39953125 0.1636111105769231 0.35171874999999997 0.1636111105769231 0.35171874999999997 0.21902777884615385 0.39953125 0.21902777884615385
1 0.404921875 0.11805555528846154 0.404921875 0.053611110576923075 0.357734375 0.053611110576923075 0.357734375 0.11805555528846154 0.404921875 0.11805555528846154
1 0.43671875000000004 0.14305555528846153 0.43671875000000004 0.09236111057692308 0.39726562499999996 0.09236111057692308 0.39726562499999996 0.14305555528846153 0.43671875000000004 0.14305555528846153
1 0.384453125 0.0020833341346153844 0.384453125 0.051944444711538466 0.43484375000000003 0.051944444711538466 0.43484375000000003 0.0020833341346153844 0.384453125 0.0020833341346153844
1 0.8246093750000001 0.3395833341346154 0.8246093750000001 0.3209722211538461 0.7815624999999999 0.3209722211538461 0.7815624999999999 0.3395833341346154 0.8246093750000001 0.3395833341346154
1 0.8521875 0.6173611105769231 0.8521875 0.5923611105769231 0.80296875 0.5923611105769231 0.80296875 0.6173611105769231 0.8521875 0.6173611105769231
1 0.7678125 0.07138888942307692 0.7678125 0.13805555528846153 0.811328125 0.13805555528846153 0.811328125 0.07138888942307692 0.7678125 0.07138888942307692
1 0.813359375 0.07416666586538462 0.813359375 0.13736111057692307 0.8540625000000001 0.13736111057692307 0.8540625000000001 0.07416666586538462 0.813359375 0.07416666586538462
1 0.8560156250000001 0.07694444471153847 0.8560156250000001 0.13944444471153847 0.89515625 0.13944444471153847 0.89515625 0.07694444471153847 0.8560156250000001 0.07694444471153847
1 0.7562500000000001 0.23944444471153847 0.7562500000000001 0.21680555528846154 0.714765625 0.21680555528846154 0.714765625 0.23944444471153847 0.7562500000000001 0.23944444471153847