1 0.5417635360576922 0.15275654807692307 0.5446223221153846 0.16620607932692308 0.5557028990384615 0.16385082932692308 0.5528441129807692 0.15040130048076922 0.5417635360576922 0.15275654807692307
1 0.7332291658653846 0.11262724038461538 0.7295329591346154 0.09523794711538461 0.6943807788461539 0.10270977403846154 0.6980769879807693 0.12009906490384616 0.7332291658653846 0.11262724038461538
1 0.7715908918269231 0.10447320192307694 0.7681256971153847 0.08817074038461539 0.733661278846154 0.09549637980769231 0.7371264735576923 0.11179884134615385 0.7715908918269231 0.10447320192307694
1 0.5969297884615384 0.13009723557692307 0.6006548725961538 0.14762237740384615 0.6412327163461539 0.13899729086538462 0.6375076298076923 0.12147214903846154 0.5969297884615384 0.13009723557692307
1 0.5978988990384615 0.1511900048076923 0.5938272956730769 0.1320346153846154 0.5551598990384615 0.140253625 0.5592315024038462 0.15940901442307692 0.5978988990384615 0.1511900048076923
1 0.6478466923076923 0.34972712259615385 0.644150483173077 0.3323378293269231 0.6028848822115385 0.34110910336538464 0.6065810889423077 0.3584983966346154 0.6478466923076923 0.34972712259615385
1 0.6023883245192307 0.3598155697115385 0.5991252644230769 0.3444640865384615 0.5937760216346154 0.34560110336538463 0.5970390793269231 0.3609525865384615 0.6023883245192307 0.3598155697115385
1 0.4682711225961539 0.15758646874999999 0.4464403942307692 0.05488097115384615 0.39073183173076925 0.0667221923076923 0.41256256009615383 0.16942768990384616 0.4682711225961539 0.15758646874999999
1 0.3365928798076923 0.02469889182692308 0.3501937692307692 0.08868604807692308 0.39734354086538465 0.07866405528846153 0.3837426514423077 0.01467689903846154 0.3365928798076923 0.02469889182692308
1 0.5214293052884615 0.21415940384615384 0.50543165625 0.13889637980769232 0.4620263557692308 0.14812246153846154 0.47802400480769236 0.2233854855769231 0.5214293052884615 0.21415940384615384
1 0.5406950072115385 0.24016660336538462 0.5326384302884615 0.20226338461538462 0.5100187668269232 0.20707134375 0.51807534375 0.2449745625 0.5406950072115385 0.24016660336538462
1 0.5031853100961539 0.08286114182692308 0.5152846177884615 0.13978389663461538 0.5380571153846154 0.13494345432692306 0.5259578100961538 0.0780206971153846 0.5031853100961539 0.08286114182692308
1 0.5785689447115385 0.2872090504807692 0.568144483173077 0.23816581490384614 0.5427737788461539 0.24355852403846154 0.5531982403846154 0.2926017596153846 0.5785689447115385 0.2872090504807692
1 0.7009203509615385 0.4134176105769231 0.6978883052884615 0.39915295913461535 0.63621915625 0.4122611394230769 0.6392512019230769 0.4265257932692308 0.7009203509615385 0.4134176105769231
1 0.7036245408653846 0.42576406490384616 0.7003326057692308 0.41027673076923077 0.6393512163461538 0.4232387235576923 0.6426431514423077 0.43872606009615384 0.7036245408653846 0.42576406490384616
1 0.7075158461538462 0.43956209615384617 0.7042816658653847 0.4243464639423077 0.6422304254807693 0.43753586057692306 0.6454646081730769 0.4527514927884615 0.7075158461538462 0.43956209615384617
1 0.7125329951923077 0.45226886538461536 0.7089522932692307 0.4354229903846154 0.6472831442307693 0.4485311730769231 0.6508638461538462 0.4653770480769231 0.7125329951923077 0.45226886538461536
1 0.7128868990384615 0.46483090624999995 0.7100281129807692 0.45138137740384615 0.6492759759615385 0.46429464182692304 0.6521347620192308 0.47774417067307695 0.7128868990384615 0.46483090624999995
1 0.7155657331730769 0.47931262980769235 0.7122737980769231 0.46382529086538465 0.6512924086538461 0.4767872860576923 0.6545843437500001 0.492274625 0.7155657331730769 0.47931262980769235
1 0.71959296875 0.4945016826923077 0.7161277740384615 0.47819922115384617 0.6539236995192308 0.4914211033653846 0.6573888942307692 0.5077235649038461 0.71959296875 0.4945016826923077
1 0.7225943774038461 0.5074949182692308 0.719504579326923 0.49295856009615385 0.6563070745192309 0.5063916033653846 0.6593968725961539 0.5209279639423077 0.7225943774038461 0.5074949182692308
1 0.6824774927884616 0.5299372163461539 0.6794165721153846 0.5155367115384615 0.6600828725961538 0.5196462163461538 0.6631437956730769 0.5340467211538461 0.6824774927884616 0.5299372163461539
1 0.6781530072115385 0.5449135985576923 0.6750632091346154 0.5303772379807692 0.66436471875 0.5326512716346155 0.6674545192307693 0.5471876322115384 0.6781530072115385 0.5449135985576923
1 0.3685042235576923 1 0.3435118822115385 0.8824202884615384 0.09332006730769231 0.9356002019230769 0.10700866586538461 1 0.3685042235576923 1
1 0.509495829326923 0.8993922740384614 0.48076358894230775 0.7642177091346153 0.32127968028846154 0.7981170625 0.35001192067307696 0.9332916274038462 0.509495829326923 0.8993922740384614
1 0.5751063990384615 0.7905958269230768 0.5558745697115385 0.7001171754807692 0.462644875 0.7199337572115384 0.48187670673076927 0.8104124110576924 0.5751063990384615 0.7905958269230768
1 0.21276135817307693 0.2567661394230769 0.24126258653846153 0.39085387259615384 0.3706378894230769 0.3633543028846154 0.34213666105769225 0.22926656971153847 0.21276135817307693 0.2567661394230769
1 0 0.3359259903846154 0.23112553846153847 0.2867987403846154 0.19520301923076921 0.11779657211538462 0 0.15928825480769232 0 0.3359259903846154
1 0.47896515384615385 0.3867599326923077 0.45849162740384614 0.2904395673076923 0.3438649567307692 0.31480421875 0.36433848317307693 0.4111245841346154 0.47896515384615385 0.3867599326923077
1 0.6651206995192307 0.6320268004807693 0.6564577115384616 0.5912706514423077 0.6200064302884616 0.5990186105769231 0.6286694158653846 0.6397747596153847 0.6651206995192307 0.6320268004807693
1 0.6403602692307693 0.6489331153846154 0.6312930096153846 0.6062750120192308 0.595911576923077 0.6137955673076922 0.6049788365384615 0.6564536706730769 0.6403602692307693 0.6489331153846154
1 0.6219569399038462 0.6799652884615385 0.6117057379807692 0.6317371778846154 0.5699816298076923 0.6406059110576923 0.5802328317307692 0.6888340216346154 0.6219569399038462 0.6799652884615385
1 0.5986561778846153 0.7138843341346154 0.5848820288461538 0.6490820552884615 0.5348283822115385 0.6597212860576923 0.54860253125 0.7245235649038461 0.5986561778846153 0.7138843341346154
1 0.9156498894230769 0.56840978125 0.9082574759615384 0.5336311995192308 0.8863255721153845 0.53829296875 0.8937179879807692 0.5730715504807692 0.9156498894230769 0.56840978125
1 0.9528103942307692 0.58053190625 0.9448981995192308 0.5433079567307693 0.9078355745192308 0.5511858605769231 0.9157477692307693 0.5884098100961539 0.9528103942307692 0.58053190625
1 0.99040721875 0.59057340625 0.9817731105769231 0.5499531129807692 0.9443283966346154 0.5579122307692308 0.9529625072115385 0.5985325264423077 0.99040721875 0.59057340625
1 1 0.5643958028846154 0.9845811802884616 0.5676731730769231 0.9966227331730769 0.6243242211538462 1 0.6236063605769231 1 0.5643958028846154
3 0.5124729639423077 0.1814171466346154 0.4984678028846154 0.11552803846153846 0.48647021153846154 0.11807820432692308 0.5004753725961538 0.18396731249999998 0.5124729639423077 0.1814171466346154
3 0.4616913942307692 0 0.47334825240384615 0.05484120192307692 0.48534584375 0.05229103365384616 0.4742310408653846 0 0.4616913942307692 0
3 0.4855496778846154 0.11600200240384616 0.4685413461538461 0.03598409615384615 0.4432470600961539 0.0413605625 0.46025539182692304 0.12137846875 0.4855496778846154 0.11600200240384616
3 0.4536239807692307 0.09055589182692307 0.47094995432692305 0.17206819230769232 0.4970084182692308 0.16652929326923077 0.4796824447115385 0.08501699278846155 0.4536239807692307 0.09055589182692307
3 0.4681726418269231 0.03237067788461538 0.48200454567307693 0.09744466586538461 0.49438422596153847 0.09481328365384616 0.48055232451923074 0.029739295673076923 0.4681726418269231 0.03237067788461538
3 0.47733674519230773 0.07586014903846154 0.49116864663461535 0.14093413461538462 0.5036247451923077 0.13828650961538463 0.48979284375000004 0.07321252163461539 0.47733674519230773 0.07586014903846154
3 0.8266989350961539 0 0.8331463557692308 0.030332730769230768 0.8551546778846154 0.025654718750000003 0.8497015985576923 0 0.8266989350961539 0
3 0.8188662451923077 0 0.805727548076923 0.0027927163461538462 0.820685639423077 0.07316500240384616 0.847813951923077 0.06739870192307693 0.8334879158653846 0 0.8188662451923077 0
3 0.7975462548076924 0 0.8051383605769231 0.035718048076923074 0.8324959254807692 0.02990301923076923 0.8261398413461538 0 0.7975462548076924 0
3 0.4474478846153846 0 0.4354757307692308 0.002544759615384615 0.4517043918269231 0.07889461298076922 0.4766165889423077 0.07359936298076923 0.4609725600961539 0 0.4474478846153846 0
3 0.8011410384615385 0.03983351682692308 0.8134424783653846 0.09770724759615385 0.8322412524038462 0.09371144471153846 0.8199398125 0.03583771394230769 0.8011410384615385 0.03983351682692308
1 0.6790928966346154 0.5594809615384615 0.6758875913461538 0.5444011850961539 0.6676344711538462 0.5461554399038462 0.6708397764423076 0.5612352163461538 0.6790928966346154 0.5594809615384615
1 0.6404717499999999 0.4495530048076923 0.6378151009615384 0.4370544519230769 0.6002939687500001 0.4450298149038462 0.6029506177884616 0.45752836538461533 0.6404717499999999 0.4495530048076923
1 0.643884125 0.4626008822115385 0.6410253389423077 0.4491513533653846 0.6031221201923077 0.4572079302884615 0.6059809038461539 0.4706574591346154 0.643884125 0.4626008822115385
1 0.6466154326923077 0.47394762980769234 0.6441897956730769 0.4625359086538462 0.6017015096153846 0.47156707451923074 0.6041271466346154 0.48297879567307694 0.6466154326923077 0.47394762980769234
1 0.6481240552884615 0.4855542692307692 0.6456984182692308 0.4741425480769231 0.6038214735576923 0.48304376682692307 0.6062471105769232 0.4944554879807692 0.6481240552884615 0.4855542692307692
1 0.6508962115384616 0.49859623798076924 0.6481240552884615 0.4855542692307692 0.6025790576923077 0.49523515625 0.6053512139423077 0.5082771274038461 0.6508962115384616 0.49859623798076924
1 0.6539043125 0.5097421634615384 0.6513920456730768 0.49792287740384616 0.6061527211538462 0.5075387932692308 0.6086649855769231 0.5193580793269231 0.6539043125 0.5097421634615384
1 0.6564454567307692 0.521697298076923 0.6539043125 0.5097421634615384 0.6181407908653846 0.5173439326923077 0.6206819350961539 0.5292990697115385 0.6564454567307692 0.521697298076923
1 0.6582530576923078 0.5350862788461538 0.6553365192307693 0.5213650432692307 0.6228589615384615 0.5282683629807692 0.6257755 0.5419895985576922 0.6582530576923078 0.5350862788461538
1 0.6399544831730769 0.3993978725961539 0.6428998990384615 0.41325496394230765 0.6972329399038462 0.40170612019230767 0.6942875264423077 0.3878490288461538 0.6399544831730769 0.3993978725961539
1 0.6528576538461538 0.5619336153846154 0.6557453173076924 0.575519 0.6698826057692308 0.5725140264423076 0.6669949447115384 0.5589286418269231 0.6528576538461538 0.5619336153846154
1 0.6502076971153846 0.54758775 0.6534707548076923 0.5629392307692307 0.66523909375 0.5604377932692308 0.6619760360576923 0.5450863125000001 0.6502076971153846 0.54758775
1 0.6476309855769231 0.5373440721153846 0.6506630312499999 0.5516087235576923 0.6626606225961538 0.5490585576923077 0.6596285769230769 0.5347939038461539 0.6476309855769231 0.5373440721153846
1 0.8481725120192307 0.3542878149038462 0.8557959423076924 0.39015322836538463 0.8835355961538462 0.3842569807692308 0.8759121682692308 0.34839156730769233 0.8481725120192307 0.3542878149038462
1 0.8325294711538462 0 0.8451354639423077 0.05930653605769231 0.8853312187500001 0.05076266586538462 0.87454128125 0 0.8325294711538462 0
1 0.8077777572115384 0.04325055528846154 0.8250748557692307 0.12462700240384615 0.8637422524038462 0.11640799278846153 0.84644515625 0.035031545673076925 0.8077777572115384 0.04325055528846154
1 0.8106893028846154 0.12157910096153847 0.8227019783653847 0.1780942956730769 0.8494482019230769 0.17240920913461538 0.8374355264423077 0.11589401682692307 0.8106893028846154 0.12157910096153847
1 0.79736121875 0.17197930769230768 0.8087097331730769 0.22536986538461537 0.8353031201923078 0.21971726682692308 0.8239546081730769 0.1663267091346154 0.79736121875 0.17197930769230768
1 0.75005596875 0.007668480769230769 0.7625884254807692 0.06662904567307693 0.7829155552884616 0.062308382211538456 0.7703830985576924 0.0033478173076923077 0.75005596875 0.007668480769230769
3 0.78721578125 0.0070114999999999995 0.7988241850961538 0.06162474038461538 0.8201447451923076 0.05709291586538461 0.8085363413461538 0.0024796754807692306 0.78721578125 0.0070114999999999995
3 0.7784572379807693 0 0.7855461850961538 0.033350872596153845 0.8054912259615384 0.02911142307692308 0.7993034014423077 0 0.7784572379807693 0
3 0.7939802644230769 0.0805453076923077 0.8059063100961539 0.13665294230769232 0.8247050841346154 0.13265713942307691 0.8127790384615385 0.0765495048076923 0.7939802644230769 0.0805453076923077
3 0.7810037259615386 0.03715623798076923 0.7928431418269231 0.09285631009615385 0.8101899783653846 0.08916912740384617 0.7983505625 0.03346905528846154 0.7810037259615386 0.03715623798076923
3 0.7696020168269231 0.004933759615384615 0.7808638990384615 0.05791675240384615 0.7978286466346154 0.05431078605769231 0.7865667644230769 0.0013277908653846154 0.7696020168269231 0.004933759615384615