1 0.8783472836538462 0.8949177235576923 0.9044142115384616 0.77228246875 0.7495153701923076 0.7393577019230769 0.7234484423076922 0.8619929591346154 0.8783472836538462 0.8949177235576923
1 0.20693226201923076 0.5966804927884616 0.21540466346153847 0.5568209759615385 0.1259194423076923 0.5378003052884616 0.11744704086538461 0.5776598197115385 0.20693226201923076 0.5966804927884616
1 0 0.5570406298076923 0.1208428125 0.5827265625 0.13225196634615385 0.5290507115384615 0 0.5009396899038461 0 0.5570406298076923
1 0.16085772115384614 0.4027379471153846 0.1687583653846154 0.36556833653846155 0.0319705360576923 0.3364931875 0.024069891826923078 0.3736627956730769 0.16085772115384614 0.4027379471153846
1 0.25235975 0.4336886346153846 0.25703776201923073 0.4116803125 0.15723613942307693 0.39046682451923076 0.15255812740384617 0.41247514423076925 0.25235975 0.4336886346153846
1 0.5155897259615384 0.578839110576923 0.5182146105769231 0.5664899951923077 0.48466720432692306 0.5593592740384615 0.4820423197115385 0.5717083894230769 0.5155897259615384 0.578839110576923
1 0.5138224759615384 0.5871533653846154 0.5158756033653846 0.57749415625 0.47376940625 0.5685442091346153 0.47171627884615386 0.5782034158653846 0.5138224759615384 0.5871533653846154
1 0.5098022788461539 0.5978001778846154 0.5121412836538461 0.5867960168269231 0.47171627884615386 0.5782034158653846 0.46937727163461535 0.5892075769230769 0.5098022788461539 0.5978001778846154
1 0.5056960216346154 0.6171185913461539 0.5098022788461539 0.5978001778846154 0.4581438581730769 0.5868198413461538 0.45403760096153845 0.6061382548076923 0.5056960216346154 0.6171185913461539
1 0.5053500745192308 0.6270128798076923 0.5076890817307692 0.6160087187500001 0.45350887500000003 0.604492360576923 0.4511698677884616 0.6154965216346154 0.5053500745192308 0.6270128798076923
4 0.59748653125 0.5704327139423077 0.6177059423076923 0.4753078581730769 0.5376201081730769 0.45828508894230774 0.5174006947115385 0.5534099423076924 0.59748653125 0.5704327139423077
4 0.5784455697115385 0.6641467524038462 0.5983271250000001 0.5706113870192308 0.5096825 0.551769389423077 0.48980094471153846 0.6453047548076923 0.5784455697115385 0.6641467524038462
4 0.644630076923077 0.6954666995192308 0.668903766826923 0.58126796875 0.58201675 0.5627995625 0.5577430600961539 0.6769982956730769 0.644630076923077 0.6954666995192308
4 0.6033196057692307 0.47084423076923076 0.579617673076923 0.5823530576923077 0.6682623004807693 0.6011950528846154 0.691964233173077 0.4896862283653846 0.6033196057692307 0.47084423076923076
4 0.7569069254807693 0.6200370504807692 0.778841610576923 0.5168424783653847 0.6919545913461539 0.49837407451923077 0.6700199086538461 0.6015686442307693 0.7569069254807693 0.6200370504807692
4 0.7343485072115384 0.7261660649038462 0.7574786826923077 0.6173471442307693 0.6542382620192307 0.5954027163461538 0.6311080865384615 0.7042216370192308 0.7343485072115384 0.7261660649038462
4 0.8450976658653846 0.7511122451923077 0.8699691009615385 0.6341013365384616 0.756335860576923 0.6099478461538461 0.7314644254807692 0.7269587524038462 0.8450976658653846 0.7511122451923077
4 0.7771537115384616 0.4992317067307692 0.7513986490384615 0.6203997403846154 0.8753482908653846 0.6467460504807693 0.9011033509615385 0.5255780168269231 0.7771537115384616 0.4992317067307692