1 0.8554991538461538 0.3255431370192308 0.8701488701923077 0.2667863389423077 0.8191325384615384 0.2540665408653846 0.8044828245192307 0.31282333653846156 0.8554991538461538 0.3255431370192308
1 0.8118670024038461 0.31065647836538457 0.82685271875 0.2505520480769231 0.7629496490384615 0.2346192235576923 0.7479639302884615 0.29472365384615384 0.8118670024038461 0.31065647836538457
1 0.7540610649038462 0.29481243028846155 0.7702899927884614 0.2297217596153846 0.7063869230769231 0.21378893509615388 0.6901579951923077 0.27887960576923077 0.7540610649038462 0.29481243028846155
1 0.6835511514423077 0.2717929855769231 0.6997800793269231 0.20670231490384616 0.6415623365384615 0.192187 0.6253334086538461 0.25727767067307694 0.6835511514423077 0.2717929855769231
1 0.6259627572115385 0.2670250168269231 0.6422252836538462 0.20179958413461538 0.5862058653846154 0.187832375 0.5699433389423076 0.2530578076923077 0.6259627572115385 0.2670250168269231
1 0.5694774639423077 0.24879056971153846 0.5872856033653846 0.17736602403846155 0.5298259038461539 0.16303971153846156 0.5120177644230769 0.2344642596153846 0.5694774639423077 0.24879056971153846
1 0.5047286826923076 0.22720753605769228 0.5177655841346154 0.17491937980769232 0.4552269927884615 0.15932675721153847 0.44219009134615384 0.21161491346153843 0.5047286826923076 0.22720753605769228
1 0.44152333653846154 0.23592574759615384 0.4590290745192308 0.1657140697115385 0.4130158317307692 0.15424168028846155 0.39551009374999996 0.22445335576923078 0.44152333653846154 0.23592574759615384
1 0.40715199519230766 0.23007568509615384 0.42244011538461534 0.1687583846153846 0.3627820889423077 0.15388396875000002 0.34749396875 0.21520126682692306 0.40715199519230766 0.23007568509615384
1 0.3441875552884615 0.24686984615384616 0.3645493173076923 0.1652032860576923 0.31353298557692305 0.15248348798076924 0.2931712259615385 0.23415004567307693 0.3441875552884615 0.24686984615384616
1 0.5147142860576923 0.4900703100961538 0.5245591634615384 0.45058466346153847 0.4318504399038462 0.42746978125 0.4220055625 0.46695542788461536 0.5147142860576923 0.4900703100961538
1 0.47058618269230773 0.63637965625 0.4769366346153846 0.6109093942307692 0.39286960576923075 0.5899491298076923 0.38651915625 0.6154193918269232 0.47058618269230773 0.63637965625
1 0.40602016586538464 0.61083425 0.4139834278846154 0.5788953485576923 0.33211472596153846 0.5584831875 0.3241514639423077 0.5904220889423077 0.40602016586538464 0.61083425
1 0.42476140625000003 0.7497730168269231 0.6653644230769231 0.8097620889423076 0.6749068990384616 0.7714893125 0.713642923076923 0.7811472884615385 0.7292670456730769 0.7184823557692308 0.6840118461538461 0.70719896875 0.6833734423076923 0.70975946875 0.4492895985576923 0.6513958125 0.42476140625000003 0.7497730168269231
1 0.8180807668269231 0.7081331466346155 0.8273208413461539 0.6710732403846154 0.7949523822115385 0.6630028774038461 0.7857123100961538 0.7000627836538461 0.8180807668269231 0.7081331466346155
1 0.8895998653846154 0.7422829110576923 0.8988399375 0.7052230024038462 0.8278112572115385 0.6875135649038462 0.8185711850961539 0.7245734711538462 0.8895998653846154 0.7422829110576923
1 0.9380555096153846 0.7940142548076923 0.9518316177884615 0.7387613028846154 0.8939170913461538 0.7243215889423078 0.8801409831730769 0.7795745408653846 0.9380555096153846 0.7940142548076923
1 0.9771388725961538 0.4874177019230769 0.990444576923077 0.43405143749999997 0.9429152451923077 0.4222010456730769 0.9296095432692308 0.4755673100961539 0.9771388725961538 0.4874177019230769
1 0.9817985336538461 0.3850887019230769 0.9964818485576923 0.3261971418269231 0.953045954326923 0.31536735817307693 0.938362639423077 0.37425891826923074 0.9817985336538461 0.3850887019230769
1 0.9528806682692307 0.3602723509615385 0.9661863725961539 0.3069060865384615 0.9227504783653846 0.2960763028846154 0.9094447740384616 0.3494425673076923 0.9528806682692307 0.3602723509615385
1 0.9113374375000001 0.3460496610576923 0.92649115625 0.2852714134615385 0.8768393052884615 0.2728918173076923 0.8616855865384616 0.33367006250000003 0.9113374375000001 0.3460496610576923
1 1 0.14943660576923076 0.9751105528846153 0.14323097115384614 0.9586128245192308 0.20939974759615382 0.9978794807692307 0.2191900264423077 1 0.2106850889423077 1 0.14943660576923076
1 0.879572704326923 0.17409048798076923 0.9006736682692308 0.08945913701923078 0.8499605576923077 0.0768149375 0.8288595913461538 0.16144628846153844 0.879572704326923 0.17409048798076923
1 0.8253206057692307 0.14496157451923078 0.8436663509615384 0.07138081490384615 0.7929532379807692 0.05873661538461539 0.7746074927884615 0.132317375 0.8253206057692307 0.14496157451923078
1 0.7459725600961539 0.04888384855769231 0.7303820384615385 0.11141401682692308 0.7800338894230769 0.12379361298076923 0.7956244110576923 0.06126344711538461 0.7459725600961539 0.04888384855769231
1 0.6875876322115384 0.03633081971153846 0.67014909375 0.10627297115384615 0.7157075120192308 0.11763195913461538 0.7331460480769232 0.04768981009615385 0.6875876322115384 0.03633081971153846
1 0.6358108125 0.01955660817307692 0.6174650697115385 0.09313736778846154 0.6639331370192308 0.10472315865384615 0.6822788822115384 0.031142399038461537 0.6358108125 0.01955660817307692
1 0.5722289831730769 0.005564709134615385 0.5543200432692308 0.07739354567307692 0.6195117860576923 0.09364767307692307 0.6374207259615384 0.02181883653846154 0.5722289831730769 0.005564709134615385
1 0.5176573197115385 0 0.49935119951923074 0.07342184615384616 0.5593124423076923 0.08837186298076924 0.579035795673077 0.009265807692307691 0.5418726706730769 0 0.5176573197115385 0
1 0.4670928389423077 0 0.45083885817307695 0.06519116346153846 0.5035986875 0.07834566586538462 0.5231324567307692 0 0.4670928389423077 0
1 0.4045313701923077 0 0.3896540552884616 0.059669651442307695 0.45583125721153844 0.07616948076923077 0.47414340144230765 0.002723485576923077 0.46322009615384613 0 0.4045313701923077 0
1 0 0.7651083485576924 0.18571748798076923 0.8114129182692308 0.23107784375 0.62948246875 0 0.5718682908653846 0 0.7651083485576924
1 0.21423034615384615 0.6486138653846154 0.22935046634615386 0.5879703822115384 0.18902255048076924 0.5779155024038461 0.17390243028846156 0.638558985576923 0.21423034615384615 0.6486138653846154