1 0.8638040769230769 0.3336908966346154 0.8663011442307693 0.3099328725961538 0.8033147572115384 0.30331273798076924 0.8008176874999999 0.32707075961538457 0.8638040769230769 0.3336908966346154
1 0.8633896778846153 0.360554 0.8667771754807692 0.32832412259615384 0.828964625 0.32434986298076923 0.8255771298076924 0.35657974038461543 0.8633896778846153 0.360554
1 0.8602608173076922 0.3828490793269231 0.8642290288461538 0.34509407932692304 0.8200971201923076 0.3404556298076923 0.8161289086538462 0.37821062740384614 0.8602608173076922 0.3828490793269231
1 0.9041545120192308 0.42712420673076923 0.9076871850961539 0.39351304807692306 0.8281254350961539 0.3851507716346154 0.8245927596153847 0.41876193028846154 0.9041545120192308 0.42712420673076923
1 0.9033565600961538 0.44966427644230766 0.906889235576923 0.41605311778846155 0.8266023124999999 0.40761462259615383 0.8230696370192307 0.44122578125 0.9033565600961538 0.44966427644230766
1 0.9002276995192309 0.47195935576923076 0.9037506971153846 0.43844028365384613 0.8297313341346153 0.43066053605769233 0.8262083389423077 0.4641796081730769 0.9002276995192309 0.47195935576923076
1 0.8996787067307692 0.48465671394230764 0.9021757764423076 0.4608986899038462 0.824219764423077 0.4527051826923077 0.8217226947115385 0.47646320673076925 0.8996787067307692 0.48465671394230764
1 0.8981873076923077 0.5142927980769231 0.902020016826923 0.47782699519230765 0.822458266826923 0.4694647163461539 0.8186255552884615 0.5059305216346154 0.8981873076923077 0.5142927980769231
1 0.8955450600961539 0.5394321009615385 0.8989228774038461 0.5072943100961539 0.8225208052884615 0.4992641274038461 0.8191429879807692 0.5314019182692308 0.8955450600961539 0.5394321009615385
1 0.8944056754807692 0.5577466658653847 0.8972027788461538 0.5311339951923076 0.8176410288461539 0.5227717187500001 0.8148439230769231 0.5493843894230769 0.8944056754807692 0.5577466658653847
1 0.8906450240384616 0.5785788028846154 0.8932969495192308 0.5533474134615385 0.8208315240384615 0.5457309903846154 0.8181795985576923 0.5709623798076924 0.8906450240384616 0.5785788028846154
1 0.8845430600961539 0.60624065625 0.8873401658653847 0.5796279879807693 0.8172574495192308 0.5722619975961538 0.8144603461538461 0.5988746658653846 0.8845430600961539 0.60624065625
1 0.8820045913461538 0.622918528846154 0.8843564831730769 0.6005417860576923 0.8118910600961539 0.5929253629807693 0.809539170673077 0.6153021057692307 0.8820045913461538 0.622918528846154
1 0.8796430240384615 0.6453873557692307 0.8820045913461538 0.622918528846154 0.8079334302884615 0.6151333365384615 0.8055718629807692 0.6376021634615385 0.8796430240384615 0.6453873557692307
1 0.8763171875 0.6690582716346154 0.8788142572115384 0.6453002475961539 0.8079545721153847 0.6378525961538462 0.8054575024038461 0.6616106177884615 0.8763171875 0.6690582716346154
1 0.8751258197115385 0.6958397115384615 0.8780681033653847 0.6678457596153845 0.8095393293269232 0.6606430961538461 0.806597045673077 0.6886370456730769 0.8751258197115385 0.6958397115384615
1 0.8719037644230769 0.7110491971153846 0.8738201177884615 0.6928162956730769 0.8085028197115385 0.6859511706730769 0.8065864663461538 0.7041840721153847 0.8719037644230769 0.7110491971153846
1 0.9294933389423077 0.6180409182692308 0.9328808365384614 0.5858110432692307 0.8832583389423078 0.5805955096153845 0.8798708413461539 0.6128253846153846 0.9294933389423077 0.6180409182692308
1 0.9350667283653846 0.6327783052884615 0.9372734399038462 0.61178284375 0.8813833822115384 0.6059085600961539 0.879176670673077 0.6269040216346154 0.9350667283653846 0.6327783052884615
1 0.9324148028846154 0.6580096923076924 0.9350667283653846 0.6327783052884615 0.879176670673077 0.6269040216346154 0.8765247451923077 0.6521354110576923 0.9324148028846154 0.6580096923076924
1 0.9290579639423077 0.6675257524038462 0.9308194639423076 0.6507662163461538 0.8827509038461538 0.6457140072115385 0.8809894062500001 0.6624735432692308 0.9290579639423077 0.6675257524038462
1 0.9280945769230768 0.7070862115384616 0.9322176442307692 0.6678578485576924 0.8841490865384615 0.6628056394230769 0.8800260192307692 0.7020340024038462 0.9280945769230768 0.7070862115384616
1 0.7989411442307692 0.7161355769230769 0.8020286057692307 0.68676034375 0.7114856730769231 0.6772438990384615 0.7083982139423076 0.7066191298076923 0.7989411442307692 0.7161355769230769
1 0.7163647307692307 0.6607189302884616 0.7135676274038462 0.6873315985576922 0.8041623557692308 0.6968534879807693 0.8069594615384615 0.6702408197115385 0.7163647307692307 0.6607189302884616
1 0.8044729735576923 0.6784518197115385 0.8079959711538461 0.6449327475961538 0.7190069783653846 0.6355796274038461 0.7154839831730769 0.6690986995192307 0.8044729735576923 0.6784518197115385
1 0.7149461322115385 0.6139254182692307 0.7108327451923077 0.6530616947115385 0.7982159951923078 0.6622460456730769 0.8023293822115385 0.6231097692307692 0.7149461322115385 0.6139254182692307
1 0.8031995528846154 0.6302770240384615 0.8067322259615385 0.5966658677884615 0.7074872307692307 0.586234798076923 0.7039545552884616 0.619845954326923 0.8031995528846154 0.6302770240384615
1 0.7089169711538462 0.5651576754807692 0.7059746899038462 0.5931516225961538 0.8091045360576923 0.6039910072115384 0.8120468197115385 0.5759970576923077 0.7089169711538462 0.5651576754807692
1 0.8050850889423077 0.5894169471153846 0.8093533341346154 0.5488073052884616 0.7053947163461539 0.5378808125 0.7011264711538462 0.5784904567307693 0.8050850889423077 0.5894169471153846
1 0.7184892283653846 0.5194262427884616 0.7145210168269231 0.5571812427884615 0.8106063365384616 0.5672802163461539 0.8145745456730769 0.5295252163461538 0.7184892283653846 0.5194262427884616
1 0.8094985120192307 0.5474260240384615 0.8137667572115385 0.5068163774038461 0.7145735600961539 0.4963907524038461 0.7103053149038462 0.5370003990384615 0.8094985120192307 0.5474260240384615
1 0.7180438557692308 0.4783211802884615 0.7143660024038462 0.5133136153846154 0.8104513197115384 0.5234125889423077 0.814129173076923 0.48842015384615384 0.7180438557692308 0.4783211802884615
1 0.8089079615384616 0.5077022379807692 0.8133213846153846 0.46571131490384615 0.7235554230769231 0.45627653125 0.719142 0.49826745432692304 0.8089079615384616 0.5077022379807692
1 0.7251920048076923 0.42525916586538465 0.7200333317307692 0.4743406610576923 0.8168956177884615 0.48452129807692307 0.8220542908653846 0.43543980288461537 0.7251920048076923 0.42525916586538465
1 0.8147301466346154 0.4672559182692308 0.8194339278846154 0.4225024350961538 0.7265082884615384 0.41273555528846156 0.7218045072115384 0.4574890408653846 0.8147301466346154 0.4672559182692308
1 0.7249332067307692 0.38985297115384615 0.7199293918269232 0.4374611009615385 0.81285503125 0.44722798076923076 0.8178588461538462 0.39961984855769234 0.7249332067307692 0.38985297115384615
1 0.8133212235576923 0.4203703221153846 0.8183250408653847 0.3727621899038462 0.7230166923076923 0.3627448798076923 0.718012875 0.4103530096153846 0.8133212235576923 0.4203703221153846
1 0.8048890937500001 0.3869912548076923 0.8090121610576924 0.3477628918269231 0.7397064182692308 0.34047856490384615 0.7355833509615385 0.37970692788461535 0.8048890937500001 0.3869912548076923
1 0.7900960480769231 0.30052685576923077 0.7968710408653846 0.2360671033653846 0.7031166322115384 0.22621311778846154 0.6963416394230768 0.2906728701923077 0.7900960480769231 0.30052685576923077
1 0.7952339014423077 0.31940808173076923 0.8005280745192308 0.2690373894230769 0.7021118461538461 0.2586934278846154 0.6968176730769231 0.30906411778846155 0.7952339014423077 0.31940808173076923
1 0.8031071995192308 0.3202355985576923 0.806639875 0.2866244423076923 0.7106063533653846 0.27653091105769234 0.7070736802884615 0.31014206730769234 0.8031071995192308 0.3202355985576923
1 0.7881683918269231 0.3412894014423077 0.7921366009615384 0.30353440625 0.7149575600961539 0.29542256009615386 0.7109893485576924 0.3331775576923077 0.7881683918269231 0.3412894014423077
1 0.7695112331730769 0.37480055528846157 0.7743698701923076 0.32857370432692307 0.7121604543269231 0.3220352307692308 0.7073018173076923 0.36826208173076924 0.7695112331730769 0.37480055528846157
1 0.7255529903846154 0.8159556947115385 0.7365865504807693 0.7109783846153845 0.5168593677884615 0.6878841274038462 0.5058258076923077 0.7928614374999999 0.7255529903846154 0.8159556947115385
1 0.7202491370192308 0.8664184711538462 0.7283404158653847 0.7894351081730769 0.5212519519230769 0.767669235576923 0.513160673076923 0.8446525985576923 0.7202491370192308 0.8664184711538462
1 0.7295207788461539 0.9296786129807693 0.7364409495192308 0.8638375793269231 0.5127771177884616 0.8403295624999999 0.5058569471153846 0.9061705961538462 0.7295207788461539 0.9296786129807693
1 0.4993829711538461 0.7639741754807693 0.5073193918269231 0.6884641778846153 0.3521843365384615 0.6721588269230769 0.3442479158653846 0.7476688245192308 0.4993829711538461 0.7639741754807693
1 0.5262182620192308 0.8225631442307691 0.5350741466346154 0.7383050408653846 0.3750700769230769 0.7214879350961538 0.36621419471153843 0.8057460384615385 0.5262182620192308 0.8225631442307691
1 0.5085968822115384 0.8646555 0.514084625 0.8124431009615385 0.3524230216346154 0.7954517812499999 0.3469352764423077 0.8476641802884616 0.5085968822115384 0.8646555
1 0.5021896730769231 0.9256160072115385 0.5098163798076923 0.8530527451923077 0.33997068750000004 0.8352012427884615 0.3323439807692308 0.9077645048076923 0.5021896730769231 0.9256160072115385
1 0.11740793749999999 0 0.11326060336538461 0.03945924038461539 0.4186099038461538 0.07155274519230768 0.42592689663461536 0.0019362139423076924 0.40750505048076924 0 0.11740793749999999 0
1 0.4055381418269231 0.11719567067307693 0.4113356009615385 0.06203654086538461 0.10764383653846155 0.03011725 0.1018463798076923 0.08527637980769232 0.4055381418269231 0.11719567067307693
1 0.4019127860576923 0.19902424278846154 0.41015892067307697 0.12056751442307692 0.11952025480769232 0.0900201610576923 0.11127412019230769 0.16847688942307693 0.4019127860576923 0.19902424278846154
1 0.4032613052884615 0.2489758798076923 0.4087490480769231 0.19676348076923075 0.10339974759615383 0.16466997596153846 0.09791200480769231 0.216882375 0.4032613052884615 0.2489758798076923
1 0.39335763221153847 0.32725839182692307 0.40129405288461534 0.2517483966346154 0.0992080264423077 0.21999787499999998 0.09127160817307692 0.2955078701923077 0.39335763221153847 0.32725839182692307
1 0.40209910096153845 0.4015420216346154 0.40972580528846153 0.32897875480769234 0.09127160817307692 0.2955078701923077 0.08364490144230768 0.3680711370192308 0.40209910096153845 0.4015420216346154
1 0.3871215649038462 0.44987082211538465 0.3962774855769231 0.36275806971153846 0.07295427403846154 0.3287754302884615 0.06379835576923078 0.41588818269230765 0.3871215649038462 0.44987082211538465
1 0.3755886971153846 0.4808721754807692 0.38138615625 0.42571304567307694 0.0629837548076923 0.3922476033653846 0.057186298076923076 0.44740673317307694 0.3755886971153846 0.4808721754807692
1 0.3686482644230769 0.5623523173076923 0.3771944350961538 0.48104094471153847 0.07184513461538461 0.44894743990384617 0.06329896394230769 0.5302588125000001 0.3686482644230769 0.5623523173076923
1 0.36616587980769233 0.6178598774038462 0.3759315480769231 0.52494575 0.052608338942307695 0.4909631105769231 0.04284267067307693 0.5838772403846154 0.36616587980769233 0.6178598774038462
1 0.35430463701923076 0.6988228245192307 0.3652898052884615 0.5943059374999999 0.0648613173076923 0.5627296322115385 0.05387614903846154 0.667246516826923 0.35430463701923076 0.6988228245192307
1 0.3457771298076923 0.7331193365384615 0.3543232980769231 0.6518079615384615 0.06042135817307692 0.620917625 0.05187518990384616 0.7022289975961539 0.3457771298076923 0.7331193365384615
1 0.3396609735576923 0.8381479735576923 0.35583385096153847 0.6842733365384616 0.045615538461538464 0.6516680769230769 0.029442661057692308 0.8055427139423077 0.3396609735576923 0.8381479735576923
1 0.34227111298076923 0.8765943846153846 0.3502075336538461 0.8010843894230769 0.03993742067307692 0.7684736875 0.032001 0.8439836826923077 0.34227111298076923 0.8765943846153846
1 0.34178070432692303 0.9440422379807691 0.35337562259615385 0.8337239759615385 0.04310550961538462 0.8011132716346154 0.031510593749999996 0.9114315360576923 0.34178070432692303 0.9440422379807691
1 0.33098591105769226 0.9839659134615384 0.3386126153846154 0.9114026514423077 0.14918727403846155 0.8914932451923078 0.14156056730769231 0.9640565072115385 0.33098591105769226 0.9839659134615384
4 0.09692713221153845 0.6188890697115385 0.13201191826923078 0.2850796370192308 0.035667610576923074 0.2749534423076923 0.0005828245192307693 0.6087628749999999 0.09692713221153845 0.6188890697115385
4 0 0.9393090144230769 0.0907366826923077 0.9488458245192307 0.12500846875 0.6227715625 0 0.6096326418269231 0 0.9393090144230769
4 0.982071173076923 0.6763562572115384 0.9965599783653847 0.5385044735576924 0.93802821875 0.5323525360576923 0.9235394134615384 0.6702043221153846 0.982071173076923 0.6763562572115384
1 0.9200057331730769 0.11736197836538462 0.9247095144230768 0.07260849278846154 0.8632770673076924 0.0661516826923077 0.8585732860576923 0.11090516826923077 0.9200057331730769 0.11736197836538462
1 0.8448055841346154 0.12081664182692307 0.8483382596153847 0.08720548557692308 0.7908424615384615 0.08116243509615385 0.7873097884615384 0.11477359134615385 0.8448055841346154 0.12081664182692307
1 0.7831145024038462 0.12429462980769232 0.7869472115384616 0.08782882692307692 0.7160875264423077 0.08038117548076923 0.7122548173076922 0.11684697596153847 0.7831145024038462 0.12429462980769232
1 0.9736380024038461 0.13724365625 0.9789418533653845 0.08678087980769231 0.9301481225961539 0.08165245192307692 0.9248442716346154 0.1321152283653846 0.9736380024038461 0.13724365625
0 0.9628241129807692 0.8246009350961538 0.9766934903846154 0.6926426129807692 0.7848854375 0.6724827764423077 0.7710160600961539 0.8044410961538462 0.9628241129807692 0.8246009350961538