4 0.7912573990384615 0.5358479182692307 0.7950953677884616 0.4626150841346154 0.7465682139423078 0.4600718846153846 0.7427302451923077 0.53330471875 0.7912573990384615 0.5358479182692307
4 0.7875551057692308 0.6139556442307692 0.7918146730769231 0.5326782956730769 0.7438336442307693 0.5301637163461538 0.7395740793269231 0.6114410649038462 0.7875551057692308 0.6139556442307692
4 0.8464838413461538 0.6195473990384616 0.8506198365384615 0.5406279254807692 0.7920283677884616 0.5375572764423077 0.7878923750000001 0.6164767499999999 0.8464838413461538 0.6195473990384616
4 0.795393391826923 0.4569284471153846 0.7911701706730769 0.5375123004807693 0.8533504639423076 0.54077103125 0.8575736850961538 0.46018717788461544 0.795393391826923 0.4569284471153846
4 0.9029853870192308 0.5311332932692308 0.9066125600961539 0.46192271875 0.8466167692307691 0.4587784711538462 0.8429895961538462 0.5279890456730769 0.9029853870192308 0.5311332932692308
4 0.8952217932692308 0.6180683413461538 0.8994886274038462 0.5366522956730769 0.8500252572115384 0.5340600288461539 0.8457584230769231 0.6154760745192308 0.8952217932692308 0.6180683413461538
4 0.9504308629807692 0.6259685865384615 0.9550102596153847 0.5385885024038461 0.9026602259615385 0.535844954326923 0.8980808317307692 0.6232250384615384 0.9504308629807692 0.6259685865384615
4 0.904960625 0.4501534663461539 0.9003884975961539 0.5373948533653846 0.9581217692307693 0.5404205240384615 0.9626938942307692 0.45317913942307697 0.904960625 0.4501534663461539
1 0.9829904543269231 0.6853929519230769 0.9866685096153845 0.6152114903846153 0.9099768822115385 0.6111922524038461 0.906298826923077 0.6813737139423076 0.9829904543269231 0.6853929519230769
1 0.7442605264423077 0.5682938677884615 0.7449438004807691 0.5552562043269231 0.7184177043269231 0.55386603125 0.7177344278846154 0.5669036947115385 0.7442605264423077 0.5682938677884615
1 0.7460142235576923 0.5781213413461539 0.7466538846153846 0.5659158677884615 0.7178652692307692 0.5644071201923077 0.7172256057692308 0.57661259375 0.7460142235576923 0.5781213413461539
1 0.7443026682692307 0.5854028557692308 0.7448114903846155 0.5756939591346154 0.7191435913461538 0.5743487596153846 0.7186347692307693 0.5840576586538462 0.7443026682692307 0.5854028557692308
1 0.7445992211538462 0.597657391826923 0.7452388822115386 0.5854519206730769 0.7186347692307693 0.5840576586538462 0.7179951057692308 0.5962631298076922 0.7445992211538462 0.597657391826923
1 0.7437051490384616 0.6147173125 0.7446428341346153 0.5968252019230769 0.7194430432692307 0.5955045360576923 0.7185053581730769 0.6133966490384615 0.7437051490384616 0.6147173125
1 0 0.5967423846153846 0.10933599038461539 0.6024724399038461 0.11240345913461539 0.5439416514423077 0.0003697091346153846 0.5380702115384616 0 0.5451246826923077 0 0.5967423846153846
1 0 0.6495925889423078 0.10392120432692308 0.6550388677884615 0.10680695192307692 0.599975545673077 0 0.5943780288461539 0 0.6495925889423078
1 0 0.6977140937499999 0.10405878125 0.7031675817307692 0.10706082932692308 0.6458850841346154 0 0.6402742644230769 0 0.6977140937499999
1 0.20486434375 0.60831334375 0.20618728125000002 0.5830702091346154 0.13565906971153846 0.5793739831730769 0.1343361346153846 0.6046171153846154 0.20486434375 0.60831334375
1 0.13706486298076923 0.5615064014423077 0.1356983125 0.5875817283653846 0.2126239951923077 0.5916132331730769 0.2139905456730769 0.5655379038461539 0.13706486298076923 0.5615064014423077
1 0.20516531009615385 0.5667443485576923 0.20635740625 0.5439977860576923 0.14004216346153847 0.5405223533653847 0.1388500673076923 0.5632689158653846 0.20516531009615385 0.5667443485576923
1 0.13910742067307694 0.5225321105769231 0.13770452644230768 0.5493009302884615 0.2082327355769231 0.55299715625 0.2096356298076923 0.5262283365384616 0.13910742067307694 0.5225321105769231
1 0.20981492307692307 0.5302710384615384 0.2109270625 0.5090501610576923 0.1418811923076923 0.5054316201923077 0.1407690528846154 0.5266524975961538 0.20981492307692307 0.5302710384615384
1 0.14038627403846154 0.4817097620192307 0.13936136057692308 0.5012662572115384 0.21160596634615383 0.5050524350961538 0.21263087980769232 0.48549593990384615 0.14038627403846154 0.4817097620192307
1 0.21309461778846156 0.49456041105769233 0.21450478125 0.4676528942307692 0.14358648076923078 0.4639362235576923 0.1421763173076923 0.4908437403846154 0.21309461778846156 0.49456041105769233
1 0.14678668509615383 0.4461626826923077 0.14533290865384615 0.47390239182692306 0.21398868990384615 0.4775004903846154 0.21544246634615385 0.44976077884615384 0.14678668509615383 0.4461626826923077
1 0.21321918990384617 0.45784995192307687 0.21492737740384615 0.4252557956730769 0.1475979014423077 0.4217272067307692 0.14588971394230768 0.4543213653846154 0.21321918990384617 0.45784995192307687
1 0.21087528365384617 0.4324146466346154 0.21236540384615385 0.4039814447115385 0.1491708798076923 0.40066956009615384 0.1476807596153846 0.4291027620192308 0.21087528365384617 0.4324146466346154
1 0.15244910336538461 0.3829001105769231 0.15116977884615385 0.4073110552884615 0.21842123798076923 0.41083555528846155 0.21970056009615385 0.38642461057692307 0.15244910336538461 0.3829001105769231
1 0.21983187019230768 0.4003394399038462 0.22167089663461537 0.3652487091346154 0.1526250264423077 0.3616301682692308 0.150786 0.3967209014423077 0.21983187019230768 0.4003394399038462
1 0.1546225 0.3414292427884615 0.1530451514423077 0.37152682932692305 0.2211548076923077 0.37509630528846155 0.22273215384615386 0.34499871875 0.1546225 0.3414292427884615
1 0.2223934158653846 0.36041879326923076 0.2239707644230769 0.33032120673076926 0.15258435576923077 0.3265800048076923 0.15100700721153845 0.3566775889423077 0.2223934158653846 0.36041879326923076
1 0.15415733413461538 0.30552235817307694 0.1525799855769231 0.3356199423076923 0.22583882451923076 0.33945927644230767 0.2274161706730769 0.30936168990384616 0.15415733413461538 0.30552235817307694
1 0.22111027644230768 0.32071388942307694 0.22276758173076922 0.2890906225961538 0.15738855528846155 0.2856642524038462 0.15573125 0.31728751923076925 0.22111027644230768 0.32071388942307694
1 0.1604186778846154 0.2621795408653846 0.15871775721153847 0.29463500000000004 0.22784164663461537 0.2982576298076923 0.22954256490384614 0.26580217067307693 0.1604186778846154 0.2621795408653846
1 0.26216953605769233 0.3000566778846154 0.26331801923076925 0.2781423076923077 0.22984832692307694 0.2763882355769231 0.22869984375 0.2983026057692308 0.26216953605769233 0.3000566778846154
1 0.2622572331730769 0.31480369951923076 0.26328214423076923 0.2952472043269231 0.2244292139423077 0.2932110072115385 0.22340430288461538 0.3127675048076923 0.2622572331730769 0.31480369951923076
1 0.25935794951923075 0.3357918365384615 0.26063727403846154 0.3113808918269231 0.22404686298076923 0.30946327163461534 0.22276753846153846 0.3338742139423077 0.25935794951923075 0.3357918365384615
1 0.25726745192307693 0.3398546658653846 0.2579071153846154 0.3276491923076923 0.21811796875 0.32556393028846153 0.21747830769230767 0.33776940384615384 0.25726745192307693 0.3398546658653846
1 0.28604828846153846 0.3698743004807692 0.28766925 0.33894452403846154 0.21854536298076924 0.33532189663461537 0.21692440144230768 0.3662516706730769 0.28604828846153846 0.3698743004807692
1 0.28515421634615384 0.3869342211538462 0.28673156490384616 0.35683663701923074 0.22221073557692309 0.3534552427884616 0.22063338701923077 0.3835528293269231 0.28515421634615384 0.3869342211538462
1 0.28213040384615384 0.3998492235576923 0.28336611298076925 0.37627047115384615 0.21705087259615385 0.3727950360576923 0.2158151610576923 0.3963737884615384 0.28213040384615384 0.3998492235576923
1 0.2829415769230769 0.4201973389423077 0.28421363221153845 0.39592509374999996 0.2196928028846154 0.3925436995192308 0.21842074759615387 0.41681594471153843 0.2829415769230769 0.4201973389423077
1 0.2816622548076923 0.44460828365384614 0.2830651490384615 0.41783946394230764 0.2190124254807692 0.41448260336538467 0.21760953125 0.4412514230769231 0.2816622548076923 0.44460828365384614
1 0.2793202451923077 0.46242680048076923 0.2807231394230769 0.4356579783653846 0.21573420192307693 0.4322520528846154 0.21433130769230768 0.459020875 0.2793202451923077 0.46242680048076923
1 0.27074794951923076 0.4767199711538461 0.2715984110576923 0.4604922403846154 0.21487937259615386 0.45751972115384615 0.21402891346153846 0.4737474519230769 0.27074794951923076 0.4767199711538461
1 0.27693315384615386 0.49901868269230765 0.2782488197115385 0.4739142451923077 0.2141960985576923 0.4705573846153846 0.21288043028846154 0.49566182211538456 0.27693315384615386 0.49901868269230765
1 0.27548374519230767 0.5177184543269231 0.27646504567307695 0.4989941514423077 0.2124123221153846 0.4956372908653846 0.21143102403846153 0.51436159375 0.27548374519230767 0.5177184543269231
1 0.27471324519230766 0.5324205 0.27578176923076925 0.5120318149038462 0.21266526201923078 0.508724016826923 0.21159673798076922 0.529112704326923 0.27471324519230766 0.5324205
1 0.27070329326923076 0.5566883365384615 0.27198261778846156 0.5322773942307693 0.21206484375 0.529137235576923 0.2107855216346154 0.5535481802884615 0.27070329326923076 0.5566883365384615
1 0.2697219951923077 0.5754126418269231 0.27095770432692307 0.5518338894230769 0.2119761466346154 0.5487427956730769 0.2107404375 0.5723215480769231 0.2697219951923077 0.5754126418269231
1 0.2683162019230769 0.5932802235576923 0.26942833894230767 0.5720593461538461 0.20997867548076923 0.5689437211538462 0.20886653605769231 0.5901645985576923 0.2683162019230769 0.5932802235576923
1 0.26742212740384613 0.6103401418269231 0.2683162019230769 0.5932802235576923 0.20613590865384615 0.5900214927884615 0.20524183653846156 0.6070814110576923 0.26742212740384613 0.6103401418269231
1 0.30728596634615385 0.5423332524038462 0.30839810576923077 0.521112375 0.26814085096153845 0.5190025817307693 0.2670287115384615 0.5402234591346153 0.30728596634615385 0.5423332524038462
1 0.30694722836538463 0.5577533269230769 0.3077976875 0.5415255961538462 0.2674624158653846 0.5394117139423077 0.2666119567307692 0.5556394447115385 0.30694722836538463 0.5577533269230769
1 0.3065668149038462 0.5724758149038461 0.30738093028846153 0.5569415769230769 0.268528 0.5549053822115385 0.26771388461538465 0.5704396201923078 0.3065668149038462 0.5724758149038461
1 0.3067354278846154 0.5961281658653846 0.3079711394230769 0.5725494134615384 0.26771388461538465 0.5704396201923078 0.26647817548076924 0.5940183725961539 0.3067354278846154 0.5961281658653846
1 0.3064810168269231 0.6009826129807693 0.3068662692307692 0.5936315913461538 0.2716021634615385 0.5917834783653846 0.2712169110576923 0.5991345 0.3064810168269231 0.6009826129807693
1 0.4794826274038462 0.6153342644230769 0.4805293461538461 0.5953616754807692 0.40477393509615384 0.5913915024038462 0.4037272163461539 0.6113640913461539 0.4794826274038462 0.6153342644230769
1 0.5454731995192308 0.61754096875 0.5462655096153847 0.6024228269230769 0.48626971875 0.5992785817307692 0.4854774110576923 0.6143967235576923 0.5454731995192308 0.61754096875
1 0.5493979495192307 0.5038405528846154 0.550626389423077 0.4804005 0.4867297043269231 0.4770518149038461 0.4855012620192308 0.5004918677884616 0.5493979495192307 0.5038405528846154
1 0.4868275673076923 0.5005613774038461 0.4884194519230769 0.4701863966346154 0.4060325168269231 0.4658686802884615 0.4044406298076923 0.4962436610576923 0.4868275673076923 0.5005613774038461
1 0.39933339663461537 0.20557802163461536 0.40179027884615387 0.15869791346153847 0.3633274375 0.1566821610576923 0.36087055528846157 0.20356226923076923 0.39933339663461537 0.20557802163461536
1 0.3512511153846154 0.17663303125000002 0.35350446875 0.13363648317307691 0.31340325 0.13153486778846155 0.3111498966346154 0.17453141586538462 0.3512511153846154 0.17663303125000002
1 0.2605138918269231 0.11221259615384614 0.25826780769230767 0.15507044471153847 0.31810756249999994 0.15820651442307693 0.3203536466346154 0.11534866346153846 0.2605138918269231 0.11221259615384614
1 0.2716399110576923 0.13129325721153845 0.2732245264423077 0.1010569735576923 0.22212278124999998 0.09837884375 0.2205381658653846 0.12861512740384615 0.2716399110576923 0.13129325721153845
1 0.16984059855769232 0.08687684134615384 0.16815421875 0.11905490625 0.22089433894230767 0.12181889903846153 0.22258072115384617 0.08964083413461539 0.16984059855769232 0.08687684134615384
1 0.21732574519230768 0.2511148846153846 0.2199498125 0.20104470913461536 0.14942160096153845 0.19734848076923078 0.14679753365384615 0.24741865624999998 0.21732574519230768 0.2511148846153846
1 0.21289228124999998 0.2625652115384615 0.21509475240384615 0.22053955528846153 0.15330455048076924 0.21730126682692308 0.15110207692307692 0.2593269254807692 0.21289228124999998 0.2625652115384615
1 0.20751145192307693 0.2771647235576923 0.20946678125 0.2398548125 0.14541406009615385 0.23649795192307693 0.14345872836538462 0.27380786298076926 0.20751145192307693 0.2771647235576923
1 0.2029762235576923 0.29055683173076924 0.20464806490384616 0.25865616586538465 0.14746092067307692 0.2556591153846154 0.1457890793269231 0.28755978125000003 0.2029762235576923 0.29055683173076924
1 0.1418918701923077 0.4858219711538462 0.14261875961538462 0.4719521177884615 0.12982381730769232 0.47128156250000003 0.12909693028846153 0.4851514182692308 0.1418918701923077 0.4858219711538462
1 0.13097956971153846 0.44922849278846155 0.12956940625 0.4761360120192308 0.1433005625 0.4768556298076923 0.14471072596153844 0.44994811298076925 0.13097956971153846 0.44922849278846155
1 0.1473105144230769 0.45258779326923076 0.1481609735576923 0.43636006250000003 0.13255738701923075 0.4355423125 0.13170692788461538 0.45177004326923076 0.1473105144230769 0.45258779326923076
1 0.1314869639423077 0.41267718028846156 0.13004045673076922 0.4402781875 0.1469703485576923 0.4411654471153846 0.14841685576923075 0.41356443750000005 0.1314869639423077 0.41267718028846156
1 0.15025778125 0.42172752644230765 0.1512390793269231 0.4030032235576923 0.1334509903846154 0.40207098798076923 0.1324696923076923 0.4207952908653846 0.15025778125 0.42172752644230765
1 0.13490039663461537 0.38337121634615384 0.13362107451923078 0.4077821610576923 0.14961475 0.4086203533653846 0.15089407451923076 0.38420941105769235 0.13490039663461537 0.38337121634615384
1 0.15225962259615386 0.3924866658653846 0.15336449278846154 0.37140448557692307 0.1373708173076923 0.3705662908653846 0.13626594711538462 0.39164847355769233 0.15225962259615386 0.3924866658653846
1 0.13682422115384615 0.3541262668269231 0.13554489903846154 0.3785372115384616 0.15294289663461538 0.37944900240384616 0.15422222115384615 0.3550380576923077 0.13682422115384615 0.3541262668269231
1 0.15477318509615384 0.3624381466346154 0.1557544831730769 0.34371384134615385 0.14389575721153847 0.3430923533653846 0.1429144591346154 0.36181665625 0.15477318509615384 0.3624381466346154
1 0.14275021634615384 0.32912436778846155 0.1413400528846154 0.3560318846153846 0.15234058173076923 0.35660839903846153 0.1537507451923077 0.3297008798076923 0.14275021634615384 0.32912436778846155
1 0.15767199759615383 0.3250386033653846 0.15865329807692305 0.30631429807692306 0.14219151442307693 0.3054515745192308 0.14121021394230768 0.3241758774038462 0.15767199759615383 0.3250386033653846
1 0.14905566346153848 0.27896896634615387 0.14752193028846156 0.30823436057692305 0.15758624278846153 0.30876180769230765 0.15911997596153846 0.27949641586538465 0.14905566346153848 0.27896896634615387
1 0.1392998221153846 0.49945499759615386 0.14006305288461537 0.48489165144230767 0.12820432932692308 0.4842701610576923 0.12744109615384616 0.4988335096153846 0.1392998221153846 0.49945499759615386
1 0.14210893509615385 0.5160135961538461 0.14296666346153847 0.49964717067307696 0.12923550721153848 0.49892755048076926 0.12837777884615384 0.5152939759615385 0.14210893509615385 0.5160135961538461
1 0.14121776201923078 0.5419747572115384 0.14257704326923076 0.5160381298076924 0.12837777884615384 0.5152939759615385 0.12701849759615386 0.5412306057692308 0.14121776201923078 0.5419747572115384
1 0.140490875 0.5558446129807693 0.14163935817307693 0.5339302427884616 0.12517757451923076 0.5330675168269231 0.12402909134615385 0.5549818870192308 0.140490875 0.5558446129807693
1 0.1369897451923077 0.5704035528846154 0.13797104326923076 0.5516792475961538 0.12564421153846153 0.5510332259615385 0.12466291105769231 0.5697575312500001 0.1369897451923077 0.5704035528846154
4 0.3787348317307692 0.6031003221153847 0.3838957379807692 0.5046243557692308 0.31906283653846157 0.5012266057692307 0.31390193028846153 0.5997025745192308 0.3787348317307692 0.6031003221153847
4 0.2757808317307692 0.4792090024038461 0.26974038942307693 0.5944674975961538 0.3219343870192307 0.5972028677884615 0.3279748293269231 0.481944375 0.2757808317307692 0.4792090024038461
0 0.5320780961538462 0.36858206730769233 0.5185797788461538 0.6261452692307692 0.6753178052884615 0.6343595600961538 0.6888161201923076 0.37679636057692306 0.5320780961538462 0.36858206730769233