2 0.6759446250000001 0.6398975192307692 0.6787685192307692 0.47811660817307694 0.5581618918269231 0.4760114110576923 0.5553379951923076 0.6377923221153845 0.6759446250000001 0.6398975192307692
1 0.40336263701923075 0.8615629591346153 0.4059586826923077 0.7128356129807693 0.14920092067307691 0.7083538894230769 0.146604875 0.8570812355769231 0.40336263701923075 0.8615629591346153
1 0.21394884615384616 0.8442268125 0.2168066778846154 0.6805017524038461 0.003245459134615385 0.6767740264423078 0.00038762740384615387 0.8404990865384616 0.21394884615384616 0.8442268125
1 0.9954820865384615 0.7542416322115385 0.9967910168269231 0.6792530552884616 0.9086013245192308 0.6777136995192308 0.9072923942307691 0.7527022764423077 0.9954820865384615 0.7542416322115385
1 0.9251786706730769 0.6009079807692308 0.9255446850961538 0.5799389543269231 0.8641477884615385 0.5788672668269231 0.8637817716346153 0.5998362932692308 0.9251786706730769 0.6009079807692308
1 0.9251590408653846 0.6199383149038462 0.9255905048076923 0.595219860576923 0.8609909687499999 0.5940922716346153 0.8605595072115384 0.6188107259615384 0.9251590408653846 0.6199383149038462
1 0.8003600384615385 0.5491383798076923 0.8006242475961538 0.5340017956730769 0.7799242764423078 0.5336404759615385 0.7796600673076923 0.5487770600961539 0.8003600384615385 0.5491383798076923
1 0.8402762331730769 0.4737124134615385 0.8404749951923077 0.46232525961538457 0.805167875 0.4617089711538461 0.804969110576923 0.473096125 0.8402762331730769 0.4737124134615385
1 0.8399877836538461 0.49023767307692306 0.8402762331730769 0.4737124134615385 0.8034849615384616 0.47307022115384617 0.8031965120192308 0.4895954783653846 0.8399877836538461 0.49023767307692306
1 0.8387826971153847 0.49660650240384613 0.8390057019230769 0.48383066826923077 0.8040110312500001 0.4832198341346154 0.8037880288461537 0.49599566586538457 0.8387826971153847 0.49660650240384613
1 0.8398905889423076 0.5137117764423077 0.8402008533653846 0.4959367043269231 0.8045812788461538 0.49531496153846155 0.804271014423077 0.5130900336538462 0.8398905889423076 0.5137117764423077
1 0.8397354567307692 0.5225993100961538 0.8399463389423077 0.5105178173076923 0.8043267644230769 0.5098960769230769 0.8041158822115384 0.5219775673076923 0.8397354567307692 0.5225993100961538
1 0.8394809423076922 0.5371804230769232 0.8397354567307692 0.5225993100961538 0.8026317331730769 0.5219516610576923 0.80237721875 0.5365327740384616 0.8394809423076922 0.5371804230769232
1 0.8357986009615386 0.5467009399038462 0.8359779711538462 0.5364247259615385 0.8023893389423077 0.5358384350961539 0.8022099663461538 0.5461146490384615 0.8357986009615386 0.5467009399038462
1 0.8355683245192308 0.5598933749999999 0.8357889038461538 0.5472564110576923 0.8007942355769231 0.5466455769230769 0.80057365625 0.5592825408653846 0.8355683245192308 0.5598933749999999
1 0.8987004567307693 0.43917123798076924 0.899097983173077 0.4163969326923077 0.8416067427884616 0.41539341826923076 0.8412092139423077 0.43816772596153847 0.8987004567307693 0.43917123798076924
1 0.8967487235576923 0.4480274158653846 0.8970371730769231 0.43150215625 0.8431391322115385 0.43056136298076925 0.8428506826923077 0.4470866201923077 0.8967487235576923 0.4480274158653846
1 0.894641858173077 0.46577112740384613 0.8951387668269231 0.4373032403846154 0.8412407259615384 0.4363624447115385 0.8407438173076923 0.4648303317307692 0.894641858173077 0.46577112740384613
1 0.8955366778846153 0.4771773701923077 0.8959996514423078 0.4506536322115385 0.84139859375 0.4497005673076923 0.8409356201923077 0.4762243052884615 0.8955366778846153 0.4771773701923077
1 0.8945670240384616 0.49244054807692306 0.8950203028846153 0.46647228365384613 0.8432313173076923 0.46556830288461537 0.8427780384615384 0.4915365673076923 0.8945670240384616 0.49244054807692306
1 0.8961527427884615 0.5045534014423076 0.8965842043269231 0.4798349423076923 0.8419831466346154 0.4788818774038462 0.8415516850961539 0.5036003365384615 0.8961527427884615 0.5045534014423076
1 0.8960097307692307 0.5127465985576923 0.8963636274038461 0.49247190865384616 0.8331701274038461 0.4913688605769231 0.8328162307692307 0.5116435504807693 0.8960097307692307 0.5127465985576923
1 0.8968021971153846 0.5255401538461538 0.897158516826923 0.5051265985576923 0.8375582211538461 0.5040862692307692 0.8372019014423077 0.524499826923077 0.8968021971153846 0.5255401538461538
1 0.8937913629807692 0.5368782235576923 0.8940579975961539 0.5216027716346153 0.8422690096153846 0.5206987908653846 0.8420023774038461 0.5359742427884615 0.8937913629807692 0.5368782235576923
1 0.8928677668269231 0.5495029158653846 0.8931998461538462 0.5304780360576923 0.8425044423076924 0.5295931442307692 0.8421723629807693 0.5486180264423077 0.8928677668269231 0.5495029158653846
1 0.894732 0.5635653701923077 0.8949986346153846 0.5482899206730769 0.8482869999999999 0.5474745673076923 0.8480203653846154 0.562750016826923 0.894732 0.5635653701923077
1 0.8916654158653846 0.5780973990384616 0.8919659831730768 0.5608778004807692 0.8629860240384615 0.5603719543269231 0.862685454326923 0.5775915504807693 0.8916654158653846 0.5780973990384616
1 0.9391969783653846 0.4379333701923077 0.9395023966346153 0.4204360360576923 0.8992741490384616 0.41973384855769236 0.8989687307692308 0.4372311826923077 0.9391969783653846 0.4379333701923077
1 0.932554158653846 0.4514306033653846 0.9328983581730769 0.4317113822115385 0.9016531177884615 0.43116599519230764 0.9013089182692308 0.45088521634615386 0.932554158653846 0.4514306033653846
1 0.9397241418269231 0.4569732475961539 0.9399374495192307 0.44475288701923077 0.9009590120192308 0.4440725168269231 0.9007457043269231 0.456292875 0.9397241418269231 0.4569732475961539
1 0.9402658509615385 0.4751799182692308 0.940571266826923 0.4576825841346154 0.8986245312500001 0.4569504014423077 0.8983191153846154 0.4744477355769231 0.9402658509615385 0.4751799182692308
1 0.9383873822115384 0.4843151923076923 0.9386394711538462 0.46987294711538463 0.8966927355769231 0.4691407644230769 0.8964406466346154 0.48358300961538464 0.9383873822115384 0.4843151923076923
1 0.9381740745192307 0.49653555288461537 0.9383994999999999 0.48362085336538463 0.896452764423077 0.48288867067307695 0.8962273389423078 0.4958033701923077 0.9381740745192307 0.49653555288461537
1 0.9376114086538462 0.5063883461538462 0.9378901610576923 0.4904185576923077 0.8975838028846154 0.48971500721153843 0.8973050480769231 0.505684795673077 0.9376114086538462 0.5063883461538462
1 0.9377765480769231 0.5193098605769231 0.9379753100961538 0.5079227091346155 0.9015746057692307 0.5072873317307692 0.9013758413461539 0.5186744855769231 0.9377765480769231 0.5193098605769231
1 0.93836915625 0.5346003100961538 0.9386624543269231 0.5177973149038462 0.9014025048076924 0.5171469399038462 0.9011092067307692 0.5339499375 0.93836915625 0.5346003100961538
1 0.9385876225961538 0.5444667379807693 0.9387597235576923 0.5346071274038462 0.8990001538461538 0.5339131225961539 0.8988280528846153 0.5437727307692307 0.9385876225961538 0.5444667379807693
1 0.9392068966346153 0.5582296418269231 0.9394323221153846 0.5453149423076923 0.8983448317307693 0.5445977572115385 0.898119403846154 0.5575124567307692 0.9392068966346153 0.5582296418269231
1 0.9394501466346153 0.5711525216346154 0.9396489110576923 0.5597653677884615 0.898561420673077 0.5590481826923077 0.89836265625 0.5704353365384616 0.9394501466346153 0.5711525216346154
1 0.9357731995192308 0.5848404326923077 0.9359986274038461 0.5719257355769231 0.8983481129807692 0.5712685432692308 0.8981226850961538 0.5841832427884616 0.9357731995192308 0.5848404326923077
1 0.9363803533653846 0.5992976778846154 0.9365936610576924 0.5870773173076923 0.9250329230769231 0.5868755240384615 0.9248196153846154 0.5990958822115384 0.9363803533653846 0.5992976778846154
1 0.9334826610576923 0.6175832235576924 0.9338171658653847 0.5984194783653846 0.9192881298076923 0.5981658725961538 0.9189536250000001 0.6173296177884615 0.9334826610576923 0.6175832235576924
2 0.5384540817307693 0.5441500625 0.5403374879807692 0.4362498317307692 0.46636437980769235 0.43495862740384617 0.4644809759615385 0.5428588557692308 0.5384540817307693 0.5441500625