2 0.7331264543269231 0.47676102644230767 0.7144084663461538 0.7444407139423077 0.9159475769230769 0.758533701923077 0.9346655649038461 0.49085401201923073 0.7331264543269231 0.47676102644230767
1 0.6910655288461538 0.73891003125 0.6975858221153846 0.6456655024038462 0.5698508629807693 0.6367334038461538 0.5633305697115385 0.7299779326923077 0.6910655288461538 0.73891003125
1 0.5866556971153846 0.7144839326923077 0.5930791033653846 0.6226249134615384 0.45279666105769234 0.6128154086538461 0.4463732524038461 0.7046744302884616 0.5866556971153846 0.7144839326923077
1 0.4612869879807692 0.70307196875 0.46762319951923076 0.6124598990384615 0.3679447307692308 0.6054897019230769 0.3616085168269231 0.6961017716346153 0.4612869879807692 0.70307196875
1 0.2495046634615385 0.6764283197115385 0.2533606466346154 0.6212851971153845 0.20168994471153848 0.61767203125 0.1978339639423077 0.6728151538461538 0.2495046634615385 0.6764283197115385
1 0.23737919230769233 0.6583161490384615 0.2421458846153846 0.5901492716346154 0.12555558653846155 0.581996483173077 0.12078889423076923 0.6501633605769231 0.23737919230769233 0.6583161490384615
1 0.07463075240384615 0.6181154639423077 0.07955245913461538 0.5477317788461539 0.02850523798076923 0.5441622091346153 0.023583531249999998 0.6145458942307692 0.07463075240384615 0.6181154639423077
1 0.12645019951923075 0.6285612067307693 0.12961830528846152 0.5832551730769231 0.07732412740384616 0.5795984086538462 0.07415602163461538 0.6249044423076923 0.12645019951923075 0.6285612067307693
1 0.9906268052884616 0.48014825961538465 0.991886295673077 0.46213668509615385 0.9633621995192307 0.4601420865384615 0.9621027067307693 0.4781536610576923 0.9906268052884616 0.48014825961538465
1 0.9852236658653847 0.4890987163461539 0.9862700120192307 0.4741352548076923 0.9632792788461538 0.4725275865384615 0.9622329326923077 0.4874910480769231 0.9852236658653847 0.4890987163461539
1 0.9848871370192308 0.5006311105769231 0.9858462884615384 0.4869146033653846 0.9628555552884616 0.48530693509615386 0.9618964038461539 0.4990234399038461 0.9848871370192308 0.5006311105769231
1 0.9903754783653846 0.5106216274038462 0.9913540072115385 0.4966280192307692 0.9619726274038461 0.4945734735576923 0.9609940985576924 0.5085670817307693 0.9903754783653846 0.5106216274038462
1 0.9893168774038461 0.5190405120192307 0.9902760288461538 0.5053240072115385 0.9620636706730769 0.5033512067307693 0.9611045192307692 0.5170677115384615 0.9893168774038461 0.5190405120192307
1 0.9884752692307692 0.5344359759615385 0.9895216153846154 0.5194725144230768 0.9603740408653846 0.5174343173076923 0.9593276947115386 0.5323977788461538 0.9884752692307692 0.5344359759615385
1 0.9904169399038462 0.5425077475961538 0.9912501418269231 0.5305923990384616 0.9608556129807693 0.5284670072115385 0.9600224110576924 0.5403823557692308 0.9904169399038462 0.5425077475961538
1 0.9894384110576924 0.5565013533653846 0.9903878749999999 0.5429233990384615 0.9592139975961539 0.5407435096153846 0.9582645360576922 0.5543214639423076 0.9894384110576924 0.5565013533653846
1 0.9886136153846153 0.5649365889423077 0.989204608173077 0.5564850048076923 0.9580307307692307 0.5543051153846154 0.9574397379807693 0.5627566995192308 0.9886136153846153 0.5649365889423077
1 0.9886077740384616 0.5750998293269232 0.98935378125 0.5644314350961538 0.9584916442307693 0.56227334375 0.9577456370192308 0.5729417379807692 0.9886077740384616 0.5750998293269232
1 0.9861859591346154 0.585094125 0.9868350817307692 0.5758112379807693 0.97350825 0.5748793341346153 0.9728591274038462 0.5841622211538462 0.9861859591346154 0.585094125
1 0.9856543798076923 0.59605596875 0.9863906971153846 0.5855261274038461 0.9730638653846154 0.5845942235576923 0.972327545673077 0.5951240673076923 0.9856543798076923 0.59605596875
1 0.9899265408653846 0.6099990552884615 0.9908760024038461 0.5964211009615384 0.972327545673077 0.5951240673076923 0.9713780841346153 0.6087020216346154 0.9899265408653846 0.6099990552884615
1 0.988958983173077 0.6271956754807693 0.99016034375 0.6100154038461538 0.9691179783653846 0.6085439783653845 0.9679166153846155 0.62572425 0.988958983173077 0.6271956754807693
1 0.9578450865384615 0.5782393557692308 0.9588914326923077 0.5632758966346154 0.9291983149038461 0.5611995504807692 0.9281519687500001 0.5761630120192307 0.9578450865384615 0.5782393557692308
1 0.9304717716346154 0.5541879711538461 0.9294254230769231 0.5691514326923077 0.95763778125 0.5711242307692308 0.9586841298076922 0.5561607716346153 0.9304717716346154 0.5541879711538461
1 0.9318513701923077 0.5445384783653846 0.9311731826923076 0.5542370192307693 0.9586841298076922 0.5561607716346153 0.9593623173076923 0.5464622307692307 0.9318513701923077 0.5445384783653846
1 0.9328298990384615 0.5305448725961539 0.9318513701923077 0.5445384783653846 0.9588167740384616 0.5464240817307693 0.9597953028846155 0.5324304759615385 0.9328298990384615 0.5305448725961539
1 0.9600017524038461 0.5373178942307693 0.9610480985576924 0.5223544326923076 0.9343165 0.5204851778846155 0.9332701514423077 0.535448639423077 0.9600017524038461 0.5373178942307693
1 0.934837108173077 0.5063203197115385 0.9334516658653846 0.5261330528846154 0.960650875 0.5280350072115385 0.9620363149038462 0.5082222740384615 0.934837108173077 0.5063203197115385
1 0.9603656346153847 0.5209144302884615 0.9618382716346154 0.49985474519230766 0.9339376538461538 0.49790374278846156 0.9324650168269231 0.5189634278846154 0.9603656346153847 0.5209144302884615
1 0.9583867764423076 0.4920950793269231 0.9605539879807693 0.4913416418269231 0.9617382043269231 0.48448625240384613 0.9633606346153846 0.48144386778846154 0.9629224230769231 0.47763086538461536 0.9641066394230768 0.47077547355769234 0.9589962908653846 0.4811386826923077 0.9502676057692307 0.4805283149038461 0.9510136129807693 0.4698599206730769 0.9465407043269232 0.4912667211538461 0.9346946298076924 0.4904383629807692 0.9333091899038461 0.5102510913461539 0.9570013365384615 0.5119078076923077 0.9581855528846154 0.505052420673077 0.9576940552884616 0.5020014447115385 0.9593697716346153 0.49819702884615386 0.9583867764423076 0.4920950793269231
1 0.9642310240384616 0.49027609855769233 0.96499640625 0.47933060576923076 0.9506564230769231 0.47832785576923076 0.9498910408653847 0.4892733485576923 0.9642310240384616 0.49027609855769233
1 0.9906128413461539 0.46914826923076924 0.9920564134615385 0.4485042355769231 0.9643116634615385 0.44656413221153846 0.9628680913461539 0.4672081658653846 0.9906128413461539 0.46914826923076924
1 0.9314121177884616 0.5676196177884616 0.9325553485576923 0.5512706490384616 0.9134613485576922 0.5499354663461539 0.9123181177884615 0.5662844350961538 0.9314121177884616 0.5676196177884616