1 0.7487424519230769 0.5987224206730769 0.7474442067307692 0.5801566442307693 0.6702888629807693 0.5855518701923077 0.671587108173077 0.6041176490384615 0.7487424519230769 0.5987224206730769
1 0.7417239206730769 0.48379315624999997 0.7391758701923077 0.4473543581730769 0.6586693341346154 0.4529839230769231 0.6612173846153847 0.4894227235576923 0.7417239206730769 0.48379315624999997
1 0.847437983173077 0.46233887740384616 0.8462560000000001 0.4454357067307692 0.7735429326923077 0.45052030048076924 0.7747249182692308 0.46742346874999996 0.847437983173077 0.46233887740384616
1 0.8341403509615385 0.5902447139423077 0.8320767235576922 0.5607334423076923 0.7807177620192308 0.5643248100961539 0.782781389423077 0.5938360817307692 0.8341403509615385 0.5902447139423077
1 0.9747113149038462 0.5140032572115385 0.9738878028846153 0.5022264615384615 0.9486369615384616 0.5039921706730769 0.9494604759615384 0.51576896875 0.9747113149038462 0.5140032572115385
1 0.9757315913461538 0.5207540865384616 0.9751212211538461 0.5120254014423077 0.948779295673077 0.5138674086538462 0.9493896634615384 0.52259609375 0.9757315913461538 0.5207540865384616
1 0.9771006466346154 0.5324927355769231 0.9762771322115384 0.5207159399038461 0.9466619495192308 0.5227868341346154 0.9474854639423077 0.5345636322115385 0.9771006466346154 0.5324927355769231
1 0.9788021009615384 0.541145125 0.9781239134615384 0.5314465841346154 0.9485087307692308 0.5335174807692308 0.9491869182692307 0.5432160216346154 0.9788021009615384 0.541145125
1 0.9793513485576923 0.5568394879807692 0.9782565600961538 0.5411832740384616 0.9513690913461539 0.5430634278846154 0.9524638798076922 0.558719641826923 0.9793513485576923 0.5568394879807692
1 0.04476394230769231 0.6334696778846154 0.04028790144230769 0.5694593149038462 0.004282074519230769 0.5719770889423077 0.008758115384615385 0.6359874495192308 0.04476394230769231 0.6334696778846154
1 0.00038733653846153844 0.5162797644230769 0.004747117788461539 0.578627516826923 0.032180127403846154 0.5767092139423077 0.027820348557692307 0.5143614615384615 0.00038733653846153844 0.5162797644230769
1 0 0.48386134615384613 0.0028487620192307692 0.5246005528846154 0.029346557692307693 0.5227476466346154 0.025345247596153846 0.46552626442307693 0 0.4672985769230769 0 0.48386134615384613
1 0 0.48414517067307694 0.03415514423076923 0.48175681009615384 0.02897185096153846 0.40763225961538463 0 0.4096581682692308 0 0.48414517067307694
1 0 0.43680763701923075 0.03179630528846154 0.43458422355769233 0.026254540865384614 0.3553333004807693 0 0.35716919711538464 0 0.43680763701923075
1 0 0.38766013701923074 0.029311516826923074 0.38561047596153847 0.023304709134615385 0.2997091298076923 0 0.30133875240384617 0 0.38766013701923074
1 0 0.3521569879807692 0.03065977403846154 0.3500130480769231 0.023354721153846156 0.24554592307692308 0 0.24717904326923076 0 0.3521569879807692
1 0 0.29618731490384614 0.03245427163461539 0.2939178918269231 0.025265478365384616 0.191113375 0 0.1928801081730769 0 0.29618731490384614
1 0 0.24884978124999999 0.029160216346153844 0.24681070192307694 0.021496692307692307 0.13721720432692308 0 0.13872039903846153 0 0.24884978124999999
1 0 0.19803154567307693 0.03030003125 0.19591276201923075 0.023343759615384617 0.09643345673076922 0 0.0980658125 0 0.19803154567307693
1 0 0.15222551923076924 0.030931348557692306 0.1500625889423077 0.02433354807692308 0.05570965625 0 0.057411223557692306 0 0.15222551923076924
1 0 0.10990019471153846 0.03554574038461538 0.10741459375000001 0.030720915865384616 0.03841641586538462 0 0.040564632211538464 0 0.10990019471153846
1 0.021174557692307694 0.03741322596153846 0.023412579326923075 0.06941840384615384 0.038531908653846154 0.06836115625 0.036293889423076924 0.036355978365384616 0.021174557692307694 0.03741322596153846
1 0.09345377644230769 0.17284006490384615 0.09133201682692307 0.1424974903846154 0.04683130769230769 0.14560928365384615 0.048953067307692305 0.1759518581730769 0.09345377644230769 0.17284006490384615
1 0.048765249999999996 0.6906910576923077 0.043465697115384616 0.6149039014423077 0.008395084134615384 0.617356278846154 0.013694639423076924 0.6931434350961538 0.048765249999999996 0.6906910576923077
1 0.05382772596153847 0.7496482019230769 0.047820918269230774 0.6637468533653846 0.01656910576923077 0.6659321923076923 0.02257591346153846 0.7518335408653846 0.05382772596153847 0.7496482019230769
1 0.05307045913461539 0.7936972163461539 0.04788716586538462 0.7195726658653846 0.014764920673076923 0.7218887980769231 0.019948216346153846 0.7960133485576922 0.05307045913461539 0.7936972163461539
1 0.18842878125 0.6182722139423077 0.1838364807692308 0.5525992475961539 0.031240353365384613 0.5632698076923077 0.03583265384615385 0.6289427764423077 0.18842878125 0.6182722139423077
1 0.18474504807692307 0.6473500120192307 0.18120878125 0.5967790552884615 0.039055903846153844 0.6067193533653846 0.042592170673076926 0.6572903076923077 0.18474504807692307 0.6473500120192307
1 0.17245928846153846 0.7023688245192308 0.1672759951923077 0.6282442716346155 0.030734415865384616 0.6377921875 0.03591770913461539 0.7119167403846153 0.17245928846153846 0.7023688245192308
1 0.17587473317307692 0.7377723701923077 0.17233846875 0.6872014158653846 0.03774525721153846 0.6966130889423077 0.04128152163461539 0.7471840456730768 0.17587473317307692 0.7377723701923077
1 0.36298624519230765 0.6483912908653846 0.35862646394230774 0.5860435384615384 0.16620571153846153 0.5994989086538461 0.17056549038461538 0.6618466610576923 0.36298624519230765 0.6483912908653846
1 0.36780194951923073 0.6903798701923077 0.3647404158653846 0.6465978918269231 0.1713844471153846 0.6601186586538461 0.1744459807692308 0.7039006370192307 0.36780194951923073 0.6903798701923077
1 0.37345085817307694 0.7442837956730769 0.36955612259615384 0.6885864711538462 0.17432972115384615 0.70223803125 0.17822445673076923 0.7579353557692308 0.37345085817307694 0.7442837956730769
1 0.4048924831730769 0.1713894423076923 0.40158874038461534 0.12414369951923078 0.35038564663461536 0.12772416826923078 0.35368939182692305 0.1749699110576923 0.4048924831730769 0.1713894423076923
1 0.4520442548076923 0.16475079567307693 0.44968028605769234 0.1309444591346154 0.4041664254807692 0.1341270985576923 0.40653039423076925 0.1679334326923077 0.4520442548076923 0.16475079567307693
1 0.5086306826923077 0.17095753365384617 0.5058016682692308 0.13050076923076923 0.45272814423076924 0.13421203125 0.45555715625 0.17466879567307692 0.5086306826923077 0.17095753365384617
1 0.5578899663461538 0.18101811057692307 0.5555356850961538 0.14735032451923077 0.5091645432692308 0.15059290865384617 0.5115188245192308 0.18426069711538462 0.5578899663461538 0.18101811057692307
1 0.6061023293269231 0.20298627644230768 0.603399266826923 0.16433066826923076 0.5598337740384616 0.16737706490384616 0.5625368365384615 0.20603267067307693 0.6061023293269231 0.20298627644230768
1 0.5706384567307692 0.6209226274038462 0.5692045745192308 0.6004171442307692 0.53569265625 0.6027605264423077 0.5371265408653846 0.6232660096153846 0.5706384567307692 0.6209226274038462
1 0.5756124591346153 0.605816639423077 0.5739073004807692 0.5814317403846154 0.5333033269230769 0.584271045673077 0.535008485576923 0.6086559471153846 0.5756124591346153 0.605816639423077
1 0.5359013870192307 0.5665466394230769 0.5378100024038461 0.5938410985576923 0.572958548076923 0.5913832740384616 0.5710499326923076 0.5640888149038461 0.5359013870192307 0.5665466394230769
1 0.5679093221153846 0.574054389423077 0.5660007067307693 0.5467599278846154 0.5281244471153846 0.5494084951923077 0.5300330625 0.5767029543269231 0.5679093221153846 0.574054389423077
1 0.5331759543269231 0.5354109110576923 0.53466796875 0.5567476971153846 0.5665432572115384 0.5545187596153845 0.5650512451923076 0.5331819735576923 0.5331759543269231 0.5354109110576923
1 0.5202851105769231 0.3902621105769231 0.518240858173077 0.3610279423076923 0.44965832932692307 0.36582369951923077 0.45170258173076927 0.3950578677884616 0.5202851105769231 0.3902621105769231
1 0.5223256586538462 0.4037637692307693 0.5203492259615385 0.3754994543269231 0.4523901754807692 0.38025161298076926 0.45436660817307695 0.4085159302884615 0.5223256586538462 0.4037637692307693
1 0.5297706298076923 0.4228743221153846 0.5280654711538462 0.39848942067307697 0.4528584927884615 0.40374840625 0.4545636514423077 0.42813330528846155 0.5297706298076923 0.4228743221153846
1 0.52498996875 0.4418651754807692 0.5234204471153846 0.41941998317307694 0.45709802644230774 0.4240576995192308 0.45866754567307694 0.4465028894230769 0.52498996875 0.4418651754807692
1 0.5284025673076923 0.4593085048076923 0.5266974086538462 0.4349236057692308 0.45429607932692306 0.43998639903846154 0.45600123798076925 0.46437129807692307 0.5284025673076923 0.4593085048076923
1 0.5288034951923077 0.48072158653846153 0.5272339735576923 0.4582763966346154 0.45701481730769233 0.4631865985576923 0.4585843389423077 0.4856317884615385 0.5288034951923077 0.48072158653846153
1 0.5293527403846153 0.49641594711538467 0.5281901322115384 0.47978987980769233 0.45851651923076925 0.4846619326923077 0.45967912740384614 0.501288 0.5293527403846153 0.49641594711538467
1 0.5323554326923077 0.5158371322115385 0.5309893701923077 0.49630150240384613 0.4585880408653846 0.5013642956730769 0.4599541057692308 0.5208999278846154 0.5323554326923077 0.5158371322115385
1 0.5330306298076923 0.5333326514423077 0.5318098918269231 0.51587528125 0.4616686682692308 0.5207800336538462 0.46288940625 0.5382374038461538 0.5330306298076923 0.5333326514423077
1 0.5373379807692308 0.5546118004807693 0.5358362788461538 0.5331364615384616 0.4622659302884615 0.5382810024038461 0.46376763221153844 0.5597563389423077 0.5373379807692308 0.5546118004807693
1 0.5376129591346154 0.5742237235576924 0.5362468942307692 0.5546880961538462 0.46439110817307694 0.5597127427884615 0.4657571730769231 0.5792483701923077 0.5376129591346154 0.5742237235576924
1 0.5369931850961538 0.5899998317307692 0.5358983942307692 0.5743436177884615 0.4657571730769231 0.5792483701923077 0.46685196153846154 0.5949045841346154 0.5369931850961538 0.5899998317307692
1 0.5384173798076923 0.610366766826923 0.5369931850961538 0.5899998317307692 0.46957967548076923 0.59471384375 0.4710038701923077 0.6150807764423077 0.5384173798076923 0.610366766826923
1 0.5328948437500001 0.6333078822115384 0.5313253221153846 0.6108626899038462 0.4710038701923077 0.6150807764423077 0.4725733918269231 0.63752596875 0.5328948437500001 0.6333078822115384
1 0.47461992548076926 0.6354336682692308 0.47311822355769234 0.6139583293269231 0.3919102740384615 0.6196369423076923 0.39341197596153843 0.6411122812500001 0.47461992548076926 0.6354336682692308
1 0.4702034375 0.6193135889423077 0.46826575721153846 0.5916034759615385 0.3908766081730769 0.5970150528846154 0.39281428846153843 0.6247251658653846 0.4702034375 0.6193135889423077
1 0.3884582115384615 0.5781099230769231 0.3911031466346154 0.6159342259615385 0.4684143605769231 0.6105280985576923 0.4657694254807693 0.5727037956730769 0.3884582115384615 0.5781099230769231
1 0.4602642740384616 0.5757340865384616 0.4585591153846154 0.5513491875000001 0.38802821875 0.5562811899038461 0.38973337740384617 0.5806660889423078 0.4602642740384616 0.5757340865384616
1 0.3863385913461539 0.5421980769230769 0.38799530769230767 0.5658902235576924 0.4626567403846154 0.5606693870192307 0.4610000240384616 0.5369772403846154 0.3863385913461539 0.5421980769230769
1 0.46243234134615385 0.5361809423076923 0.4609112644230769 0.5144285048076923 0.38586015625 0.5196765889423077 0.3873812331730769 0.5414290288461538 0.46243234134615385 0.5361809423076923
1 0.38286800721153846 0.4981662475961538 0.38485412740384617 0.5265691129807692 0.4617756682692308 0.5211902331730769 0.4597895456730769 0.4927873701923077 0.38286800721153846 0.4981662475961538
1 0.46031272115384614 0.5002691009615384 0.4586560048076923 0.47657695432692304 0.3825138100961538 0.4819013341346154 0.3841705264423077 0.5055934807692307 0.46031272115384614 0.5002691009615384
1 0.4544841466346154 0.4829947115384616 0.45248833653846154 0.4544532956730769 0.382035375 0.45937984855769226 0.3840311850961538 0.48792126201923075 0.4544841466346154 0.4829947115384616
1 0.3820708533653846 0.44308768509615387 0.3837760120192308 0.46747258413461534 0.4564890793269231 0.46238799278846154 0.45478392067307694 0.43800309374999996 0.3820708533653846 0.44308768509615387
1 0.45392321874999997 0.446973875 0.4513170384615384 0.40970377403846153 0.38086407932692307 0.41463032451923076 0.3834702572115385 0.45190042548076925 0.45392321874999997 0.446973875
1 0.37903838461538464 0.3997213605769231 0.3814604831730769 0.434359 0.4576026778846154 0.42903462019230765 0.4551805769230769 0.39439698076923074 0.37903838461538464 0.3997213605769231
1 0.4507217716346154 0.4123907283653846 0.4480768389423077 0.3745664278846154 0.3776238774038462 0.3794929783653846 0.3802688100961538 0.41731728125 0.4507217716346154 0.4123907283653846
1 0.4921895841346154 0.3670264663461538 0.4911916802884615 0.35275575721153846 0.44778205528846154 0.3557912548076923 0.44877996153846156 0.37006196153846155 0.4921895841346154 0.3670264663461538
1 0.4472340913461539 0.3367553293269231 0.4487551706730769 0.3585077692307692 0.4913854471153846 0.3555267692307692 0.48986436778846154 0.3337743293269231 0.4472340913461539 0.3367553293269231
1 0.48735991586538463 0.3360378798076923 0.48598416346153844 0.31636370192307695 0.44670507692307687 0.3191103629807692 0.44808083173076924 0.3387845408653846 0.48735991586538463 0.3360378798076923
1 0.4462539975961538 0.3014599423076923 0.4480075985576923 0.32653759615384614 0.48759842067307696 0.32376913461538465 0.4858448221153846 0.2986914831730769 0.4462539975961538 0.3014599423076923
1 0.44606507211538465 0.3368370745192308 0.4433232548076923 0.2976272668269231 0.37396137980769234 0.3024775216346154 0.3767031971153846 0.3416873293269231 0.44606507211538465 0.3368370745192308
1 0.44841393990384615 0.3592277692307692 0.445710875 0.3205721610576923 0.3710494423076923 0.3257929975961539 0.3737525048076923 0.36444860576923077 0.44841393990384615 0.3592277692307692
1 0.4487196923076923 0.3747999302884616 0.44578410817307695 0.3328191105769231 0.37073300000000003 0.33806719471153845 0.3736685865384616 0.3800480168269231 0.4487196923076923 0.3747999302884616
1 0.44420062019230766 0.39753164903846155 0.44098407211538465 0.35153286298076925 0.37770110096153847 0.3559580408653846 0.3809176514423077 0.40195682692307694 0.44420062019230766 0.39753164903846155
1 0.4275367067307692 0.28578296153846156 0.423952 0.23451925240384613 0.35217414903846156 0.23953844951923076 0.35575885817307695 0.2908021586538462 0.4275367067307692 0.28578296153846156
1 0.42948920673076924 0.300265375 0.4261951514423077 0.2531581826923077 0.35441730048076925 0.25817737980769234 0.3577113557692308 0.3052845721153846 0.42948920673076924 0.300265375
1 0.4264315144230769 0.3226164471153846 0.42296306730769234 0.27301534615384615 0.3585110769230769 0.2775222692307692 0.36197952403846156 0.32712336778846157 0.4264315144230769 0.3226164471153846
1 0.42686236298076924 0.34221747355769233 0.4229966923076923 0.2869358004807692 0.35628459615384617 0.2916007644230769 0.3601502668269231 0.3468824375 0.42686236298076924 0.34221747355769233
1 0.3793222019230769 0.34554180528846157 0.37704542788461537 0.3129824230769231 0.3601335985576923 0.31416501201923075 0.36241037259615383 0.34672439663461535 0.3793222019230769 0.34554180528846157
1 0.3797556129807692 0.3584597043269231 0.3779438822115385 0.33255075 0.36103205528846155 0.33373334134615384 0.3628437860576923 0.35964229567307693 0.3797556129807692 0.3584597043269231
1 0.38085296874999996 0.3674327932692308 0.3793222019230769 0.34554180528846157 0.36334558894230773 0.34665900000000005 0.3648763557692308 0.36854998798076927 0.38085296874999996 0.3674327932692308
1 0.38483048557692306 0.38511507692307695 0.3828443629807692 0.35671221153846155 0.3609447163461538 0.35824358413461543 0.36293083653846153 0.3866464495192308 0.38483048557692306 0.38511507692307695
1 0.3810465913461538 0.39596100240384613 0.37957395432692304 0.3749013173076923 0.3612593028846154 0.37618200240384614 0.36273193990384617 0.3972416875 0.3810465913461538 0.39596100240384613
1 0.38252891586538457 0.4171592379807692 0.3805331057692308 0.38861782211538465 0.36268606249999996 0.38986581009615384 0.36468187259615387 0.41840722596153845 0.38252891586538457 0.4171592379807692
1 0.38132441826923075 0.43353314663461534 0.379503 0.4074856418269231 0.3603310649038462 0.40882627403846156 0.3621524855769231 0.4348737788461538 0.38132441826923075 0.43353314663461534
1 0.3847960024038462 0.44958006971153847 0.38275175 0.4203459014423077 0.3589816682692308 0.4220080673076923 0.3610259206730769 0.45124223557692306 0.3847960024038462 0.44958006971153847
1 0.390226923076923 0.4622877379807692 0.3885217668269231 0.43790284134615387 0.36342679567307695 0.43965765384615385 0.3651319543269231 0.4640425504807692 0.390226923076923 0.4622877379807692
1 0.38266127403846156 0.47841032211538465 0.3810626875 0.45554947836538456 0.36594335817307694 0.45660672596153845 0.36754194471153845 0.4794675697115384 0.38266127403846156 0.47841032211538465
1 0.38350160096153846 0.4971473485576923 0.38219366586538467 0.4784430216346154 0.3652818389423077 0.4796256129807693 0.36658977163461537 0.4983299375 0.38350160096153846 0.4971473485576923
1 0.3843444903846154 0.5092012451923077 0.3830946875 0.4913282235576923 0.3675856826923077 0.49241271875000003 0.36883548798076926 0.5102857403846154 0.3843444903846154 0.5092012451923077
1 0.3877553774038462 0.5310999927884615 0.3859339591346154 0.5050524855769231 0.36489159375 0.5065239110576922 0.3667130120192308 0.5325714182692308 0.3877553774038462 0.5310999927884615
1 0.386621264423077 0.5417606274038461 0.3853133293269231 0.5230563004807692 0.3684015024038461 0.5242388918269231 0.36970943509615384 0.5429432187500001 0.386621264423077 0.5417606274038461
1 0.38770636538461534 0.5572782908653846 0.386621264423077 0.5417606274038461 0.36791693750000004 0.5430685625 0.3690020384615385 0.5585862235576923 0.38770636538461534 0.5572782908653846
1 0.3864635408653846 0.571984141826923 0.3854462596153846 0.5574363317307692 0.3690020384615385 0.5585862235576923 0.3700193221153846 0.5731340336538462 0.3864635408653846 0.571984141826923
1 0.3881228221153846 0.5889931610576923 0.3868730192307692 0.5711201394230769 0.37635183413461537 0.5718558533653846 0.3776016394230769 0.589728875 0.3881228221153846 0.5889931610576923
1 0.39040429807692306 0.6093001490384615 0.3889801033653846 0.5889332139423077 0.3725358846153846 0.5900831057692307 0.3739600793269231 0.6104500408653846 0.39040429807692306 0.6093001490384615
1 0.39277596153846156 0.623057110576923 0.3916327307692308 0.6067081442307692 0.3747209038461538 0.607890733173077 0.3758641346153846 0.624239701923077 0.39277596153846156 0.623057110576923
4 0.6486271490384615 0.6016855504807692 0.6415352403846154 0.5002665384615385 0.5734982548076923 0.5050241490384615 0.5805901634615385 0.6064431610576922 0.6486271490384615 0.6016855504807692
4 0.5962145721153846 0.6092489807692307 0.5890548461538462 0.5068601153846154 0.5320066514423076 0.5108493125 0.5391663774038462 0.6132381778846153 0.5962145721153846 0.6092489807692307
4 0.9992048942307693 0.4801288221153846 0.9932077764423077 0.39436602403846155 0.9547859735576923 0.39705273798076923 0.9607830913461538 0.4828155360576923 0.9992048942307693 0.4801288221153846
4 1 0.48365957692307693 0.9996148004807692 0.47815096634615384 0.9590108245192308 0.4809902716346154 0.9648044879807693 0.5638435072115384 1 0.5613823990384615 1 0.48365957692307693
0 0.8006113533653847 0.3325113076923077 0.8199784639423077 0.6094738822115384 0.9418683197115385 0.6009505144230769 0.9225012115384617 0.32398793750000004 0.8006113533653847 0.3325113076923077