1 0.9378757043269231 0.5073517115384616 0.9532789423076923 0.4199956153846154 0.5234000985576923 0.3441963774038461 0.5079968629807692 0.4315524735576923 0.9378757043269231 0.5073517115384616
1 0.3431176153846154 0.27696180288461536 0.34745881971153847 0.25234160817307694 0.28462603124999997 0.2412624927884615 0.28028482692307694 0.2658826875 0.3431176153846154 0.27696180288461536
1 0.2099609831730769 0.22170360096153846 0.20555546634615382 0.24668853846153846 0.2691576346153846 0.2579033173076923 0.2735631514423077 0.2329183798076923 0.2099609831730769 0.22170360096153846
1 0.08245988221153847 0 0.07676957692307693 0.03227132932692307 0.22808118509615383 0.05895164903846154 0.23847594951923076 0 0.08245988221153847 0
1 0.3688053846153846 0.11178337499999999 0.38022114423076925 0.04704138221153846 0.25229872115384616 0.02448520673076923 0.24088296153846153 0.08922719951923078 0.3688053846153846 0.11178337499999999
1 0.4693413100961538 0.14718651442307693 0.4795994158653846 0.08900990865384616 0.3769126923076923 0.07090346875 0.36665458653846156 0.12908007451923076 0.4693413100961538 0.14718651442307693
1 0.5583064951923077 0.18882326923076923 0.5685806778846154 0.13055547596153846 0.48205095673076925 0.11529795192307693 0.4717767740384616 0.17356574278846154 0.5583064951923077 0.18882326923076923
1 0.43742128365384614 0.3057187884615385 0.4396079639423077 0.2933175072115385 0.38821331009615384 0.28425524278846154 0.38602662740384613 0.29665652403846154 0.43742128365384614 0.3057187884615385
1 0.5182675528846153 0.31931602163461537 0.5211134543269231 0.30317611538461536 0.4891072019230769 0.2975325504807692 0.48626130048076927 0.3136724543269231 0.5182675528846153 0.31931602163461537
1 0.44517285817307695 0.2524594086538462 0.44724699038461535 0.2406964278846154 0.3955958725961538 0.23158894230769228 0.3935217427884616 0.24335192307692305 0.44517285817307695 0.2524594086538462
1 0.4436077956730769 0.2655344278846154 0.44609996874999996 0.2514006105769231 0.39480789663461535 0.24235643509615384 0.3923157235576923 0.25649025000000003 0.4436077956730769 0.2655344278846154
1 0.4408866706730769 0.2821664375 0.44413453605769226 0.26374688461538465 0.3926372956730769 0.25466653125 0.38938943028846157 0.2730860841346154 0.4408866706730769 0.2821664375
1 0.43787240625 0.2953620048076923 0.44068615144230766 0.27940447115384615 0.3905737980769231 0.27056831249999996 0.3877600552884616 0.28652584615384613 0.43787240625 0.2953620048076923
1 1 0.4409266298076923 0.9530061466346154 0.43264034615384617 0.9408025384615384 0.5018504495192307 1 0.5122885600961539 1 0.4409266298076923
1 0.9195498173076923 1 0.9350999783653846 0.9118106466346153 0.8433384639423077 0.8956306153846154 0.8249353245192308 1 0.9195498173076923 1
1 0.8345607235576923 1 0.8394088293269231 0.9725050264423077 0.7245658822115384 0.9522551177884615 0.716147173076923 1 0.8345607235576923 1
3 0.256616125 0 0.2502085120192308 0.03633937740384616 0.31622140625 0.04797923076923077 0.3246814399038461 0 0.256616125 0
3 0.322513079326923 0 0.3122693990384615 0.058094795673076925 0.3757176923076923 0.0692824423076923 0.3879340552884616 0 0.322513079326923 0
3 0.3884100360576923 0 0.383816625 0.02605053605769231 0.44018661057692304 0.03599008653846154 0.4465326346153846 0 0.3884100360576923 0
3 0.47346910096153844 0.11387875961538461 0.4858656514423077 0.04357443028846154 0.44016441586538463 0.035516069711538464 0.42776786778846154 0.10582039903846155 0.47346910096153844 0.11387875961538461
3 0.4465326322115385 0 0.43796777163461537 0.048573742788461535 0.4843358028846154 0.05674967548076923 0.4943423028846154 0 0.4465326322115385 0
3 0.3860906057692307 0.012254334134615383 0.37380660576923075 0.08192036298076923 0.43033046875 0.09188704567307693 0.44261446875000005 0.022221014423076925 0.3860906057692307 0.012254334134615383
3 0.5295685528846155 0.1382498389423077 0.5417400048076924 0.06922211057692308 0.4838312548076923 0.059011235576923074 0.4716598052884615 0.12803896394230768 0.5295685528846155 0.1382498389423077
3 0.539947579326923 0.08178693269230769 0.5298502620192308 0.1390516778846154 0.5664215072115385 0.14550017548076924 0.5765188269230769 0.08823543028846154 0.539947579326923 0.08178693269230769
3 0.49432668750000003 0.0006884350961538462 0.4817371947115384 0.07208699759615385 0.5414924543269231 0.08262346153846155 0.5540819471153846 0.01122489903846154 0.49432668750000003 0.0006884350961538462
3 0.4947125096153846 0 0.49286274278846154 0.010490545673076924 0.5521050841346153 0.02093656971153846 0.5552725552884615 0.002972947115384615 0.5384121346153846 0 0.4947125096153846 0
3 0.5561897019230769 0.0025705384615384618 0.549420639423077 0.040959802884615384 0.5917365961538461 0.04842124759615385 0.5985056586538462 0.010031983173076924 0.5561897019230769 0.0025705384615384618
3 0.5505623413461538 0.028186221153846152 0.5397093317307692 0.08973670673076922 0.5841795576923077 0.09757800721153845 0.5950325673076923 0.03602752163461538 0.5505623413461538 0.028186221153846152
3 0.5985056586538462 0.010031983173076924 0.5900322716346154 0.05808695432692308 0.6503517475961539 0.06872290384615384 0.6588251346153846 0.020667935096153847 0.5985056586538462 0.010031983173076924
3 0.6583098245192307 0.02509007932692308 0.6510262475961538 0.06639729326923077 0.6805191875 0.07159769471153846 0.6878027644230769 0.030290480769230767 0.6583098245192307 0.02509007932692308
1 0.45263627884615387 0.28931534375 0.44935625721153843 0.30791726923076923 0.48767143509615385 0.3146732668269231 0.49095145673076923 0.29607134375 0.45263627884615387 0.28931534375