4 0.7636630600961538 0.56280378125 0.7421210985576923 0.46145682211538464 0.6725809182692307 0.47623804326923075 0.6941228798076923 0.5775850024038461 0.7636630600961538 0.56280378125
4 0.8158969086538461 0.54701540625 0.7946725889423077 0.44716283894230774 0.7352195552884615 0.4597999711538462 0.756443875 0.5596525384615385 0.8158969086538461 0.54701540625
4 0.3148182548076923 0.5193407572115385 0.2521271033653846 0.22440208653846155 0.09485931009615384 0.2578303870192308 0.1575504591346154 0.5527690600961539 0.3148182548076923 0.5193407572115385
4 0.3567483653846154 0.5200836778846154 0.31276926682692313 0.3131782908653846 0.26584875 0.3231515528846154 0.3098278461538462 0.5300569399038462 0.3567483653846154 0.5200836778846154
4 0.40188500961538465 0.715525673076923 0.3579059110576923 0.5086202860576923 0.3101447980769231 0.5187722235576924 0.35412389663461535 0.7256776105769231 0.40188500961538465 0.715525673076923
4 0.13762835576923077 0.510146358173077 0.19572812259615385 0.7834842716346154 0.3633887355769231 0.7478469062499999 0.30528896875 0.4745089951923077 0.13762835576923077 0.510146358173077
4 0.5190554278846153 0.5629697499999999 0.5011807980769231 0.4788762259615385 0.4563235625 0.4884109278846154 0.4741981923076923 0.5725044495192309 0.5190554278846153 0.5629697499999999
1 0.5214557067307692 0.5765167379807692 0.5170087067307693 0.5555952451923077 0.47390907932692306 0.5647563557692308 0.4783560793269231 0.5856778461538462 0.5214557067307692 0.5765167379807692
1 0.52558471875 0.5895542788461539 0.5227548100961539 0.5762406033653846 0.4800372692307692 0.5853204975961538 0.48286718028846154 0.598634173076923 0.52558471875 0.5895542788461539
1 0.530474735576923 0.6065478269230768 0.5266630216346153 0.5886151201923077 0.4822642884615385 0.5980523629807692 0.4860760048076923 0.6159850697115385 0.530474735576923 0.6065478269230768
1 0.6788815865384615 0.5772748461538462 0.6738570528846155 0.5536362788461539 0.6352660745192308 0.5618390432692307 0.6402906057692307 0.5854776129807692 0.6788815865384615 0.5772748461538462
1 0.7158494735576924 0.5760906899038462 0.7122110192307692 0.5589731081730769 0.6754540649038462 0.5667860384615385 0.6790925192307693 0.5839036225961538 0.7158494735576924 0.5760906899038462
1 0.49844260817307695 1 0.5430808173076923 0.9905118557692307 0.4849232980769231 0.7169022355769231 0.1534229639423077 0.7873648076923078 0.19861996875 1 0.49844260817307695 1
1 0.2558245192307692 0.7975468269230769 0.22027739423076922 0.6303107572115384 0.026252649038461535 0.6715519903846154 0.06179977163461538 0.8387880600961538 0.2558245192307692 0.7975468269230769
1 0.26590346634615386 0.8949406971153846 0.23255096634615385 0.7380295168269231 0.04937754567307692 0.7769642307692308 0.08273004567307692 0.9338754110576922 0.26590346634615386 0.8949406971153846
1 0.14506074278846154 1 0.2834974375 0.9705743725961539 0.24959628125 0.81108196875 0.0642831610576923 0.8504714879807692 0.09606642788461538 1 0.14506074278846154 1
1 0.29894469471153845 0.6659844615384615 0.2806080384615385 0.5797172788461539 0.07794808173076924 0.6227939807692308 0.09628473798076922 0.7090611658653846 0.29894469471153845 0.6659844615384615
1 0.31355698798076925 0.7166933966346154 0.29741495673076923 0.6407511033653847 0.20258048798076922 0.6609087908653847 0.2187225216346154 0.7368510841346154 0.31355698798076925 0.7166933966346154
1 0.32164172115384615 0.7727655745192308 0.3041424855769231 0.6904381514423077 0.21587994951923078 0.7091989350961538 0.2333791826923077 0.7915263557692308 0.32164172115384615 0.7727655745192308
1 0.3332293533653846 0.8201416514423077 0.3154413533653846 0.7364556899038461 0.23581402403846155 0.7533810024038462 0.25360202403846155 0.8370669615384615 0.3332293533653846 0.8201416514423077
1 0.1903385 0.6660667596153846 0.17800818028846152 0.6080571730769231 0.027694403846153848 0.6400073509615385 0.04002472355769231 0.6980169375 0.1903385 0.6660667596153846
1 0.025532552884615384 0.6076667716346154 0.037689612980769234 0.6648612379807692 0.1809729519230769 0.6344054230769232 0.16881589423076923 0.5772109591346154 0.025532552884615384 0.6076667716346154
1 0.16605357451923078 0.5890154567307693 0.1546761826923077 0.5354890456730769 0.017429848557692307 0.5646616538461539 0.02880723798076923 0.618188064903846 0.16605357451923078 0.5890154567307693
1 0.010799850961538461 0.5285850817307692 0.020127000000000003 0.5724658701923077 0.15485154807692308 0.5438292836538461 0.14552439903846154 0.4999484951923077 0.010799850961538461 0.5285850817307692
1 0.1523523221153846 0.5219258149038462 0.13944447115384614 0.46119915144230766 0.006706786057692308 0.48941341826923074 0.01961463701923077 0.5501400793269231 0.1523523221153846 0.5219258149038462
1 0 0.4529755865384616 0.014139704326923077 0.5194976610576924 0.1438206778846154 0.4919331201923077 0.12900697115384616 0.4222401033653846 0 0.44966137980769233 0 0.4529755865384616
1 0 0.4405754903846154 0.008893677884615385 0.48241695913461535 0.13406600480769232 0.45581075961538464 0.12075387980769231 0.39318214182692307 0 0.41884917307692304 0 0.4405754903846154
1 0 0.43569060096153844 0.001512889423076923 0.44280818509615383 0.12920700240384614 0.4156659639423077 0.11534622115384616 0.350456125 0 0.37497372115384614 0 0.43569060096153844
1 0 0.3936054302884615 0.008743355769230769 0.43473968269230767 0.13590254326923076 0.40771116346153846 0.1155734014423077 0.31207006490384614 0 0.3366359495192308 0 0.3936054302884615
1 0 0.3789494903846154 0.11905864423076923 0.3536427956730769 0.10308987019230768 0.278515625 0 0.3004280528846154 0 0.3789494903846154
1 0 0.35466890144230767 0.11465566586538462 0.3302980865384615 0.09565484615384616 0.24090626442307692 0 0.2612383293269231 0 0.35466890144230767
1 0 0.32371469951923076 0.11386264182692307 0.2995124471153846 0.09489069951923076 0.2102564783653846 0 0.23042612019230768 0 0.32371469951923076
1 0 0.30142199519230767 0.11284422836538462 0.2774362139423077 0.09084024278846153 0.17391559134615384 0 0.19322428125 0 0.30142199519230767
1 0 0.2633682091346154 0.10388261057692308 0.24128727644230769 0.08378447836538462 0.14673300721153845 0 0.1645419471153846 0 0.2633682091346154
1 0 0.24235342788461536 0.10587512740384615 0.21984897596153846 0.08164763942307693 0.10586760817307693 0 0.1232223485576923 0 0.24235342788461536
1 0 0.20657150721153844 0.10234268990384615 0.1848178966346154 0.08080072836538463 0.08347093509615384 0 0.1006456610576923 0 0.20657150721153844
1 0.05487960817307692 0.08514686298076923 0.07324514182692307 0.1715499014423077 0.10427076201923077 0.16495520192307692 0.08590522836538463 0.07855216346153847 0.05487960817307692 0.08514686298076923
1 0.06420961778846154 0.08770744471153846 0.07705971394230769 0.14816239903846154 0.09715759134615384 0.1438904639423077 0.08430749278846153 0.08343550961538462 0.06420961778846154 0.08770744471153846
1 0.36910846634615385 0.3753227163461539 0.3589727716346154 0.32763802163461536 0.3057859951923077 0.33894321875 0.31592168990384617 0.3866279158653846 0.36910846634615385 0.3753227163461539
1 0.36842809134615384 0.3864006995192308 0.3608046610576923 0.3505352860576923 0.3197683125 0.3592578317307692 0.3273917427884615 0.39512324519230774 0.36842809134615384 0.3864006995192308
1 0.3209973149038462 0.3815732884615385 0.32703252884615386 0.40996673798076927 0.3718897644230769 0.4004320384615384 0.3658545504807692 0.37203858894230774 0.3209973149038462 0.3815732884615385
1 0.3755796274038462 0.42605819951923074 0.36812945673076924 0.3910079110576923 0.3308375793269231 0.3989345432692308 0.33828775 0.43398483413461536 0.3755796274038462 0.42605819951923074
1 0.3808707403846154 0.44907213461538464 0.37342057211538465 0.4140218485576923 0.33490601201923076 0.42220837019230767 0.34235618028846154 0.4572586586538462 0.3808707403846154 0.44907213461538464
1 0.38552305048076924 0.4668261682692308 0.37775524038461533 0.4302814879807692 0.3341971033653846 0.4395400552884615 0.34196491586538463 0.4760847355769231 0.38552305048076924 0.4668261682692308
1 0.38232440865384615 0.4807112932692308 0.3764624543269231 0.4531329639423077 0.33878848798076927 0.4611408125 0.3446504423076923 0.4887191418269231 0.38232440865384615 0.4807112932692308
1 0.3849778846153846 0.49732828125 0.38053088461538465 0.4764067908653846 0.3423984110576923 0.4845120985576923 0.3468454110576923 0.5054335865384615 0.3849778846153846 0.49732828125
1 0.38861633894230774 0.5144458629807692 0.3849778846153846 0.49732828125 0.3502077932692308 0.5047188918269231 0.35384624759615385 0.5218364735576922 0.38861633894230774 0.5144458629807692
1 0.3968461754807692 0.5531642067307693 0.389251625 0.5174346490384616 0.35364093750000003 0.5250039350961538 0.3612354903846154 0.5607334927884615 0.3968461754807692 0.5531642067307693
1 0.40200839903846153 0.579329358173077 0.39646408653846155 0.553245423076923 0.3608534014423077 0.5608147067307692 0.3663977139423077 0.5868986418269231 0.40200839903846153 0.579329358173077
1 0.4086500216346154 0.6105757403846154 0.40200839903846153 0.579329358173077 0.3663977139423077 0.5868986418269231 0.3730393365384615 0.6181450240384615 0.4086500216346154 0.6105757403846154
1 0.4126061201923077 0.6291877163461539 0.4086500216346154 0.6105757403846154 0.3676136730769231 0.6192982836538461 0.3715697716346154 0.6379102596153847 0.4126061201923077 0.6291877163461539
1 0.41687986057692306 0.6492940817307692 0.4126061201923077 0.6291877163461539 0.3715697716346154 0.6379102596153847 0.3758435120192308 0.6580166274038461 0.41687986057692306 0.6492940817307692
1 0.4228861995192308 0.6775516802884615 0.41670660096153844 0.6484789591346154 0.3768929375 0.6569416153846154 0.38307253365384614 0.6860143365384614 0.4228861995192308 0.6775516802884615
1 0.4808084254807692 0.6513247403846154 0.4757261394230769 0.6274144663461538 0.41367490144230773 0.6406038629807692 0.4187571875 0.6645141370192308 0.4808084254807692 0.6513247403846154
1 0.40771644951923075 0.6185837235576923 0.4137227884615384 0.6468413197115385 0.47699671153846157 0.6333920336538461 0.47099037259615384 0.6051344350961538 0.40771644951923075 0.6185837235576923
1 0.4724088485576923 0.6140623942307692 0.46608486538461535 0.5843104038461538 0.40449213461538464 0.5974023413461539 0.4108161153846154 0.6271543341346154 0.4724088485576923 0.6140623942307692
1 0.4005360384615385 0.5787903677884615 0.40654237499999996 0.6070479663461539 0.4660718269230769 0.5943945913461538 0.46006548798076924 0.5661369927884615 0.4005360384615385 0.5787903677884615
1 0.3982611322115384 0.5598210432692308 0.4028525144230769 0.5814218052884615 0.46238196634615386 0.5687684278846153 0.4577905817307692 0.5471676682692308 0.3982611322115384 0.5598210432692308
1 0.39062149038461536 0.5381582548076923 0.3955305144230769 0.56125340625 0.45796384375 0.5479827932692308 0.45305481730769226 0.524887641826923 0.39062149038461536 0.5381582548076923
1 0.38666539182692305 0.5195462788461538 0.39062149038461536 0.5381582548076923 0.45221422115384613 0.5250663149038461 0.44825812259615383 0.5064543389423076 0.38666539182692305 0.5195462788461538
1 0.38598221875 0.5103200360576923 0.3878880769230769 0.5192863894230769 0.4448957403846154 0.5071690360576923 0.44298988461538463 0.4982026826923077 0.38598221875 0.5103200360576923
1 0.3824881466346154 0.49388172355769233 0.38598221875 0.5103200360576923 0.4396275024038462 0.49891737980769235 0.4361334302884616 0.4824790673076923 0.3824881466346154 0.49388172355769233
1 0.3800079302884616 0.4780798557692308 0.3836463870192308 0.4951974399038462 0.4369095793269231 0.48387599759615385 0.43327112500000003 0.46675841586538463 0.3800079302884616 0.4780798557692308
1 0.3757341899038461 0.45797349038461543 0.3800079302884616 0.4780798557692308 0.43739768509615384 0.4658812884615384 0.4331239447115385 0.4457749206730769 0.3757341899038461 0.45797349038461543
1 0.3785827956730769 0.4401869975961539 0.3820768677884615 0.4566253125 0.4331239447115385 0.4457749206730769 0.4296298725961538 0.4293366081730769 0.3785827956730769 0.4401869975961539
1 0.3733885216346154 0.41800442788461534 0.37812428846153845 0.4402844567307692 0.4317695721153846 0.42888180048076924 0.4270338052884615 0.40660177163461536 0.3733885216346154 0.41800442788461534
1 0.36898940865384616 0.4033203966346154 0.3721658389423077 0.41826431730769226 0.4270338052884615 0.40660177163461536 0.42385737740384616 0.39165785096153843 0.36898940865384616 0.4033203966346154
1 0.36488892788461535 0.38402915144230765 0.36898940865384616 0.4033203966346154 0.42423946634615384 0.3915766346153846 0.4201389855769231 0.37228538942307693 0.36488892788461535 0.38402915144230765
1 0.36166109375000005 0.3605766514423077 0.36657012019230767 0.3836718028846154 0.4201389855769231 0.37228538942307693 0.41522995913461536 0.3491902379807692 0.36166109375000005 0.3605766514423077
1 0.59037046875 0.5527809807692308 0.5885223653846153 0.5440863365384615 0.5524531730769231 0.5517530793269231 0.5543012764423076 0.5604477235576923 0.59037046875 0.5527809807692308
1 0.5922492091346154 0.5627470384615385 0.5901412163461539 0.5528297091346154 0.5517030721153846 0.5609999879807692 0.5538110649038461 0.5709173197115385 0.5922492091346154 0.5627470384615385
1 0.5906366754807693 0.5765790096153846 0.5878933966346154 0.5636728966346154 0.5538110649038461 0.5709173197115385 0.55655434375 0.5838234326923077 0.5906366754807693 0.5765790096153846
1 0.5348070745192308 0.48564393269230766 0.5326124495192308 0.4753190408653846 0.5012047427884615 0.48199495673076925 0.5033993653846154 0.49231984615384616 0.5348070745192308 0.48564393269230766
1 0.5370305745192308 0.4961046778846154 0.5349225793269231 0.4861873485576923 0.5035148725961538 0.49286326201923075 0.5056228653846154 0.5027805913461538 0.5370305745192308 0.4961046778846154
1 0.5385730072115384 0.5048642956730769 0.5364938894230769 0.49508281971153845 0.5059267764423077 0.5015800600961539 0.5080058942307693 0.5113615360576923 0.5385730072115384 0.5048642956730769
1 0.5405654927884616 0.5142382091346154 0.5385730072115384 0.5048642956730769 0.5094578317307692 0.5110529182692308 0.5114503197115384 0.5204268317307692 0.5405654927884616 0.5142382091346154
1 0.5398016610576923 0.5207901947115384 0.5385022139423077 0.5146767740384616 0.5114503197115384 0.5204268317307692 0.5127497668269231 0.5265402524038462 0.5398016610576923 0.5207901947115384
1 0.5420251610576924 0.5312509399038462 0.5398016610576923 0.5207901947115384 0.5124440961538462 0.5266052259615385 0.5146675961538462 0.5370659711538461 0.5420251610576924 0.5312509399038462
1 0.5456189014423077 0.5380126298076923 0.5440884423076923 0.5308123774038461 0.5146675961538462 0.5370659711538461 0.5161980576923078 0.5442662235576923 0.5456189014423077 0.5380126298076923
1 0.5478135264423076 0.5483375216346154 0.5456189014423077 0.5380126298076923 0.5150517908653847 0.5445098701923077 0.5172464134615384 0.5548347620192308 0.5478135264423076 0.5483375216346154
1 0.5526690408653846 0.5553989807692308 0.5510230721153846 0.5476553100961539 0.5172464134615384 0.5548347620192308 0.5188923822115384 0.5625784302884616 0.5526690408653846 0.5553989807692308
1 0.5539973653846154 0.5616482572115384 0.5526690408653846 0.5553989807692308 0.5224075985576924 0.5618312475961539 0.5237359230769231 0.5680805264423077 0.5539973653846154 0.5616482572115384
1 0.5522436201923078 0.5706825240384615 0.5504821466346154 0.5623954399038461 0.5237359230769231 0.5680805264423077 0.5254973990384616 0.5763676081730769 0.5522436201923078 0.5706825240384615
1 0.5544382451923077 0.5810074134615385 0.5522436201923078 0.5706825240384615 0.5228991923076923 0.5769198725961538 0.5250938173076923 0.5872447644230769 0.5544382451923077 0.5810074134615385
1 0.9427063100961538 0.6149117235576923 0.92994284375 0.5548643293269231 0.8623895240384616 0.5692232307692308 0.8751529927884616 0.6292706250000001 0.9427063100961538 0.6149117235576923
1 1 0.6072773100961538 0.9323969495192308 0.6216467836538461 0.9503582091346154 0.7061478677884616 1 0.6955961778846155 1 0.6072773100961538
1 0.14843219471153846 0.1010435673076923 0.16347691586538463 0.17182341586538463 0.23347560336538462 0.1569447355769231 0.21843088221153847 0.08616488701923078 0.14843219471153846 0.1010435673076923
1 0.14715599759615386 0.08526976442307693 0.1579269783653846 0.1359432451923077 0.22998894711538462 0.12062600240384615 0.2192179639423077 0.06995251923076923 0.14715599759615386 0.08526976442307693
1 0.14956651923076925 0.06842834134615385 0.15967333653846155 0.1159771826923077 0.23311082451923076 0.10036756250000001 0.22300400721153846 0.05281872115384615 0.14956651923076925 0.06842834134615385
1 0.22148925961538463 0.17908737259615387 0.21187334375000003 0.13384804567307693 0.162583875 0.14432484615384616 0.17219979086538462 0.18956417307692305 0.22148925961538463 0.17908737259615387
1 0.22102968509615384 0.19082838221153847 0.21418592548076923 0.15863102163461537 0.1587066153846154 0.1704235144230769 0.16555037740384615 0.20262087259615386 0.22102968509615384 0.19082838221153847
1 0.22052960817307693 0.20726372596153847 0.21391686057692308 0.17615319951923075 0.16011874278846155 0.18758834134615385 0.16673149038461538 0.2186988701923077 0.22052960817307693 0.20726372596153847
1 0.21964075 0.22562760576923077 0.2131723846153846 0.19519634375 0.16258381490384616 0.20594927644230768 0.16905217788461538 0.23638053846153848 0.21964075 0.22562760576923077
1 0.22437651442307693 0.24790763221153847 0.21672420913461538 0.21190636778846153 0.16544787980769232 0.22280548798076924 0.1731001826923077 0.25880675240384615 0.22437651442307693 0.24790763221153847
1 0.2564247259615385 0.3092516153846154 0.2661850240384615 0.3551702091346154 0.30913181730769235 0.34604158653846157 0.2993715192307692 0.30012299278846155 0.2564247259615385 0.3092516153846154
1 0.3034417091346154 0.32453237740384616 0.29645356730769234 0.29165575 0.2528190144230769 0.3009305625 0.25980715625 0.3338071875 0.3034417091346154 0.32453237740384616
1 0.25048915144230766 0.3019937548076923 0.2553693004807692 0.3249530528846154 0.3025190721153846 0.31493106009615385 0.2976389230769231 0.29197176201923075 0.25048915144230766 0.3019937548076923
1 0.3085018413461539 0.31564726682692307 0.29992548557692306 0.2752986778846154 0.24719721634615383 0.2865064182692308 0.2557735721153846 0.3268550072115385 0.3085018413461539 0.31564726682692307
1 0.24746628124999998 0.26898424278846156 0.25615814423076927 0.3098762475961539 0.3054476129807692 0.2993994471153846 0.29675575 0.2585074423076923 0.24746628124999998 0.26898424278846156
1 0.3001617764423077 0.27979218990384613 0.29291374519230773 0.24569287740384615 0.24645173317307692 0.2555686826923077 0.2536997668269231 0.2896679951923077 0.3001617764423077 0.27979218990384613
1 0.35244781490384613 0.19285485576923078 0.3490114951923077 0.17668824759615387 0.3064467908653846 0.18573565625 0.3098831105769231 0.20190226201923078 0.35244781490384613 0.19285485576923078
1 0.35507558653846155 0.20521755528846153 0.35244781490384613 0.19285485576923078 0.30674998076923077 0.20256823076923075 0.3093777548076923 0.21493093028846152 0.35507558653846155 0.20521755528846153
1 0.35404903846153846 0.22105484615384616 0.35127688221153847 0.20801287740384614 0.31222739423076923 0.21631310096153847 0.3149995504807693 0.22935506971153846 0.35404903846153846 0.22105484615384616
1 0.35653242788461537 0.2327382764423077 0.35404903846153846 0.22105484615384616 0.31110224519230767 0.23018346874999998 0.31358563461538463 0.24186689903846154 0.35653242788461537 0.2327382764423077
1 0.35902109615384614 0.24782838701923077 0.3558446682692308 0.2328844639423077 0.31358563461538463 0.24186689903846154 0.3167620625 0.25681082211538464 0.35902109615384614 0.24782838701923077
1 0.36164886778846156 0.2601910841346154 0.35902109615384614 0.24782838701923077 0.31538654326923077 0.25710319711538465 0.3180143149038462 0.2694658942307692 0.36164886778846156 0.2601910841346154
1 0.3649932788461539 0.27254344951923076 0.36233662740384615 0.2600448966346154 0.31908416346153845 0.2692384903846154 0.32174081490384615 0.28173704326923077 0.3649932788461539 0.27254344951923076
1 0.36731537980769235 0.2849711201923077 0.36468760817307694 0.2726084206730769 0.3203652932692308 0.28202942067307696 0.3229930673076923 0.2943921201923077 0.36731537980769235 0.2849711201923077
1 0.36942195913461534 0.30014244471153845 0.36624553125 0.2851985240384615 0.3229930673076923 0.2943921201923077 0.3261694951923077 0.30933604086538463 0.36942195913461534 0.30014244471153845
1 0.3718884447115384 0.3132493870192308 0.3691162884615385 0.30020741826923075 0.32372412500000003 0.30985581971153847 0.32649628124999996 0.32289778846153844 0.3718884447115384 0.3132493870192308
1 0.37221523076923074 0.3268111346153846 0.3694430745192308 0.3137691658653846 0.3261141923076923 0.32297900240384614 0.32888634855769233 0.33602097115384616 0.37221523076923074 0.3268111346153846
1 0.37550716586538463 0.34229846875000003 0.37221523076923074 0.3268111346153846 0.3453161730769231 0.33252870432692305 0.3486081081730769 0.3480160408653846 0.37550716586538463 0.34229846875000003
1 0.3811222716346154 0.3585699278846154 0.3775704471153846 0.34185990624999996 0.3486081081730769 0.3480160408653846 0.3521599326923077 0.3647260625 0.3811222716346154 0.3585699278846154
1 0.3069266370192308 0.32890333653846154 0.31010306490384615 0.3438472596153846 0.33104153846153844 0.33939664903846156 0.3278651081730769 0.32445272596153846 0.3069266370192308 0.32890333653846154
1 0.30344312259615386 0.3192783822115385 0.3054356105769231 0.3286522980769231 0.32920154086538467 0.3236006923076923 0.3272090528846154 0.31422677884615385 0.30344312259615386 0.3192783822115385
1 0.3250996466346154 0.3095634423076923 0.3225873798076923 0.2977441610576923 0.2985157788461538 0.30286073798076923 0.3010280456730769 0.31468001923076927 0.3250996466346154 0.3095634423076923
1 0.29505586298076925 0.2899649567307692 0.29782801923076924 0.30300692548076924 0.32503275000000004 0.29722438221153846 0.32226059375 0.28418241346153844 0.29505586298076925 0.2899649567307692
1 0.32318606009615386 0.2832757403846154 0.3202983966346154 0.2696903557692308 0.2881265096153846 0.27652870192307694 0.29101417307692307 0.29011408653846155 0.32318606009615386 0.2832757403846154
1 0.2921013028846154 0.2640405096153846 0.29524885576923077 0.2788485769230769 0.31932045673076925 0.27373200240384615 0.3161729038461539 0.2589239326923077 0.2921013028846154 0.2640405096153846
1 0.2721129639423077 0.2526700721153846 0.27540489903846155 0.2681574086538462 0.3120854326923077 0.2603607211538461 0.3087934975961538 0.24487338221153848 0.2721129639423077 0.2526700721153846
1 0.3152041394230769 0.24422071875 0.3120277091346154 0.22927679567307693 0.26839315625000004 0.2385516057692308 0.2715695865384615 0.25349552884615384 0.3152041394230769 0.24422071875
1 0.2707716298076923 0.2256927668269231 0.27368816826923076 0.23941400240384617 0.3159472019230769 0.23043156730769232 0.31303066346153846 0.21671033173076923 0.2707716298076923 0.2256927668269231
1 0.30885128125 0.214332875 0.3063678918269231 0.20264944471153848 0.2648730360576923 0.21146944951923075 0.2673564278846154 0.2231528798076923 0.30885128125 0.214332875
1 0.3995908918269231 0.18468017788461538 0.3958946850961539 0.1672908846153846 0.3533299807692308 0.17633829326923076 0.35702618750000004 0.19372758413461538 0.3995908918269231 0.18468017788461538
1 0.40302721153846155 0.20084678125 0.39907111298076925 0.18223480769230768 0.35375537019230774 0.19186696634615386 0.35771146634615386 0.21047893990384617 0.40302721153846155 0.20084678125
1 0.4042625576923077 0.21492536778846152 0.4005663509615385 0.19753607692307693 0.35272881971153847 0.20770425721153846 0.35642502644230767 0.22509355048076923 0.4042625576923077 0.21492536778846152
1 0.40662375 0.22791269951923077 0.4035917043269231 0.21364804567307694 0.35613626201923076 0.22373501201923077 0.3591683076923077 0.23799966346153845 0.40662375 0.22791269951923077
1 0.41065591826923076 0.240118875 0.4068153269230769 0.22205031490384614 0.35798436538461537 0.23242965625 0.36182495673076925 0.2504982163461538 0.41065591826923076 0.240118875
1 0.41217475240384616 0.2521493197115384 0.4088539423076923 0.2365261298076923 0.36239193028846156 0.24640193509615382 0.36571274278846155 0.262025125 0.41217475240384616 0.2521493197115384
1 0.41294631490384615 0.26291868269230767 0.41017415865384615 0.24987671394230768 0.36065543749999995 0.2604022427884615 0.36342759375 0.27344421153846155 0.41294631490384615 0.26291868269230767
1 0.4158170745192308 0.2779275793269231 0.41290053365384616 0.26420633894230766 0.3653686730769231 0.2743095480769231 0.3682852139423077 0.28803078605769233 0.4158170745192308 0.2779275793269231
1 0.4202246394230769 0.2918998533653846 0.4170482091346154 0.27695593269230767 0.36921068028846155 0.28712411298076923 0.3723871081730769 0.30206803365384616 0.4202246394230769 0.2918998533653846
1 0.4210254230769231 0.3091946274038462 0.41695381971153844 0.29003923557692307 0.3729371778846154 0.2993952620192308 0.37700878125000004 0.3185506538461539 0.4210254230769231 0.3091946274038462
1 0.42858830048076924 0.32448410576923076 0.42451669711538464 0.30532871634615383 0.37110066826923077 0.31668264423076925 0.37517227163461536 0.33583803125 0.42858830048076924 0.32448410576923076
1 0.43131467548076924 0.3388137307692308 0.42709868990384614 0.31897907211538457 0.37544026923076923 0.32995940865384615 0.37965625480769233 0.3497940673076923 0.43131467548076924 0.3388137307692308
1 0.43221371634615385 0.351685875 0.4282576201923077 0.3330738990384615 0.3762171105769231 0.34413545192307693 0.3801732067307692 0.3627474278846154 0.43221371634615385 0.351685875
1 0.4555882596153846 0.4887092091346154 0.45293161057692305 0.47621065865384615 0.4384122331730769 0.4792968485576923 0.44106888221153845 0.49179539903846153 0.4555882596153846 0.4887092091346154
1 0.43541399759615385 0.46218517548076926 0.43859042548076926 0.47712909615384613 0.4513521947115385 0.47441649759615384 0.44817576682692306 0.4594725769230769 0.43541399759615385 0.46218517548076926
1 0.4320185264423077 0.4477137860576923 0.4348773125 0.46116331490384616 0.4464928149038461 0.45869436298076927 0.4436340288461539 0.44524483413461535 0.4320185264423077 0.4477137860576923
1 0.4309036177884616 0.4311957403846154 0.4345420721153846 0.4483133245192308 0.44646324759615386 0.4457794014423077 0.44282479326923074 0.4286618173076923 0.4309036177884616 0.4311957403846154
1 0.4494379158653846 0.43534968509615385 0.44470214903846156 0.41306965384615385 0.42758456490384616 0.4167081081730769 0.4323203317307692 0.4389881394230769 0.4494379158653846 0.43534968509615385
1 0.4256290625 0.40036874038461534 0.43036482932692305 0.4226487668269231 0.44572480288461536 0.41938390384615387 0.4409890360576923 0.397103875 0.4256290625 0.40036874038461534
1 0.4445708052884615 0.40230619951923074 0.4398639158653846 0.3801620264423077 0.4232812572115385 0.3836867788461538 0.4279881466346154 0.4058309519230769 0.4445708052884615 0.40230619951923074
1 0.416903389423077 0.36232375480769236 0.42293860336538464 0.39071720913461544 0.4403618581730769 0.38701378125 0.4343266442307692 0.3586203293269231 0.416903389423077 0.36232375480769236
1 0.4613509206730769 0.5015415024038462 0.45803011057692306 0.4859183125 0.44030118509615385 0.48968671153846155 0.4436219951923077 0.5053099014423077 0.4613509206730769 0.5015415024038462
1 0.4658148269230769 0.5210394807692308 0.46165659134615383 0.5014765288461539 0.4468315432692308 0.5046276923076923 0.4509897764423077 0.5241906442307692 0.4658148269230769 0.5210394807692308
1 0.4693786225961538 0.5393088701923077 0.4656246610576923 0.5216478725961539 0.45110528365384617 0.5247340600961539 0.45485924519230764 0.5423950576923077 0.4693786225961538 0.5393088701923077
1 0.4888828149038461 0.4848980456730769 0.4857930168269231 0.47036168509615384 0.45553157451923076 0.47679395192307694 0.4586213725961539 0.4913303125 0.4888828149038461 0.4848980456730769
1 0.44918327403846153 0.4683458942307693 0.4521575673076923 0.4823388413461539 0.4873097451923077 0.47486701442307694 0.4843354543269231 0.4608740673076923 0.44918327403846153 0.4683458942307693
1 0.48424882451923074 0.4604665072115385 0.48170768028846156 0.4485113701923077 0.4497650480769231 0.45530098798076923 0.4523061923076923 0.46725612259615384 0.48424882451923074 0.4604665072115385
1 0.44902236298076925 0.4446674783653846 0.45254531009615384 0.46124164182692307 0.4836473485576923 0.4546307019230769 0.48012439903846155 0.4380565360576923 0.44902236298076925 0.4446674783653846
1 0.48249335096153845 0.437553 0.4801832211538462 0.42668468990384617 0.44495462259615387 0.43417275961538465 0.44726475480769234 0.4450410673076923 0.48249335096153845 0.437553
1 0.44251525480769227 0.42006611298076924 0.4460382043269231 0.43664028125 0.47400711298076925 0.43069530769230774 0.47048416346153843 0.41412113942307693 0.44251525480769227 0.42006611298076924
1 0.4744853509615385 0.4186663485576923 0.4720597139423077 0.407254625 0.44179827403846156 0.4136868918269231 0.4442239110576923 0.4250986153846154 0.4744853509615385 0.4186663485576923
1 0.43887856009615384 0.40408408894230774 0.4411886923076923 0.4149523990384615 0.4705331201923077 0.4087150480769231 0.4682229879807692 0.39784674038461537 0.43887856009615384 0.40408408894230774
1 0.46925375 0.3970596778846154 0.4671746322115385 0.38727820192307694 0.4383651298076923 0.39340185096153846 0.4404442451923077 0.40318332692307696 0.46925375 0.3970596778846154
1 0.43813025 0.3836543461538462 0.44122005048076923 0.39819070673076923 0.4674313485576923 0.3926193221153846 0.46434155048076925 0.37808296394230767 0.43813025 0.3836543461538462
1 0.4660245 0.3788611730769231 0.4637143701923077 0.3679928677884616 0.4331472596153846 0.3744901081730769 0.43545738701923076 0.3853584134615385 0.4660245 0.3788611730769231
1 0.4317812596153846 0.3624271778846154 0.4346400432692308 0.37587670673076923 0.46375521875 0.3696880865384615 0.4608964326923077 0.3562385552884615 0.4317812596153846 0.3624271778846154
1 0.45899620192307694 0.3570684375 0.45659944230769234 0.34579256971153843 0.4300824711538462 0.35142892548076926 0.4324792307692308 0.3627047932692308 0.45899620192307694 0.3570684375
1 0.4280596923076923 0.3471731538461539 0.43036982211538466 0.3580414591346154 0.45948499759615385 0.35185283653846156 0.4571748677884615 0.34098453125000006 0.4280596923076923 0.3471731538461539
1 0.4594691610576923 0.3416327980769231 0.4569280192307692 0.3296776610576923 0.42636090625 0.3361749014423077 0.42890204807692306 0.34813003846153845 0.4594691610576923 0.3416327980769231
1 0.4249051033653846 0.32782284375 0.4273307403846154 0.3392345673076923 0.45782143509615386 0.33275356971153847 0.45539579807692304 0.3213418461538462 0.4249051033653846 0.32782284375
1 0.45424953125 0.3215854927884615 0.45228592067307694 0.3123474350961538 0.4266859639423077 0.31778887259615385 0.42864957451923075 0.3270269326923077 0.45424953125 0.3215854927884615
1 0.42498717548076925 0.3067906201923077 0.4277304543269231 0.3196967355769231 0.45333041105769234 0.3142552956730769 0.45058713221153845 0.3013491826923077 0.42498717548076925 0.3067906201923077
1 0.4500504495192308 0.3003273245192308 0.4478558245192307 0.2900024326923077 0.4219501971153846 0.29550884375 0.42414481971153845 0.30583373557692306 0.4500504495192308 0.3003273245192308
1 0.4173475336538462 0.2851278317307692 0.41997530769230773 0.29749053125 0.44901406490384616 0.29131815144230766 0.4463862908653846 0.2789554519230769 0.4173475336538462 0.2851278317307692
1 0.6572180480769231 0.20631139423076925 0.6499411370192308 0.1720762283653846 0.620978798076923 0.1782323653846154 0.6282557091346154 0.21246753125 0.6572180480769231 0.20631139423076925
1 0.6324526850961539 0.22620058653846156 0.6276591658653847 0.20364884855769233 0.61558515625 0.20621525961538462 0.6203786754807693 0.22876699519230767 0.6324526850961539 0.22620058653846156
1 0.6199627451923077 0.2625074495192308 0.6154002403846154 0.24104254326923075 0.5991232524038461 0.2445023245192308 0.6036857596153846 0.2659672307692308 0.6199627451923077 0.2625074495192308
1 0.7242830673076923 0.049496567307692314 0.7144361394230769 0.0031704110576923077 0.6779084399038461 0.01093461298076923 0.6877553677884615 0.05726077163461539 0.7242830673076923 0.049496567307692314
1 0.7026909302884616 0.11926033173076923 0.6939413124999999 0.07809662259615384 0.6548154086538461 0.08641308894230769 0.6635650264423076 0.12757680048076922 0.7026909302884616 0.11926033173076923
2 0.6305725384615385 0.5668124543269231 0.6129577980769231 0.48394161778846156 0.5794868100961538 0.49105609615384616 0.5971015504807693 0.5739269326923077 0.6305725384615385 0.5668124543269231
2 0.6689719399038462 0.5644720721153846 0.6494224663461539 0.4724990264423077 0.6063992548076923 0.4816438918269231 0.6259487283653846 0.5736169375 0.6689719399038462 0.5644720721153846