1 0.54817575 0.39365436057692305 0.5449456682692307 0.37326042548076926 0.47570460096153844 0.3842271322115384 0.4789346826923077 0.40462106971153844 0.54817575 0.39365436057692305
1 0.6064401610576924 0.3833012235576923 0.6034997716346153 0.36473634134615385 0.54418703125 0.37413055769230774 0.5471274182692307 0.39269543990384614 0.6064401610576924 0.3833012235576923
1 0.5928434855769231 0.19524252884615387 0.5978551826923076 0.2268851346153846 0.6476511346153846 0.21899823076923075 0.6426394375 0.18735562500000003 0.5928434855769231 0.19524252884615387
1 0.5304661586538462 0.2019347355769231 0.5352171322115384 0.23193119471153847 0.597873610576923 0.22200738461538463 0.5931226370192307 0.19201092307692308 0.5304661586538462 0.2019347355769231
1 0.44946370673076924 0.20323340865384615 0.45450437259615384 0.23505892307692308 0.5164921081730769 0.22524103125 0.5114514399038461 0.19341551682692307 0.44946370673076924 0.20323340865384615
1 0.705538514423077 0.21292341346153845 0.7011496586538463 0.18521326923076925 0.6540801346153846 0.1926683485576923 0.6584689903846154 0.22037849278846153 0.705538514423077 0.21292341346153845
1 0.7467402235576923 0.21436618028846155 0.742626576923077 0.1883936346153846 0.7023988533653847 0.19476507932692308 0.7065125024038461 0.220737625 0.7467402235576923 0.21436618028846155
1 0.7877126322115384 0.2100329639423077 0.7840769783653846 0.18707835576923076 0.7441579086538461 0.1934009158653846 0.7477935625000001 0.21635552403846156 0.7877126322115384 0.2100329639423077
1 0 0.46735231971153846 0.4575131538461538 0.39488935576923073 0.4259365697115385 0.19552263701923078 0 0.2629843629807692 0 0.46735231971153846
1 0.5158961658653847 0.7914721682692308 0.48106052884615386 0.5715286057692308 0.017104221153846154 0.6450120673076923 0.051939858173076926 0.8649556274038462 0.5158961658653847 0.7914721682692308
1 0.5393508533653846 1 0.5488437908653846 0.9984964663461539 0.5297529927884616 0.8779619086538462 0.25181132211538465 0.9219835456730769 0.26416791346153845 1 0.5393508533653846 1
3 0.4807280432692308 0.20053154807692308 0.47361606971153847 0.15562831009615385 0.44331667067307695 0.16042726201923077 0.4504286442307693 0.20533050240384615 0.4807280432692308 0.20053154807692308
3 0.4739757331730769 0.16222736538461538 0.4811456466346154 0.20749641586538464 0.5117022548076923 0.20265672355769232 0.5045323413461539 0.15738767548076923 0.4739757331730769 0.16222736538461538
3 0.43714971394230767 0.12315533173076923 0.4433491538461538 0.16229705528846153 0.47457450961538467 0.15735144471153847 0.46837506971153847 0.11820972115384615 0.43714971394230767 0.12315533173076923
3 0.4675879927884615 0.12189675721153846 0.4737874326923077 0.16103848076923077 0.5050127884615384 0.1560928701923077 0.49881334855769227 0.11695114663461538 0.4675879927884615 0.12189675721153846
3 0.5159370432692307 0.15914372596153845 0.5232373173076923 0.20523584615384616 0.5649568629807692 0.19862812019230772 0.5576565865384615 0.15253599759615383 0.5159370432692307 0.15914372596153845
3 0.5108174567307693 0.1264869903846154 0.5165099326923077 0.16242787019230767 0.5578179399038462 0.15588532451923076 0.5521254639423077 0.11994444471153846 0.5108174567307693 0.1264869903846154
3 0.5584082956730769 0.15794799759615386 0.5655057860576923 0.20275978365384617 0.5922042379807693 0.19853116346153848 0.5851067475961538 0.15371937740384614 0.5584082956730769 0.15794799759615386
3 0.5522667956730769 0.11917208413461539 0.5583793269230769 0.15776509134615385 0.5860037355769231 0.15338981490384615 0.5798912043269231 0.11479680769230768 0.5522667956730769 0.11917208413461539
3 0.5853005841346154 0.15893849759615383 0.5921373485576923 0.20210413461538462 0.6233112620192307 0.1971666730769231 0.6164744975961539 0.15400103365384615 0.5853005841346154 0.15893849759615383
3 0.5793308774038461 0.11891666826923078 0.5861241899038462 0.16180794711538463 0.6152918605769231 0.15718824278846155 0.608498548076923 0.11429696153846154 0.5793308774038461 0.11891666826923078
3 0.6153787692307693 0.1577369591346154 0.62204171875 0.1998051658653846 0.6437502836538461 0.19636686778846152 0.6370873341346154 0.15429865865384615 0.6153787692307693 0.1577369591346154
3 0.609522485576923 0.12275948798076922 0.6153453245192307 0.15952344471153845 0.6373625432692307 0.15603625961538461 0.631539704326923 0.11927230288461538 0.609522485576923 0.12275948798076922
3 0.6496642331730769 0.15746274759615383 0.6562837283653846 0.19925659375 0.6815932427884616 0.19524796153846152 0.6749737475961539 0.15345411538461537 0.6496642331730769 0.15746274759615383
3 0.6439258485576923 0.12556024759615386 0.6492562091346153 0.1592148125 0.675028701923077 0.15513285096153845 0.6696983413461539 0.12147828605769231 0.6439258485576923 0.12556024759615386
3 0.6760710673076923 0.15871762740384615 0.6823718990384615 0.19849951923076922 0.7035660456730769 0.19514269471153847 0.6972652139423077 0.15536080528846152 0.6760710673076923 0.15871762740384615
3 0.6707442211538462 0.12674994711538462 0.67588628125 0.15921562740384615 0.6982635961538463 0.15567140865384616 0.6931215360576922 0.12320572836538461 0.6707442211538462 0.12674994711538462
3 0.6976388317307692 0.1590515 0.7039976033653846 0.1991992019230769 0.7263234759615386 0.19566313221153847 0.719964704326923 0.1555154278846154 0.6976388317307692 0.1590515
3 0.6919793701923077 0.1279802235576923 0.6971793677884615 0.1608117139423077 0.7211513870192309 0.15701492067307693 0.7159513894230769 0.12418342788461538 0.6919793701923077 0.1279802235576923
3 0.7201360673076922 0.1609255985576923 0.7262341153846154 0.19942715625000002 0.7462965336538462 0.19624958173076923 0.7401984879807693 0.15774802403846153 0.7201360673076922 0.1609255985576923
3 0.7162560985576923 0.1291037451923077 0.7214560961538462 0.16193523557692308 0.7403867884615385 0.15893690865384616 0.7351867908653846 0.12610541826923077 0.7162560985576923 0.1291037451923077
3 0.7604762548076922 0.16325479326923079 0.7665163629807693 0.2013905360576923 0.787761951923077 0.1980255673076923 0.78172184375 0.15988982211538463 0.7604762548076922 0.16325479326923079
3 0.756908451923077 0.13307093749999999 0.7624850504807692 0.16828019471153846 0.7827532379807691 0.16507003125 0.7771766370192308 0.12986077163461537 0.756908451923077 0.13307093749999999