1 0.9871294350961539 0.40620817307692303 0.9610339735576924 0.2582134543269231 0.7925395216346154 0.2879235721153846 0.818634985576923 0.4359182908653846 0.9871294350961539 0.40620817307692303
1 0.8363539399038462 0.61289115625 0.8143585048076923 0.4881488389423077 0.7235715408653847 0.5041570288461539 0.7455669759615385 0.6288993461538461 0.8363539399038462 0.61289115625
1 0.9495023485576923 0.3682769014423077 0.9386493389423076 0.3067264158653846 0.8740982668269232 0.3181085120192308 0.8849512788461538 0.37965899519230767 0.9495023485576923 0.3682769014423077
1 0.4773585048076923 1 0.5103462235576923 0.994183375 0.4895566802884615 0.8762800024038462 0.27128327403846153 0.9147674927884615 0.28631206490384614 1 0.4773585048076923 1
1 0.4224675 0.8170297716346154 0.3712654038461538 0.5266482644230769 0.010656502403846154 0.59023334375 0.06185859855769231 0.8806148509615385 0.4224675 0.8170297716346154
1 0.5029075841346153 0 0.5184797884615384 0.08831436778846154 0.6424270769230769 0.06645911538461538 0.6307085432692308 0 0.5029075841346153 0
1 0.7262973173076923 0.1479950264423077 0.704326 0.02338948798076923 0.6369282187499999 0.035273536057692303 0.6588995360576924 0.1598790721153846 0.7262973173076923 0.1479950264423077
1 0.7809267235576923 0.1901209375 0.7665766322115384 0.10873751923076923 0.718105625 0.11728426442307692 0.7324557163461538 0.19866768509615385 0.7809267235576923 0.1901209375
4 0.6279319831730769 0 0.6435207379807693 0.08840821634615385 0.7095336346153847 0.07676836057692307 0.6959973004807692 0 0.6279319831730769 0
4 0.686319014423077 0 0.7060560456730769 0.11193426201923076 0.7626055528846154 0.10196306009615384 0.7446267139423076 0 0.686319014423077 0
1 0.8037740985576923 0.8159388918269231 0.760699704326923 0.571651858173077 0.3887809014423077 0.6372311778846154 0.4318552956730769 0.8815182115384614 0.8037740985576923 0.8159388918269231