4 0.4733930697115385 0.5998626923076923 0.46858106971153846 0.5080442524038461 0.4019537548076923 0.5115360432692307 0.40676575721153846 0.6033544807692308 0.4733930697115385 0.5998626923076923
1 0.6293329903846154 0.594332735576923 0.6286351778846153 0.5810176754807692 0.6017189903846154 0.5824282932692307 0.6024168028846154 0.5957433533653846 0.6293329903846154 0.594332735576923
4 0.7145493557692307 0.5335395408653846 0.71793665625 0.5981730649038461 0.738533389423077 0.5970936346153846 0.7351460913461538 0.5324601105769231 0.7145493557692307 0.5335395408653846
4 0.2721924350961538 0.45978407932692306 0.28265235576923076 0.6593712884615385 0.31721430048076926 0.6575599735576922 0.30675437740384615 0.45797276442307694 0.2721924350961538 0.45978407932692306
4 0.3121579927884615 0.48494915384615384 0.32060443509615383 0.6461168653846154 0.34549215625 0.6448125552884616 0.3370457139423077 0.48364484375 0.3121579927884615 0.48494915384615384
4 0.3332848653846154 0.48801432451923077 0.34086631009615387 0.6326769086538462 0.36544195913461536 0.6313889543269231 0.357860514423077 0.4867263701923077 0.3332848653846154 0.48801432451923077
4 0.2372961201923077 0.4552152620192308 0.24867919230769228 0.6724171850961539 0.28386527884615387 0.6705731610576924 0.2724822091346154 0.4533712379807693 0.2372961201923077 0.4552152620192308
1 0.4087908533653846 0.6285608173076922 0.4029612091346154 0.5173245817307692 0.35529225240384615 0.5198228052884615 0.36112189663461536 0.6310590408653846 0.4087908533653846 0.6285608173076922
1 0.727291048076923 0.5915633245192308 0.7284249951923076 0.6132002956730769 0.7530786610576924 0.6119082524038462 0.7519447163461539 0.59027128125 0.727291048076923 0.5915633245192308
1 0.5347970408653846 0.5773125961538461 0.5356547692307692 0.5936790240384615 0.5458751201923077 0.5931433966346155 0.5450173918269231 0.5767769711538462 0.5347970408653846 0.5773125961538461
1 0.8577710552884615 0.18083831009615384 0.8586723966346154 0.1980369278846154 0.8855885841346154 0.19662631009615383 0.8846872427884616 0.17942769230769232 0.8577710552884615 0.18083831009615384
1 0.8856370360576923 0.1900870360576923 0.8865456466346154 0.20742435336538462 0.9078445408653846 0.20630812740384613 0.9069359302884615 0.18897081009615385 0.8856370360576923 0.1900870360576923