1 0.5774108149038462 0.9787080865384615 0.6587231322115384 0.6752463894230769 0.34147686778846154 0.5902405096153847 0.26016455048076925 0.8937022067307693 0.5774108149038462 0.9787080865384615
1 0.3017180408653846 0.9635020817307692 0.3599523245192308 0.7461687716346154 0.20027271153846152 0.7033827475961538 0.14203842788461538 0.9207160576923077 0.3017180408653846 0.9635020817307692
1 0.7126074471153847 0.7295140240384614 0.7461820288461538 0.6042119783653846 0.64928759375 0.5782491947115385 0.6157130144230769 0.7035512379807692 0.7126074471153847 0.7295140240384614
1 0.7822267235576923 0.6725357764423077 0.8053047548076923 0.5864073894230769 0.7281816129807692 0.5657423076923077 0.7051035817307691 0.6518706923076922 0.7822267235576923 0.6725357764423077
1 0.8070245096153846 0.646396576923077 0.8249261586538462 0.5795867091346154 0.7917979230769231 0.5707100240384615 0.7738962716346154 0.6375198918269231 0.8070245096153846 0.646396576923077
1 0.844421139423077 0.20377122115384616 0.8219542091346154 0.2876189519230769 0.8569690192307693 0.29700114182692305 0.8794359519230769 0.2131534110576923 0.844421139423077 0.20377122115384616
1 0.8009028221153845 0.12409863221153847 0.7729719350961539 0.22833812740384613 0.8379455384615385 0.24574775000000001 0.8658764278846154 0.14150825721153845 0.8009028221153845 0.12409863221153847
1 0.7288620408653846 0.049149266826923076 0.7104930793269231 0.11770316826923076 0.7903328846153846 0.13909618028846155 0.8087018485576922 0.07054227884615384 0.7288620408653846 0.049149266826923076
1 0.8717421129807692 0.33906349519230766 0.8908659639423077 0.2676923076923077 0.8627937451923077 0.2601703798076923 0.8436698942307692 0.3315415649038461 0.8717421129807692 0.33906349519230766
1 0.8831961322115384 0.36513872596153846 0.8965325024038461 0.3153667163461539 0.8748746346153846 0.30956350721153847 0.8615382644230769 0.3593355168269231 0.8831961322115384 0.36513872596153846
1 0.8907729903846153 0.3878744615384615 0.90263553125 0.34360286057692313 0.889203125 0.34000365865384613 0.8773405841346154 0.3842752596153846 0.8907729903846153 0.3878744615384615
1 0.8946027836538462 0.35697963701923074 0.8842140745192307 0.3957508269230769 0.8945524975961539 0.3985209975961539 0.9049412067307692 0.3597498076923077 0.8946027836538462 0.35697963701923074
1 0.8953616971153846 0.39097325 0.8895742163461539 0.4125724254807693 0.9061760649038462 0.41702087740384614 0.9119635480769231 0.3954217043269231 0.8953616971153846 0.39097325
4 0.9322347163461538 0.2708686706730769 0.8985163461538461 0.39670734375000005 0.912175141826923 0.40036720673076925 0.9458935120192307 0.27452853365384616 0.9322347163461538 0.2708686706730769
4 0.9287076177884616 0.2502245841346154 0.8942703052884616 0.37874638221153845 0.9075517860576923 0.3823051442307692 0.9419890985576923 0.2537833461538461 0.9287076177884616 0.2502245841346154
4 0.9295410817307693 0.21119368749999998 0.8888130288461539 0.3631928485576923 0.9055658052884615 0.3676817403846154 0.946293858173077 0.21568257932692306 0.9295410817307693 0.21119368749999998
4 0.9151894254807692 0.1575974014423077 0.8651151298076923 0.34447721875000004 0.8969604975961538 0.35301015865384616 0.9470347932692308 0.16613034134615384 0.9151894254807692 0.1575974014423077
4 0.8725583028846154 0.08276375961538461 0.8288466418269231 0.24589789903846154 0.8940466346153847 0.26336818509615384 0.937758295673077 0.10023404567307694 0.8725583028846154 0.08276375961538461
4 0.8060213870192308 0.06666070673076924 0.7832668798076923 0.1515816875 0.8668043725961538 0.17396549038461537 0.8895588798076923 0.08904450961538461 0.8060213870192308 0.06666070673076924
1 0.9354397139423077 0.1925000625 0.9240444855769231 0.23502762980769232 0.9325718004807692 0.2373125168269231 0.9439670264423078 0.19478494951923078 0.9354397139423077 0.1925000625
1 0.9269879254807692 0.1476740576923077 0.9160959567307692 0.1883234375 0.9357163245192308 0.1935806995192308 0.9466082932692307 0.15293131971153845 0.9269879254807692 0.1476740576923077
4 0.9485816177884616 0.10572233413461539 0.9291342403846153 0.17830093028846153 0.9517731274038461 0.184367 0.9712205024038462 0.11178840625 0.9485816177884616 0.10572233413461539
4 0.9274519879807692 0.10006066826923078 0.9138999375 0.15063761778846155 0.9451416009615384 0.15900879567307694 0.9586936514423077 0.10843184615384614 0.9274519879807692 0.10006066826923078