1 0.8684368942307692 0.41211195432692305 0.8613610600961539 0.37570994471153846 0.7854383317307693 0.3904678293269231 0.7925141658653847 0.42686983653846156 0.8684368942307692 0.41211195432692305
1 0.87776559375 0.3945934206730769 0.873419389423077 0.37223413701923075 0.8590784302884615 0.3750217379807692 0.8634246346153845 0.3973810216346154 0.87776559375 0.3945934206730769
1 0.7875413245192308 0.37180704086538463 0.7823735817307692 0.34522130528846157 0.7616673822115385 0.3492461826923077 0.7668351250000001 0.3758319182692308 0.7875413245192308 0.37180704086538463
1 0.7682284350961539 0.38136211057692304 0.7626896754807693 0.35286765625 0.7478118870192307 0.35575960576923077 0.7533506490384615 0.38425406009615387 0.7682284350961539 0.38136211057692304
1 0.7522486490384614 0.30693260817307694 0.7472134110576923 0.2810285576923077 0.7235163173076924 0.2856348052884615 0.7285515552884616 0.3115388557692308 0.7522486490384614 0.30693260817307694
1 0.7962194206730769 0.4336484951923077 0.7894616033653846 0.39888253125 0.7597060288461539 0.4046664278846154 0.7664638461538461 0.43943239182692306 0.7962194206730769 0.4336484951923077
1 0.7680724278846154 0.5005256947115385 0.7572599182692308 0.44490015384615383 0.6748952620192308 0.46091022115384617 0.6857077716346154 0.5165357620192308 0.7680724278846154 0.5005256947115385
1 0.7194691370192309 0.2504834375 0.7074110673076923 0.1884500528846154 0.6187578629807693 0.2056824903846154 0.6308159326923076 0.267715875 0.7194691370192309 0.2504834375
4 0.584189170673077 0 0.6145913149038461 0.15640548076923075 0.6998701778846154 0.13982894951923078 0.6726901826923076 0 0.584189170673077 0
4 0.7298923461538462 0.2783114278846154 0.7032055889423077 0.14101996153846155 0.6769777379807693 0.14611813942307691 0.7036644951923077 0.2834096057692308 0.7298923461538462 0.2783114278846154
4 0.7731419375 0.44676509615384613 0.7408899182692308 0.28084283653846154 0.7176529615384616 0.28535964423076926 0.7499049831730769 0.45128190384615385 0.7731419375 0.44676509615384613
4 0.8012321826923077 0.36362775721153845 0.78875009375 0.2994129807692308 0.7648996225961538 0.30404904326923077 0.7773817091346154 0.36826381971153843 0.8012321826923077 0.36362775721153845
4 0.8070596634615386 0.34693128605769236 0.7985792644230769 0.30330340865384614 0.7824744423076923 0.30643387019230767 0.7909548413461539 0.3500617451923077 0.8070596634615386 0.34693128605769236