1 0.8458318173076923 0.8368890985576923 0.852775170673077 0.7375945264423076 0.7286511850961539 0.7289149326923077 0.7217078317307692 0.828209502403846 0.8458318173076923 0.8368890985576923
1 0.73212571875 0.81362290625 0.73786125 0.7316009759615384 0.6119187884615385 0.7227942211538461 0.6061832572115384 0.8048161514423077 0.73212571875 0.81362290625
1 0.4472370408653846 0.7132277427884616 0.4508605024038462 0.6614098317307692 0.36559994951923075 0.6554478341346154 0.36197648798076926 0.7072657451923077 0.4472370408653846 0.7132277427884616
1 0.4849190552884615 0.6835618197115385 0.48730240144230774 0.6494783822115384 0.4452176658653846 0.64653553125 0.44283431971153847 0.68061896875 0.4849190552884615 0.6835618197115385
1 0.5167052932692308 0.6568250985576923 0.5187656923076923 0.6273600120192308 0.4831235625 0.6248676706730769 0.4810631610576923 0.6543327596153846 0.5167052932692308 0.6568250985576923
1 0.5303562211538462 0.030046834134615383 0.5274949134615384 0.07096543509615384 0.5566944471153846 0.07300726442307692 0.5595557548076923 0.032088665865384614 0.5303562211538462 0.030046834134615383
2 0.9897240360576922 0.657693704326923 0.9982369086538461 0.5359539423076923 0.9640495576923077 0.5335633293269231 0.9555366850961539 0.6553030913461538 0.9897240360576922 0.657693704326923
1 0.8721107548076923 0.6238514230769231 0.8705283149038461 0.6464813485576923 0.9553212596153846 0.6524106490384616 0.9569036995192307 0.6297807235576923 0.8721107548076923 0.6238514230769231
1 0.5555030576923077 0.06540564182692307 0.55342328125 0.09514782692307693 0.5757126033653847 0.09670644711538462 0.5777923774038461 0.06696426201923077 0.5555030576923077 0.06540564182692307
1 0.4988665192307692 0.0002777091346153846 0.49619252163461536 0.03851766105769231 0.5296524831730769 0.04085741105769231 0.5323264831730768 0.002617456730769231 0.4988665192307692 0.0002777091346153846
1 0.8447790697115385 0.2598544783653846 0.84346790625 0.2786049879807692 0.8822274254807693 0.28131531730769227 0.8835385889423077 0.2625648076923077 0.8447790697115385 0.2598544783653846
1 0.8461236682692307 0.24361241346153847 0.8445541466346154 0.26605760336538464 0.8832617091346153 0.2687643004807692 0.8848312307692308 0.24631911057692307 0.8461236682692307 0.24361241346153847
1 0.8468987403846153 0.2325283653846154 0.8453098413461538 0.25525065865384616 0.8837056658653846 0.2579355576923077 0.8852945624999999 0.23521326442307694 0.8468987403846153 0.2325283653846154
1 0.8473940817307692 0.22021811778846154 0.8456824639423076 0.2446953846153846 0.8831430745192308 0.24731488701923077 0.8848546923076923 0.22283761778846156 0.8473940817307692 0.22021811778846154
1 0.8471693485576922 0.20999234615384615 0.8455029447115384 0.23382304326923078 0.8832752908653846 0.23646434375 0.8849416971153846 0.21263364663461537 0.8471693485576922 0.20999234615384615
1 0.8479887788461539 0.19603402403846154 0.8461221466346154 0.2227280985576923 0.8845179711538461 0.22541299759615382 0.8863846033653846 0.19871892067307695 0.8479887788461539 0.19603402403846154
1 0.8435426538461539 0.18569870192307691 0.8419925096153846 0.2078667908653846 0.8839213725961539 0.21079874278846156 0.8854715168269232 0.18863065384615385 0.8435426538461539 0.18569870192307691
1 0.8440447403846154 0.17403865625 0.8425139735576923 0.19592964663461537 0.8849104447115385 0.19889429567307693 0.8864412115384616 0.17700330769230768 0.8440447403846154 0.17403865625
1 0.8450335264423077 0.16139163701923076 0.8433994158653846 0.1847605 0.8856400192307692 0.18771425 0.8872741274038461 0.16434538942307692 0.8450335264423077 0.16139163701923076
1 0.8459894471153846 0.14772131490384616 0.8443747139423077 0.17081307692307693 0.8856281466346154 0.1736977980769231 0.8872428798076922 0.1506060360576923 0.8459894471153846 0.14772131490384616
1 0.8466465480769231 0.1338444591346154 0.8448768004807692 0.15915302884615384 0.8864419711538462 0.16205954807692308 0.88821171875 0.1367509783653846 0.8466465480769231 0.1338444591346154
1 0.8480063437500001 0.1233582139423077 0.8463205625 0.14746601201923076 0.8877818197115384 0.1503652644230769 0.8894676009615385 0.12625746875000002 0.8480063437500001 0.1233582139423077
1 0.8483387884615384 0.10964429326923077 0.8464915336538461 0.13606126923076925 0.8877449663461537 0.1389459903846154 0.8895922211538461 0.11252901442307692 0.8483387884615384 0.10964429326923077
1 0.848899860576923 0.09938065384615384 0.8471688677884616 0.12413502163461539 0.8888899062500001 0.1270524423076923 0.8906209014423077 0.10229807451923077 0.848899860576923 0.09938065384615384
1 0.8501481442307692 0.08600923317307692 0.8483977740384615 0.11104069951923078 0.8894953365384615 0.11391452163461538 0.8912457067307693 0.08888305528846155 0.8501481442307692 0.08600923317307692
1 0.8501888004807692 0.07348155288461539 0.8483415456730768 0.09989852644230769 0.8901145384615384 0.10281957692307693 0.8919617932692308 0.07640260336538461 0.8501888004807692 0.07348155288461539
1 0.8512230841346154 0.06093053365384615 0.8493306153846153 0.08799407692307692 0.891103610576923 0.09091512740384615 0.8929960793269232 0.06385158413461539 0.8512230841346154 0.06093053365384615
1 0.852120875 0.04809151442307692 0.85020903125 0.07543215625000001 0.8915144182692308 0.07832051201923076 0.8934262620192308 0.05097986778846154 0.852120875 0.04809151442307692
1 0.8528175841346154 0.03588816346153846 0.8507701033653846 0.06516851682692307 0.8919196201923077 0.06804597115384615 0.8939671033653845 0.03876561778846154 0.8528175841346154 0.03588816346153846
1 0.8537743629807693 0.024445550480769233 0.8519981562500001 0.04984648798076923 0.8931996274038462 0.05272757692307692 0.8949758341346155 0.027326639423076924 0.8537743629807693 0.024445550480769233
1 0.8918903701923077 0.16104825721153848 0.890230423076923 0.1847865889423077 0.9337179807692307 0.18782753365384613 0.9353779278846154 0.1640892043269231 0.8918903701923077 0.16104825721153848
1 0.8918538004807692 0.15037155048076922 0.8901809350961538 0.17429461538461538 0.9339282788461538 0.17735372596153848 0.9356011418269231 0.15343066346153847 0.8918538004807692 0.15037155048076922
1 0.8919202884615385 0.1374744014423077 0.8901957548076923 0.16213640144230768 0.934202875 0.16521368028846156 0.9359274110576923 0.14055168028846154 0.8919202884615385 0.1374744014423077
1 0.8926551802884616 0.12323171153846155 0.8907820913461539 0.15001815384615386 0.9350489951923078 0.15311359615384615 0.9369220865384615 0.12632715625000002 0.8926551802884616 0.12323171153846155
1 0.8932617524038461 0.11306407211538462 0.891524298076923 0.13791080528846153 0.9353755528846153 0.1409771826923077 0.9371130048076922 0.11613044951923078 0.8932617524038461 0.11306407211538462
1 0.893743891826923 0.10019598798076923 0.8919547692307692 0.12578165625 0.9351825432692308 0.12880443749999998 0.9369716658653846 0.10321876682692308 0.893743891826923 0.10019598798076923
1 0.8945641778846153 0.08846537259615385 0.8926781682692309 0.11543654807692308 0.9353863798076923 0.11842299759615385 0.9372723870192308 0.09145182211538462 0.8945641778846153 0.08846537259615385
1 0.8951558341346153 0.07328448076923076 0.8931277283653846 0.10228773076923077 0.9369270264423076 0.10535047596153846 0.9389551298076924 0.07634722596153846 0.8951558341346153 0.07328448076923076
1 0.8960277908653846 0.060814927884615386 0.8940578149038461 0.08898687740384616 0.9369218966346153 0.09198422596153846 0.9388918701923077 0.06381227644230769 0.8960277908653846 0.060814927884615386
1 0.8970224663461538 0.046590403846153844 0.8946584951923077 0.08039674278846154 0.9378343149038462 0.08341588942307691 0.9401982836538461 0.04960955048076923 0.8970224663461538 0.046590403846153844
1 0.8968499735576922 0.037110834134615384 0.8948606201923077 0.06555988461538462 0.9382442668269231 0.06859356490384615 0.9402336177884615 0.04014451442307692 0.8968499735576922 0.037110834134615384
1 0.8978786538461538 0.02687989423076923 0.8960895288461538 0.0524655625 0.9393173052884615 0.05548834375 0.9411064278846154 0.02990267548076923 0.8978786538461538 0.02687989423076923
1 0.8977421610576923 0.026591891826923078 0.8966635192307693 0.04201718990384616 0.9363582548076923 0.044792915865384614 0.9374368966346154 0.029367617788461538 0.8977421610576923 0.026591891826923078
1 0.953055375 0.14648313701923077 0.9510078942307693 0.17576349038461536 0.9975608846153846 0.17901879326923076 0.9996083653846154 0.14973843990384614 0.953055375 0.14648313701923077
1 0.9538941826923076 0.13224771153846154 0.9517627331730769 0.16272883653846154 0.9978481177884616 0.16595143990384614 0.9999795649038461 0.1354703173076923 0.9538941826923076 0.13224771153846154
1 1 0.12201303605769231 0.9544670336538462 0.11882906009615385 0.9524970600961539 0.14700100721153847 0.9984265697115385 0.15021271153846152 1 0.12771160096153847 1 0.12201303605769231
1 1 0.10716204326923078 0.95534459375 0.10403943269230768 0.9531743918269231 0.13507475961538462 0.9992597716346154 0.13829736298076922 1 0.12771160576923077 1 0.10716204326923078
1 1 0.09463152163461538 0.9565802427884615 0.09159531490384615 0.9544358774038462 0.12226117307692307 1 0.12544732451923077 1 0.09463152163461538
1 1 0.0820081778846154 0.9572508341346153 0.07901886538461539 0.9551193870192307 0.10949999038461539 1 0.11263834615384614 1 0.0820081778846154
1 1 0.06827101201923078 0.9580508870192308 0.06533764423076924 0.9558613076923077 0.09665007211538461 1 0.09973655048076924 1 0.06827101201923078
1 1 0.05768968028846154 0.9588911177884616 0.054815067307692304 0.9569986490384615 0.08187861057692307 1 0.0848855576923077 1 0.05768968028846154
1 1 0.043117144230769226 0.9573593028846153 0.04013541586538461 0.9552730673076923 0.06996997115384615 1 0.07309758413461538 1 0.043117144230769226
1 1 0.034392189903846154 0.9578625288461539 0.03144564903846154 0.9560798629807692 0.05693895192307692 1 0.06001014663461538 1 0.034392189903846154
1 0.9578883653846154 0.031076182692307695 0.9569195264423077 0.04493123557692307 0.9940164374999999 0.04752530528846154 0.9949852788461538 0.03367025 0.9578883653846154 0.031076182692307695