1 0.6998983966346154 0.2911780360576923 0.6904007235576923 0.2530849447115385 0.5880648461538461 0.27860014423076923 0.5975625192307692 0.3166932355769231 0.6998983966346154 0.2911780360576923
1 0.7141932163461538 0.4139595360576923 0.7054123461538461 0.37874139182692307 0.6215727307692307 0.3996449567307692 0.6303536009615385 0.43486309855769234 0.7141932163461538 0.4139595360576923
1 0.6265840889423077 0.42082087500000004 0.6202224399038462 0.3953056899038462 0.554929625 0.41158501923076923 0.5612912740384616 0.4371002019230769 0.6265840889423077 0.42082087500000004
1 0.6534935240384615 0.526811108173077 0.6459894639423077 0.4967139735576923 0.5759967788461539 0.5141651081730769 0.5835008389423076 0.5442622451923077 0.6534935240384615 0.526811108173077
1 0.7379287067307693 0.5229359471153846 0.7281174302884617 0.4835850649038462 0.6447831778846154 0.5043626274038462 0.654594454326923 0.5437135096153847 0.7379287067307693 0.5229359471153846
1 0.8685172884615385 0.23720822596153848 0.8576980048076923 0.19381444711538462 0.7628920240384616 0.21745223076923076 0.7737113100961538 0.26084601201923074 0.8685172884615385 0.23720822596153848
1 0.8994675697115385 0.3809344014423077 0.8906643004807692 0.34562641826923074 0.8004571177884615 0.36811759375 0.8092603870192308 0.4034255793269231 0.8994675697115385 0.3809344014423077
1 0.5613922788461538 1 0.6612383269230769 0.9751055841346153 0.6393309543269231 0.8872399158653846 0.5139000192307692 0.9185133605769231 0.5342169206730769 1 0.5613922788461538 1
1 0.11894768750000001 1 0.22478734615384616 0.9736112091346154 0.20272317307692309 0.8851166442307693 0.08785431009615384 0.9137566682692307 0.1093571875 1 0.11894768750000001 1
1 0.26527628125 0.7622602427884615 0.24903615384615385 0.6971246490384615 0.13229744951923078 0.7262308774038462 0.14853757692307692 0.7913664711538462 0.26527628125 0.7622602427884615
1 0.35028287019230764 0.5828474399038461 0.3415692043269231 0.5478988269230769 0.26298535576923077 0.5674919807692308 0.2716990240384615 0.60244059375 0.35028287019230764 0.5828474399038461
1 0.4016166322115385 0.45439074519230765 0.3963077908653846 0.4330981442307692 0.3358664543269231 0.4481678629807692 0.3411752956730769 0.4694604639423077 0.4016166322115385 0.45439074519230765
1 0.38624932692307695 0.40287447596153847 0.3769532548076923 0.36558996394230764 0.3242944975961538 0.3787192668269231 0.33359056971153844 0.4160037788461538 0.38624932692307695 0.40287447596153847
1 0.39941765865384615 0.1497628653846154 0.3893375793269231 0.109333875 0.34744304086538463 0.11977935576923077 0.35752312019230764 0.16020834615384613 0.39941765865384615 0.1497628653846154
1 0.4118423293269231 0.1847404951923077 0.40243425480769235 0.1470067716346154 0.35578931009615383 0.15863666346153846 0.3651973846153846 0.1963703870192308 0.4118423293269231 0.1847404951923077
1 0.3602016009615384 0.17719455528846154 0.35251834134615384 0.1463786826923077 0.31603118028846156 0.1554759543269231 0.3237144399038462 0.18629182692307691 0.3602016009615384 0.17719455528846154
1 0.3652630144230769 0.21687086778846154 0.3573557524038461 0.1851565721153846 0.3277920552884615 0.1925276298076923 0.3356993173076923 0.2242419254807692 0.3652630144230769 0.21687086778846154
1 0.4764386850961539 0.12454745192307692 0.46550740144230773 0.08070446153846154 0.3878332043269231 0.1000708125 0.3987644903846154 0.14391380528846154 0.4764386850961539 0.12454745192307692
1 0.48564323076923077 0.23552457211538463 0.47601115625 0.19689243028846154 0.41804609134615384 0.21134474278846155 0.42767816586538465 0.24997688701923076 0.48564323076923077 0.23552457211538463
1 0.5501074182692307 0.18901057451923078 0.5390193317307692 0.14453868509615383 0.48034676201923077 0.15916739903846155 0.49143484855769226 0.20363928846153845 0.5501074182692307 0.18901057451923078
1 0.65569065625 0.1420734423076923 0.6423177524038461 0.08843765384615385 0.5320476850961539 0.11593106730769231 0.5454205889423077 0.1695668581730769 0.65569065625 0.1420734423076923
1 0.7107341129807693 0 0.6641215697115384 0.011621812499999998 0.6856705384615385 0.0980500048076923 0.8594141153846154 0.054730865384615385 0.8457681802884616 0 0.7107341129807693 0
1 0.31252762980769233 0.03162615144230769 0.3196508870192308 0.06019597115384615 0.3511349591346154 0.05234610817307693 0.3440117043269231 0.023776290865384613 0.31252762980769233 0.03162615144230769
1 1 0.4831727235576923 0.9910165913461538 0.4471422331730769 0.942097514423077 0.4593391298076923 0.9543504110576924 0.5084828125 1 0.4971010913461538 1 0.4831727235576923
1 0.9409173725961538 0.5232833076923077 0.9311732956730769 0.4842019495192308 0.8387930552884615 0.5072349302884616 0.8485371322115385 0.5463162884615385 0.9409173725961538 0.5232833076923077
1 0.47562325 0.7479857259615385 0.49739621875 0.8353123413461538 0.5995804879807692 0.8098349423076924 0.5778075168269231 0.722508326923077 0.47562325 0.7479857259615385
1 0.4526253677884616 0.023224620192307692 0.46597587259615386 0.07677056971153846 0.5322288774038462 0.06025183894230769 0.5188783725961538 0.006705889423076923 0.4526253677884616 0.023224620192307692