1 0.5385447740384616 0.648753326923077 0.5314848413461538 0.6124331225961538 0.4371566033653846 0.6307686730769231 0.44421653605769235 0.6670888798076924 0.5385447740384616 0.648753326923077
1 0.4172459375 0.8055286418269231 0.3963523533653846 0.6980404639423077 0.23898524519230768 0.7286295312500001 0.2598788293269231 0.8361177091346155 0.4172459375 0.8055286418269231
1 0.27541818990384614 0.8276215600961538 0.26048738701923074 0.7508092331730769 0.09713848798076923 0.7825610432692307 0.11206929086538463 0.8593733701923078 0.27541818990384614 0.8276215600961538
2 0.045320860576923076 0.7813001466346154 0.12507806971153845 0.7657969158653846 0.08622458894230768 0.565913079326923 0.006467379807692308 0.5814163100961538 0.045320860576923076 0.7813001466346154
1 0.35296821634615383 0.29223781009615385 0.35606886298076923 0.30818925240384615 0.39564070913461535 0.3004972644230769 0.39254006249999995 0.2845458221153846 0.35296821634615383 0.29223781009615385
1 0.35010938942307696 0.2791681754807692 0.35349624759615383 0.2965920576923077 0.39306809374999996 0.2889000697115385 0.3896812331730769 0.2714761875 0.35010938942307696 0.2791681754807692
1 0.3490500216346154 0.26880490865384615 0.35243687980769234 0.2862287908653846 0.39170196874999996 0.2785964326923077 0.3883151081730769 0.2611725480769231 0.3490500216346154 0.26880490865384615
1 0.3468285600961538 0.25573872115384616 0.3504062283653846 0.2741442307692308 0.38936455769230766 0.26657149759615384 0.38578688942307693 0.24816598798076922 0.3468285600961538 0.25573872115384616
1 0.34446729807692306 0.24359108413461536 0.34785415865384617 0.26101496634615384 0.38589221153846154 0.2536211177884615 0.3825053509615385 0.23619723557692307 0.34446729807692306 0.24359108413461536
1 0.34274340625 0.23144689663461537 0.3461302644230769 0.24887077884615383 0.38386156009615385 0.2415365576923077 0.3804746995192308 0.22411267548076924 0.34274340625 0.23144689663461537
1 0.3353786033653846 0.21976249038461537 0.3392424855769231 0.2396404423076923 0.3860998461538462 0.23053229326923075 0.38223596394230774 0.21065434374999997 0.3353786033653846 0.21976249038461537
1 0.33424768269230765 0.20903111538461536 0.3378015 0.22731392067307693 0.38289499759615386 0.21854863221153845 0.37934118028846153 0.20026582692307693 0.33424768269230765 0.20903111538461536
1 0.3338223774038462 0.19701652644230772 0.3375908533653846 0.21640366346153844 0.38115056009615383 0.2079365144230769 0.37738208173076926 0.18854937740384617 0.3338223774038462 0.19701652644230772
1 0.33167246875 0.18431844711538461 0.33553635096153844 0.20419639903846154 0.37932612740384614 0.19568452884615384 0.3754622451923077 0.17580657692307694 0.33167246875 0.18431844711538461
1 0.3298531706730769 0.17168344471153846 0.33390786298076924 0.19254302403846155 0.3773908798076923 0.18409078125 0.37333618749999997 0.16323120432692306 0.3298531706730769 0.17168344471153846
1 0.32692278846153844 0.1582456995192308 0.33057201201923075 0.17701931971153848 0.37497530288461534 0.16838819471153846 0.37132608173076925 0.14961457451923077 0.32692278846153844 0.1582456995192308
1 0.32676315144230766 0.14923562019230768 0.3301500120192308 0.16665950240384617 0.3742465456730769 0.1580880048076923 0.3708596850961538 0.14066412259615385 0.32676315144230766 0.14923562019230768
1 0.32557278125 0.13533231009615385 0.32981828125 0.15717351442307692 0.3733779855769231 0.1487063653846154 0.3691324855769231 0.1268651610576923 0.32557278125 0.13533231009615385
1 0.32451341346153845 0.12496904567307691 0.3279002716346154 0.14239292788461538 0.37084646153846157 0.13404503365384615 0.36745960096153846 0.11662115144230768 0.32451341346153845 0.12496904567307691
1 0.3235189855769231 0.11166434615384616 0.32709665384615383 0.13006985576923077 0.36820229326923076 0.12207972836538462 0.364624625 0.10367421875 0.3235189855769231 0.11166434615384616
1 0.3215598870192308 0.09994789423076923 0.3254237692307692 0.11982584615384616 0.3686000264423077 0.11143323076923076 0.3647361442307692 0.09155528125 0.3215598870192308 0.09994789423076923
1 0.31912707211538466 0.08743214903846154 0.32232312259615387 0.10387440384615385 0.36611289903846156 0.09536253365384616 0.3629168485576923 0.07892027884615384 0.31912707211538466 0.08743214903846154
1 0.31785635096153847 0.07761932451923077 0.32095699759615387 0.09357076682692307 0.36444001442307694 0.08511852403846154 0.3613393677884615 0.06916708173076923 0.31785635096153847 0.07761932451923077
1 0.3156741490384615 0.06352678846153846 0.3192518197115385 0.08193229807692307 0.3621980072115385 0.07358440384615385 0.35862033894230766 0.05517889423076923 0.3156741490384615 0.06352678846153846
1 0.38350261298076926 0.20365913221153847 0.38638859855769236 0.2185062451923077 0.4289513389423077 0.2102328846153846 0.42606535336538465 0.19538577403846155 0.38350261298076926 0.20365913221153847
1 0.3806845192307692 0.19325571153846152 0.38366590865384614 0.2085936346153846 0.4256918221153846 0.200424625 0.42271043269230774 0.18508669951923076 0.3806845192307692 0.19325571153846152
1 0.37835041586538465 0.1828855504807692 0.3814749110576923 0.19895969471153846 0.42557144471153846 0.19038819711538463 0.4224469495192308 0.17431405048076923 0.37835041586538465 0.1828855504807692
1 0.37675274278846155 0.1689340721153846 0.38028270913461537 0.18709417548076923 0.42307551923076925 0.17877609375 0.41954555288461537 0.16061599278846156 0.37675274278846155 0.1689340721153846
1 0.37547540865384615 0.15581170432692307 0.3790769302884615 0.17433991586538464 0.4214096009615385 0.16611127884615387 0.4178080817307693 0.14758306490384615 0.37547540865384615 0.15581170432692307
1 0.37457969230769234 0.1446525889423077 0.3781812139423077 0.16318080288461537 0.42028381730769226 0.15499688701923078 0.4166822956730769 0.1364686730769231 0.37457969230769234 0.1446525889423077
1 0.3720037716346154 0.13140062259615384 0.3756768461538461 0.1502969471153846 0.41831627644230773 0.14200868028846153 0.4146432019230769 0.12311235817307692 0.3720037716346154 0.13140062259615384
1 0.37134326201923074 0.11981377163461539 0.37511173798076924 0.13920090865384616 0.4169075841346154 0.13107661778846152 0.4131391057692308 0.11168948317307693 0.37134326201923074 0.11981377163461539
1 0.36914051442307694 0.10725330288461538 0.3732190576923077 0.1282355841346154 0.4145547644230769 0.12020073798076923 0.41047622115384613 0.09921845673076923 0.36914051442307694 0.10725330288461538
1 0.36764999759615385 0.09671916586538462 0.3711561129807693 0.11475656490384616 0.41310533653846154 0.10660246153846153 0.4095992211538461 0.0885650625 0.36764999759615385 0.09671916586538462
1 0.36509095913461537 0.08601070913461539 0.36854937259615383 0.10380270192307693 0.41034521874999996 0.09567841346153846 0.40688680528846155 0.07788642067307693 0.36509095913461537 0.08601070913461539
1 0.3633722043269231 0.07348350240384616 0.3668306153846154 0.09127549519230768 0.4093933581730769 0.08300213701923077 0.40593494471153846 0.06521014423076923 0.3633722043269231 0.07348350240384616
1 0.3622772355769231 0.06007100721153846 0.3657356490384615 0.077863 0.4076848725961538 0.06970889663461538 0.4042264591346154 0.05191690384615385 0.3622772355769231 0.06007100721153846
1 0.4394431177884615 0.19787898317307692 0.44278227403846154 0.21505745913461538 0.48810584134615387 0.20624744951923077 0.48476668509615384 0.18906897596153846 0.4394431177884615 0.19787898317307692
1 0.4375214495192308 0.1871739735576923 0.4411706706730769 0.20594759375 0.48695437500000005 0.19704814423076922 0.48330515384615386 0.17827452403846153 0.4375214495192308 0.1871739735576923
1 0.43527099999999996 0.17436810096153849 0.43906332932692305 0.19387793990384614 0.4843868966346154 0.18506793028846152 0.4805945673076923 0.16555809134615387 0.43527099999999996 0.17436810096153849
1 0.4343345480769231 0.16054277403846154 0.4380553245192308 0.17968450240384615 0.4819217884615385 0.17115772596153847 0.47820101201923076 0.15201599759615386 0.4343345480769231 0.16054277403846154
1 0.43299924038461535 0.14794103365384614 0.4365292067307692 0.16610113701923077 0.47955208413461536 0.15773833653846153 0.47602211778846154 0.13957823317307694 0.43299924038461535 0.14794103365384614
1 0.4321493966346154 0.13906511538461538 0.43527389182692305 0.1551392596153846 0.4768396682692308 0.1470596923076923 0.4737151706730769 0.1309855456730769 0.4321493966346154 0.13906511538461538
1 0.4310151682692308 0.12667896875 0.4340204110576923 0.14213959615384614 0.47497266826923074 0.13417928365384615 0.4719674278846154 0.11871865384615385 0.4310151682692308 0.12667896875
1 0.42895552884615384 0.11485472115384615 0.4325570480769231 0.1333829326923077 0.4736626875 0.12539280769230768 0.4700611682692308 0.10686459375 0.42895552884615384 0.11485472115384615
1 0.42651427163461536 0.10106721874999999 0.43018734615384613 0.11996354326923077 0.4710629134615385 0.11201813701923077 0.46738984134615386 0.09312181250000001 0.42651427163461536 0.10106721874999999
1 0.4243284110576923 0.09105026201923076 0.4275244615384616 0.10749251682692308 0.46886016826923077 0.09945766826923076 0.46566411778846156 0.08301541346153847 0.4243284110576923 0.09105026201923076
1 0.4201625528846154 0.07657927163461539 0.4240025841346154 0.09633451923076922 0.4666420144230769 0.08804625240384614 0.4628019831730769 0.06829100721153845 0.4201625528846154 0.07657927163461539
1 0.4196792716346154 0.06508531009615384 0.42308998317307694 0.08263189663461537 0.46465575961538463 0.07455232692307692 0.46124504807692307 0.05700574038461538 0.4196792716346154 0.06508531009615384
1 0.41750037740384616 0.05264754567307692 0.4205771730769231 0.06847628365384616 0.46106929326923074 0.060605413461538464 0.45799249759615385 0.04477667548076923 0.41750037740384616 0.05264754567307692
1 0.4952772379807693 0.2038347548076923 0.49880720432692305 0.22199485817307693 0.5424435985576923 0.21351280288461538 0.5389136322115384 0.19535269951923076 0.4952772379807693 0.2038347548076923
1 0.49207421875 0.18981330769230767 0.49591425 0.2095685528846154 0.5393972668269231 0.20111631249999998 0.535557235576923 0.18136106490384615 0.49207421875 0.18981330769230767
1 0.48996504807692304 0.1797814423076923 0.4938050793269231 0.19953668990384615 0.5376715432692307 0.19100991346153845 0.5338315120192307 0.1712546658653846 0.48996504807692304 0.1797814423076923
1 0.48921940625000004 0.16693774278846155 0.49301173317307695 0.1864475841346154 0.5358045432692308 0.17812950240384615 0.5320122163461538 0.15861966346153847 0.48921940625000004 0.16693774278846155
1 0.4882282836538462 0.15528781490384616 0.49216372115384616 0.175533875 0.534343014423077 0.1673350528846154 0.5304075769230769 0.14708899038461537 0.4882282836538462 0.15528781490384616
1 0.48527039182692305 0.14580294471153846 0.48891961298076925 0.16457656490384617 0.5327860769230769 0.15604978605769232 0.5291368557692308 0.13727616826923078 0.48527039182692305 0.14580294471153846
1 0.48459630048076924 0.13332735576923077 0.48786390625 0.15013772115384616 0.5300431995192307 0.1419388966346154 0.5267755937499999 0.12512853125 0.48459630048076924 0.13332735576923077
1 0.48343639423076923 0.12285629326923077 0.4872048701923077 0.14224343028846154 0.5287706466346154 0.13416386057692306 0.5250021682692307 0.11477672355769232 0.48343639423076923 0.12285629326923077
1 0.4792796850961538 0.09819635817307693 0.48479590624999996 0.12985038701923077 0.5257481658653846 0.12189007451923077 0.5204620120192307 0.09019132451923076 0.4792796850961538 0.09819635817307693
1 0.4769184230769231 0.08604872115384615 0.48083000721153846 0.10617207932692309 0.5230859903846153 0.09795834855769231 0.51917440625 0.07783499038461539 0.4769184230769231 0.08604872115384615
1 0.47591703124999996 0.07516482932692307 0.4791130817307692 0.0916070841346154 0.5202954086538462 0.08360205048076923 0.517099358173077 0.06715979567307692 0.47591703124999996 0.07516482932692307
1 0.47397847836538465 0.061916310096153844 0.47750844471153847 0.08007641105769231 0.5193042884615384 0.07195212259615384 0.5157743221153847 0.05379201923076923 0.47397847836538465 0.061916310096153844
1 0.4719683701923077 0.04829968028846154 0.47602306250000004 0.06915925721153846 0.5182790456730769 0.06094552644230769 0.5142243533653846 0.040085949519230765 0.4719683701923077 0.04829968028846154
1 0.5487157355769231 0.25724449759615386 0.5519117884615384 0.27368675240384616 0.5898731514423077 0.26630781009615384 0.5866771009615385 0.24986555528846152 0.5487157355769231 0.25724449759615386
1 0.5477723173076924 0.24583997596153845 0.5512307307692308 0.26363196875 0.58689140625 0.2567002355769231 0.5834329927884615 0.23890824278846154 0.5477723173076924 0.24583997596153845
1 0.5451314567307692 0.23552944230769232 0.5481366971153846 0.2509900721153846 0.5854845432692307 0.24373038461538463 0.5824793028846154 0.22826975721153844 0.5451314567307692 0.23552944230769232
1 0.5436376322115385 0.22334053365384615 0.5469767884615385 0.2405190096153846 0.5830976009615385 0.2334978341346154 0.5797584447115385 0.21631935817307693 0.5436376322115385 0.22334053365384615
1 0.5417313725961539 0.21148647355769232 0.5452613389423078 0.22964657451923076 0.58161221875 0.22258068028846154 0.5780822524038461 0.20442057692307694 0.5417313725961539 0.21148647355769232
1 0.5395132163461539 0.20007505769230768 0.5427092668269231 0.2165173125 0.5847351802884615 0.2083483028846154 0.5815391298076923 0.19190604567307692 0.5395132163461539 0.20007505769230768
1 0.5369611466346154 0.18694579326923078 0.5403003052884615 0.20412426923076923 0.58232621875 0.1959552596153846 0.5789870600961539 0.17877678365384617 0.5369611466346154 0.18694579326923078
1 0.5340902163461538 0.17667998076923078 0.5372385625 0.19287682932692307 0.5792644783653846 0.18470781971153846 0.5761161298076923 0.16851097115384617 0.5340902163461538 0.17667998076923078
1 0.5332080769230769 0.16640960576923075 0.5363564254807692 0.18260645432692307 0.5781522716346154 0.17448216346153847 0.575003923076923 0.15828531490384617 0.5332080769230769 0.16640960576923075
1 0.5943297668269231 0.18114272596153846 0.5975973701923076 0.19795309134615383 0.6409270096153846 0.18953066346153846 0.6376594038461539 0.17272029807692307 0.5943297668269231 0.18114272596153846
1 0.5927882403846154 0.16870840865384615 0.5960081418269231 0.18527336778846154 0.6378039879807692 0.1771490793269231 0.6345840865384615 0.1605841201923077 0.5927882403846154 0.16870840865384615
1 0.5912023173076923 0.15768345913461537 0.5942552620192308 0.17338949278846152 0.6358977283653846 0.16529501682692307 0.6328447836538462 0.14958898317307692 0.5912023173076923 0.15768345913461537
1 0.5900424086538462 0.14721239663461538 0.5928091394230769 0.16144599038461538 0.6349884326923078 0.15324716586538462 0.6322217019230769 0.13901357211538462 0.5900424086538462 0.14721239663461538
1 0.5311058725961538 0.15395693509615385 0.5341588173076923 0.16966296875 0.5756479038461538 0.1615983076923077 0.5725949591346153 0.14589227163461538 0.5311058725961538 0.15395693509615385
1 0.5295797548076924 0.1403735673076923 0.5328473581730769 0.15718393269230768 0.5735695480769231 0.1492683389423077 0.5703019447115385 0.13245797355769232 0.5295797548076924 0.1403735673076923
1 0.526311795673077 0.12929355048076924 0.5291977836538462 0.14414066105769233 0.5718372139423077 0.1358523966346154 0.5689512283653846 0.12100528605769231 0.526311795673077 0.12929355048076924
1 0.5258098004807692 0.11729386778846154 0.5287434903846153 0.13238638701923075 0.5698491274038461 0.12439625961538461 0.5669154399038462 0.10930374038461539 0.5258098004807692 0.11729386778846154
1 0.5233002980769231 0.10479302884615384 0.5264247932692308 0.12086717307692307 0.56883415625 0.1126236298076923 0.5657096586538461 0.09654948317307693 0.5233002980769231 0.10479302884615384
1 0.587938375 0.13679751442307692 0.5909436153846154 0.15225814182692307 0.632509391826923 0.14417857451923077 0.6295041514423076 0.12871794711538462 0.587938375 0.13679751442307692
1 0.5861821875 0.12325886778846154 0.5894497908653846 0.14006923317307693 0.62971184375 0.13224308413461539 0.6264442403846153 0.11543271634615385 0.5861821875 0.12325886778846154
1 0.5841328221153846 0.11066858653846154 0.5875435312499999 0.12821517307692307 0.6295694447115385 0.12004616105769231 0.626158735576923 0.10249957692307692 0.5841328221153846 0.11066858653846154
1 0.5815704783653847 0.09830535817307692 0.5852196995192307 0.11707897596153846 0.6277824423076923 0.10880561778846154 0.6241332187499999 0.09003199759615385 0.5815704783653847 0.09830535817307692
1 0.5800696875 0.08853725480769231 0.5832657379807692 0.10497950961538462 0.6260585480769231 0.09666143028846154 0.6228624975961539 0.08021917307692307 0.5800696875 0.08853725480769231
1 0.5777579591346154 0.07459723557692308 0.5814787331730769 0.09373896634615385 0.62496175 0.08528672355769232 0.6212409759615384 0.06614499278846155 0.5777579591346154 0.07459723557692308
1 0.5762146009615384 0.06420070913461538 0.5793390985576923 0.08027485336538462 0.6223619783653846 0.07191205288461539 0.6192374807692308 0.05583790625 0.5762146009615384 0.06420070913461538
1 0.5739248942307692 0.052421182692307694 0.577049391826923 0.06849532692307693 0.6200722692307692 0.060132526442307696 0.6169477716346154 0.04405838221153846 0.5739248942307692 0.052421182692307694
1 0.5737450649038461 0.039212819711538456 0.5767980096153846 0.054918855769230765 0.6192840600961538 0.046660403846153845 0.6162311177884615 0.03095436778846154 0.5737450649038461 0.039212819711538456
1 0.6570617043269231 0.2545210745192308 0.6608778846153847 0.27415361778846153 0.7048210384615385 0.26561193509615383 0.7010048581730769 0.24597939182692308 0.6570617043269231 0.2545210745192308
1 0.6568815216346154 0.2470430625 0.6596482524038462 0.26127665625 0.7014440961538462 0.25315236778846156 0.6986773653846154 0.23891877403846154 0.6568815216346154 0.2470430625
1 0.6543191778846154 0.2346798341346154 0.657539079326923 0.25124479326923077 0.7000251322115385 0.24298634134615385 0.6968052307692307 0.22642138221153846 0.6543191778846154 0.2346798341346154
1 0.65293103125 0.22221570432692309 0.6560793798076923 0.23841255288461538 0.697031639423077 0.2304522403846154 0.6938832908653846 0.21425539182692305 0.65293103125 0.22221570432692309
1 0.6503345649038461 0.21049580528846154 0.6538168293269231 0.22841050240384617 0.69722315625 0.21997316586538462 0.693740891826923 0.20205847115384618 0.6503345649038461 0.21049580528846154
1 0.6478301971153846 0.19761194951923075 0.6511455024038462 0.21466772115384616 0.6953954158653846 0.20606640865384615 0.6920801105769231 0.18901063701923076 0.6478301971153846 0.19761194951923075
1 0.6480558365384615 0.18648954326923078 0.6515381009615384 0.20440424038461538 0.6948677403846154 0.19598181250000002 0.6913854759615384 0.17806711538461537 0.6480558365384615 0.18648954326923078
1 0.6457030192307692 0.17561366346153845 0.6493999423076923 0.19463268990384613 0.6928062692307692 0.18619535336538462 0.6891093461538461 0.1671763269230769 0.6457030192307692 0.17561366346153845
1 0.6435802692307693 0.16469306009615386 0.6468478725961538 0.18150342548076923 0.6904075793269231 0.1730362764423077 0.6871399759615385 0.15622591105769232 0.6435802692307693 0.16469306009615386
1 0.6425414447115384 0.15279772596153846 0.6458567524038461 0.16985349759615384 0.6887262524038462 0.16152051201923076 0.6854109447115384 0.14446474038461538 0.6425414447115384 0.15279772596153846
1 0.6405926201923078 0.14031524038461538 0.6441941394230769 0.1588434543269231 0.6880606033653845 0.1503166778846154 0.6844590841346154 0.1317884639423077 0.6405926201923078 0.14031524038461538
1 0.6380574350961539 0.12972948798076922 0.6411819326923076 0.14580363221153847 0.6852784663461539 0.1372321346153846 0.68215396875 0.12115799038461539 0.6380574350961539 0.12972948798076922
1 0.6364597620192308 0.11577800961538462 0.6399658774038461 0.13381540865384614 0.683372204326923 0.12537807451923078 0.6798660913461538 0.10734067307692308 0.6364597620192308 0.11577800961538462
1 0.6350459350961538 0.1052289639423077 0.6379080697115385 0.11995337259615384 0.6809309495192307 0.11159057211538462 0.6780688125 0.09686616346153845 0.6350459350961538 0.1052289639423077
1 0.6339491370192308 0.09385425961538461 0.6373598485576923 0.11140084375 0.6799225889423077 0.10312748557692308 0.6765118774038462 0.08558089903846154 0.6339491370192308 0.09385425961538461
1 0.631540173076923 0.08146121634615386 0.6352609495192307 0.10060294471153847 0.67889734375 0.09212088942307693 0.6751765697115384 0.07297915865384616 0.631540173076923 0.08146121634615386
1 0.6310022235576922 0.07214265384615384 0.6340790192307693 0.08797139182692308 0.6769485192307693 0.07963840384615385 0.6738717235576923 0.06380966586538461 0.6310022235576922 0.07214265384615384
1 0.629063670673077 0.05889413461538462 0.6324743822115385 0.07644071875 0.6742702259615385 0.06831643028846154 0.6708595168269231 0.05076984375 0.629063670673077 0.05889413461538462
1 0.6268455168269231 0.04748271634615385 0.6301131201923076 0.06429308413461539 0.672522483173077 0.056049538461538456 0.6692548774038461 0.039239173076923074 0.6268455168269231 0.04748271634615385
1 0.62513703125 0.034189478365384614 0.6288101057692308 0.05308580048076923 0.6702225024038462 0.045036045673076924 0.6665494278846154 0.026139723557692306 0.62513703125 0.034189478365384614
1 0.7057233076923077 0.2534666298076923 0.7092055721153846 0.2713813269230769 0.7518450024038461 0.26309306009615385 0.7483627379807692 0.2451783653846154 0.7057233076923077 0.2534666298076923
1 0.7051002259615384 0.24289121875000003 0.7084155312499999 0.25994699278846156 0.7493677908653846 0.2519866778846154 0.7460524855769232 0.23493090625 0.7051002259615384 0.24289121875000003
1 0.7026094350961538 0.23089610096153848 0.7057577836538461 0.24709294951923078 0.7464799759615384 0.23917735817307692 0.7433316274038462 0.2229805096153846 0.7026094350961538 0.23089610096153848
1 0.6996739182692308 0.21784137259615385 0.7035378004807692 0.23771932211538463 0.7462539206730768 0.22941614903846153 0.7423900384615384 0.20953819951923075 0.6996739182692308 0.21784137259615385
1 0.6997307716346154 0.20789783173076926 0.7033322908653846 0.22642604567307692 0.7442845504807691 0.2184657331730769 0.7406830288461539 0.19993751923076925 0.6997307716346154 0.20789783173076926
1 0.6976439735576924 0.19429611057692306 0.7017463677884616 0.21540109375 0.7432354543269231 0.2073364326923077 0.7391330600961539 0.1862314495192308 0.6976439735576924 0.19429611057692306
1 0.69675853125 0.18237096153846155 0.7004554543269231 0.2013899879807692 0.7417911634615385 0.19335514182692307 0.7380942379807693 0.1743361153846154 0.69675853125 0.18237096153846155
1 0.6947891610576923 0.1714205456730769 0.6983191274038462 0.18958064903846153 0.7408818677884615 0.1813072908653846 0.7373519014423077 0.1631471875 0.6947891610576923 0.1714205456730769
1 0.6931316850961539 0.16002748557692306 0.6965900961538461 0.17781947836538461 0.7393829062499999 0.1695013966346154 0.7359244927884615 0.15170940625 0.6931316850961539 0.16002748557692306
1 0.691637860576923 0.14783857451923077 0.6949531658653847 0.1648943485576923 0.7375159062500001 0.15662098798076923 0.7342006009615385 0.13956521634615385 0.691637860576923 0.14783857451923077
1 0.6893584230769231 0.13529301442307692 0.6932223052884615 0.15517096634615385 0.7364752548076924 0.14676344471153846 0.7326113725961538 0.12688549278846153 0.6893584230769231 0.13529301442307692
1 0.6874741850961539 0.12559944711538462 0.69081334375 0.14277792307692308 0.7336828413461538 0.13444493509615385 0.7303436850961538 0.11726645913461538 0.6874741850961539 0.12559944711538462
1 0.6852237379807692 0.11279357211538461 0.6888252572115385 0.13132178605769232 0.7312346177884615 0.12307824038461537 0.7276330985576924 0.1045500264423077 0.6852237379807692 0.11279357211538461
1 0.68228821875 0.09973884375 0.6857466322115384 0.11753083653846154 0.7298431658653846 0.10895933894230768 0.7263847524038461 0.09116734615384615 0.68228821875 0.09973884375
1 0.6815987211538462 0.08841230528846154 0.6849378774038463 0.10559078125 0.7281908245192308 0.09718325961538461 0.7248516682692308 0.08000478365384615 0.6815987211538462 0.08841230528846154
1 0.6796821875 0.07732427884615384 0.683069048076923 0.09474816105769232 0.7256317884615384 0.08647480288461538 0.7222449302884615 0.06905092067307693 0.6796821875 0.07732427884615384
1 0.6766307211538461 0.06531080528846155 0.6798983245192307 0.08212117067307692 0.723994858173077 0.07354967307692307 0.7207272548076923 0.05673930769230769 0.6766307211538461 0.06531080528846155
1 0.6755647403846154 0.05163799519230769 0.67933321875 0.07102513221153847 0.7212824423076923 0.06287102884615384 0.7175139639423077 0.043483891826923075 0.6755647403846154 0.05163799519230769
1 0.6741611850961539 0.04032291586538461 0.6775718942307692 0.057869502403846154 0.7189842908653846 0.049819747596153846 0.7155735817307692 0.032273161057692304 0.6741611850961539 0.04032291586538461
1 0.6709633028846155 0.025918449519230773 0.6748271850961539 0.04579640144230769 0.7168530985576923 0.03762739182692308 0.7129892163461539 0.017749439903846153 0.6709633028846155 0.025918449519230773
1 0.75467803125 0.22484985817307693 0.7583511033653847 0.24374618028846154 0.8014506730769231 0.2353684735576923 0.7977775985576923 0.2164721514423077 0.75467803125 0.22484985817307693
1 0.750772704326923 0.21376639423076924 0.7543742235576923 0.23229460817307693 0.7967835865384616 0.2240510625 0.7931820673076923 0.20552285096153847 0.750772704326923 0.21376639423076924
1 0.7501701682692308 0.2016589158653846 0.7535093245192308 0.21883739182692308 0.7944615841346153 0.21087707932692307 0.7911224278846153 0.19369860336538464 0.7501701682692308 0.2016589158653846
1 0.7484514110576923 0.18913170913461538 0.7523152932692307 0.2090096610576923 0.7944945865384615 0.20081083653846152 0.7906307043269231 0.18093288461538462 0.7484514110576923 0.18913170913461538
1 0.7465128581730769 0.17588318990384616 0.7504482932692308 0.19612925240384615 0.792397516826923 0.18797514903846152 0.7884620817307693 0.16772908653846155 0.7465128581730769 0.17588318990384616
1 0.7452813966346153 0.16504401923076922 0.7488113629807691 0.1832041201923077 0.789303483173077 0.17533325 0.7857735168269231 0.15717314663461537 0.7452813966346153 0.16504401923076922
1 0.7437978437499999 0.15208907451923076 0.7477094278846154 0.17221243269230768 0.7882782403846154 0.16432665384615383 0.7843666538461539 0.14420329567307694 0.7437978437499999 0.15208907451923076
1 0.7431457764423077 0.1417739783653846 0.7466518894230769 0.15981137740384616 0.7860703581730769 0.15214920432692308 0.7825642427884615 0.13411180528846153 0.7431457764423077 0.1417739783653846
1 0.7416603942307692 0.13085682211538463 0.7449279975961538 0.14766718990384614 0.7839630168269232 0.14007955048076923 0.7806954110576924 0.12326918509615384 0.7416603942307692 0.13085682211538463
1 0.7374211514423077 0.11805551201923076 0.7409511177884615 0.13621561538461538 0.78297703125 0.12804660576923077 0.7794470649038462 0.10988650240384615 0.7374211514423077 0.11805551201923076
1 0.7377014615384615 0.10475770913461538 0.7412314278846155 0.12291781249999999 0.7806498942307692 0.11525563701923078 0.7771199278846154 0.0970955360576923 0.7377014615384615 0.10475770913461538
1 0.7367103413461538 0.09310778125000001 0.7405026682692307 0.11261762259615385 0.7795376875000001 0.10502998317307692 0.7757453581730769 0.08552014182692308 0.7367103413461538 0.09310778125000001
1 0.7329958221153846 0.08300594471153847 0.7362634278846154 0.0998163125 0.7763721009615385 0.09201997596153846 0.7731044951923077 0.07520961057692307 0.7329958221153846 0.08300594471153847
1 0.7309684783653847 0.07257615625 0.734426889423077 0.09036814903846155 0.7747656322115385 0.08252709375 0.7713072187500001 0.06473510096153846 0.7309684783653847 0.07257615625
1 0.7281386370192308 0.05924620673076923 0.7322410288461538 0.0803511923076923 0.7731932884615385 0.07239087980769231 0.7690908942307693 0.05128589423076923 0.7281386370192308 0.05924620673076923
1 0.7270708269230769 0.0476111875 0.7309347067307693 0.06748913701923077 0.7718102764423077 0.05954373076923077 0.7679463942307693 0.039665781250000004 0.7270708269230769 0.0476111875
1 0.7253025360576923 0.03687636298076923 0.728880204326923 0.055281872596153844 0.7709061177884616 0.04711286298076923 0.7673284495192308 0.028707353365384616 0.7253025360576923 0.03687636298076923
1 0.7208945072115385 0.02525391826923077 0.7241859615384616 0.042186987980769225 0.7643713245192308 0.03437574519230769 0.7610798701923076 0.01744267548076923 0.7208945072115385 0.02525391826923077
1 0.808866423076923 0.22233909615384617 0.8115377475961538 0.236081875 0.8545606274038462 0.22771907451923076 0.8518893028846153 0.2139762956730769 0.808866423076923 0.22233909615384617
1 0.8075806466346154 0.20794497355769231 0.8111821658653846 0.22647318509615386 0.8540516658653845 0.21814019951923078 0.8504501466346154 0.19961198557692306 0.8075806466346154 0.20794497355769231
1 0.8048546514423076 0.19637759134615385 0.8082892139423077 0.21404687980769233 0.8523857475961538 0.20547538221153847 0.8489511850961539 0.18780609375 0.8048546514423076 0.19637759134615385
1 0.8027950120192308 0.18455334375000002 0.8062534254807693 0.2023453365384615 0.8488161658653847 0.19407197836538462 0.8453577548076924 0.1762799855769231 0.8027950120192308 0.18455334375000002
1 0.8019315913461539 0.17478868990384616 0.8054377043269232 0.1928260889423077 0.8477703774038462 0.1845974495192308 0.8442642620192308 0.16656005048076925 0.8019315913461539 0.17478868990384616
1 0.8006388461538462 0.16281537259615383 0.8039303028846153 0.1797484423076923 0.8454960793269231 0.17166887259615382 0.8422046225961538 0.15473580288461536 0.8006388461538462 0.16281537259615383
1 0.7969789975961539 0.15053813701923077 0.8007474759615385 0.16992527403846153 0.8445372524038461 0.16141340384615385 0.8407687740384616 0.14202626682692307 0.7969789975961539 0.15053813701923077
1 0.7961753798076923 0.13821506490384616 0.7998484543269231 0.15711138701923077 0.842641264423077 0.1487933076923077 0.8389681899038461 0.12989698557692309 0.7961753798076923 0.13821506490384616
1 0.7948026418269231 0.12460188221153846 0.7990481418269231 0.14644308894230768 0.8408439879807692 0.13831879807692307 0.8365984879807692 0.11647759375 0.7948026418269231 0.12460188221153846
1 0.7919284038461538 0.11268129807692308 0.7957684350961538 0.13243654567307692 0.8388680048076923 0.1240588389423077 0.8350279735576923 0.10430359134615384 0.7919284038461538 0.11268129807692308
1 0.7918762740384615 0.10135820913461538 0.7960263701923077 0.12270860096153847 0.8372853870192307 0.11468865865384616 0.8331352932692307 0.09333826923076922 0.7918762740384615 0.10135820913461538
1 0.790142108173077 0.08998005528846154 0.7939821394230768 0.10973530048076922 0.8353178461538462 0.10170045432692308 0.8314778149038461 0.08194520673076923 0.790142108173077 0.08998005528846154
1 0.7896536923076922 0.07886911057692308 0.7933744663461538 0.0980108389423077 0.8324094855769231 0.09042319951923077 0.8286887115384616 0.07128147115384616 0.7896536923076922 0.07886911057692308
1 0.7872208774038462 0.06635336298076923 0.7908223966346154 0.08488157692307692 0.8307010024038461 0.07712996153846154 0.8270994807692307 0.058601747596153844 0.7872208774038462 0.06635336298076923
1 0.8560855649038461 0.20526556971153848 0.8594247211538462 0.2224440456730769 0.9062053918269231 0.21335080528846154 0.902866235576923 0.19617232932692305 0.8560855649038461 0.20526556971153848
1 0.8543939639423077 0.19451583894230767 0.8575184615384616 0.21058998317307692 0.9037623052884616 0.20160109134615387 0.9006378076923076 0.18552694711538462 0.8543939639423077 0.19451583894230767
1 0.8529922379807692 0.18116297115384614 0.8565222043269232 0.19932307451923076 0.9016157043269231 0.19055778605769233 0.8980857379807692 0.1723976826923077 0.8529922379807692 0.18116297115384614
1 0.8513824639423077 0.17001531730769232 0.8547931754807692 0.18756190384615384 0.89919646875 0.1789307764423077 0.8957857572115385 0.1613841923076923 0.8513824639423077 0.17001531730769232
1 0.8496772860576923 0.15837684855769232 0.8531595504807693 0.17629154567307692 0.8975628437500001 0.16766041826923078 0.8940805793269231 0.1497457235576923 0.8496772860576923 0.15837684855769232
1 0.847765889423077 0.14690580528846153 0.8515105168269231 0.16617023798076921 0.8957604302884616 0.1575689278846154 0.8920158028846153 0.13830449278846155 0.847765889423077 0.14690580528846153
1 0.8447723966346155 0.13437170432692308 0.8486362788461539 0.15424965384615386 0.8941899158653845 0.1453949230769231 0.8903260336538461 0.1255169735576923 0.8447723966346155 0.13437170432692308
1 0.8442601298076924 0.12313805528846154 0.8482432668269231 0.1436295216346154 0.893336766826923 0.13486423557692306 0.8893536274038462 0.11437276682692307 0.8442601298076924 0.12313805528846154
1 0.8421102211538462 0.1104399783653846 0.8457117427884615 0.12896818990384615 0.8896548966346154 0.12042650721153847 0.886053375 0.10189829326923078 0.8421102211538462 0.1104399783653846
1 0.8393688173076923 0.1000216466346154 0.842684125 0.11707742067307692 0.8883911394230769 0.10819287740384616 0.8850758341346154 0.09113710336538462 0.8393688173076923 0.1000216466346154
1 0.8367246490384616 0.08805634375 0.8398729975961537 0.10425319230769231 0.8856567043269231 0.09535374038461539 0.8825083557692307 0.07915689182692308 0.8367246490384616 0.08805634375
1 0.835479608173077 0.0763284326923077 0.8386279567307693 0.09252528125 0.8846417307692308 0.08358111057692308 0.8814933846153846 0.06738426201923077 0.835479608173077 0.0763284326923077
1 0.8336944350961539 0.06305009855769231 0.836890485576923 0.07949235576923078 0.8823674326923077 0.07065253125 0.8791713822115385 0.05421027644230769 0.8336944350961539 0.06305009855769231
1 0.8327220288461539 0.051905891826923074 0.8358942283653845 0.06822544471153846 0.8801441418269231 0.059624132211538464 0.8769719423076924 0.04330458173076923 0.8327220288461539 0.051905891826923074
1 0.8297608293269231 0.040766250000000004 0.8329091778846155 0.05696309855769231 0.8782327451923078 0.048153088942307694 0.8750843966346153 0.031956240384615385 0.8297608293269231 0.040766250000000004
1 0.8276263317307693 0.026919120192307692 0.8312994038461539 0.045815444711538464 0.8757793870192307 0.03716941105769231 0.8721063124999999 0.018273088942307694 0.8276263317307693 0.026919120192307692
1 0.9527776610576922 0.21219312740384616 0.9490568846153846 0.1930513966346154 0.9117857283653846 0.20029617548076925 0.9155065024038461 0.21943790625 0.9527776610576922 0.21219312740384616
1 0.9095334495192307 0.18952809134615387 0.9127772019230769 0.20621575240384615 0.9507385673076924 0.19883681009615387 0.9474948125 0.18214914903846152 0.9095334495192307 0.18952809134615387
1 0.9077669903846155 0.1767554783653846 0.9112969567307693 0.19491558173076923 0.948414735576923 0.18770061538461538 0.9448847692307693 0.16954051201923076 0.9077669903846155 0.1767554783653846
1 0.9060412668269231 0.16664907932692305 0.9092373173076923 0.18309133413461537 0.94627840625 0.1758912764423077 0.9430823557692308 0.15944901923076923 0.9060412668269231 0.16664907932692305
1 0.9034176442307692 0.15315170432692307 0.9067329495192307 0.17020747596153846 0.9437740384615385 0.16300741826923076 0.9404587307692308 0.14595164663461538 0.9034176442307692 0.15315170432692307
1 0.9020566538461539 0.14246505048076924 0.9050857451923077 0.15804838221153844 0.9414366274038461 0.1509824855769231 0.9384075360576923 0.13539915384615384 0.9020566538461539 0.14246505048076924
1 0.9001129639423078 0.1295995480769231 0.9032851634615385 0.1459190985576923 0.9389458389423078 0.13898736778846155 0.9357736394230769 0.12266781490384616 0.9001129639423078 0.1295995480769231
1 0.8988576514423077 0.11863767307692306 0.9019344447115384 0.1344664110576923 0.9369049134615385 0.12766883894230768 0.9338281201923077 0.11184010096153846 0.8988576514423077 0.11863767307692306
1 0.8970911923076923 0.10586506009615385 0.90031109375 0.12243001923076924 0.9345913557692308 0.11576661057692307 0.9313714543269231 0.09920165144230769 0.8970911923076923 0.10586506009615385
1 0.8946583774038461 0.0933493125 0.8980452355769231 0.11077319471153846 0.9321721201923077 0.10413960096153846 0.9287852596153846 0.08671571875 0.8946583774038461 0.0933493125
1 0.8938206346153846 0.08166957211538461 0.8971120913461538 0.09860264182692308 0.9297051802884616 0.09226718509615385 0.9264137259615384 0.07533411778846154 0.8938206346153846 0.08166957211538461
1 0.8917848485576924 0.06996802884615384 0.894957048076923 0.08628757932692308 0.9274734471153846 0.07996703125000001 0.9243012475961538 0.06364748076923077 0.8917848485576924 0.06996802884615384
1 0.8894441322115385 0.05628832211538462 0.8931172043269231 0.07518464663461538 0.9254802259615384 0.06889391346153846 0.9218071514423076 0.04999758894230769 0.8894441322115385 0.05628832211538462
1 0.8885091562499999 0.04615555769230769 0.8913474399038462 0.06075726201923077 0.9225601153846154 0.05469013221153846 0.9197218317307693 0.040088427884615384 0.8885091562499999 0.04615555769230769
1 0.8865500576923077 0.034439108173076924 0.889340639423077 0.04879540384615385 0.9203999350961538 0.0427580889423077 0.9176093557692308 0.028401790865384614 0.8865500576923077 0.034439108173076924
1 0.8845432572115384 0.02247725 0.8873099879807692 0.03671084375 0.9176023894230769 0.03082259855769231 0.9148356586538462 0.016589002403846153 0.8845432572115384 0.02247725