1 0.48475418750000004 0.6599059399038462 0.4820138173076923 0.6076165865384615 0.41429425240384615 0.6111656201923077 0.4170346201923077 0.6634549711538462 0.48475418750000004 0.6599059399038462
1 0.4314519302884615 0.6444799783653846 0.42954748317307695 0.6081409591346154 0.34521009855769236 0.6125608942307692 0.3471145456730769 0.6488999134615384 0.4314519302884615 0.6444799783653846
1 0.4950765985576923 0.4657663100961538 0.4935355961538462 0.43636221875 0.4067016370192308 0.4409129927884615 0.40824264182692305 0.47031708413461537 0.4950765985576923 0.4657663100961538
1 0.7639407596153845 0.781850451923077 0.7579948125 0.6683950408653847 0.49491834615384617 0.6821822932692307 0.5008642908653846 0.7956377067307692 0.7639407596153845 0.781850451923077
1 0.808842701923077 0.7340182451923076 0.8039652812500001 0.6409515216346153 0.7196278966346153 0.6453714567307693 0.7245053173076923 0.7384381802884616 0.808842701923077 0.7340182451923076
1 0.8873887259615384 0.62058534375 0.884059579326923 0.5570614086538461 0.8355324254807692 0.559604610576923 0.8388615721153846 0.6231285432692307 0.8873887259615384 0.62058534375
1 0.9540218605769231 0.6216828725961538 0.9511651899038461 0.56717434375 0.8745515793269232 0.5711894927884615 0.87740825 0.6256980216346153 0.9540218605769231 0.6216828725961538
1 1 0.5964642235576924 0.9465103125 0.5992674975961538 0.94996303125 0.6651493076923077 1 0.6625269807692308 1 0.5964642235576924
1 0.20560672596153845 0.9044338365384615 0.19775633173076923 0.75463940625 0.013790048076923076 0.7642806706730769 0.021640442307692305 0.9140751009615384 0.20560672596153845 0.9044338365384615
1 0.20336008653846155 0.7884202043269231 0.1999146370192308 0.7226770913461539 0.13219507211538462 0.7262261225961539 0.13564052163461537 0.7919692355769231 0.20336008653846155 0.7884202043269231
1 0.2527371466346154 0.7289489495192308 0.24905182451923077 0.6586287860576923 0.17243821394230768 0.6626439350961538 0.17612353846153847 0.7329640985576924 0.2527371466346154 0.7289489495192308
1 0.27619927403846156 0.2690351850961539 0.27331352884615384 0.21397186057692308 0.20060081490384615 0.21778257451923075 0.2034865625 0.2728458966346154 0.27619927403846156 0.2690351850961539
1 0.2365589158653846 0.2933653653846154 0.23283725000000002 0.22235171153846153 0.1662879519230769 0.2258394110576923 0.1700096201923077 0.2968530673076923 0.2365589158653846 0.2933653653846154
1 0.21641577403846154 0.3165346634615384 0.21227977884615384 0.23761518990384617 0.13597824038461537 0.24161398317307692 0.1401142355769231 0.3205334567307692 0.21641577403846154 0.3165346634615384
1 0.3151329519230769 0.07895928365384616 0.3117383846153846 0.014187062499999998 0.25408313221153844 0.017208646634615386 0.2574776995192308 0.08198086538461538 0.3151329519230769 0.07895928365384616
1 0.2970702451923077 0.2269129326923077 0.29508583894230767 0.18904823076923077 0.25077165384615385 0.19137063701923077 0.2527560576923077 0.22923534134615384 0.2970702451923077 0.2269129326923077
1 0.35475310096153845 0.20650496634615384 0.3528486538461539 0.17016594711538463 0.2978460120192308 0.17304851201923077 0.2997504591346154 0.20938753125 0.35475310096153845 0.20650496634615384
1 0.4051415360576923 0.20066539182692308 0.4033243173076923 0.16599075480769232 0.34301645432692307 0.16915135576923077 0.3448336754807692 0.20382599278846153 0.4051415360576923 0.20066539182692308
1 0.4804269014423077 0.19518997836538463 0.4781081274038461 0.15094514423076924 0.41694206971153847 0.15415072115384615 0.41926084375 0.19839555769230768 0.4804269014423077 0.19518997836538463
1 0.5403204375 0.18412356009615383 0.53833603125 0.14625885817307693 0.4788863677884615 0.14937448317307694 0.48087077163461533 0.18723918509615387 0.5403204375 0.18412356009615383
1 0.6024731249999999 0.19825121394230769 0.5994129254807692 0.139859125 0.5381688485576923 0.1430687908653846 0.5412290480769231 0.2014608798076923 0.6024731249999999 0.19825121394230769
1 0.6802071009615385 0.20516462740384614 0.6766598870192309 0.13747973557692308 0.6198628317307692 0.14045634375 0.6234100456730769 0.20814123557692307 0.6802071009615385 0.20516462740384614
1 0.7444769110576923 0.1940079375 0.7419982211538462 0.14671173317307692 0.6808321610576923 0.14991731009615383 0.6833108509615384 0.19721351442307694 0.7444769110576923 0.1940079375
1 0.7957739567307692 0.20550568269230768 0.792633798076923 0.1455879110576923 0.7306095432692307 0.14883846394230768 0.7337496995192307 0.20875623557692308 0.7957739567307692 0.20550568269230768
1 0.8482911730769231 0.20595219951923077 0.8457252572115385 0.15699161298076922 0.7951696370192308 0.1596411201923077 0.7977355528846153 0.2086017091346154 0.8482911730769231 0.20595219951923077
1 0.8938686730769232 0.2098221610576923 0.8915571682692308 0.16571602163461538 0.8489593774038462 0.16794847836538462 0.8512708822115385 0.21205461778846152 0.8938686730769232 0.2098221610576923
1 0.9297811586538463 0.2158675985576923 0.9276295697115385 0.17481282932692307 0.8921314110576923 0.17667320913461537 0.8942829999999999 0.2177279783653846 0.9297811586538463 0.2158675985576923
1 0.9588368918269231 0.32991990865384613 0.9564963100961539 0.2852589783653846 0.906954923076923 0.2878553317307692 0.9092955048076923 0.3325162644230769 0.9588368918269231 0.32991990865384613
1 0.30198614182692307 0.01469815625 0.3054533990384615 0.08085736298076923 0.3631086514423077 0.07783577884615384 0.3596413942307692 0.011676572115384615 0.30198614182692307 0.01469815625
1 0.5540202139423077 0.30968976682692306 0.5517087091346153 0.26558362740384617 0.48250680288461534 0.26921034374999997 0.4848183076923077 0.3133164831730769 0.5540202139423077 0.30968976682692306
1 0.3516010048076923 0.3329543389423077 0.3494566850961538 0.29203826923076925 0.29975926201923075 0.29464280048076924 0.30190358173076925 0.3355588701923077 0.3516010048076923 0.3329543389423077