1 1 0.34553947596153844 0.78345803125 0.2915495 0.7504457716346155 0.4239544375 1 0.4861752956730769 1 0.34553947596153844
1 1 0.4235869903846154 0.7651374855769231 0.36502918749999996 0.7394584855769231 0.4680220336538462 1 0.5329823293269231 1 0.4235869903846154
1 1 0.4900400961538462 0.7591657163461538 0.4299933653846154 0.7353263317307692 0.5256079230769231 0.9918482620192308 0.5895660240384616 1 0.5568711899038461 1 0.4900400961538462
1 1 0.5388868894230769 0.7187423629807692 0.4687614831730769 0.69215615625 0.5753929399038461 0.9776353509615384 0.6465708966346154 1 0.5568711947115385 1 0.5388868894230769
1 0.9652041153846154 0.6844812788461538 0.9908831153846154 0.5814884278846153 0.7399707067307693 0.5189289375 0.7142917043269231 0.6219217884615384 0.9652041153846154 0.6844812788461538
1 0.14140282932692308 0 0.13886780528846154 0.010167427884615386 0.3721936057692308 0.06834208413461539 0.38923319951923074 0 0.14140282932692308 0
1 0.14494556249999999 0 0.12846908894230769 0.06608352884615384 0.37005756490384617 0.12631830288461537 0.38983971875 0.04697641346153846 0.20142761298076922 0 0.14494556249999999 0
1 0.3541103221153846 0.19738376201923075 0.37777330769230766 0.10247671153846155 0.13618483173076923 0.04224193990384616 0.11252184615384617 0.1371489903846154 0.3541103221153846 0.19738376201923075
1 0.34252699278846155 0.25772815625 0.36286355048076924 0.17616267307692307 0.12627816346153847 0.11717531009615384 0.10594160576923077 0.19874079326923078 0.34252699278846155 0.25772815625
1 0.3293220889423077 0.31069012980769234 0.35076745673076926 0.2246774591346154 0.11418206971153846 0.16569009615384617 0.09273670192307693 0.25170276682692305 0.3293220889423077 0.31069012980769234
1 0.31230319471153845 0.36506299278846155 0.3365205841346154 0.2679323485576923 0.10486247836538462 0.2101734951923077 0.0806450889423077 0.30730413942307694 0.31230319471153845 0.36506299278846155
1 0.297985 0.4153855721153846 0.31943036778846157 0.32937289903846156 0.10103802403846154 0.2749215721153846 0.07959265625 0.3609342451923077 0.297985 0.4153855721153846
1 0.2924883653846154 0.4726312572115384 0.3194525769230769 0.36448371153846154 0.08612677644230769 0.30630905528846153 0.05916256490384615 0.41445660096153847 0.2924883653846154 0.4726312572115384
1 0.2759732716346154 0.5246605528846154 0.2985274471153846 0.4342006923076923 0.06853703846153845 0.3768576418269231 0.04598286298076923 0.4673175024038461 0.2759732716346154 0.5246605528846154
1 0.5903947836538461 0.65930896875 0.6266830673076923 0.5137646105769231 0.3007243485576923 0.4324939735576923 0.2644360625 0.5780383317307692 0.5903947836538461 0.65930896875
1 0.3194525769230769 0.36448371153846154 0.27764544951923076 0.5321629423076923 0.5986768870192308 0.6122050697115384 0.6404840144230769 0.44452583894230774 0.3194525769230769 0.36448371153846154
1 0.3315783557692308 0.3229544399038462 0.2963736802884615 0.4641526826923077 0.6223323990384616 0.5454233197115385 0.6575370745192307 0.40422507692307696 0.3315783557692308 0.3229544399038462
1 0.34590103365384617 0.2797184471153846 0.3129139735576923 0.41202231490384617 0.6437999783653846 0.4945214615384615 0.6767870360576923 0.36221759375 0.34590103365384617 0.2797184471153846
1 0.3469534663461538 0.22608834615384615 0.3172676322115385 0.34515171875 0.6531567235576923 0.42889827403846154 0.6828425552884615 0.30983490144230774 0.3469534663461538 0.22608834615384615
1 0.36286355048076924 0.17616267307692307 0.33756255288461534 0.2776394326923077 0.6767870360576923 0.36221759375 0.7020880336538462 0.2607408341346154 0.36286355048076924 0.17616267307692307
1 0.3683898677884615 0.12590249759615385 0.3441724783653846 0.22303314423076925 0.6899919399038462 0.3092556201923077 0.7142093293269232 0.2121249735576923 0.3683898677884615 0.12590249759615385
1 0.3810403677884615 0.07516411778846153 0.3573773822115385 0.17007117067307692 0.7081999302884616 0.25754105528846155 0.7318629158653847 0.1626340048076923 0.3810403677884615 0.07516411778846153
1 0.3953243966346154 0.010769442307692308 0.3760714447115384 0.08798881009615384 0.7301535817307693 0.17627140144230768 0.7494065312499999 0.09905203365384616 0.3953243966346154 0.010769442307692308
1 0.3980095192307692 0 0.39366118269230765 0.017440223557692307 0.7527464062500001 0.10697022596153846 0.7659513100961538 0.054008249999999994 0.5493360528846154 0 0.3980095192307692 0
1 0.7659513100961538 0.054008249999999994 0.7604576658653847 0.07604205048076923 0.851422891826923 0.0987222283653846 0.8569165336538462 0.07668842788461538 0.7659513100961538 0.054008249999999994
1 0.8360375264423077 0.13943879326923075 0.8492424302884616 0.08647681971153845 0.7598690961538461 0.06419354326923077 0.7466641947115384 0.11715551682692307 0.8360375264423077 0.13943879326923075
1 0.820021951923077 0.1823600528846154 0.8321432475961538 0.13374419471153848 0.736174935096154 0.10981660817307692 0.7240536418269231 0.15843246634615385 0.820021951923077 0.1823600528846154
1 0.8135130336538462 0.23688416826923075 0.827801545673077 0.17957607692307692 0.7251624495192307 0.1539852764423077 0.7108739375 0.21129336778846156 0.8135130336538462 0.23688416826923075
1 0.8003081298076923 0.28984614423076926 0.8200902836538462 0.21050425240384613 0.7257896682692307 0.18699246875 0.7060075120192307 0.2663343605769231 0.8003081298076923 0.28984614423076926
1 0.7837381514423077 0.334991 0.8019074927884616 0.26211774759615386 0.7076068774038462 0.23860596394230768 0.6894375360576923 0.3114792139423077 0.7837381514423077 0.334991
1 0.7744230432692307 0.3865609855769231 0.7947848028846154 0.3048944278846154 0.6954811009615385 0.2801352355769231 0.6751193413461538 0.3618017908653846 0.7744230432692307 0.3865609855769231
1 0.7568110961538461 0.42199875721153846 0.776618451923077 0.34255579326923075 0.6872451177884616 0.32027251923076927 0.6674377620192308 0.3997154831730769 0.7568110961538461 0.42199875721153846
1 0.7458238100961538 0.4660663533653846 0.7661603701923076 0.38450087019230766 0.6734516442307693 0.3613859879807692 0.6531150841346154 0.44295147355769227 0.7458238100961538 0.4660663533653846
1 0.7325847403846153 0.5049562283653846 0.754030108173077 0.4189435576923077 0.658061795673077 0.39501596875 0.6366164278846154 0.48102864182692306 0.7325847403846153 0.5049562283653846
1 0.7254204110576924 0.5617861105769231 0.7496126009615385 0.46475653846153847 0.650384701923077 0.4400162451923077 0.6261925120192308 0.5370458173076923 0.7254204110576924 0.5617861105769231
1 0.8541400288461538 0.08071981490384615 0.8458995649038462 0.11377051201923077 0.9236748317307693 0.13316206490384613 0.931915295673077 0.10011136538461538 0.8541400288461538 0.08071981490384615
1 0.9028032956730769 0.1677871298076923 0.9121525697115385 0.1302892403846154 0.8343773028846153 0.11089768990384616 0.8250280288461538 0.14839557692307692 0.9028032956730769 0.1677871298076923
1 0.8994649158653847 0.20216740865384614 0.9082849855769232 0.16679204326923078 0.8288420216346153 0.1469846875 0.820021951923077 0.1823600528846154 0.8994649158653847 0.20216740865384614
1 0.8454668774038462 0.22853310817307693 0.8548161514423077 0.19103522115384616 0.820021951923077 0.1823600528846154 0.8106726802884616 0.21985794230769232 0.8454668774038462 0.22853310817307693
1 0.8399657620192307 0.2786922091346154 0.8520618557692308 0.2301774230769231 0.8173434615384616 0.22152115384615384 0.8052473677884616 0.27003593990384617 0.8399657620192307 0.2786922091346154
1 0.8245462307692308 0.3053366730769231 0.8317030865384616 0.27663209134615385 0.803579670673077 0.26962013701923077 0.7964228149038461 0.29832471875 0.8245462307692308 0.3053366730769231
1 0.062444572115384615 0.33089340625 0.0800595096153846 0.26024375 0.053603790865384617 0.2536475985576923 0.03598885096153846 0.3242972548076923 0.062444572115384615 0.33089340625