1 0.7052124879807693 0.6194329759615385 0.7056269807692307 0.59568659375 0.6508696971153847 0.5947308004807692 0.6504552019230769 0.6184771850961539 0.7052124879807693 0.6194329759615385
1 0.8253828052884615 0.6465343653846154 0.82632571875 0.5925148149038462 0.7508684639423078 0.5911977043269231 0.7499255504807691 0.6452172548076922 0.8253828052884615 0.6465343653846154
1 0.894651375 0.6621900985576924 0.8955239951923077 0.6121977115384616 0.808193548076923 0.6106733533653845 0.8073209278846154 0.6606657379807692 0.894651375 0.6621900985576924
1 0.7720629951923077 0.603513920673077 0.7724556730769231 0.5810173461538461 0.7155112235576924 0.5800233774038461 0.7151185432692307 0.6025199495192308 0.7720629951923077 0.603513920673077
1 0.5855799903846154 0.40036729086538464 0.5859120697115384 0.3813424110576923 0.5530264543269231 0.38076838942307695 0.552694375 0.39979327163461537 0.5855799903846154 0.40036729086538464
1 0.6130655576923076 0.3969575721153846 0.6133855192307692 0.37862703125 0.5834682019230769 0.3781048221153846 0.5831482403846153 0.39643536298076926 0.6130655576923076 0.3969575721153846
1 0.6409398173076923 0.3981386706730769 0.6411943293269231 0.3835575576923077 0.6115894639423077 0.3830408028846154 0.6113349519230769 0.39762191586538465 0.6409398173076923 0.3981386706730769
1 0.6637488413461539 0.3985368028846154 0.6640372908653845 0.3820115408653846 0.6380256274038462 0.38155750480769235 0.6377371778846155 0.39808276682692306 0.6637488413461539 0.3985368028846154
1 0.6944594110576923 0.3983783076923077 0.6947914903846153 0.3793534254807692 0.6669832259615384 0.37886803125 0.6666511466346154 0.3978929110576923 0.6944594110576923 0.3983783076923077
1 0.7230245649038461 0.4002660144230769 0.7233130144230769 0.3837407524038462 0.6965202211538462 0.38327308413461536 0.6962317716346154 0.39979834375 0.7230245649038461 0.4002660144230769
1 0.7447642475961539 0.3992563822115385 0.745096326923077 0.38023149999999994 0.7186940985576923 0.3797706490384615 0.7183620192307691 0.3987955288461539 0.7447642475961539 0.3992563822115385
1 0.78328425 0.4038182331730769 0.7835605793269231 0.3879873100961539 0.7535651466346154 0.3874637379807692 0.7532888173076924 0.4032946610576923 0.78328425 0.4038182331730769
1 0.7997340552884615 0.4014660745192308 0.8000006899038462 0.38619062019230765 0.7803161875 0.3858470264423077 0.7800495528846153 0.4011224783653846 0.7997340552884615 0.4014660745192308
1 0.827886829326923 0.40459677403846156 0.8282843557692308 0.3818224639423077 0.8003198653846154 0.38133434134615385 0.7999223389423077 0.4041086514423077 0.827886829326923 0.40459677403846156
1 0.8560056682692309 0.4096716201923077 0.8563232067307692 0.39147994711538464 0.832733048076923 0.3910681802884615 0.8324155120192308 0.40925985096153844 0.8560056682692309 0.4096716201923077
1 0.8761461826923077 0.40627260096153844 0.8764249350961539 0.3903028125 0.8529128918269231 0.38989240865384617 0.852634139423077 0.4058621971153846 0.8761461826923077 0.40627260096153844
1 0.9070663028846154 0.4030617427884616 0.9072674903846154 0.3915357235576923 0.8781313052884615 0.39102714903846153 0.8779301177884615 0.40255317067307694 0.9070663028846154 0.4030617427884616
1 0.9000432331730769 0.46072573557692303 0.9002953245192308 0.4462834903846154 0.875455358173077 0.4458499086538461 0.8752032668269231 0.46029215144230773 0.9000432331730769 0.46072573557692303
1 0.9404888533653846 0.4624040865384615 0.9408209326923077 0.44337920673076925 0.9168402115384615 0.4429606225961538 0.9165081298076923 0.4619855 0.9404888533653846 0.4624040865384615
1 0.9533139447115384 0.46179449038461534 0.9535393725961538 0.4488797884615385 0.939869579326923 0.44864118269230774 0.9396441514423077 0.4615558822115385 0.9533139447115384 0.46179449038461534
1 0.9553597548076923 0.3445901201923077 0.9561693533653847 0.29820829807692306 0.9266426009615384 0.29769290625 0.9258330024038461 0.3440747283653846 0.9553597548076923 0.3445901201923077
1 0.8982913725961539 0.32831388461538463 0.8989555336538462 0.290264125 0.8732563221153846 0.28981554326923076 0.8725921634615385 0.32786530288461535 0.8982913725961539 0.32831388461538463
1 0.8230576658653846 0.3186660721153846 0.8236297187499999 0.2858932860576923 0.7979305072115385 0.2854447043269231 0.7973584567307692 0.3182174903846154 0.8230576658653846 0.3186660721153846
1 0.7982298197115385 0.3175381490384615 0.798748545673077 0.2878204543269231 0.7730493341346154 0.2873718725961539 0.7725306105769231 0.3170895673076923 0.7982298197115385 0.3175381490384615
1 0.7719164951923077 0.3254134519230769 0.7726873100961539 0.28125351201923077 0.7465975336538461 0.28079811298076923 0.74582671875 0.3249580528846154 0.7719164951923077 0.3254134519230769
1 0.74543803125 0.3203672355769231 0.7460755288461538 0.2838450216346154 0.7217042403846154 0.2834196201923077 0.7210667427884616 0.31994183413461535 0.74543803125 0.3203672355769231
1 0.7222098990384616 0.3260738293269231 0.7229807139423077 0.28191388942307694 0.6964222596153846 0.28145031009615384 0.6956514447115385 0.32561025000000005 0.7222098990384616 0.3260738293269231
1 0.6956126610576923 0.3278321346153846 0.6965167932692308 0.27603446875 0.6695677740384615 0.2755640721153846 0.6686636418269232 0.32736173798076923 0.6956126610576923 0.3278321346153846
1 0.6704742403846153 0.3221147596153846 0.67127171875 0.27642727403846157 0.6433853413461539 0.27594051442307693 0.6425878629807692 0.32162799999999997 0.6704742403846153 0.3221147596153846
1 0.6413380528846153 0.32160618509615385 0.6420822043269231 0.2789737908653846 0.6120867740384616 0.27845021875 0.6113426225961539 0.32108261298076923 0.6413380528846153 0.32160618509615385
1 0.6143890336538461 0.32113578846153845 0.6151210649038462 0.27919773076923077 0.5872346875 0.2787109735576923 0.58650265625 0.3206490288461538 0.6143890336538461 0.32113578846153845
1 0.4329248341346154 0.6541306298076923 0.4337707908653846 0.6056657884615384 0.36745276682692307 0.6045082043269231 0.3666068100961538 0.652973045673077 0.4329248341346154 0.6541306298076923
1 0.3828933557692308 0.6331153701923077 0.38375385576923077 0.5838173245192307 0.3267312932692308 0.5828219927884615 0.3258707908653846 0.6321200384615384 0.3828933557692308 0.6331153701923077
1 0.5664390432692308 0.6911886394230768 0.5676994927884615 0.6189774182692307 0.41553517307692306 0.6163213798076923 0.4142747211538461 0.6885326009615385 0.5664390432692308 0.6911886394230768
1 0.5998845889423077 0.6596842139423077 0.6006020769230769 0.6185793629807693 0.5527968581730769 0.6177449206730768 0.5520793701923077 0.6588497692307692 0.5998845889423077 0.6596842139423077
1 0.6403064423076923 0.6269124591346155 0.6410796802884615 0.5826136514423077 0.5878065456730769 0.581683766826923 0.5870333076923078 0.6259825721153847 0.6403064423076923 0.6269124591346155
1 0.28961548076923077 0.30532641346153844 0.2911837716346154 0.21547898557692308 0.14378435096153847 0.21290612019230767 0.1422160576923077 0.30275354567307694 0.28961548076923077 0.30532641346153844
1 0.23783125240384614 0.4026319158653846 0.2383281610576923 0.37416403125000003 0.18060257932692309 0.37315642788461534 0.18010567067307692 0.4016243125 0.23783125240384614 0.4026319158653846
1 0.23321928365384614 0.5146518221153846 0.23390768509615387 0.47521338461538465 0.17266701201923076 0.47414442548076924 0.17197861298076925 0.5135828605769232 0.23321928365384614 0.5146518221153846
1 0.22603388221153847 0.6219038653846154 0.22675137019230768 0.5807990144230769 0.1726189903846154 0.5798541322115385 0.1719015048076923 0.6209589807692308 0.22603388221153847 0.6219038653846154
1 0.2866916394230769 0.60712690625 0.287297625 0.5724099711538462 0.21449621634615385 0.5711392163461538 0.21389022836538463 0.6058561514423076 0.2866916394230769 0.60712690625
1 0.22666122596153848 0.48300477163461536 0.22605524038461539 0.5177217043269231 0.2829215793269231 0.5187143100961539 0.2835275649038462 0.48399737740384613 0.22666122596153848 0.48300477163461536
1 0.2863446466346154 0.4255654182692308 0.2869772956730769 0.3893209399038462 0.2274551129807692 0.38828197596153846 0.22682246394230768 0.42452645432692304 0.2863446466346154 0.4255654182692308
1 0.3366856057692308 0.4422798701923077 0.33726493028846155 0.4090904807692307 0.2866476394230769 0.4082069519230769 0.2860683173076923 0.44139634134615385 0.3366856057692308 0.4422798701923077
1 0.33177135336538466 0.5179000649038461 0.3321567620192308 0.49582009615384615 0.28153947115384614 0.4949365673076923 0.28115406490384615 0.5170165384615385 0.33177135336538466 0.5179000649038461
1 0.3795946322115385 0.5266526971153846 0.38008911778846155 0.4983236778846154 0.3294718293269231 0.49744014903846157 0.32897734375000004 0.5257691682692308 0.3795946322115385 0.5266526971153846
1 0.2771545264423077 0.2895509783653846 0.2756928870192308 0.3732882235576923 0.3866916033653846 0.3752257139423077 0.3881532427884615 0.29148846875 0.2771545264423077 0.2895509783653846
1 0.42784775 0.35858034134615385 0.42815074278846155 0.34122187499999995 0.39620248317307694 0.34066421634615385 0.39589949038461536 0.3580226826923077 0.42784775 0.35858034134615385
1 0.446743375 0.3951656875 0.44748752644230766 0.3525332932692308 0.38530949759615385 0.3514479711538462 0.3845653461538462 0.3940803653846154 0.446743375 0.3951656875
1 0.28024864903846153 0.16152992548076922 0.27910212259615386 0.22721436538461537 0.37018199759615383 0.22880417067307693 0.37132852403846156 0.16311973076923078 0.28024864903846153 0.16152992548076922
1 0.25094435096153844 0.14379357211538463 0.2500717307692307 0.19378595673076923 0.3448229230769231 0.19543984615384616 0.3456955432692308 0.14544746153846153 0.25094435096153844 0.14379357211538463
1 0.20495317548076922 0.10617963221153846 0.20385028125 0.16936445192307692 0.30602221634615384 0.17114787019230768 0.3071251129807692 0.10796305048076923 0.20495317548076922 0.10617963221153846
1 0.17553972836538462 0.054408411057692306 0.17404900240384616 0.1398120673076923 0.2709873605769231 0.14150413221153846 0.2724780865384615 0.05610047596153846 0.17553972836538462 0.054408411057692306
1 0.13881226442307693 0.03668139423076923 0.13750333413461538 0.11166997115384615 0.23740999038461538 0.1134138485576923 0.2387189206730769 0.038425271634615385 0.13881226442307693 0.03668139423076923
1 0.23110238221153848 0.05398916105769231 0.2318125985576923 0.013300913461538461 0.19549000721153845 0.012666899038461538 0.1947797908653846 0.05335514663461539 0.23110238221153848 0.05398916105769231
1 0.1964924783653846 0 0.1959972331730769 0.02837258894230769 0.2307575625 0.028979331730769234 0.2312633966346154 0 0.1964924783653846 0
1 0.2669784230769231 0.07572970432692308 0.26778317307692306 0.029625617788461536 0.2352100096153846 0.02905705048076923 0.2344052596153846 0.07516113701923077 0.2669784230769231 0.07572970432692308
1 0.30958860817307693 0.09217030288461539 0.31023095432692305 0.055370353365384616 0.27031515865384614 0.05467362259615384 0.26967281490384615 0.09147357211538462 0.30958860817307693 0.09217030288461539
1 0.30481377644230767 0.11056199519230768 0.30550217788461537 0.07112356009615385 0.2758973125 0.07060680528846154 0.2752089110576923 0.1100452403846154 0.30481377644230767 0.11056199519230768
1 0.2971027067307692 0.13154172596153846 0.29779353125 0.09196442067307692 0.26967281490384615 0.09147357211538462 0.2689819903846154 0.13105087740384616 0.2971027067307692 0.13154172596153846
1 0.3386656754807692 0.1676892716346154 0.3394461850961538 0.12297386057692307 0.3060918918269231 0.12239165865384614 0.3053113798076923 0.16710706971153846 0.3386656754807692 0.1676892716346154
1 0.33825056009615384 0.14670660817307693 0.3390092548076923 0.10324100721153846 0.31237268749999997 0.10277606249999999 0.3116139927884615 0.14624166586538462 0.33825056009615384 0.14670660817307693
1 0.3374021778846154 0.19531031490384618 0.3365974278846154 0.24141440384615384 0.39580715865384614 0.24244791346153846 0.39661190865384616 0.19634382451923077 0.3374021778846154 0.19531031490384618
1 0.4172107692307692 0.2875505504807692 0.4182894254807692 0.22575440624999998 0.3421291514423077 0.22442502403846154 0.3410504951923077 0.2862211682692308 0.4172107692307692 0.2875505504807692
1 0.4007323485576923 0.25573033653846156 0.400157875 0.2886419903846154 0.43499631730769234 0.28925009615384617 0.43557079326923076 0.25633844471153844 0.4007323485576923 0.25573033653846156
1 0.44862036538461536 0.3144917139423077 0.44931118990384616 0.2749144110576923 0.4004123894230769 0.27406087980769234 0.39972156490384614 0.3136381826923077 0.44862036538461536 0.3144917139423077
2 0.2362411875 0.8115553365384615 0.24640963942307692 0.22900518509615386 0.031442384615384615 0.22525291826923077 0.021273932692307693 0.8078030697115385 0.2362411875 0.8115553365384615