4 0.9189501370192308 0.6689640456730769 0.9115110480769231 0.24277896634615384 0.7006056754807692 0.24646033173076923 0.708044764423077 0.6726454134615385 0.9189501370192308 0.6689640456730769
4 0.7131087403846154 0.6225494038461539 0.7069567668269231 0.27010309134615385 0.4619940817307692 0.27437893269230773 0.46814605528846154 0.6268252451923076 0.7131087403846154 0.6225494038461539
4 0.4697011177884616 0.5860974567307692 0.4644872115384615 0.28739295673076926 0.3771567644230769 0.2889173173076923 0.38237067067307695 0.5876218149038461 0.4697011177884616 0.5860974567307692
4 0.3873236177884615 0.5669766754807692 0.38293870192307694 0.3157649423076923 0.32818141586538463 0.3167207331730769 0.3325663341346154 0.5679324663461538 0.3873236177884615 0.5669766754807692
4 0.3397051177884615 0.5382200192307692 0.3359964807692308 0.32575238221153846 0.2953776682692308 0.3264613870192308 0.29908630528846153 0.5389290216346153 0.3397051177884615 0.5382200192307692
4 0.2978804375 0.5190859350961539 0.2947171875 0.3378635408653846 0.26167534615384613 0.33844028846153845 0.26483859375 0.5196626826923076 0.2978804375 0.5190859350961539
4 0.2685842692307692 0.5104292403846153 0.26568765384615384 0.34448229326923074 0.23444241346153843 0.3450276826923077 0.23733902884615385 0.5109746274038461 0.2685842692307692 0.5104292403846153
4 0.24743852884615383 0.5031582860576923 0.24471401442307691 0.3470709519230769 0.21643707211538463 0.34756452884615385 0.21916158653846154 0.5036518629807692 0.24743852884615383 0.5031582860576923
4 0.22593131009615386 0.49756056490384615 0.22361886538461537 0.3650807451923077 0.20346568509615384 0.36543252163461537 0.2057781298076923 0.4979123413461538 0.22593131009615386 0.49756056490384615
4 0.20916177884615386 0.4947972548076923 0.20694144471153847 0.3675944110576923 0.19194372836538462 0.3678561971153846 0.1941640625 0.4950590408653846 0.20916177884615386 0.4947972548076923
4 0.19792185817307692 0.4865199375 0.19596815865384618 0.3745925432692308 0.17839270913461538 0.3748993221153846 0.18034640865384616 0.48682671875 0.19792185817307692 0.4865199375
4 0 0.4327400985576923 0.001793783653846154 0.5355058605769231 0.025383939903846152 0.5350940937499999 0.022354007211538462 0.3615094230769231 0 0.3618996153846154 0 0.4327400985576923
4 0.031792495192307695 0.5083115024038461 0.029506713942307694 0.3773592259615385 0.012790512019230768 0.3776510096153846 0.015076290865384616 0.5086032860576923 0.031792495192307695 0.5083115024038461
4 0.18396252163461538 0.4791235456730769 0.18225606490384616 0.38136066105769234 0.16975796875 0.3815788173076923 0.17146442548076923 0.4793416995192308 0.18396252163461538 0.4791235456730769
4 0.17455556009615383 0.47289788221153845 0.17305029086538462 0.38666101923076923 0.16273936057692306 0.38684099519230764 0.16424463221153845 0.4730778605769231 0.17455556009615383 0.47289788221153845
4 0.1663876201923077 0.47498519471153844 0.16493810096153846 0.39194228846153845 0.15493962500000003 0.3921168125 0.15638914423076924 0.47515971874999996 0.1663876201923077 0.47498519471153844
4 0.1581081778846154 0.4706845913461538 0.1567580408653846 0.39333526201923075 0.14824371394230768 0.3934838822115384 0.14959385096153846 0.47083320913461535 0.1581081778846154 0.4706845913461538
4 0.1536786418269231 0.46312185817307694 0.1525054519230769 0.39590987259615384 0.14539715865384617 0.39603394951923077 0.1465703485576923 0.46324593509615386 0.1536786418269231 0.46312185817307694
4 0.14736305288461538 0.4683717668269231 0.14610987259615385 0.39657714903846153 0.14079818269230768 0.3966698653846154 0.14205136298076923 0.46846448317307693 0.14736305288461538 0.4683717668269231
4 0.028329076923076922 0.3859922067307692 0.030137338942307693 0.48958753846153846 0.03912034615384615 0.4894307379807692 0.037312084134615384 0.38583540865384613 0.028329076923076922 0.3859922067307692
1 0.3926803725961538 0.08153147115384615 0.3914417355769231 0.010570060096153846 0.28856678125 0.01236575 0.2898054182692308 0.0833271610576923 0.3926803725961538 0.08153147115384615
1 0.4373405216346154 0.26758593990384616 0.43642184615384616 0.2149550673076923 0.3283914278846154 0.21684074519230767 0.3293101033653846 0.26947161778846157 0.4373405216346154 0.26758593990384616
1 0.33424491586538463 0.29702857692307694 0.3333722956730769 0.2470361923076923 0.28751990384615383 0.24783654807692307 0.28839252403846155 0.2978289350961539 0.33424491586538463 0.29702857692307694
1 0.3310301418269231 0.1576190048076923 0.3298133221153846 0.08790740384615384 0.24771645192307692 0.08934040865384615 0.24893327403846152 0.15905201201923078 0.3310301418269231 0.1576190048076923
1 0.2573243653846154 0.08917270192307693 0.2560614879807692 0.01682261298076923 0.2057566514423077 0.0177006875 0.2070195264423077 0.09005077644230769 0.2573243653846154 0.08917270192307693
1 0.21213856009615384 0.12816168749999998 0.21131199278846152 0.08080778846153845 0.18022297836538462 0.08135044951923076 0.1810495456730769 0.1287043485576923 0.21213856009615384 0.12816168749999998
1 0.28495038942307693 0.31997571394230767 0.28420139182692306 0.27706558413461535 0.25537765625 0.2775687043269231 0.25612665625 0.3204788341346154 0.28495038942307693 0.31997571394230767
1 0.25842720192307694 0.3314125721153846 0.2575497331730769 0.2811424519230769 0.23231920192307692 0.28158285336538463 0.23319666826923077 0.33185297115384615 0.25842720192307694 0.3314125721153846
1 0.23230966826923077 0.3392306875 0.23166974759615386 0.30256960576923075 0.211126 0.3029281971153846 0.21176592307692307 0.33958928125 0.23230966826923077 0.3392306875
1 0.21248911538461537 0.35416221153846156 0.21200917307692307 0.32666639903846156 0.1832635528846154 0.32716815625 0.18374349519230768 0.35466396875 0.21248911538461537 0.35416221153846156
4 0.1456106298076923 0.4664576177884615 0.14444228846153845 0.39952336778846154 0.1382713533653846 0.3996310817307692 0.13943969471153844 0.46656533173076925 0.1456106298076923 0.4664576177884615
4 0.14234739423076923 0.46304182451923076 0.1412638894230769 0.4009679471153846 0.13532729326923076 0.40107156971153846 0.13641079807692308 0.46314544951923076 0.14234739423076923 0.46304182451923076
4 0.13963767548076922 0.4644782235576923 0.13855174759615385 0.4022654783653846 0.13159968028846153 0.4023868269230769 0.13268560817307692 0.46459957211538466 0.13963767548076922 0.4644782235576923
1 0.16973181971153845 0.09806386778846155 0.1691888581730769 0.06695749519230769 0.1341941875 0.06756832932692308 0.1347371514423077 0.09867470192307692 0.16973181971153845 0.09806386778846155