1 1 0.39530179567307694 0.9998556658653845 0.395286625 0.9961100624999999 0.43092365865384613 1 0.4313325072115385 1 0.39530179567307694
1 1 0.3420936490384615 0.9885267091346154 0.3408877572115384 0.9857102475961538 0.3676845985576923 0.9993849230769231 0.36912186298076927 1 0.3632697980769231 1 0.3420936490384615
1 0.9852021225961539 0.3725190793269231 0.987249139423077 0.3530430240384615 0.9717874302884616 0.3514179326923077 0.9697404158653846 0.3708939879807692 0.9852021225961539 0.3725190793269231
1 1 0.2203154230769231 0.9957474759615385 0.21986846634615384 0.9929164951923077 0.24680343269230767 1 0.24754793749999998 1 0.2203154230769231
1 1 0.17534685817307694 0.9915647596153847 0.17446027884615384 0.9887192620192308 0.20153337740384616 0.9978875120192308 0.20249699759615383 1 0.18239802163461538 1 0.17534685817307694
1 0.9877847379807693 0.22238324038461538 0.99020921875 0.19931585817307693 0.9825949110576923 0.19851556250000002 0.9801704302884615 0.22158294471153847 0.9877847379807693 0.22238324038461538
1 0.9934031442307693 0.16892768990384616 0.9975988004807692 0.1290086875 0.9748335721153847 0.12661596634615385 0.9706379158653846 0.16653496875 0.9934031442307693 0.16892768990384616
4 1 0.29544923557692304 0.9951626995192308 0.29494081490384616 0.991809076923077 0.3268483942307692 1 0.32770929567307694 1 0.29544923557692304
3 1 0.2620719471153846 0.9801405721153846 0.2599846370192308 0.9768740576923077 0.2910634471153846 0.9977745576923076 0.2932601778846154 1 0.2720865072115385 1 0.2620719471153846
3 0.989851329326923 0.3245478173076923 0.9926242355769231 0.29816536298076923 0.9816689567307691 0.2970139158653846 0.9788960480769231 0.3233963701923077 0.989851329326923 0.3245478173076923
3 0.9888831923076923 0.3599181610576923 0.9924255456730768 0.32621491826923077 0.9787508701923078 0.3247776514423077 0.975208516826923 0.35848089423076923 0.9888831923076923 0.3599181610576923
1 0.9808332115384615 0.05309031730769231 0.9764343052884615 0.09494311298076924 0.9901089831730769 0.0963803798076923 0.9945078870192308 0.054527584134615385 0.9808332115384615 0.05309031730769231