1 0.28199416826923074 0.9566503894230769 0.2985932235576923 0.8214619278846154 0.10571875961538463 0.7977799206730769 0.08911970432692308 0.9329683846153846 0.28199416826923074 0.9566503894230769
1 0 0.9391908413461538 0.07349929326923077 0.9482154206730768 0.08149979086538463 0.8830566033653846 0 0.8730496875 0 0.9391908413461538
1 0.023253600961538463 0.3244798173076923 0.012883420673076924 0.40893814182692306 0.11880670673076922 0.4219438870192308 0.12917688461538462 0.3374855625 0.023253600961538463 0.3244798173076923
1 0.3167052403846154 0.45855678125000005 0.3248411466346154 0.39229513461538457 0.10916913942307692 0.36581394230769226 0.10103323076923076 0.4320755889423077 0.3167052403846154 0.45855678125000005
1 0.4719354375 0.47556431730769233 0.47823201923076925 0.42428276682692306 0.3474950817307692 0.40823028846153847 0.3411985 0.4595118389423077 0.4719354375 0.47556431730769233
1 0.5787412043269231 0.49035760096153846 0.5843833028846154 0.44440638701923074 0.4902981995192308 0.43285418990384616 0.4846561009615385 0.47880540144230765 0.5787412043269231 0.49035760096153846
1 0.6572642475961538 0.4991594254807692 0.6618682019230769 0.46166323557692307 0.5886679230769231 0.4526753725961538 0.58406396875 0.49017156009615387 0.6572642475961538 0.4991594254807692
1 0.7231880528846154 0.518261826923077 0.7294169302884614 0.4675316923076923 0.662833625 0.45935629086538465 0.6566047475961538 0.5100864254807692 0.7231880528846154 0.518261826923077
1 0.7695110216346154 0.5337448076923077 0.7760332884615385 0.48062520913461537 0.7271297115384615 0.47462060336538464 0.7206074447115385 0.5277402043269231 0.7695110216346154 0.5337448076923077
1 0.8115908413461538 0.5389115600961538 0.816928266826923 0.49544171394230774 0.7694204591346154 0.4896084879807692 0.7640830336538461 0.5330783365384616 0.8115908413461538 0.5389115600961538
1 0.6312022764423078 0.7977459254807692 0.640838983173077 0.7192612596153847 0.5684141298076922 0.7103686057692309 0.5587774254807693 0.7888532716346154 0.6312022764423078 0.7977459254807692
1 0.5605143197115384 0.8400950432692308 0.5721144759615384 0.7456193533653847 0.43744871153846154 0.7290844759615385 0.42584855528846155 0.8235601658653846 0.5605143197115384 0.8400950432692308
1 0.41175536298076926 0.8913292596153847 0.4250932860576923 0.7827005961538462 0.2960622860576923 0.7668575817307691 0.28272436298076925 0.8754862451923077 0.41175536298076926 0.8913292596153847
1 0.6912096971153846 0.7765677980769231 0.6991199182692308 0.7121441995192307 0.6278323581730769 0.7033911875 0.6199221346153846 0.7678147860576924 0.6912096971153846 0.7765677980769231
1 0.26711545192307695 0 0.2644836466346154 0.02143432451923077 0.39444515865384616 0.037391591346153844 0.39903626923076924 0 0.26711545192307695 0
1 0.5280393100961539 0.13915336057692307 0.5424718004807693 0.021610165865384615 0.3981907427884615 0.0038946778846153845 0.38375825240384615 0.121437875 0.5280393100961539 0.13915336057692307
1 0.6360241274038461 0.19691058173076922 0.6465861370192307 0.11088991346153845 0.5349246947115385 0.09717961298076923 0.5243626850961538 0.18320028124999999 0.6360241274038461 0.19691058173076922
1 0.7000833389423077 0.24572947115384616 0.7068877115384615 0.19031231009615385 0.6420620408653845 0.18235271875 0.6352576682692308 0.23776987980769232 0.7000833389423077 0.24572947115384616
1 0.7700670408653847 0.29117112980769233 0.7767134350961539 0.23704060336538463 0.7251734086538462 0.23071228365384616 0.7185270168269231 0.28484281009615386 0.7700670408653847 0.29117112980769233
1 0.838591516826923 0.32841085096153844 0.8434211538461539 0.2890766153846154 0.8060455865384615 0.2844874735576923 0.8012159495192308 0.3238217091346154 0.838591516826923 0.32841085096153844
1 0.7548947307692307 0.02754222596153846 0.743791079326923 0.11797420673076922 0.9016162596153846 0.13735270192307694 0.9127199110576923 0.04692072115384616 0.7548947307692307 0.02754222596153846
1 0.9750406730769231 0.23853657932692307 0.9863587235576923 0.14635844951923077 0.8351505216346153 0.12779241586538462 0.82383246875 0.2199705480769231 0.9750406730769231 0.23853657932692307
1 1 0.23264555528846154 0.8895346442307692 0.2190821153846154 0.8813197475961538 0.2859870769230769 1 0.3005591802884615 1 0.23264555528846154
1 1 0.35737154086538464 0.9163207115384615 0.34709701682692307 0.9121681274038462 0.3809171081730769 1 0.3917015048076923 1 0.35737154086538464
1 0.8740324711538462 0.35431197115384616 0.87749671875 0.32609792788461534 0.8436881153846154 0.3219467524038461 0.8402238677884615 0.3501607956730769 0.8740324711538462 0.35431197115384616
3 0.914562125 0.08063728846153848 0.9040565360576923 0.16619844230769232 0.9845975192307693 0.17608763221153845 0.9951031081730769 0.0905264783653846 0.914562125 0.08063728846153848
3 1 0.0594098389423077 0.9091453269230769 0.04825428846153846 0.9012689567307692 0.11240217788461539 0.995664233173077 0.12399246153846154 1 0.08868047115384615 1 0.0594098389423077
3 0.7030104831730769 0.15821163461538462 0.6963415216346154 0.21252596394230772 0.7676290817307693 0.22127897596153845 0.7742980408653846 0.1669646466346154 0.7030104831730769 0.15821163461538462
3 0.5541328100961539 0.03134458413461538 0.5454439759615385 0.10210944711538462 0.6426307860576923 0.11404248798076923 0.6513196201923077 0.04327762259615385 0.5541328100961539 0.03134458413461538
3 0.44054357692307694 0 0.43682550961538463 0.03028123557692308 0.5525191682692308 0.04448662980769231 0.5571569759615385 0.006714735576923077 0.5024698485576923 0 0.44054357692307694 0