4 0.6693652211538462 0.6529458533653846 0.6568583701923078 0.5099919134615385 0.5405837716346154 0.5201646225961538 0.5530906201923077 0.6631185625 0.6693652211538462 0.6529458533653846
4 0.07531767788461538 0.5239797524038461 0.10042942788461538 0.8110083509615384 0.33881570432692304 0.7901522548076922 0.31370395673076923 0.50312365625 0.07531767788461538 0.5239797524038461
4 0.06381460336538461 0.26073056971153846 0.08813105528846155 0.5386688894230769 0.3290078197115385 0.5175949038461538 0.30469136778846156 0.2396565841346154 0.06381460336538461 0.26073056971153846
4 0.30632490384615385 0.31480015624999996 0.32582599999999995 0.53769871875 0.3831850240384615 0.532680454326923 0.3636839254807693 0.3097818918269231 0.30632490384615385 0.31480015624999996
4 0.4341574735576923 0.5308559711538462 0.41707494951923074 0.33560181009615386 0.3564471610576923 0.34090605288461534 0.3735296875 0.5361602139423077 0.4341574735576923 0.5308559711538462
4 0.4971059951923077 0.5332537692307693 0.48357506490384616 0.37859454326923075 0.41804413221153847 0.38432775721153845 0.4315750625 0.5389869831730769 0.4971059951923077 0.5332537692307693
4 0.504219235576923 0.6898547235576923 0.48884714182692307 0.5141508846153846 0.42821935336538464 0.5194551274038461 0.4435914471153846 0.6951589687499999 0.504219235576923 0.6898547235576923
4 0.4510112163461538 0.7234951201923077 0.4333512836538462 0.5216411706730769 0.3743578798076923 0.526802423076923 0.3920178125 0.728656375 0.4510112163461538 0.7234951201923077
4 0.3972055673076923 0.7494081995192308 0.37736674278846155 0.5226493798076923 0.30848921875 0.5286753822115384 0.32832804326923076 0.7554342019230769 0.3972055673076923 0.7494081995192308
4 0.0004210745192307692 0.5203686802884615 0.022297165865384612 0.7704135504807692 0.09989139182692308 0.7636249350961539 0.07801530048076924 0.5135800649038461 0.0004210745192307692 0.5203686802884615
4 0 0.5155557908653846 0.0006934350961538461 0.5234817908653846 0.10194728846153846 0.5146232259615384 0.07924321634615385 0.25511450721153844 0 0.26204739182692305 0 0.5155557908653846
1 1 0.6257757427884615 0.8015135408653846 0.6431410576923077 0.8084424206730769 0.7223385360576924 1 0.7055794206730769 1 0.6257757427884615
1 0.7818493365384616 0.6675728774038461 0.7773063413461538 0.6156462283653846 0.741894733173077 0.61874434375 0.7464377259615385 0.6706709903846153 0.7818493365384616 0.6675728774038461