1 0.7725762283653845 0.7340185072115385 0.7844908822115385 0.6862314423076923 0.7230893557692308 0.6709223221153846 0.711174701923077 0.7187093870192308 0.7725762283653845 0.7340185072115385
1 0.7705382307692308 0.7712566009615384 0.7814247163461538 0.7275932932692307 0.7208570360576924 0.7124920769230769 0.7099705528846154 0.7561553846153846 0.7705382307692308 0.7712566009615384
1 0.712140920673077 0.7364707259615385 0.7012544350961538 0.7801340336538461 0.7609882668269231 0.7950273485576923 0.7718747524038462 0.7513640408653846 0.712140920673077 0.7364707259615385
1 0.7543725817307692 0.8325411923076923 0.7703696682692308 0.7683803870192307 0.7012360961538462 0.751143451923077 0.6852390120192309 0.8153042572115384 0.7543725817307692 0.8325411923076923
1 0.6846248389423076 0.6831037548076923 0.673042829326923 0.7295566634615385 0.7234527235576922 0.7421252620192308 0.7350347355769231 0.6956723533653846 0.6846248389423076 0.6831037548076923
1 0.7063907932692307 0.7524286610576923 0.7138903725961538 0.7223494951923077 0.6694690216346154 0.7112740072115386 0.6619694423076923 0.7413531754807692 0.7063907932692307 0.7524286610576923
1 0.6672684110576923 0.7310799543269231 0.6614925264423076 0.7542457644230769 0.6999253341346154 0.7638281394230769 0.70570121875 0.740662329326923 0.6672684110576923 0.7310799543269231
1 0.6754882908653846 0.7853042139423076 0.691485375 0.7211434086538462 0.579673954326923 0.6932656923076923 0.5636768701923077 0.7574264951923078 0.6754882908653846 0.7853042139423076
1 0.3876181826923077 0.19345673317307693 0.40158917307692304 0.13742215384615386 0.28295535817307693 0.10784342307692309 0.2689843701923077 0.163878 0.3876181826923077 0.19345673317307693
1 0.2784842860576923 0.13288048076923079 0.2669325168269231 0.17921210096153845 0.3847324807692308 0.20858293028846153 0.3962842524038462 0.16225131009615384 0.2784842860576923 0.13288048076923079
1 0.3762047355769231 0.24278585576923076 0.3915365360576923 0.1812933629807692 0.27115922115384616 0.1512799278846154 0.2558274206730769 0.21277242067307695 0.3762047355769231 0.24278585576923076
1 0.25955887259615384 0.16874225480769228 0.24694869230769229 0.21931892067307693 0.3715710504807692 0.25039076442307695 0.3841812307692308 0.1998140985576923 0.25955887259615384 0.16874225480769228
1 0.37212230288461534 0.25915959615384615 0.3833414302884615 0.21416213221153846 0.26213026923076926 0.18394079567307695 0.2509111418269231 0.2289382596153846 0.37212230288461534 0.25915959615384615
1 0.25854309134615383 0.21641252644230768 0.25004558413461536 0.25049416346153847 0.3644343557692308 0.2790144879807692 0.37293186057692307 0.24493285096153847 0.25854309134615383 0.21641252644230768
1 0.3563011995192307 0.2899981610576923 0.36549423076923077 0.2531269230769231 0.2502716129807692 0.22439869951923075 0.24107858173076924 0.2612699375 0.3563011995192307 0.2899981610576923
1 0.2714224134615385 0.2558240072115385 0.2625620240384615 0.29136108653846154 0.34450652884615385 0.3117921466346154 0.3533669182692308 0.2762550673076923 0.2714224134615385 0.2558240072115385
1 0.39037053125 0.255078 0.3902322091346154 0.2520805 0.3895366826923077 0.25487009855769227 0.39037053125 0.255078
1 0.4630337283653846 0.3166095697115384 0.47017042548076926 0.28798584615384615 0.36601524278846154 0.26201704326923075 0.3588785480769231 0.2906407668269231 0.4630337283653846 0.3166095697115384
1 0.35951807451923073 0.29518032692307694 0.35407483173076926 0.31701198076923076 0.46080736298076924 0.3436233894230769 0.4662506057692308 0.3217917355769231 0.35951807451923073 0.29518032692307694
1 0.4499908149038462 0.35406684375 0.4557969399038461 0.33077974759615386 0.3567964543269231 0.30609615384615385 0.3509903293269231 0.32938325 0.4499908149038462 0.35406684375
1 0.3550970504807692 0.32744415865384613 0.34759747115384615 0.35752332451923075 0.4431867596153846 0.38135641105769236 0.45068633894230764 0.35127724519230774 0.3550970504807692 0.32744415865384613
1 0.4404651394230769 0.3922722379807692 0.44660390865384614 0.3676509855769231 0.3476034206730769 0.34296739182692304 0.3414646538461538 0.36758864423076926 0.4404651394230769 0.3922722379807692
1 0.4327046466346154 0.41726211298076926 0.43978086298076924 0.3888809615384616 0.33896107211538457 0.36374376442307693 0.33188485576923077 0.3921249158653846 0.4327046466346154 0.41726211298076926
1 0.4286403918269231 0.43840697115384614 0.4340836346153846 0.4165753173076923 0.3309897139423077 0.3908711177884615 0.32554647115384616 0.41270277163461533 0.4286403918269231 0.43840697115384614
1 0.42299753125 0.4561952283653846 0.4301039879807692 0.4276927908653846 0.3251149567307693 0.4015160865384615 0.31800850240384615 0.4300185216346154 0.42299753125 0.4561952283653846
1 0.42059648798076926 0.4706693052884615 0.42555588701923075 0.45077824278846157 0.32124909615384617 0.42477163942307694 0.3162896971153846 0.4446627019230769 0.42059648798076926 0.4706693052884615
1 0.4119549543269231 0.4927341490384615 0.4185775673076923 0.46617230288461536 0.31131440624999995 0.43942859375 0.30469179326923074 0.46599043990384614 0.4119549543269231 0.4927341490384615
1 0.40820842548076924 0.5129276129807692 0.4131678245192308 0.4930365504807692 0.3325119927884615 0.4729267932692308 0.32755259375 0.49281785576923076 0.40820842548076924 0.5129276129807692
1 0.36455424038461537 0.6602425937499999 0.37117685096153846 0.63368075 0.26861356009615384 0.6081088485576923 0.2619909495192308 0.6346706947115385 0.36455424038461537 0.6602425937499999
1 0.2498360048076923 0.6860049951923077 0.26852447115384614 0.6110496514423077 0.10963854567307692 0.5714349399038462 0.09095007932692309 0.6463902836538461 0.2498360048076923 0.6860049951923077
1 0 0.6510251442307692 0.08090054086538462 0.6711959134615384 0.10297591346153846 0.5826564302884616 0 0.5569816514423077 0 0.6510251442307692
1 0.23947215865384616 0 0.22916133173076922 0.04135446394230769 0.2937466418269231 0.05745738942307692 0.30560081490384616 0.009912899038461539 0.26584234615384617 0 0.23947215865384616 0
1 0.32216279807692305 0 0.3192596995192308 0.011643694711538461 0.35003626682692307 0.019317153846153845 0.3548525745192308 0 0.32216279807692305 0
1 0.3586478846153846 0.04581251923076923 0.36723611057692307 0.011367021634615384 0.3529090889423077 0.007794891826923078 0.3443208605769231 0.042240391826923074 0.3586478846153846 0.04581251923076923
1 0.36300810096153846 0.08516117307692307 0.3719894495192308 0.049138944711538464 0.35144647115384614 0.044017004807692314 0.3424651201923077 0.08003923317307692 0.36300810096153846 0.08516117307692307
1 1 0.3911011875 0.9856974951923078 0.3875351730769231 0.9763230216346154 0.42513413221153845 1 0.43103746634615386 1 0.3911011875
1 1 0.3649493653846154 0.9959296995192308 0.36393452644230767 0.985315375 0.4065062524038462 1 0.4101675408653846 1 0.3649493653846154
4 0.8888067211538462 0.6786165336538462 0.9439649134615385 0.4573891081730769 0.8509529711538462 0.434198625 0.7957947788461539 0.6554260504807693 0.8888067211538462 0.6786165336538462
4 1 0.43799410576923076 0.9500536346153846 0.4255410793269231 0.8873958629807692 0.6768476730769231 0.9642614783653846 0.6960124230769231 1 0.5526730432692308 1 0.43799410576923076
4 0.8995473701923077 0.9555665312499999 0.9639288365384615 0.6973465793269231 0.8862293725961539 0.6779739278846153 0.8218479086538462 0.9361938774038462 0.8995473701923077 0.9555665312499999
4 0.797820875 0.6472998245192307 0.7372194399038462 0.8903589038461538 0.833642576923077 0.914399891826923 0.8942440120192308 0.6713408125 0.797820875 0.6472998245192307
4 0.599530954326923 0.5005964326923077 0.5838665120192308 0.5634230817307693 0.6367779495192308 0.5766153846153846 0.6524423942307693 0.5137887379807693 0.599530954326923 0.5005964326923077
4 0.5511972019230769 0.4871283822115385 0.5368935697115385 0.5444971177884615 0.5872276610576923 0.5570468149038461 0.6015312932692308 0.4996780793269231 0.5511972019230769 0.4871283822115385
4 0.5645965528846154 0.6297308822115385 0.5802609951923077 0.5669042331730769 0.5409943413461538 0.5571139567307692 0.5253298966346154 0.6199406057692307 0.5645965528846154 0.6297308822115385
4 0.6142351177884615 0.6450701802884615 0.6295669182692307 0.5835776899038462 0.5809763269230769 0.5714626947115384 0.5656445264423077 0.6329551850961538 0.6142351177884615 0.6450701802884615
4 0.661540701923077 0.6626619903846154 0.6772051442307692 0.5998353413461538 0.6354369471153846 0.589421358173077 0.6197725048076923 0.6522480072115384 0.661540701923077 0.6626619903846154
4 0.6553206754807692 0.5348609927884616 0.6375998966346154 0.6059351538461539 0.6828550961538462 0.6172185432692309 0.7005758750000001 0.5461443822115385 0.6553206754807692 0.5348609927884616
0 0.4792716610576923 0.6331917235576923 0.5302264591346154 0.4288231875 0.42887603846153843 0.40355368990384616 0.3779212403846154 0.6079222259615384 0.4792716610576923 0.6331917235576923
2 0.5739807235576924 0.6553882524038461 0.6153493677884615 0.4894676826923077 0.5132409038461538 0.4640091826923077 0.4718722596153846 0.6299297524038461 0.5739807235576924 0.6553882524038461