1 0 0.795769951923077 0.1615923798076923 0.8156110024038461 0.1725910889423077 0.7260337115384616 0 0.7048421923076924 0 0.795769951923077
1 0.27465581490384616 0.11466522596153846 0.28308003365384615 0.04605547355769231 0.21181832211538462 0.037305634615384616 0.2033941033653846 0.10591538701923077 0.27465581490384616 0.11466522596153846
1 0.36045329326923076 0.08452162259615384 0.3692735865384615 0.01268609375 0.28537241826923077 0.002384326923076923 0.276552125 0.07421985336538461 0.36045329326923076 0.08452162259615384
1 0.36909958413461535 0 0.3641248389423077 0.04051606009615384 0.48447106009615387 0.05529271634615385 0.4912601514423077 0 0.36909958413461535 0
1 0.8764464254807692 0.44320393028846156 0.879569326923077 0.41776993509615384 0.8262199711538462 0.41121945673076926 0.8230970697115385 0.436653451923077 0.8764464254807692 0.44320393028846156
1 0.8724816634615385 0.46651953846153843 0.8754826971153846 0.44207808894230766 0.8238392788461538 0.43573707451923077 0.8208382475961538 0.46017852403846154 0.8724816634615385 0.46651953846153843
1 0.8707795 0.48935732451923075 0.8737805336538462 0.4649158774038461 0.8206638052884615 0.45839396153846157 0.8176627716346154 0.48283541105769234 0.8707795 0.48935732451923075
1 0.8662442211538461 0.5141141466346154 0.869382358173077 0.4885560841346154 0.8184368245192307 0.4823007596153846 0.8152986899038462 0.5078588221153846 0.8662442211538461 0.5141141466346154
1 0.8630091875 0.5378971706730769 0.8658578822115385 0.5146964038461539 0.8130513269230769 0.5082125745192307 0.8102026298076923 0.5314133413461538 0.8630091875 0.5378971706730769
1 0.8612419663461538 0.5593416442307693 0.8638926225961538 0.5377537668269231 0.8084496153846155 0.5309462211538462 0.8057989567307692 0.5525340985576923 0.8612419663461538 0.5593416442307693
1 0.857363110576923 0.5793933942307692 0.8602118052884615 0.5561926274038462 0.80507896875 0.5494231658653846 0.8022302716346155 0.5726239326923077 0.857363110576923 0.5793933942307692
1 0.8536268533653846 0.6008479783653846 0.85620134375 0.5798804399038462 0.8067291225961538 0.573806014423077 0.8041546322115385 0.5947735528846153 0.8536268533653846 0.6008479783653846
1 0.8502381081730769 0.6252418221153846 0.8531325048076923 0.6016688509615384 0.8051335937499999 0.5957753245192308 0.8022391971153847 0.6193482956730769 0.8502381081730769 0.6252418221153846
1 0.8478933822115385 0.6520307524038462 0.8513209567307692 0.6241153918269231 0.801848735576923 0.6180409663461539 0.7984211586538461 0.6459563269230769 0.8478933822115385 0.6520307524038462
1 0.8432404735576923 0.6726171538461538 0.8457997283653846 0.6517736850961539 0.8019881225961538 0.6463942956730769 0.7994288653846154 0.667237764423077 0.8432404735576923 0.6726171538461538
1 0.8394710024038462 0.6930601490384615 0.8423501658653846 0.6696112451923076 0.8034237451923077 0.6648316826923076 0.8005445817307693 0.6882805865384616 0.8394710024038462 0.6930601490384615
1 0.8368258413461539 0.7171674783653846 0.8398421081730769 0.6926019591346153 0.8151059951923076 0.6895647475961538 0.8120897307692307 0.7141302644230769 0.8368258413461539 0.7171674783653846
2 0.7942714447115384 0.5489777403846154 0.7673840216346155 0.767958235576923 0.8180969254807693 0.7741849975961539 0.8449843485576923 0.5552045024038461 0.7942714447115384 0.5489777403846154
1 0.8160649591346154 0.4753347788461539 0.8190355240384615 0.4511414663461538 0.7429661682692307 0.44180132211538464 0.7399956033653846 0.4659946346153846 0.8160649591346154 0.4753347788461539
1 0.8126457475961538 0.4999767596153846 0.8158143485576923 0.4741705576923077 0.7408305889423077 0.46496371153846155 0.7376619855769231 0.4907699110576923 0.8126457475961538 0.4999767596153846
1 0.8088180889423077 0.5221757524038462 0.8116972524038462 0.49872684855769234 0.7426842764423077 0.49025312259615383 0.7398051153846155 0.5137020240384615 0.8088180889423077 0.5221757524038462
1 0.8049252572115384 0.5500339855769231 0.8080786274038462 0.5243518557692307 0.7446487235576923 0.516563641826923 0.7414953557692308 0.5422457740384615 0.8049252572115384 0.5500339855769231
1 0.8010407884615385 0.5746188413461538 0.8041789230769231 0.5490607764423077 0.7452464951923077 0.5418247860576924 0.7421083605769231 0.5673828485576923 0.8010407884615385 0.5746188413461538
0 0.7728544951923078 0.7952029975961538 0.8235978437499999 0.38193159375 0.6547099134615385 0.3611947620192308 0.6039665649038461 0.7744661658653846 0.7728544951923078 0.7952029975961538