1 0.036695807692307694 0.06142368509615385 0.022266689903846153 0.2263492548076923 0.22563049759615383 0.24414128125 0.2400596153846154 0.07921571153846153 0.036695807692307694 0.06142368509615385
1 0.3702715456730769 0.3316639615384615 0.38241282451923075 0.19288850480769232 0.22706871394230768 0.17929765625 0.21492743509615383 0.3180731129807692 0.3702715456730769 0.3316639615384615
1 0.4182162860576923 0.12965725721153845 0.4118490745192308 0.20243481490384616 0.5879731826923077 0.21784367788461537 0.5943403942307692 0.1450661201923077 0.4182162860576923 0.12965725721153845
1 0.40220870673076925 0.03833125 0.39316629807692305 0.14168644951923076 0.56687775 0.15688423076923078 0.5759201586538462 0.053529031250000005 0.40220870673076925 0.03833125
1 0.34525464423076924 0 0.3413302764423077 0.04485572596153846 0.510449891826923 0.05965177644230769 0.5156687451923078 0 0.34525464423076924 0
1 0.6207980288461539 0.2720218269230769 0.6264147331730769 0.20782261298076923 0.49402979807692304 0.1962404326923077 0.48841309374999997 0.2604396466346154 0.6207980288461539 0.2720218269230769
1 0.6299371225961538 0.3073974110576923 0.6338833389423078 0.26229193028846154 0.6115467860576923 0.2603377355769231 0.6076005697115385 0.30544321634615385 0.6299371225961538 0.3073974110576923
1 0.650366358173077 0.3383233966346154 0.6541310024038461 0.2952933197115385 0.6275139254807692 0.29296462740384616 0.62374928125 0.3359947043269231 0.650366358173077 0.3383233966346154
1 0.6613973846153847 0.36103791586538464 0.6642420504807693 0.3285232283653846 0.6451742620192308 0.3268550120192308 0.6423295961538462 0.35936970192307693 0.6613973846153847 0.36103791586538464
1 0.6702302211538461 0.3846754759615385 0.6729780480769231 0.3532676706730769 0.6574125072115385 0.3519058605769231 0.6546646802884616 0.38331366826923075 0.6702302211538461 0.3846754759615385
1 0.6824425480769231 0.41181534615384613 0.6841009278846154 0.39285997355769225 0.6718041490384615 0.39178414663461536 0.6701457692307693 0.41073951682692306 0.6824425480769231 0.41181534615384613
1 0.6250571418269231 0.060198091346153844 0.6206146201923077 0.11097634855769231 0.6594506490384616 0.11437406009615383 0.6638931706730768 0.06359580288461539 0.6250571418269231 0.060198091346153844
1 0.5988891634615384 0.007020600961538462 0.5940229687499999 0.06264147115384616 0.6542616153846155 0.06791167067307692 0.6591278125000001 0.012290800480769231 0.5988891634615384 0.007020600961538462
1 0.7845719951923077 0.6159377067307692 0.7859882764423076 0.5997495432692308 0.74411696875 0.5960862788461538 0.7427006875 0.6122744423076922 0.7845719951923077 0.6159377067307692
1 0.45556889182692306 0.7918213774038462 0.4633039639423077 0.7034090961538462 0.3369895889423077 0.6923580216346154 0.3292545168269231 0.7807703004807693 0.45556889182692306 0.7918213774038462
1 0.2996934326923077 0.8972482259615385 0.3116894543269231 0.76013309375 0.11571927884615385 0.7429879254807693 0.10372325721153845 0.8801030576923077 0.2996934326923077 0.8972482259615385
1 0 0.9279115721153846 0.12485671634615383 0.9388351201923076 0.13629590625000002 0.8080845649038462 0 0.7961602163461539 0 0.9279115721153846
1 1 0.2013302331730769 0.9349008533653845 0.1956347956730769 0.9278678701923078 0.2760221730769231 1 0.2823329158653846 1 0.2013302331730769
1 0.6369729302884616 0.47796523798076923 0.6350482403846154 0.4999645384615385 0.6499911610576923 0.501271875 0.6519158509615385 0.4792725745192307 0.6369729302884616 0.47796523798076923
1 0.6973270048076923 0.44337158413461536 0.6987311802884615 0.42732177884615385 0.6942950024038462 0.42693366346153844 0.692890826923077 0.4429834663461539 0.6973270048076923 0.44337158413461536
1 0.6596660769230769 0.5081133557692308 0.6612881418269231 0.48957306490384617 0.6507035745192307 0.4886470360576923 0.6490815096153846 0.5071873245192308 0.6596660769230769 0.5081133557692308
1 0.6741836153846154 0.516075608173077 0.6755151610576923 0.5008559663461538 0.66461928125 0.4999027019230769 0.6632877355769231 0.51512234375 0.6741836153846154 0.516075608173077
1 0.683951951923077 0.5254348125 0.6854892836538462 0.5078630432692308 0.6749047139423077 0.5069370144230769 0.6733673846153846 0.52450878125 0.683951951923077 0.5254348125
1 0.6704929711538461 0.3727083918269231 0.6683988125 0.3966447355769231 0.6782829326923078 0.39750948557692306 0.6803770913461539 0.3735731418269231 0.6704929711538461 0.3727083918269231
1 0.6896391538461538 0.4245744591346154 0.6913822692307693 0.40465056490384615 0.6792411442307693 0.4035883533653846 0.67749803125 0.42351224759615386 0.6896391538461538 0.4245744591346154
1 0.6942086298076924 0.43598836778846156 0.6958791129807692 0.41689463701923074 0.6887189639423077 0.41626820673076925 0.6870484783653846 0.4353619375 0.6942086298076924 0.43598836778846156
1 0.6574962692307692 0.1107175889423077 0.6535379447115385 0.15596143269230772 0.6730726995192308 0.15767050240384617 0.6770310240384615 0.11242665865384614 0.6574962692307692 0.1107175889423077
1 0.6802972163461539 0.1916238076923077 0.6834202980769231 0.1559268293269231 0.6679325817307693 0.15457182932692307 0.6648095024038461 0.1902688076923077 0.6802972163461539 0.1916238076923077
1 0.6879869182692308 0.22115638942307692 0.690892110576923 0.18794989903846154 0.6634189278846154 0.18554630769230768 0.6605137379807692 0.21875279807692308 0.6879869182692308 0.22115638942307692
1 0.6940853918269231 0.2428816875 0.696010079326923 0.22088238701923077 0.6823124038461538 0.21968399759615384 0.6803877139423077 0.24168329567307692 0.6940853918269231 0.2428816875
1 0.6991115769230769 0.26521027163461536 0.70125415625 0.2407204855769231 0.6832759543269231 0.23914759615384615 0.6811333774038462 0.2636373822115385 0.6991115769230769 0.26521027163461536
1 0.6914770048076923 0.0629418485576923 0.6878213052884615 0.10472668269230768 0.701518983173077 0.10592507211538461 0.7051746826923077 0.06414024038461538 0.6914770048076923 0.0629418485576923
1 0.6801655048076923 0.013852519230769232 0.6765824350961539 0.05480718990384615 0.6934710480769231 0.05628475240384615 0.6970541177884615 0.01533008173076923 0.6801655048076923 0.013852519230769232
1 0.8662456418269231 0.11894259375 0.8692476730769231 0.0846292235576923 0.8439536658653846 0.08241628365384615 0.8409516346153846 0.11672965384615384 0.8662456418269231 0.11894259375
1 0.8504283245192308 0.029027427884615382 0.8468210456730769 0.07025881730769232 0.8659666634615385 0.07193384134615385 0.8695739423076922 0.030702451923076926 0.8504283245192308 0.029027427884615382
1 0.697527608173077 0.2877970576923077 0.6957844927884616 0.30772095192307697 0.7043455408653846 0.3084699471153846 0.7060886562500001 0.2885460528846154 0.697527608173077 0.2877970576923077
1 0.7033890528846154 0.1481933485576923 0.7009317427884615 0.1762805048076923 0.7133063509615384 0.1773631418269231 0.7157636586538462 0.14927598557692306 0.7033890528846154 0.1481933485576923
1 0.6982484399038462 0.10117751682692308 0.6958758677884614 0.1282961514423077 0.7051373653846155 0.1291064278846154 0.7075099375 0.10198779086538462 0.6982484399038462 0.10117751682692308
1 0.6997291586538462 0.12459010576923077 0.6974897403846154 0.15018677644230768 0.7090082403846154 0.1511945144230769 0.7112476586538462 0.12559784375 0.6997291586538462 0.12459010576923077
1 0.697385483173077 0.26073725721153845 0.6953034302884615 0.28453524038461536 0.7043314447115385 0.2853250889423077 0.7064134975961539 0.26152710576923077 0.697385483173077 0.26073725721153845
1 0.7100478966346154 0.3248626514423077 0.7115973317307692 0.30715252403846155 0.703736733173077 0.30646481009615384 0.702187298076923 0.3241749375 0.7100478966346154 0.3248626514423077
1 0.85058525 0.14197088701923077 0.8531393990384615 0.11277684615384616 0.8375738557692307 0.11141503846153845 0.8350197091346154 0.14060907932692307 0.85058525 0.14197088701923077
3 0.5786759495192307 0.11525409615384616 0.5834453076923076 0.06074011057692308 0.5720046322115384 0.05973918028846154 0.5672352764423076 0.11425316826923078 0.5786759495192307 0.11525409615384616
3 0.5784217451923077 0.11815966586538461 0.5733255552884615 0.17640938221153846 0.5879571658653846 0.17768948317307692 0.5930533557692308 0.11943976682692307 0.5784217451923077 0.11815966586538461
3 0.5909089975961538 0.1394679735576923 0.5954967788461538 0.08702939423076923 0.5815656177884615 0.08581057451923077 0.5769778365384616 0.13824915625 0.5909089975961538 0.1394679735576923
3 0.5628040841346154 0.09588038461538462 0.5584705072115385 0.1454133966346154 0.5762152235576923 0.14696585817307692 0.5805488028846153 0.09743284615384615 0.5628040841346154 0.09588038461538462
3 0.5839346322115385 0.049768786057692305 0.5794194807692308 0.10137720432692307 0.5924945360576923 0.102521125 0.5970096875 0.050912704326923075 0.5839346322115385 0.049768786057692305
3 0.5726510408653847 0.02187365144230769 0.5677364254807692 0.0780479639423077 0.5812006201923077 0.07922592788461538 0.586115235576923 0.023051615384615386 0.5726510408653847 0.02187365144230769
3 0.5532994278846154 0.003729112980769231 0.5486027019230769 0.0574129375 0.5692270456730769 0.059217334134615385 0.5739237716346154 0.005533507211538461 0.5532994278846154 0.003729112980769231
3 0.5736971947115385 0.00453775 0.5704167499999999 0.042033413461538466 0.5843479110576923 0.043252230769230765 0.5876283557692308 0.005756569711538461 0.5736971947115385 0.00453775
3 0.5682745961538461 0.10416647836538462 0.5746054903846154 0.031804004807692306 0.5501675889423077 0.029665963942307694 0.5438366947115385 0.10202843990384616 0.5682745961538461 0.10416647836538462
3 0.5198577235576923 0.0005245048076923076 0.5143741730769231 0.06320175240384615 0.5476066057692308 0.06610921394230769 0.5530901538461538 0.003431966346153846 0.5198577235576923 0.0005245048076923076
3 0.6655783725961538 0.2764972764423077 0.6682172548076923 0.24633471634615384 0.6622245192307693 0.24581042067307693 0.6595856370192308 0.27597298076923077 0.6655783725961538 0.2764972764423077
3 0.6553516129807692 0.2580357043269231 0.6517322283653846 0.29940545673076924 0.6577249615384615 0.2999297524038461 0.6613443461538462 0.25856 0.6553516129807692 0.2580357043269231
3 0.6636537524038462 0.30477045673076925 0.6667526225961539 0.2693502019230769 0.6607598894230768 0.26882590624999997 0.6576610192307691 0.3042461610576923 0.6636537524038462 0.30477045673076925
3 0.6589149495192307 0.3078413509615385 0.6606580649038462 0.28791745673076924 0.6525639831730768 0.28720931490384616 0.6508208677884616 0.3071332091346154 0.6589149495192307 0.3078413509615385
3 0.6568380216346154 0.3262024278846154 0.6591984903846153 0.29922215384615386 0.651804858173077 0.29857529326923077 0.6494443894230769 0.3255555673076923 0.6568380216346154 0.3262024278846154
3 0.6584030528846154 0.31100321153846155 0.65588521875 0.3397821706730769 0.6612553317307692 0.34025199519230764 0.6637731634615385 0.3114730360576923 0.6584030528846154 0.31100321153846155
3 0.6597588076923077 0.2955068509615385 0.6577130697115384 0.3188897548076923 0.6630053533653846 0.3193527692307692 0.6650510913461538 0.2959698653846154 0.6597588076923077 0.2955068509615385
1 0.8423013004807692 0.4822660408653846 0.84359653125 0.4674614807692308 0.8097414783653847 0.46449954807692306 0.8084462475961539 0.47930410817307695 0.8423013004807692 0.4822660408653846
1 0.8363748701923076 0.37969252884615384 0.8392074326923077 0.34731620192307694 0.8150030144230769 0.34519858894230765 0.8121704519230769 0.3775749182692308 0.8363748701923076 0.37969252884615384
1 0.7142733918269231 0.19947601682692306 0.7161738701923077 0.1777534375 0.706211923076923 0.17688187980769232 0.7043114447115385 0.19860445913461539 0.7142733918269231 0.19947601682692306
1 0.4608667427884615 0.6721053341346154 0.45535898317307694 0.7350593052884615 0.5071144110576923 0.7395873197115385 0.5126221706730769 0.6766333485576923 0.4608667427884615 0.6721053341346154
1 0.512333076923077 0.6530461754807693 0.5079268701923076 0.7034093509615384 0.5518995288461539 0.7072564591346153 0.5563057355769231 0.6568932836538461 0.512333076923077 0.6530461754807693
1 0.5570180769230769 0.6379945649038461 0.5532897475961538 0.6806095600961538 0.582086 0.68312890625 0.585814329326923 0.640513908653846 0.5570180769230769 0.6379945649038461
1 0.5847938125 0.630665266826923 0.5818765168269231 0.6640101177884615 0.6015669278846154 0.6657328052884615 0.6044842235576924 0.6323879543269231 0.5847938125 0.630665266826923
1 0.6040033725961538 0.6280238822115384 0.6016671153846154 0.6547274375000001 0.6195674879807692 0.656293516826923 0.6219037451923076 0.6295899615384616 0.6040033725961538 0.6280238822115384
1 0.6345670216346153 0.6166164951923078 0.6327028557692308 0.6379239927884615 0.6499806081730769 0.6394356009615384 0.6518447716346153 0.6181281009615385 0.6345670216346153 0.6166164951923078
1 0.6525814663461538 0.6115004230769231 0.6506930913461539 0.6330846394230769 0.6649355625000001 0.6343306947115385 0.6668239375 0.6127464783653847 0.6525814663461538 0.6115004230769231
1 0.8345740985576923 0.19410714903846155 0.8369829879807693 0.16657343509615385 0.8300563197115385 0.16596743028846153 0.8276474326923077 0.19350114423076922 0.8345740985576923 0.19410714903846155
1 0.8310444350961539 0.21652371153846153 0.8331022788461537 0.1930024471153846 0.8264090961538462 0.1924168701923077 0.8243512524038461 0.21593813221153846 0.8310444350961539 0.21652371153846153
1 0.8300293990384616 0.23260756009615385 0.8315304134615384 0.21545087259615384 0.8232806754807692 0.2147291153846154 0.8217796610576923 0.23188580048076923 0.8300293990384616 0.23260756009615385
1 0.8330911634615384 0.2809751298076923 0.8347979615384615 0.2614663173076923 0.8154966899038462 0.25977767548076924 0.8137898894230768 0.2792864879807692 0.8330911634615384 0.2809751298076923
1 0.7646182860576923 0.4236056346153846 0.7639767211538462 0.4309387331730769 0.7800870576923077 0.43234820432692306 0.7807286201923076 0.4250151057692308 0.7646182860576923 0.4236056346153846
1 0.7650280745192308 0.4144398028846154 0.764459141826923 0.4209427403846154 0.7802581658653847 0.42232497596153845 0.7808270985576923 0.4158220384615384 0.7650280745192308 0.4144398028846154
1 0.7495992451923077 0.42047918509615384 0.7491513629807692 0.42559851682692307 0.7637051442307693 0.4268718076923077 0.7641530288461538 0.4217524759615384 0.7495992451923077 0.42047918509615384
1 0.765529576923077 0.40960399759615385 0.7649727475961539 0.41596857692307687 0.7806939447115385 0.41734400240384617 0.7812507740384615 0.41097942548076927 0.765529576923077 0.40960399759615385
1 0.7487691298076923 0.4245891418269231 0.7483212475961539 0.42970847596153844 0.7636533052884615 0.43104985817307695 0.7641011899038461 0.42593052403846154 0.7487691298076923 0.4245891418269231
1 0.7650592620192308 0.4194616298076923 0.7645750625 0.4249960456730769 0.779829295673077 0.4263306177884615 0.7803134927884615 0.42079620192307693 0.7650592620192308 0.4194616298076923
1 0.7498845673076923 0.4163215649038462 0.7494972091346154 0.42074909615384615 0.7639731634615384 0.42201557692307695 0.7643605216346153 0.4175880456730769 0.7498845673076923 0.4163215649038462
1 0.7504933052884616 0.41205281971153845 0.7499727908653846 0.4180023173076923 0.7642152620192307 0.41924837259615383 0.7647357764423077 0.413298875 0.7504933052884616 0.41205281971153845
1 0.7658079903846153 0.40642170913461534 0.7652511610576924 0.4127862884615385 0.780738875 0.4141412860576923 0.781295704326923 0.4077767091346154 0.7658079903846153 0.40642170913461534
1 0.7649016850961539 0.4024386730769231 0.7643206466346153 0.4090799735576923 0.7808979495192307 0.4105303004807693 0.7814789879807692 0.403889 0.7649016850961539 0.4024386730769231
1 0.750316858173077 0.4086913149038462 0.7497479230769231 0.4151942548076923 0.7651578100961539 0.41654244471153845 0.7657267451923077 0.4100395072115385 0.750316858173077 0.4086913149038462
3 0.5950521009615385 0.06970248076923077 0.5991193701923077 0.023213394230769232 0.5858108317307692 0.022049048076923077 0.5817435625 0.06853813461538462 0.5950521009615385 0.06970248076923077
3 0.5978362427884615 0.03787959375 0.600354076923077 0.009100634615384616 0.5877459879807693 0.007997569711538461 0.5852281538461539 0.036776528846153844 0.5978362427884615 0.03787959375
3 0.657528798076923 0.23494313942307693 0.65444203125 0.27022503605769227 0.6604347644230769 0.2707493317307692 0.6635215312499999 0.23546743509615384 0.657528798076923 0.23494313942307693
3 0.6653390552884615 0.21917495913461538 0.6625912283653845 0.2505827620192308 0.6683504783653846 0.2510866322115385 0.6710983052884616 0.21967882692307691 0.6653390552884615 0.21917495913461538