1 0.7651812355769232 0.8645279350961539 0.7578773100961538 0.7950357187499999 0.7107152163461539 0.7999926538461538 0.7180191418269231 0.8694848701923077 0.7651812355769232 0.8645279350961539
1 0.7335846442307693 0.9099545288461539 0.7269078870192308 0.8464294447115385 0.7409006009615384 0.8248485841346154 0.7980079134615384 0.8188463653846154 0.7902989399038461 0.745500375 0.7403108774038463 0.7879647548076923 0.7373965216346154 0.7915094975961539 0.7331916274038461 0.7515025961538462 0.7336458004807693 0.793626673076923 0.6703275865384615 0.8474148846153846 0.6715681826923077 0.8522458822115385 0.6669950480769231 0.8502458413461539 0.6676153485576923 0.8526613413461538 0.6636625096153845 0.8530768004807693 0.670339266826923 0.9166018870192307 0.7335846442307693 0.9099545288461539
1 0.7150521850961538 0.6028342620192307 0.7079573173076923 0.5353310889423077 0.6311149615384615 0.5434075456730769 0.6382098293269232 0.61091071875 0.7150521850961538 0.6028342620192307
1 0.6754583942307693 0.6551344471153846 0.6658679086538462 0.5638870625 0.5877047019230769 0.5721023461538461 0.5972951899038461 0.6633497307692308 0.6754583942307693 0.6551344471153846
1 0.7634257403846154 0.5496112884615385 0.7584214399038461 0.5019985528846154 0.6951760625 0.5086459086538462 0.7001803629807692 0.5562586442307692 0.7634257403846154 0.5496112884615385
1 0.809762795673077 0.5487631009615385 0.8018316971153846 0.47330375240384615 0.7472106899038462 0.47904465144230773 0.7551417884615385 0.554504 0.809762795673077 0.5487631009615385
1 0.8340778389423077 0.4579741346153846 0.8265648557692308 0.38649287259615384 0.76324178125 0.39314839663461537 0.7707547644230769 0.46462965865384614 0.8340778389423077 0.4579741346153846
1 0.8646384591346153 0.4266078533653846 0.8581707596153846 0.36507181009615386 0.8023066009615385 0.3709433701923077 0.8087743004807693 0.43247941105769233 0.8646384591346153 0.4266078533653846
1 0.8964552980769231 0.3952352235576923 0.8910198173076923 0.34352008653846156 0.8451008774038461 0.34834636057692303 0.8505363581730769 0.40006149999999996 0.8964552980769231 0.3952352235576923
1 0.8084794831730769 0.31008976442307695 0.8034751826923077 0.26247702884615387 0.7315277403846154 0.27003901201923075 0.7365320384615385 0.31765174759615383 0.8084794831730769 0.31008976442307695
1 0.7816800096153845 0.38919944471153844 0.776884766826923 0.3435757524038462 0.7198551514423077 0.34956980528846154 0.7246503966346154 0.39519349759615385 0.7816800096153845 0.38919944471153844
1 0.7343293629807692 0.4282377908653846 0.7291160048076922 0.3786360120192308 0.6758158485576923 0.38423808413461535 0.6810292043269232 0.43383986298076926 0.7343293629807692 0.4282377908653846
1 0.69389003125 0.44857626923076926 0.6888857307692308 0.4009635336538461 0.62556265625 0.40761905528846154 0.6305669567307692 0.4552317908653846 0.69389003125 0.44857626923076926
1 0.6440549543269231 0.47593532932692306 0.6382144278846155 0.42036641826923077 0.5538354591346154 0.4292350048076923 0.5596759879807692 0.4848039158653846 0.6440549543269231 0.47593532932692306
1 0.6402424591346154 0.17732301201923079 0.6335657019230769 0.11379792788461537 0.5492644326923076 0.1226583485576923 0.5559411875 0.1861834326923077 0.6402424591346154 0.17732301201923079
1 0.6845001322115384 0.16864931009615386 0.6786596057692308 0.11308039903846154 0.5992532475961538 0.12142634375 0.6050937740384615 0.17699525480769232 0.6845001322115384 0.16864931009615386
1 0.7390434423076923 0.16291657692307693 0.7325757451923077 0.10138053605769232 0.6618714543269231 0.10881185576923078 0.6683391514423077 0.17034789903846154 0.7390434423076923 0.16291657692307693
1 0.7713765937500001 0.17158432692307693 0.7659541802884615 0.11999350240384615 0.7100900192307692 0.12586506249999999 0.7155124350961538 0.17745588701923076 0.7713765937500001 0.17158432692307693
1 0.8139064951923077 0.17113628605769232 0.8076478533653847 0.11158928846153846 0.7605634567307693 0.1165380576923077 0.7668220985576923 0.17608505528846155 0.8139064951923077 0.17113628605769232
1 0.8343154951923076 0.1569251153846154 0.8369920721153845 0.1554259158653846 0.8405377716346153 0.15913595913461537 0.8421982115384616 0.1560966081730769 0.8461395697115385 0.15568235576923076 0.8440834687500001 0.16284600240384617 0.8547205649038462 0.17397612740384616 0.8638273293269231 0.2641778293269231 0.9047736610576924 0.2598741971153846 0.9008146466346154 0.22220668028846152 0.8582662620192308 0.17768617307692305 0.8454545336538462 0.1491646826923077 0.8413443269230769 0.11005866346153846 0.8019307451923077 0.11420119711538461 0.8015350841346154 0.11832549519230769 0.7979893870192308 0.11461544951923078 0.8027846298076924 0.16023914182692306 0.8303741370192307 0.15733936778846153 0.8299006754807692 0.14800583173076923 0.833446375 0.151715875 0.8343154951923076 0.1569251153846154
1 0.9834090504807692 0.3279022259615385 0.9765232379807693 0.2623880961538462 0.9070620985576923 0.26968875480769233 0.9139479110576924 0.3352028846153846 0.9834090504807692 0.3279022259615385
1 0.5591030600961538 0.07650208173076924 0.5520996538461538 0.009869115384615386 0.46810917307692307 0.018696870192307695 0.475112579326923 0.08532983653846153 0.5591030600961538 0.07650208173076924