1 0.7090706706730768 0.7513945504807692 0.6983281129807692 0.6639034447115384 0.5771547692307692 0.6787816610576923 0.587897326923077 0.7662727668269231 0.7090706706730768 0.7513945504807692
1 0.5411232788461539 0.6832057716346154 0.5348718317307692 0.6322918317307693 0.4555715288461538 0.6420286850961539 0.4618229759615385 0.692942625 0.5411232788461539 0.6832057716346154
1 0.3872070528846154 0.516461295673077 0.38015442788461534 0.45902228125 0.35880434615384615 0.46164374038461536 0.36585697115384613 0.5190827572115384 0.3872070528846154 0.516461295673077
1 0.3382039423076923 0.4575497115384615 0.3463849855769231 0.5241789663461538 0.37062999278846154 0.5212020528846154 0.3624489471153846 0.4545727980769231 0.3382039423076923 0.4575497115384615
1 0.34887213701923075 0.5264856442307692 0.3386148004807692 0.44294634375 0.30118754086538463 0.4475418341346154 0.311444875 0.5310811322115385 0.34887213701923075 0.5264856442307692
1 0.24573064182692306 0.4330814326923077 0.25791757692307693 0.532336048076923 0.3174186514423077 0.5250302355769231 0.30523171634615387 0.4257756201923077 0.24573064182692306 0.4330814326923077
1 0.2606287716346154 0.5240736778846153 0.24588032451923075 0.40395721394230766 0.16502917067307693 0.41388448798076927 0.17977761778846152 0.5340009495192308 0.2606287716346154 0.5240736778846153
1 0 0.4801516081730769 0.00849541346153846 0.5493411971153846 0.17877911298076923 0.5284329879807692 0.16145786778846152 0.38736277163461535 0 0.40718730528846153 0 0.4801516081730769
1 0 0.1762063485576923 0.12612578846153846 0.16072004807692306 0.11226879326923077 0.047863875 0 0.061648747596153845 0 0.1762063485576923
1 0.03064549278846154 0.08270055048076924 0.05004302884615385 0.24068081249999998 0.21613942548076923 0.2202867403846154 0.19674188701923076 0.06230647596153846 0.03064549278846154 0.08270055048076924
1 0.19869010336538462 0.17475910576923076 0.21369808653846153 0.29698932692307695 0.28462378125 0.2882807451923077 0.2696157980769231 0.16605052644230772 0.19869010336538462 0.17475910576923076
1 0.27537228365384614 0.25695248317307695 0.2850654110576923 0.33589666105769234 0.3146867091346154 0.3322596225961538 0.30499358173076924 0.2533154447115385 0.27537228365384614 0.25695248317307695
1 0.3411880745192307 0.3557793052884615 0.3337969254807692 0.29558321875 0.30102222596153844 0.2996074471153846 0.308413375 0.35980353365384615 0.3411880745192307 0.3557793052884615
1 0.33633587019230765 0.3162612644230769 0.34441535576923077 0.3820633966346154 0.37191715625 0.37868660096153844 0.36383767067307693 0.31288446875000003 0.33633587019230765 0.3162612644230769
1 0.3652785721153846 0.2630783605769231 0.3719701009615385 0.3175764975961538 0.38996000000000003 0.3153676153846154 0.38326847115384616 0.2608694783653846 0.3652785721153846 0.2630783605769231
1 0.3397372307692308 0.21276044951923076 0.3471283798076923 0.2729565360576923 0.3693572788461538 0.2702271706730769 0.3619661298076923 0.21003108413461538 0.3397372307692308 0.21276044951923076
1 0.3201768966346154 0.18465699759615387 0.3294073725961538 0.2598331778846154 0.3622337692307692 0.25580260336538463 0.3530032956730769 0.18062642307692306 0.3201768966346154 0.18465699759615387
1 0.2882520769230769 0.12551422115384614 0.2967942163461538 0.1950843533653846 0.3338079158653846 0.19053964423076925 0.3252657764423077 0.12096950961538461 0.2882520769230769 0.12551422115384614
1 0.1666579375 0.06217551682692308 0.1805149326923077 0.17503168990384615 0.3074264326923077 0.15944891826923074 0.29356943750000003 0.04659274278846153 0.1666579375 0.06217551682692308
1 0.26061225721153847 0.031608634615384615 0.2693800793269231 0.10301681490384616 0.32753708173076923 0.09587603365384616 0.3187692596153846 0.024467853365384616 0.26061225721153847 0.031608634615384615
1 0.9905198725961538 0.42297990384615386 0.9794387884615384 0.33273172355769226 0.8281788894230769 0.3513041033653846 0.8392599735576923 0.4415522836538462 0.9905198725961538 0.42297990384615386
1 0.97622609375 0.8313771177884616 0.96283175 0.7222889423076922 0.8919577524038461 0.7309911754807692 0.9053520961538462 0.8400793509615384 0.97622609375 0.8313771177884616
1 0.829691375 0.687141579326923 0.8379965456730769 0.7547817620192308 0.902512045673077 0.7468602548076924 0.8942068750000001 0.6792200721153846 0.829691375 0.687141579326923
1 0.8511283413461539 0.4420540793269231 0.8418865841346155 0.3667859951923077 0.7720464879807692 0.3753612788461539 0.7812882475961539 0.4506293629807692 0.8511283413461539 0.4420540793269231
1 0.7822135504807692 0.4581653605769231 0.7755107379807692 0.40357532211538466 0.7416504375 0.40773284374999996 0.7483532524038462 0.4623228822115385 0.7822135504807692 0.4581653605769231
1 0.7475450336538461 0.46428787740384614 0.739465548076923 0.3984857451923077 0.7077247475961539 0.4023830240384615 0.715804233173077 0.4681851586538462 0.7475450336538461 0.46428787740384614
1 0.7757909110576923 0.38833498798076926 0.7686254447115384 0.3299769471153846 0.6723691466346153 0.3417957355769231 0.6795346129807692 0.40015377403846153 0.7757909110576923 0.38833498798076926
1 0.6829136971153846 0.40160463221153847 0.6755225480769231 0.34140854567307694 0.6564987475961538 0.343744375 0.6638898966346154 0.4039404615384615 0.6829136971153846 0.40160463221153847
1 0.6596076923076922 0.42163123317307694 0.6538414663461538 0.3746690961538462 0.6390566634615384 0.37648443990384617 0.644822889423077 0.4234465769230769 0.6596076923076922 0.42163123317307694
1 0.6487929975961539 0.4382583341346154 0.6418645 0.38183024759615386 0.6259941009615384 0.3837788870192308 0.6329225985576923 0.44020697355769234 0.6487929975961539 0.4382583341346154
1 0.6353444567307692 0.45138402403846156 0.6288786105769231 0.3987239375 0.6013768125 0.40210073317307693 0.6078426586538461 0.4547608197115384 0.6353444567307692 0.45138402403846156
1 0.7972475625000001 0.29213262980769233 0.7877801201923076 0.21502649759615386 0.6703805192307691 0.22944135576923078 0.6798479639423077 0.3065474879807692 0.7972475625000001 0.29213262980769233
1 0.831774014423077 0.2669035264423077 0.8199933100961538 0.17095739903846155 0.6898767139423078 0.18693370673076923 0.7016574158653845 0.28287983653846155 0.831774014423077 0.2669035264423077
1 0.8324316778846155 0.22866800721153846 0.8171867259615385 0.10450783413461538 0.7166914278846155 0.11684710576923077 0.7319363798076922 0.2410072764423077 0.8324316778846155 0.22866800721153846
1 0.9412459302884616 0.16185330288461539 0.9213857403846154 0.00010504086538461538 0.77224534375 0.018417177884615384 0.7921055336538461 0.18016544230769233 0.9412459302884616 0.16185330288461539
1 0.7728879711538461 0.16340103125 0.7638831802884615 0.09006289903846154 0.6252885865384615 0.10708017548076923 0.6342933749999999 0.1804183076923077 0.7728879711538461 0.16340103125
1 0.7373263653846155 0.24986084134615386 0.7276219543269231 0.17082475961538462 0.6048977596153846 0.18589339423076925 0.6146021706730769 0.2649294783653846 0.7373263653846155 0.24986084134615386
1 0.6168139471153846 0 0.5867245072115385 0.003694519230769231 0.5956390240384615 0.07629743028846153 0.6711138870192308 0.06703028365384615 0.6628836033653845 0 0.6168139471153846 0
1 0.5758809350961539 0 0.5800546826923078 0.033992459134615384 0.6091590288461538 0.030418896634615385 0.6054240576923077 0 0.5758809350961539 0
1 0.6366373990384615 0.16147290865384617 0.628952860576923 0.09888736057692307 0.5595780192307692 0.10740551923076923 0.5672625600961538 0.16999106971153846 0.6366373990384615 0.16147290865384617
1 0.37590513221153843 0.9432420336538462 0.3645983653846154 0.8511558076923078 0.3082506923076923 0.8580744302884615 0.31955745913461536 0.9501606586538462 0.37590513221153843 0.9432420336538462
1 0.3411569302884615 1 0.3318172043269231 0.9239340456730769 0.27546953125 0.930852670673077 0.28395975721153843 1 0.3411569302884615 1
3 0.6920217908653845 0.6565617139423078 0.6810422644230769 0.5671406586538461 0.6167852427884615 0.5750304278846154 0.6277647668269231 0.6644514831730769 0.6920217908653845 0.6565617139423078
3 0.5622235600961538 0.5845283990384615 0.5728645576923077 0.6711923822115384 0.6277647668269231 0.6644514831730769 0.6171237692307692 0.5777875 0.5622235600961538 0.5845283990384615
3 0.6373467884615385 0.723259110576923 0.6273828413461539 0.6421092716346154 0.56627921875 0.6496118533653846 0.5762431658653846 0.7307616923076924 0.6373467884615385 0.723259110576923
3 0.6264381514423077 0.6408259471153847 0.6367406225961538 0.7247328557692309 0.6994467932692309 0.7170335072115385 0.6891443197115384 0.6331265961538463 0.6264381514423077 0.6408259471153847
3 0.4207876682692308 0.7694396971153845 0.40879256490384613 0.6717474206730769 0.3700729278846154 0.6765015937500001 0.3820680288461539 0.7741938701923077 0.4207876682692308 0.7694396971153845
3 0.5788880937499999 0.5475925576923077 0.5753335721153846 0.5186432956730769 0.54746990625 0.5220645240384616 0.5510244302884616 0.5510137860576922 0.5788880937499999 0.5475925576923077