1 0.5412472475961538 0.32879027163461544 0.5455046033653846 0.28828422596153847 0.5075884567307692 0.28429907692307693 0.5033310985576923 0.32480512500000003 0.5412472475961538 0.32879027163461544
1 0.5434019495192308 0.27465644951923074 0.5387961658653846 0.31847756971153846 0.57570225 0.3223565552884615 0.5803080360576923 0.27853543509615386 0.5434019495192308 0.27465644951923074
1 0.6146688004807692 0.29691530048076925 0.6185123966346153 0.26034590384615386 0.5880551658653845 0.25714471875 0.5842115673076923 0.2937141153846154 0.6146688004807692 0.29691530048076925
1 0.6164383725961537 0.25541459375 0.6142062548076923 0.2766517788461539 0.6790832692307693 0.28347062740384615 0.6813153870192308 0.2622334423076923 0.6164383725961537 0.25541459375
1 0.6906463581730768 0.10170439903846154 0.6949908221153845 0.060369584134615385 0.6458863028846153 0.05520849038461539 0.6415418389423077 0.09654330769230769 0.6906463581730768 0.10170439903846154
1 0.6296509543269231 0.12671565865384615 0.6348447139423077 0.07730035096153845 0.6073399663461538 0.07440948557692308 0.6021462091346154 0.12382479326923077 0.6296509543269231 0.12671565865384615
1 0.7895350769230769 0.030819437499999998 0.5690309254807693 0.007643516826923076 0.5634778509615385 0.06047749278846153 0.6393101442307692 0.0684477860576923 0.6443079134615384 0.020897209134615385 0.7080153870192307 0.02763241346153846 0.7040996538461539 0.06488813461538462 0.785059951923077 0.07339740625 0.7895350769230769 0.030819437499999998
1 0.10154787740384616 0.8051260913461539 0.10959438942307692 0.728568625 0.04798065144230769 0.7220927596153845 0.03993413701923077 0.7986502259615385 0.10154787740384616 0.8051260913461539
1 0.16262538461538462 0.8428629903846154 0.17106387980769233 0.7625760673076923 0.09732940625 0.7548262596153846 0.08889091105769231 0.8351131826923077 0.16262538461538462 0.8428629903846154
1 0.2369631298076923 0.9076550024038461 0.24733975721153845 0.8089279879807693 0.13537834855769232 0.7971603677884616 0.12500172115384614 0.8958873846153845 0.2369631298076923 0.9076550024038461
1 0.21111822596153845 0.9629648028846154 0.22463070673076924 0.8344021274038462 0.11437863221153846 0.8228141658653846 0.10086615144230769 0.9513768413461539 0.21111822596153845 0.9629648028846154
1 0.39899380528846157 0.957259391826923 0.41312692548076924 0.8227917427884616 0.2339575889423077 0.8039602884615384 0.21982447115384615 0.9384279375000001 0.39899380528846157 0.957259391826923
1 0.51092059375 1 0.5199987427884616 0.9136271658653846 0.3270770360576923 0.8933502764423077 0.31782191105769225 0.9814069014423077 0.49472342067307695 1 0.51092059375 1