1 0 0.4198980576923077 0.43258858653846155 0.3820514615384615 0.4010491033653846 0.021553504807692307 0 0.0566407548076923 0 0.4198980576923077
1 0.80427025 0.49985555048076924 0.7651264278846154 0.05243960576923078 0.24134593509615382 0.09826446153846155 0.28048975721153846 0.54568040625 0.80427025 0.49985555048076924
1 0.5453446778846154 0 0.5636273653846154 0.20897206009615385 0.7653567908653846 0.1913230216346154 0.7792254495192308 0.3498425048076923 0.9727051370192308 0.33291522355769226 0.9535526634615384 0.11400143990384616 0.952385247596154 0.11410357451923077 0.9424024783653846 0 0.5453446778846154 0
1 1 0.7812423413461538 0.774774860576923 0.8009469879807691 0.7896458076923077 0.9709227067307692 1 0.9525190985576923 1 0.7812423413461538
1 0.43434341346153843 1 0.8578820552884616 0.9629451706730769 0.8473144206730769 0.8421565625 0.3919444855769231 0.8819962692307691 0.4022684735576923 1 0.43434341346153843 1
1 0.4024312572115385 0.5805602331730769 0.398639983173077 0.5372257620192308 0.3113172908653846 0.5448655072115385 0.31510856730769227 0.5881999783653846 0.4024312572115385 0.5805602331730769
1 0.4850064591346154 0.5733358389423077 0.4805506225961539 0.5224053846153847 0.39206051442307693 0.5301472644230769 0.39651635336538466 0.58107771875 0.4850064591346154 0.5733358389423077
1 0.6834726682692308 0.4780507788461538 0.6798339158653846 0.4364596514423077 0.6279228341346154 0.44100128365384617 0.6315615841346154 0.4825924110576923 0.6834726682692308 0.4780507788461538
1 0.7925451778846154 0.4608540456730769 0.7884161754807693 0.41365932211538464 0.718838201923077 0.4197466057692308 0.7229672043269232 0.46694132932692306 0.7925451778846154 0.4608540456730769
1 0.8424591586538461 0.46037693990384615 0.8383301538461538 0.4131822163461539 0.7899213197115384 0.41741743990384617 0.7940503221153846 0.46461216346153844 0.8424591586538461 0.46037693990384615
1 0.8902890216346153 0.45042040625 0.8866611634615384 0.40895380048076924 0.8312478341346154 0.4138018389423077 0.8348756899038462 0.4552684423076923 0.8902890216346153 0.45042040625
1 0.9187817259615384 0.44980977884615386 0.9156441177884616 0.41394676923076923 0.8873148317307693 0.4164252620192308 0.8904524375 0.4522882692307692 0.9187817259615384 0.44980977884615386
1 0.9654424639423076 0.45338162019230765 0.9609866274038462 0.4024511658653846 0.9138230336538461 0.40657744471153845 0.9182788725961538 0.4575078990384615 0.9654424639423076 0.45338162019230765
1 0.5659365961538462 0.5473082692307693 0.56296240625 0.513313125 0.4874695264423077 0.5199178966346154 0.49044371634615386 0.5539130408653846 0.5659365961538462 0.5473082692307693