1 0.9894270841346154 0.8429629639423077 0.9894270841346154 0.6951851850961539 0.8103645841346154 0.6951851850961539 0.8103645841346154 0.8429629639423077 0.9894270841346154 0.8429629639423077
1 0.9958333341346154 0.9021296298076924 0.9958333341346154 0.7634259254807693 0.8960416658653846 0.7634259254807693 0.8960416658653846 0.9021296298076924 0.9958333341346154 0.9021296298076924
1 0.9280208341346154 0.7679629639423078 0.9280208341346154 0.658796295673077 0.7489583341346153 0.658796295673077 0.7489583341346153 0.7679629639423078 0.9280208341346154 0.7679629639423078
1 0.7694270841346154 0.7247222211538461 0.7694270841346154 0.6497222211538461 0.7131770841346154 0.6497222211538461 0.7131770841346154 0.7247222211538461 0.7694270841346154 0.7247222211538461
1 0.7297916658653846 0.6951851850961539 0.7297916658653846 0.62240740625 0.6760937499999999 0.62240740625 0.6760937499999999 0.6951851850961539 0.7297916658653846 0.6951851850961539
1 0.68375 0.6770370360576923 0.68375 0.5951851850961538 0.6543229158653846 0.5951851850961538 0.6543229158653846 0.6770370360576923 0.68375 0.6770370360576923
1 0.6641145841346153 0.64740740625 0.6641145841346153 0.60009259375 0.6342708341346154 0.60009259375 0.6342708341346154 0.64740740625 0.6641145841346153 0.64740740625
1 0.6449479158653847 0.6361111105769232 0.6449479158653847 0.5887037043269231 0.6140625 0.5887037043269231 0.6140625 0.6361111105769232 0.6449479158653847 0.6361111105769232
1 0.8538541658653845 0.2533333341346154 0.8538541658653845 0.18129629567307692 0.7025 0.18129629567307692 0.7025 0.2533333341346154 0.8538541658653845 0.2533333341346154
1 0.7536458341346154 0.1282407403846154 0.7536458341346154 0.05435185096153846 0.5863541658653847 0.05435185096153846 0.5863541658653847 0.1282407403846154 0.7536458341346154 0.1282407403846154
1 0.6761458341346154 0.17185185096153846 0.6761458341346154 0.10870370432692307 0.5555208341346154 0.10870370432692307 0.5555208341346154 0.17185185096153846 0.6761458341346154 0.17185185096153846
1 0.6946354158653846 0.2928703701923077 0.6946354158653846 0.24555555528846154 0.5969791658653846 0.24555555528846154 0.5969791658653846 0.2928703701923077 0.6946354158653846 0.2928703701923077
1 0.7131770841346154 0.2995370360576923 0.7131770841346154 0.25611111057692304 0.6961458341346154 0.25611111057692304 0.6961458341346154 0.2995370360576923 0.7131770841346154 0.2995370360576923
1 0.8915104158653846 0.3587037043269231 0.8915104158653846 0.2876851850961538 0.7997395841346153 0.2876851850961538 0.7997395841346153 0.3587037043269231 0.8915104158653846 0.3587037043269231
1 0.9918750000000001 0.30620370432692307 0.9918750000000001 0.21777777884615385 0.9016145841346154 0.21777777884615385 0.9016145841346154 0.30620370432692307 0.9918750000000001 0.30620370432692307
1 0.2453125 0.38101851923076924 0.2453125 0.28777777884615385 0.15453124999999998 0.28777777884615385 0.15453124999999998 0.38101851923076924 0.2453125 0.38101851923076924
1 0.1596354158653846 0.35370370432692305 0.1596354158653846 0.21731481490384616 0.0240625 0.21731481490384616 0.0240625 0.35370370432692305 0.1596354158653846 0.35370370432692305
1 0.025364584134615384 0.010370370192307691 0.025364584134615384 0.13092592548076923 0.16729166586538463 0.13092592548076923 0.16729166586538463 0.010370370192307691 0.025364584134615384 0.010370370192307691
1 0.2261458341346154 0.2241666658653846 0.2261458341346154 0.07861111057692308 0.12380208413461538 0.07861111057692308 0.12380208413461538 0.2241666658653846 0.2261458341346154 0.2241666658653846
1 0.2772916658653846 0.2673148149038461 0.2772916658653846 0.1695370360576923 0.2133333341346154 0.1695370360576923 0.2133333341346154 0.2673148149038461 0.2772916658653846 0.2673148149038461
1 0.2542708341346154 0.1286111105769231 0.2542708341346154 0.20370370432692309 0.3028645841346154 0.20370370432692309 0.3028645841346154 0.1286111105769231 0.2542708341346154 0.1286111105769231
1 0.22484374999999998 0.008148149038461538 0.22484374999999998 0.12185185096153847 0.2849479158653846 0.12185185096153847 0.2849479158653846 0.008148149038461538 0.22484374999999998 0.008148149038461538
1 0.2715104158653846 0.16240740625 0.2715104158653846 0.26759259375 0.32921875 0.26759259375 0.32921875 0.16240740625 0.2715104158653846 0.16240740625
1 0.32109374999999996 0.23472222115384614 0.32109374999999996 0.2912962956730769 0.34697916586538463 0.2912962956730769 0.34697916586538463 0.23472222115384614 0.32109374999999996 0.23472222115384614
1 0.2559895841346154 0.10842592548076922 0.2559895841346154 0.1728703701923077 0.3484895841346154 0.1728703701923077 0.3484895841346154 0.10842592548076922 0.2559895841346154 0.10842592548076922
1 0.27223958413461535 0.0005555552884615385 0.27223958413461535 0.06240740625 0.33145833413461534 0.06240740625 0.33145833413461534 0.0005555552884615385 0.27223958413461535 0.0005555552884615385
1 0.3869791658653846 0.0728703701923077 0.3869791658653846 0.030833334134615385 0.3225520841346154 0.030833334134615385 0.3225520841346154 0.0728703701923077 0.3869791658653846 0.0728703701923077
1 0.33661458413461537 0.12814814903846153 0.33661458413461537 0.17685185096153846 0.3817708341346154 0.17685185096153846 0.3817708341346154 0.12814814903846153 0.33661458413461537 0.12814814903846153
1 0.33218749999999997 0.0728703701923077 0.33218749999999997 0.14129629567307694 0.3803125 0.14129629567307694 0.3803125 0.0728703701923077 0.33218749999999997 0.0728703701923077
1 0.33515625000000004 0.2308333341346154 0.33515625000000004 0.2991666658653846 0.3699479158653846 0.2991666658653846 0.3699479158653846 0.2308333341346154 0.33515625000000004 0.2308333341346154
1 0.26854166586538464 0.37814814903846156 0.26854166586538464 0.42685185096153844 0.3084895841346154 0.42685185096153844 0.3084895841346154 0.37814814903846156 0.26854166586538464 0.37814814903846156
1 0.3344270841346154 0.42685185096153844 0.3344270841346154 0.3887037043269231 0.3026041658653846 0.3887037043269231 0.3026041658653846 0.42685185096153844 0.3344270841346154 0.42685185096153844
1 0.3529166658653846 0.44657407451923076 0.3529166658653846 0.40055555528846154 0.32921875 0.40055555528846154 0.32921875 0.44657407451923076 0.3529166658653846 0.44657407451923076
1 0.36921875 0.4531481490384615 0.36921875 0.4162962956730769 0.34625 0.4162962956730769 0.34625 0.4531481490384615 0.36921875 0.4531481490384615
1 0.35812499999999997 0.42555555528846156 0.35812499999999997 0.45972222115384614 0.37958333413461537 0.45972222115384614 0.37958333413461537 0.42555555528846156 0.35812499999999997 0.42555555528846156
1 0.3884375 0.46499999999999997 0.3884375 0.42555555528846156 0.37067708413461536 0.42555555528846156 0.37067708413461536 0.46499999999999997 0.3884375 0.46499999999999997
1 0.32109374999999996 0.2834259254807692 0.32109374999999996 0.32685185096153846 0.3921354158653846 0.32685185096153846 0.3921354158653846 0.2834259254807692 0.32109374999999996 0.2834259254807692
1 0.48750000000000004 0.5732407403846154 0.48750000000000004 0.5495370360576923 0.46234375 0.5495370360576923 0.46234375 0.5732407403846154 0.48750000000000004 0.5732407403846154
1 0.5369270841346154 0.5651851850961539 0.5369270841346154 0.5460185192307693 0.5127604158653847 0.5460185192307693 0.5127604158653847 0.5651851850961539 0.5369270841346154 0.5651851850961539
1 0.3692708341346154 0.696388889423077 0.3692708341346154 0.6591666658653845 0.35078125000000004 0.6591666658653845 0.35078125000000004 0.696388889423077 0.3692708341346154 0.696388889423077
1 0.38718749999999996 0.6744444447115385 0.38718749999999996 0.6460185192307691 0.361875 0.6460185192307691 0.361875 0.6744444447115385 0.38718749999999996 0.6744444447115385
1 0.34895833413461536 0.7391666658653846 0.34895833413461536 0.6942592596153846 0.3218229158653846 0.6942592596153846 0.3218229158653846 0.7391666658653846 0.34895833413461536 0.7391666658653846
1 0.33661458413461537 0.77759259375 0.33661458413461537 0.7051851850961538 0.29343749999999996 0.7051851850961538 0.29343749999999996 0.77759259375 0.33661458413461537 0.77759259375
1 0.31932291586538464 0.7907407403846154 0.31932291586538464 0.73259259375 0.27984375 0.73259259375 0.27984375 0.7907407403846154 0.31932291586538464 0.7907407403846154
1 0.2679166658653846 0.8955555552884615 0.2679166658653846 0.8084259254807692 0.21567708413461537 0.8084259254807692 0.21567708413461537 0.8955555552884615 0.2679166658653846 0.8955555552884615
1 0.23276041586538462 0.9675925937500001 0.23276041586538462 0.8350000000000001 0.14109375 0.8350000000000001 0.14109375 0.9675925937500001 0.23276041586538462 0.9675925937500001
1 0.18052083413461537 0.9922222211538462 0.18052083413461537 0.9505555552884615 0.1261458341346154 0.9505555552884615 0.1261458341346154 0.9922222211538462 0.18052083413461537 0.9922222211538462
1 0.1053125 0.6488888894230769 0.1053125 0.6242592596153845 0.080625 0.6242592596153845 0.080625 0.6488888894230769 0.1053125 0.6488888894230769
1 0.12328125 0.6425 0.12328125 0.61509259375 0.10067708413461539 0.61509259375 0.10067708413461539 0.6425 0.12328125 0.6425
1 0.06723958413461538 0.6589814807692308 0.06723958413461538 0.6379629639423077 0.03848958413461538 0.6379629639423077 0.03848958413461538 0.6589814807692308 0.06723958413461538 0.6589814807692308
1 0.8541666658653846 0.5110185192307692 0.8541666658653846 0.4620370360576923 0.81328125 0.4620370360576923 0.81328125 0.5110185192307692 0.8541666658653846 0.5110185192307692
1 0.8209375 0.50490740625 0.8209375 0.4693518509615385 0.7797916658653846 0.4693518509615385 0.7797916658653846 0.50490740625 0.8209375 0.50490740625
1 0.7885416658653847 0.5058333341346154 0.7885416658653847 0.47018518509615387 0.76234375 0.47018518509615387 0.76234375 0.5058333341346154 0.7885416658653847 0.5058333341346154
1 0.7674479158653846 0.5076851850961538 0.7674479158653846 0.47481481490384614 0.72375 0.47481481490384614 0.72375 0.5076851850961538 0.7674479158653846 0.5076851850961538
1 0.7258333341346154 0.50490740625 0.7258333341346154 0.47842592548076923 0.69140625 0.47842592548076923 0.69140625 0.50490740625 0.7258333341346154 0.50490740625
1 0.9859895841346155 0.5012037043269231 0.9859895841346155 0.45472222115384614 0.9204166658653846 0.45472222115384614 0.9204166658653846 0.5012037043269231 0.9859895841346155 0.5012037043269231
1 0.8034895841346154 0.37435185096153845 0.8034895841346154 0.33379629567307695 0.7615625 0.33379629567307695 0.7615625 0.37435185096153845 0.8034895841346154 0.37435185096153845
1 0.7689583341346153 0.3929629639423077 0.7689583341346153 0.3501851850961539 0.7294791658653845 0.3501851850961539 0.7294791658653845 0.3929629639423077 0.7689583341346153 0.3929629639423077