1 0 0.36946165865384617 0.4155251826923077 0.31844158173076925 0.37867493990384615 0.018320439903846155 0 0.064815875 0 0.36946165865384617
1 0 0.3972417860576923 0.013823266826923078 0.5098232596153847 0.6133056346153846 0.43621608173076926 0.5817110072115385 0.1788984903846154 0 0.2503236225961538 0 0.3972417860576923
1 0.5693113004807693 0.27663817307692307 0.5873327307692308 0.42341093509615385 0.7185349254807692 0.4073013293269231 0.7005134951923077 0.2605285673076923 0.5693113004807693 0.27663817307692307
1 0.7701384855769231 0.4192263245192308 0.7573879062500001 0.31538118509615387 0.6952762283653846 0.32300753846153846 0.7080268100961539 0.4268526802884616 0.7701384855769231 0.4192263245192308
1 0.8158167307692307 0.41815153605769234 0.8050160600961539 0.33018713461538457 0.7612819951923077 0.33555700240384617 0.7720826658653847 0.42352140384615383 0.8158167307692307 0.41815153605769234
1 0.850727889423077 0.4345189375 0.8402014230769231 0.3487877620192308 0.7964673581730769 0.35415762980769233 0.8069938245192307 0.4398888052884615 0.850727889423077 0.4345189375
1 0.8650498028846154 0.43641264903846155 0.8563970793269231 0.36594187259615385 0.8308855408653847 0.3690742956730769 0.839538264423077 0.4395450721153846 0.8650498028846154 0.43641264903846155
1 0.8865291201923077 0.4337753221153846 0.8790341562499999 0.3727337331730769 0.8516615937500001 0.3760946610576923 0.8591565600961538 0.43713625 0.8865291201923077 0.4337753221153846
1 0.8583453197115385 0.617076360576923 0.8448787596153846 0.5074000096153847 0.7841628485576924 0.5148549879807692 0.7976294110576923 0.6245313365384615 0.8583453197115385 0.617076360576923
1 0.806219014423077 0.6457678221153846 0.7904369326923076 0.51723309375 0.7257663485576923 0.5251736442307693 0.7415484278846154 0.6537083701923077 0.806219014423077 0.6457678221153846
1 0.7508474903846154 0.7050830384615385 0.7302515697115385 0.5373427403846154 0.6234753173076922 0.5504532139423077 0.6302085985576924 0.6052913894230769 0.28739246153846154 0.6473839182692308 0.31164446153846154 0.8449006033653846 0.6544605961538461 0.8028080745192308 0.644071235576923 0.718193514423077 0.7508474903846154 0.7050830384615385
1 0.14287101201923078 1 0.48081292548076926 0.9585059495192307 0.44443492788461536 0.6622309230769231 0.03004690865384615 0.713111375 0.06527240384615385 1 0.14287101201923078 1
1 0.7849177524038461 0.9505102956730769 0.7699582908653846 0.8286752548076923 0.4921229110576923 0.8627891514423076 0.5070823725961539 0.9846241899038461 0.7849177524038461 0.9505102956730769
1 0.8149535552884615 0.891913076923077 0.8005425048076924 0.7745444951923077 0.6510402403846154 0.7929010649038462 0.6654512908653847 0.9102696466346154 0.8149535552884615 0.891913076923077
1 0.8514915985576923 0.8163973269230769 0.8395788701923077 0.7193759399038462 0.6731723052884615 0.7398080985576924 0.6850850336538462 0.8368294831730769 0.8514915985576923 0.8163973269230769
1 0.8975093221153846 0.745007045673077 0.8908369759615385 0.6906651442307693 0.8309740360576924 0.6980153894230768 0.8376463822115384 0.7523572908653846 0.8975093221153846 0.745007045673077
1 0.9218738629807692 0.7133014254807691 0.9164049759615385 0.6687609182692308 0.8660797860576923 0.6749400745192309 0.8715486730769231 0.7194805817307692 0.9218738629807692 0.7133014254807691
1 0.9353824326923077 0.6829287524038462 0.9291061610576924 0.631812625 0.8998725745192308 0.6354020576923076 0.9061488461538462 0.6865181850961538 0.9353824326923077 0.6829287524038462
1 1 0.5590051442307693 0.9900550264423077 0.560226233173077 0.9944727908653845 0.5962060312499999 1 0.595527375 1 0.5590051442307693
1 0.4837783341346154 0 0.3960873341346154 0.010767100961538462 0.4143677355769231 0.15964902403846154 0.7294235961538462 0.12096502884615384 0.7145709591346154 0 0.4837783341346154 0
1 0.4956192692307692 0.10597185096153847 0.5098932163461538 0.22222381971153846 0.7898222475961538 0.18785285576923078 0.7755483028846153 0.07160088701923077 0.4956192692307692 0.10597185096153847
1 0.6475085865384614 0 0.6558165769230769 0.06766316346153846 0.7896552211538462 0.05122984375 0.7833649879807693 0 0.6475085865384614 0
1 0.8385973798076923 0.14597148557692308 0.8300969951923077 0.07674138942307693 0.7884565817307692 0.08185418990384616 0.7969569687500001 0.15108428365384616 0.8385973798076923 0.14597148557692308
1 0.8696787115384615 0.1766623894230769 0.8623056153846154 0.11661334615384616 0.7324991899038462 0.13255157211538462 0.7398722860576924 0.19260061298076922 0.8696787115384615 0.1766623894230769
1 0.6173225649038462 0.17981536778846152 0.6283822067307692 0.2698889326923077 0.8210757379807692 0.2462291418269231 0.81001609375 0.1561555769230769 0.6173225649038462 0.17981536778846152
1 0.847879735576923 0.27605990865384616 0.83714 0.18859177884615383 0.7571935096153847 0.1984079735576923 0.7679332451923078 0.2858761033653846 0.847879735576923 0.27605990865384616
1 0.8002845649038461 0.24613726201923078 0.8068655096153846 0.2997347548076923 0.8706055841346154 0.2919084591346154 0.864024639423077 0.23831096634615384 0.8002845649038461 0.24613726201923078
1 0.89610109375 0.3245446009615385 0.88904790625 0.26710099278846156 0.8637689951923077 0.27020485336538463 0.8708221826923077 0.32764846153846156 0.89610109375 0.3245446009615385
1 0.884773670673077 0.28613879567307693 0.8916745216346154 0.34234172115384615 0.9129212139423076 0.33973295673076925 0.906020360576923 0.28353003125 0.884773670673077 0.28613879567307693
1 0.8564095264423077 0.19680463221153846 0.8602636442307693 0.22819390384615384 0.8986472668269231 0.22348098798076924 0.8947931490384615 0.19209171634615385 0.8564095264423077 0.19680463221153846