1 0.7662051923076922 0 0.7884699134615385 0.1145420625 0.9275848894230769 0.08750085096153846 0.9105764471153847 0 0.7662051923076922 0
1 0.89913778125 0.16443490384615386 0.8734669038461539 0.03236968990384615 0.6935019182692308 0.06735133894230769 0.7191727956730769 0.19941655288461538 0.89913778125 0.16443490384615386
1 0.9032491394230769 0.20796877884615383 0.886270670673077 0.12062213701923077 0.6676029927884616 0.16312682932692307 0.6845814591346154 0.25047347115384616 0.9032491394230769 0.20796877884615383
1 0.6867592427884616 0.2777818846153846 0.6732082716346154 0.20806817548076922 0.6412542620192307 0.21427940384615385 0.654805235576923 0.28399311298076924 0.6867592427884616 0.2777818846153846
1 0.6612982764423077 0.3135754735576923 0.6484893389423078 0.24767920432692309 0.6172511009615385 0.2537513028846154 0.6300600384615385 0.3196475721153846 0.6612982764423077 0.3135754735576923
1 0.6371356466346154 0.32902533173076925 0.6275951971153847 0.2799439735576923 0.5999869326923076 0.28531047596153847 0.6095273822115385 0.3343918365384615 0.6371356466346154 0.32902533173076925
1 0.7279445240384615 0.12498644951923077 0.7123794567307692 0.044911120192307696 0.5772523389423078 0.07117717067307693 0.59281740625 0.15125249999999998 0.7279445240384615 0.12498644951923077
1 0.7371234975961538 0.16074383413461538 0.725074264423077 0.09875589663461538 0.5688830625 0.12911638942307693 0.580932298076923 0.1911043269230769 0.7371234975961538 0.16074383413461538
1 0.5820344182692307 0.1694781826923077 0.5694728245192308 0.10485439182692308 0.5469260745192307 0.10923703605769232 0.5594876682692308 0.17386082692307692 0.5820344182692307 0.1694781826923077
1 0.5691861947115384 0.20819666346153848 0.5558825649038461 0.1397554326923077 0.5413626658653846 0.14257781490384616 0.5546662932692308 0.21101904567307692 0.5691861947115384 0.20819666346153848
1 0.5610452019230769 0.22854990865384617 0.5535011802884615 0.18973927884615385 0.5360670745192307 0.19312812740384616 0.5436110961538462 0.2319387548076923 0.5610452019230769 0.22854990865384617
1 0.6022870841346154 0 0.5825218293269231 0.0038419759615384618 0.6052952355769231 0.12100099759615385 0.8145045288461539 0.08033483173076922 0.7988890192307692 0 0.6022870841346154 0
1 0.03768162740384615 0.25067065865384613 0.05358237740384615 0.3324729230769231 0.270153875 0.29037568990384616 0.254253125 0.20857342307692306 0.03768162740384615 0.25067065865384613
1 0 0.26950295192307694 0.22920930769230768 0.22494917548076923 0.21185982211538462 0.13569381249999998 0 0.1768751923076923 0 0.26950295192307694
1 0 0.20394664423076922 0.18553877644230768 0.16788156009615385 0.16601618750000002 0.06744655528846154 0 0.09971683413461538 0 0.20394664423076922
1 0.16932626201923076 0.09566678365384615 0.18054512259615382 0.15338282692307692 0.28095740384615386 0.13386465625 0.2697385408653846 0.07614861298076923 0.16932626201923076 0.09566678365384615
1 0.14989417307692307 0.06284565865384616 0.15712018028846153 0.10002024278846154 0.2523175673076923 0.08151574759615385 0.2450915576923077 0.044341161057692306 0.14989417307692307 0.06284565865384616
1 0.6138784326923077 0.36005157451923075 0.6051506875 0.3151512211538462 0.5896082572115385 0.31817236298076923 0.5983360024038462 0.36307271634615385 0.6138784326923077 0.36005157451923075
1 0.6020549375 0.3731972764423077 0.5946522548076923 0.33511377884615384 0.5807458701923077 0.33781690625 0.5881485528846153 0.37590040384615386 0.6020549375 0.3731972764423077
1 0.5914584735576923 0.38610446875000004 0.5847801586538461 0.35174751682692307 0.5713339110576923 0.35436120192307696 0.5780122259615385 0.3887181538461538 0.5914584735576923 0.38610446875000004
1 0.5814450408653846 0.4020110721153846 0.5740423581730769 0.36392757451923075 0.5580909158653846 0.36702821875 0.5654935985576923 0.40511171875 0.5814450408653846 0.4020110721153846
1 0.5807341514423077 0.31291721875 0.5737731586538461 0.27710600721153844 0.5447333557692308 0.28275077163461537 0.5516943485576923 0.31856198557692306 0.5807341514423077 0.31291721875
1 0.5736710432692308 0.32598652403846157 0.5685828028846154 0.2998098004807692 0.5408211586538462 0.3052061177884615 0.5459093990384616 0.33138284134615387 0.5736710432692308 0.32598652403846157
1 0.5969047860576923 0.3376943485576923 0.5906681586538461 0.3056096826923077 0.5351448701923076 0.3164023173076923 0.5413814975961538 0.3484869831730769 0.5969047860576923 0.3376943485576923
1 0.59586009375 0.24715617307692309 0.5893231177884615 0.21352635096153844 0.5140650360576923 0.22815504086538463 0.5206020096153846 0.2617848629807692 0.59586009375 0.24715617307692309
1 0.622237420673077 0.2234467908653846 0.6148170721153846 0.1852724014423077 0.5193640552884615 0.20382658894230768 0.5267844038461539 0.24200097596153844 0.622237420673077 0.2234467908653846
1 0.6013509567307692 0 0.5716660504807692 0.06371592067307692 0.5711916274038461 0.067827625 0.5701727475961539 0.06692115384615385 0.5686330865384616 0.06832495432692308 0.5686794447115384 0.07012638701923077 0.5660745408653847 0.0688222860576923 0.5328134735576924 0.07528758173076923 0.49429218269230774 0.000051795673076923076 0.5097865793269231 0.0797635576923077 0.5302549278846154 0.07578491346153846 0.5507598269230769 0.10858919951923077 0.520893798076923 0.1726938846153846 0.5219840817307693 0.17539692067307694 0.5194004951923077 0.17589912019230772 0.5302836754807692 0.2318882283653846 0.6077913221153847 0.2168222668269231 0.5969081418269231 0.1608331610576923 0.5633214951923077 0.16736174278846153 0.5522531298076923 0.10538396634615385 0.5671861442307692 0.07333162259615385 0.5737501706730769 0.06733029326923078 0.6274795889423077 0.05688635336538461 0.6164220024038461 0 0.6013509567307692 0
1 0.537524516826923 0 0.5417728197115385 0.021855622596153847 0.6339537475961539 0.003937463942307692 0.6331883822115384 0 0.537524516826923 0
1 0.5694326322115384 0.1322166346153846 0.5616766009615385 0.0923153076923077 0.5066645745192307 0.1030085625 0.5144206081730769 0.14290988942307692 0.5694326322115384 0.1322166346153846
1 0.535726420673077 0.10839560817307693 0.5288184278846153 0.07285706971153846 0.4678246153846154 0.08471306730769232 0.47473260817307694 0.12025160336538462 0.535726420673077 0.10839560817307693
1 0.5347827139423077 0.05877512019230769 0.5282457403846154 0.025145300480769232 0.46658728125000004 0.03713049038461538 0.4731242572115385 0.07076031009615384 0.5347827139423077 0.05877512019230769
1 0.4712660144230769 0 0.4689034639423077 0.00045923317307692305 0.47726018990384617 0.043450867788461536 0.5515468725961539 0.029010997596153845 0.5459077067307693 0 0.4712660144230769 0