1 0.8787039375 0.2280139471153846 0.8983892235576924 0.06769017067307692 0.7270199254807692 0.04664866826923077 0.7073346418269231 0.20697244230769232 0.8787039375 0.2280139471153846
1 0.8299922379807693 0.2862616538461538 0.8430931923076923 0.1795629423076923 0.6852938629807692 0.1601876201923077 0.6721929086538462 0.26688633173076926 0.8299922379807693 0.2862616538461538
1 0.6664574975961539 0.3424450096153846 0.6805063245192307 0.22802649278846154 0.6443714423076923 0.22358968750000002 0.6303226129807692 0.3380082043269231 0.6664574975961539 0.3424450096153846
1 0.6208924975961538 0.3782701778846154 0.6308959399038462 0.2967986802884615 0.6036009206730769 0.29344727403846155 0.5935974783653847 0.37491877163461534 0.6208924975961538 0.3782701778846154
1 0.5939720264423077 0.40840849038461535 0.60302759375 0.33465679567307693 0.5836419278846153 0.3322765360576923 0.5745863581730769 0.40602822836538466 0.5939720264423077 0.40840849038461535
1 0.5738041322115385 0.42650217548076924 0.5807269879807693 0.37012003846153846 0.5596353822115385 0.36753031490384613 0.5527125264423077 0.4239124519230769 0.5738041322115385 0.42650217548076924
1 0.6317842115384615 0.24597252884615387 0.6390963701923076 0.1864197596153846 0.5932686538461538 0.1807928221153846 0.5859564927884615 0.24034559134615385 0.6317842115384615 0.24597252884615387
1 0.6227091129807693 0.29103578125 0.6298350841346154 0.23299940144230769 0.5760204711538461 0.22639179567307693 0.5688945 0.2844281778846154 0.6227091129807693 0.29103578125
1 0.7359286490384616 0.126664125 0.7440024927884615 0.0609079423076923 0.6497106081730769 0.04933035576923077 0.6416367644230768 0.11508653846153846 0.7359286490384616 0.126664125
1 0.6689649182692308 0.0309845625 0.6658843317307692 0.05607392307692308 0.7522668629807693 0.06668036298076924 0.7553474495192307 0.0415910048076923 0.6689649182692308 0.0309845625
1 0.6846739615384615 0.07741174038461537 0.6910213221153847 0.025716627403846153 0.6152621346153846 0.01641456971153846 0.6089147740384615 0.06810968269230769 0.6846739615384615 0.07741174038461537
1 0.649288170673077 0.1399543701923077 0.6583437403846154 0.06620267788461538 0.591346875 0.05797649759615385 0.5822913052884615 0.13172818990384616 0.649288170673077 0.1399543701923077
1 0.6432731153846153 0.17419879326923077 0.6501959711538461 0.11781665865384615 0.5831991057692307 0.10959047836538462 0.57627625 0.16597261298076924 0.6432731153846153 0.17419879326923077
1 0.6105385336538461 0.20040478605769232 0.6159210961538462 0.1565673341346154 0.5656734471153846 0.15039769711538462 0.5602908846153846 0.19423515144230769 0.6105385336538461 0.20040478605769232
1 0.58812928125 0.2373939423076923 0.5927501586538462 0.1997599014423077 0.5486283822115385 0.1943424278846154 0.5440075024038461 0.23197646875 0.58812928125 0.2373939423076923
1 0.5889674903846154 0.2741590264423077 0.5947393581730769 0.22715093749999998 0.5330153942307693 0.2195721875 0.5272435288461538 0.2665802764423077 0.5889674903846154 0.2741590264423077
1 0.17768625240384614 0.008864540865384615 0.1624864375 0.1326571033653846 0.22599388221153843 0.14045483894230767 0.24119369711538463 0.016662274038461537 0.17768625240384614 0.008864540865384615
1 0.21408818990384615 0.12779844711538463 0.2029168341346154 0.21878184615384616 0.24874455048076924 0.22440878125 0.25991590625 0.1334253846153846 0.21408818990384615 0.12779844711538463
1 0.22670290384615385 0.19301636298076924 0.21534535817307693 0.2855161514423077 0.2682294591346154 0.29200950240384616 0.27958700480769233 0.1995097139423077 0.22670290384615385 0.19301636298076924
1 0.2579314783653846 0.1713831418269231 0.24946832932692306 0.24030995913461536 0.30591939182692307 0.2472412764423077 0.31438254086538464 0.17831446153846153 0.2579314783653846 0.1713831418269231
1 0.2855758653846154 0.3545899615384615 0.2950038125 0.2778054903846154 0.25972189903846155 0.2734734158653846 0.2502939519230769 0.3502578870192308 0.2855758653846154 0.3545899615384615
1 0.2789066201923077 0.3140304158653846 0.2719837644230769 0.3704125528846154 0.30284574519230767 0.37420192548076925 0.30976860096153847 0.3178197908653846 0.2789066201923077 0.3140304158653846
1 0.2980648701923077 0.22402768750000002 0.2907527091346154 0.28358045673076926 0.3127748269230769 0.2862844326923077 0.3200869879807692 0.22673166346153847 0.2980648701923077 0.22402768750000002
1 0.30486547596153846 0.2853132860576923 0.30082009134615384 0.31826030528846155 0.32020575721153843 0.3206405649038461 0.32425114182692305 0.2876935456730769 0.30486547596153846 0.2853132860576923
1 0.3113715432692308 0.14450102884615385 0.3050072548076923 0.19633399278846156 0.33144930528846156 0.19958066826923077 0.33781359375 0.14774770432692308 0.3113715432692308 0.14450102884615385
1 0.30258434134615386 0.0846506875 0.2925808990384616 0.16612218509615387 0.31910049278846153 0.16937838221153845 0.3291039350961539 0.08790688461538461 0.30258434134615386 0.0846506875
1 0.21705579326923077 0.031190002403846152 0.2053258701923077 0.12672256971153845 0.3040376850961538 0.13884285576923078 0.3157676105769231 0.04331028846153846 0.21705579326923077 0.031190002403846152
1 0.18412707692307692 0 0.17872757932692307 0.04397538221153847 0.2977555745192308 0.05859018269230769 0.3049495456730769 0 0.18412707692307692 0
1 0.3255174423076923 0.05878047596153846 0.31781597596153843 0.12150387980769231 0.3354181634615384 0.12366515624999999 0.34311962740384616 0.06094175240384615 0.3255174423076923 0.05878047596153846
1 0.33259552163461537 0.12485782932692308 0.3264343509615385 0.17503655048076924 0.3449670480769231 0.17731207932692308 0.3511282211538462 0.12713335817307692 0.33259552163461537 0.12485782932692308
1 0.3397936850961539 0.03674494951923077 0.3328708293269231 0.09312708653846154 0.36202687259615385 0.096707 0.36894972836538464 0.04032486298076923 0.3397936850961539 0.03674494951923077
1 0.37082232692307693 0.010329492788461538 0.36428877644230767 0.06354099759615385 0.37661806009615384 0.06505484375000001 0.3831516105769231 0.011843338942307692 0.37082232692307693 0.010329492788461538
1 0.34785927644230774 0.11721661057692308 0.3399716225961538 0.18145640625 0.38137940625 0.1865406418269231 0.38926706009615386 0.12230084855769231 0.34785927644230774 0.11721661057692308