2 0.3205646418269231 0.7563364807692309 0.3078786370192308 0.6113348076923077 0.2612598389423077 0.6154134254807692 0.27394584134615385 0.7604150961538461 0.3205646418269231 0.7563364807692309
0 0.46390562740384617 0.7758622355769231 0.4364878846153846 0.4624759903846154 0.28503515865384615 0.47572638701923076 0.3124529038461539 0.7891126322115384 0.46390562740384617 0.7758622355769231
1 1 0.7086048221153847 0.9038883894230769 0.717013497596154 0.9115387283653846 0.8044572548076924 1 0.7967178966346153 1 0.7086048221153847
1 0.8784232764423077 0.7092032091346153 0.8718139663461538 0.6336584447115385 0.8114196610576924 0.6389422596153846 0.8180289711538461 0.7144870264423078 0.8784232764423077 0.7092032091346153
1 0.8218475168269231 0.7321380504807693 0.817852877403846 0.6864791274038461 0.7350441947115385 0.6937239471153845 0.7390388317307692 0.7393828725961539 0.8218475168269231 0.7321380504807693
1 0.7455726586538461 0.7602818293269231 0.7402585793269231 0.6995416225961539 0.6400943149038463 0.7083048605769231 0.6454083942307692 0.7690450649038462 0.7455726586538461 0.7602818293269231
1 0.650498173076923 0.7824022908653846 0.6451840937500001 0.7216620841346154 0.5503899423076923 0.7299554975961539 0.5557040216346154 0.7906957043269232 0.650498173076923 0.7824022908653846
3 0.8250959110576923 0.6975566754807693 0.8186318605769232 0.6236722355769231 0.7722465456730769 0.6277304230769231 0.7787105961538461 0.7016148653846154 0.8250959110576923 0.6975566754807693
3 0.7314422524038461 0.6391078269230769 0.7372284254807693 0.7052440865384615 0.7787105961538461 0.7016148653846154 0.7729244230769231 0.6354786057692308 0.7314422524038461 0.6391078269230769
3 0.73072009375 0.7240774350961539 0.7237597403846153 0.64452021875 0.6762848365384616 0.648673733173077 0.6832451923076923 0.728230951923077 0.73072009375 0.7240774350961539
3 0.6372913028846153 0.6628205216346154 0.6436585144230769 0.7355980793269231 0.6884094471153847 0.7316828798076924 0.6820422379807692 0.6589053221153847 0.6372913028846153 0.6628205216346154
3 0.6434041682692307 0.7452402716346154 0.6367827548076923 0.6695571466346154 0.593666201923077 0.6733293581730769 0.6002876177884615 0.7490124807692309 0.6434041682692307 0.7452402716346154
3 0.5470265408653846 0.6870297379807693 0.5528127139423077 0.7531659975961538 0.5991980288461538 0.7491078076923077 0.5934118557692307 0.6829715480769232 0.5470265408653846 0.6870297379807693
3 0.8815074711538462 0.6655739375 0.87580603125 0.6004062019230769 0.8370478317307692 0.6037971033653846 0.8427492716346153 0.6689648389423077 0.8815074711538462 0.6655739375
3 0.8083223581730768 0.6178820673076924 0.8133459182692307 0.675301625 0.8495358052884616 0.6721354182692308 0.8445122451923077 0.6147158629807692 0.8083223581730768 0.6178820673076924
3 0.8071845624999999 0.5986023125 0.8088671538461539 0.6178344038461538 0.8390643052884615 0.6151924951923077 0.8373817139423078 0.5959604038461539 0.8071845624999999 0.5986023125
3 0.8723971370192308 0.6044687644230768 0.8703877115384615 0.5815009399038462 0.8358322091346154 0.58452415625 0.8378416322115385 0.6074919807692308 0.8723971370192308 0.6044687644230768
3 0.8347427620192308 0.5720717211538461 0.836836920673077 0.5960080673076923 0.8724820120192308 0.5928895264423077 0.8703878533653846 0.5689531802884615 0.8347427620192308 0.5720717211538461
3 0.7940189951923077 0.4974202956730769 0.7909080192307693 0.46186167788461535 0.7504376105769232 0.46540237980769233 0.7535485841346153 0.5009609975961539 0.7940189951923077 0.4974202956730769
3 0.7972876177884616 0.5096820745192308 0.7948545192307692 0.4818716418269231 0.7527497283653847 0.4855553317307692 0.7551828269230769 0.513365766826923 0.7972876177884616 0.5096820745192308
3 0.8011441850961538 0.529560485576923 0.797960579326923 0.4931717067307692 0.7586575865384616 0.4966102740384616 0.7618411923076922 0.5329990528846154 0.8011441850961538 0.529560485576923
3 0.8035774254807693 0.5448231610576924 0.801144326923077 0.5170127259615385 0.7580277740384616 0.5207849350961539 0.7604608725961538 0.5485953701923078 0.8035774254807693 0.5448231610576924
3 0.8050905456730769 0.5621182067307692 0.8025727115384615 0.5333392499999999 0.7642814783653846 0.5366893004807692 0.7667993125 0.5654682548076922 0.8050905456730769 0.5621182067307692
3 0.8066400504807691 0.5735544543269231 0.804545891826923 0.5496181105769231 0.7619741346153847 0.55334265625 0.7640682932692309 0.5772790024038461 0.8066400504807691 0.5735544543269231
3 0.8088189447115385 0.5984593221153847 0.8063011129807692 0.5696803653846154 0.7674650841346153 0.5730780769230769 0.7699829158653846 0.6018570360576923 0.8088189447115385 0.5984593221153847
3 0.8109132451923077 0.6098479086538462 0.8094122283653846 0.5926912211538462 0.7694866129807691 0.5961842596153846 0.7709876298076923 0.6133409471153846 0.8109132451923077 0.6098479086538462
3 0.8129347740384615 0.6329540889423076 0.8105864110576924 0.6061121778846154 0.7712055889423077 0.6095575528846153 0.773553951923077 0.6363994639423077 0.8129347740384615 0.6329540889423076
3 0.7316844951923076 0.6293272740384614 0.7330281442307692 0.6446852740384615 0.7745103149038461 0.6410560552884615 0.7731666634615385 0.6256980552884616 0.7316844951923076 0.6293272740384614
3 0.7292150096153847 0.6073756370192307 0.7311396995192307 0.6293749375 0.7753458389423076 0.6255074014423077 0.7734211514423077 0.6035081009615385 0.7292150096153847 0.6073756370192307
3 0.770660795673077 0.6096052163461538 0.7681429615384616 0.5808262596153846 0.7239368221153846 0.5846937956730769 0.7264546562499999 0.6134727524038461 0.770660795673077 0.6096052163461538
3 0.7200750576923076 0.5656523557692308 0.7231739278846153 0.6010726129807693 0.7674578942307692 0.5971982668269231 0.7643590240384615 0.5617780120192308 0.7200750576923076 0.5656523557692308
3 0.7674286995192308 0.5789368774038461 0.7649108653846154 0.5501579182692308 0.7223391081730769 0.5538824639423077 0.7248569423076923 0.582661423076923 0.7674286995192308 0.5789368774038461
3 0.7186468125 0.5367780721153846 0.7205836057692309 0.5589157307692308 0.7647897451923077 0.5550481947115384 0.762852951923077 0.5329105360576923 0.7186468125 0.5367780721153846
3 0.7626885384615385 0.5426842788461539 0.7605822764423077 0.5186095721153846 0.7168431009615385 0.5224362548076923 0.7189493653846154 0.5465109591346153 0.7626885384615385 0.5426842788461539
3 0.7150878822115385 0.502374 0.7167583677884616 0.5214677331730769 0.7583183653846154 0.517831704326923 0.7566478798076923 0.49873797115384616 0.7150878822115385 0.502374
3 0.7555581514423076 0.5113810576923077 0.7526166442307692 0.4777594879807693 0.7084105048076924 0.4816270240384615 0.7113520096153846 0.51524859375 0.7555581514423076 0.5113810576923077
3 0.7087490192307692 0.5231443966346154 0.706146451923077 0.49339691586538464 0.6662986658653847 0.4968831442307692 0.668901233173077 0.526630625 0.7087490192307692 0.5231443966346154
3 0.7097537331730769 0.5346283076923076 0.7079985120192307 0.5145660528846154 0.6659715480769232 0.5182429350961538 0.6677267692307692 0.5383051899038461 0.7097537331730769 0.5346283076923076
3 0.7177196466346154 0.5503828701923077 0.715117079326923 0.5206353894230769 0.6676421754807692 0.52478890625 0.6702447427884616 0.5545363870192308 0.7177196466346154 0.5503828701923077
3 0.7182279134615384 0.5687417668269231 0.7161337548076923 0.5448054206730769 0.6675692620192308 0.5490542644230769 0.6696634206730769 0.572990610576923 0.7182279134615384 0.5687417668269231
3 0.7201526033653847 0.5907410673076924 0.7171384663461539 0.5562893341346153 0.6685739735576923 0.5605381754807692 0.671588110576923 0.5949899110576923 0.7201526033653847 0.5907410673076924
3 0.72434825 0.6019458076923077 0.7223388269230769 0.578977985576923 0.6705833990384615 0.5835059975961538 0.6725928221153846 0.6064738197115385 0.72434825 0.6019458076923077
3 0.7257766370192308 0.6182723317307691 0.7237672115384615 0.5953045096153846 0.6784714855769232 0.5992673725961539 0.6804809086538461 0.6222351947115385 0.7257766370192308 0.6182723317307691
3 0.7214110961538461 0.6427738269230769 0.7189779975961539 0.6149633918269231 0.6747718581730768 0.6188309278846155 0.6772049543269231 0.6466413629807692 0.7214110961538461 0.6427738269230769
3 0.7276285552884616 0.6519892283653845 0.7262849038461539 0.6366312283653847 0.6788878269230769 0.6407779350961539 0.6802314783653846 0.6561359350961538 0.7276285552884616 0.6519892283653845
3 0.6766236346153847 0.6650955841346153 0.6743600072115385 0.6392221971153845 0.6301538677884615 0.6430897331730769 0.6324174951923076 0.6689631201923076 0.6766236346153847 0.6650955841346153
3 0.6325026538461539 0.6322883629807692 0.6345968125 0.6562247067307693 0.6788029519230769 0.652357170673077 0.6767087932692307 0.628420826923077 0.6325026538461539 0.6322883629807692
3 0.6782099495192307 0.6330297524038462 0.6759463221153846 0.6071563629807692 0.6295610048076923 0.6112145528846153 0.6318246346153846 0.6370879423076924 0.6782099495192307 0.6330297524038462
3 0.6297791057692308 0.5948833990384615 0.6319579999999999 0.6197882668269231 0.6798998701923077 0.6155938966346154 0.6777209759615384 0.5906890288461539 0.6297791057692308 0.5948833990384615
3 0.6758686346153847 0.5946154134615385 0.6738592115384615 0.5716475913461538 0.6318322475961539 0.5753244735576923 0.633841670673077 0.598292295673077 0.6758686346153847 0.5946154134615385
3 0.6295684783653847 0.56199884375 0.6311663317307693 0.5802624134615384 0.6716367427884615 0.5767217115384615 0.6700388870192308 0.5584581418269231 0.6295684783653847 0.56199884375
3 0.6713341875 0.5669888197115385 0.6689858245192308 0.54014690625 0.6231453028846154 0.5441574326923078 0.6254936658653846 0.5709993461538462 0.6713341875 0.5669888197115385
3 0.6242056971153847 0.52580071875 0.6258761802884615 0.5448944495192308 0.6668913846153846 0.5413060841346155 0.6652208990384616 0.5222123533653846 0.6242056971153847 0.52580071875
3 0.6703730504807692 0.5255259230769231 0.6682788918269231 0.5015895769230769 0.6235279591346153 0.5055047764423077 0.6256221177884616 0.5294411225961538 0.6703730504807692 0.5255259230769231
3 0.8292835649038461 0.49712343509615387 0.8270199350961539 0.47125004326923076 0.7849929711538461 0.47492692548076926 0.7872566009615384 0.5008003173076923 0.8292835649038461 0.49712343509615387
3 0.8244218605769231 0.5034043918269231 0.8228240048076922 0.48514082451923074 0.7861671538461539 0.4883478846153846 0.7877650096153845 0.5066114519230769 0.8244218605769231 0.5034043918269231
3 0.8280656658653847 0.5262292235576923 0.8260562427884615 0.5032614014423077 0.7936799158653846 0.5060939639423077 0.7956893389423076 0.5290617860576923 0.8280656658653847 0.5262292235576923
3 0.8336535961538462 0.534523766826923 0.8317168028846154 0.512386108173077 0.7983287139423076 0.5153071875 0.8002655096153847 0.5374448461538461 0.8336535961538462 0.534523766826923
3 0.8362440600961538 0.5641328894230769 0.8336535961538462 0.534523766826923 0.7883578701923077 0.5384866298076922 0.7909483317307693 0.5680957524038461 0.8362440600961538 0.5641328894230769
3 0.8388469086538461 0.5687848485576923 0.8367527499999999 0.5448485048076923 0.7990063100961537 0.5481508894230769 0.80110046875 0.572087233173077 0.8388469086538461 0.5687848485576923
3 0.8393915625 0.5812849447115385 0.8384715841346153 0.5707695576923076 0.7996355576923077 0.5741672692307692 0.8005555336538461 0.5846826586538462 0.8393915625 0.5812849447115385
3 0.8440523269230769 0.6031842908653846 0.8423697355769231 0.5839521971153846 0.8024441201923077 0.5874452355769231 0.8041267115384615 0.6066773293269231 0.8440523269230769 0.6031842908653846
3 0.8719011153846155 0.57370046875 0.8698795865384615 0.5505942860576923 0.8266852067307693 0.5543733052884615 0.8287067355769231 0.5774794879807692 0.8719011153846155 0.57370046875
3 0.8254262908653847 0.5399838245192308 0.8270241466346153 0.5582473966346154 0.8642257908653845 0.554992673076923 0.8626279350961539 0.5367291033653846 0.8254262908653847 0.5399838245192308
3 0.8671193725961538 0.544143639423077 0.8650252139423077 0.520207295673077 0.8304697091346154 0.5232305120192308 0.8325638677884615 0.5471668533653846 0.8671193725961538 0.544143639423077
3 0.8302156466346153 0.5077771826923076 0.8318861322115385 0.5268709134615385 0.8664416346153847 0.5238476995192308 0.8647711490384615 0.50475396875 0.8302156466346153 0.5077771826923076
3 0.8639720096153846 0.5144438221153846 0.8624588894230769 0.4971487764423077 0.8597349206730769 0.49738709374999995 0.8583912692307692 0.48202909134615385 0.8250031802884615 0.48495017067307694 0.8263468317307693 0.5003081730769231 0.8208988918269231 0.5007848052884616 0.8224120120192308 0.5180798509615385 0.8639720096153846 0.5144438221153846
3 0.8593597379807693 0.4868240408653846 0.8572655769230769 0.46288769471153846 0.8276132211538462 0.4654819399038462 0.8297073798076924 0.4894182860576923 0.8593597379807693 0.4868240408653846
3 0.6279706225961538 0.5437352716346153 0.6250412211538462 0.5102520625 0.5732857932692308 0.5147800745192308 0.5762151947115385 0.5482632860576924 0.6279706225961538 0.5437352716346153
3 0.6231451634615385 0.5567051923076923 0.6207968004807692 0.5298632836538462 0.5765906610576923 0.5337308197115385 0.5789390240384615 0.5605727283653846 0.6231451634615385 0.5567051923076923
3 0.6307428004807693 0.5628720408653846 0.6289754759615385 0.5426714254807693 0.5723169014423077 0.54762840625 0.5740842259615385 0.5678290240384615 0.6307428004807693 0.5628720408653846
3 0.6247066322115384 0.5808275625 0.6232782475961538 0.5645010384615385 0.5763481370192308 0.5686068918269231 0.5777765240384615 0.5849334158653846 0.6247066322115384 0.5808275625
3 0.6361539302884616 0.6058974855769231 0.6341324014423078 0.5827913028846153 0.5818321802884616 0.5873669783653847 0.5838537091346153 0.6104731610576923 0.6361539302884616 0.6058974855769231
3 0.6299846802884616 0.6160571658653846 0.629064701923077 0.6055417788461539 0.5815897980769231 0.6096952932692308 0.5825097764423077 0.6202106826923077 0.6299846802884616 0.6160571658653846
3 0.6334590168269231 0.636944951923077 0.631873264423077 0.6188197427884615 0.5833087740384616 0.6230685865384615 0.5848945240384615 0.641193795673077 0.6334590168269231 0.636944951923077
3 0.6353543677884615 0.6532306225961538 0.6339259831730769 0.6369040985576924 0.5848945240384615 0.641193795673077 0.5863229110576923 0.6575203197115385 0.6353543677884615 0.6532306225961538
3 0.63748996875 0.6830189567307693 0.6350568701923076 0.6552085216346154 0.587037173076923 0.6594097019230769 0.5894702716346154 0.6872201370192308 0.63748996875 0.6830189567307693
3 0.5435815408653846 0.6718555817307692 0.5456030697115385 0.6949617644230769 0.5914435913461539 0.6909512379807693 0.5894220625 0.6678450552884615 0.5435815408653846 0.6718555817307692
3 0.5421169110576923 0.6488400961538462 0.5441263365384615 0.6718079182692308 0.5915234110576922 0.6676612115384616 0.5895139879807693 0.644693389423077 0.5421169110576923 0.6488400961538462
3 0.543213548076923 0.6371723389423077 0.5446419326923077 0.6534988629807692 0.5883811081730769 0.6496721826923076 0.5869527211538462 0.6333456562499999 0.543213548076923 0.6371723389423077
3 0.5420757524038462 0.6178925841346155 0.5437583413461539 0.6371246754807692 0.5928676274038461 0.632828170673077 0.5911850360576923 0.6135960793269231 0.5420757524038462 0.6178925841346155
3 0.5440129687499999 0.6023869639423076 0.54542925 0.6185751274038461 0.5901801850961539 0.6146599278846154 0.5887639038461538 0.5984717644230769 0.5440129687499999 0.6023869639423076
3 0.5422456442307693 0.5821863485576924 0.5440129687499999 0.6023869639423076 0.5876743149038461 0.5985670913461538 0.5859069903846155 0.5783664759615385 0.5422456442307693 0.5821863485576924
3 0.5359141129807692 0.5662887932692308 0.5373425000000001 0.5826153173076923 0.5859069903846155 0.5783664759615385 0.5844786057692308 0.5620399519230769 0.5359141129807692 0.5662887932692308
3 0.5344130985576923 0.5491321081730769 0.5359141129807692 0.5662887932692308 0.5812098413461538 0.5623259302884616 0.5797088245192308 0.5451692451923077 0.5344130985576923 0.5491321081730769
3 0.5323915697115384 0.5260259254807692 0.5344130985576923 0.5491321081730769 0.5797088245192308 0.5451692451923077 0.577687295673077 0.5220630625 0.5323915697115384 0.5260259254807692