1 0.8241836370192307 0.3791681009615384 0.8195400649038462 0.24619360096153847 0.6543282692307693 0.2519629230769231 0.6589718413461539 0.38493742548076926 0.8241836370192307 0.3791681009615384
1 0.9153868389423077 0.4008594807692308 0.9101179831730769 0.2499792283653846 0.7667678629807693 0.25498512500000003 0.7720367163461539 0.4058653774038462 0.9153868389423077 0.4008594807692308
1 0.9599251322115384 0.35775107932692307 0.9566872355769231 0.2650298173076923 0.888916045673077 0.26739643990384615 0.8921539423076923 0.3601177019230769 0.9599251322115384 0.35775107932692307
1 0.9548323846153846 0.28802522836538463 0.957338360576923 0.35978704086538466 0.9932539687499999 0.3585328413461539 0.9907479927884615 0.2867710264423077 0.9548323846153846 0.28802522836538463
1 0.9302050673076923 0.7401323413461539 0.9270738076923077 0.6504647764423077 0.8608641634615384 0.6527768677884616 0.8639954254807692 0.7424444326923076 0.9302050673076923 0.7401323413461539
1 0.8642256129807693 0.7803761730769231 0.8608859254807691 0.6847400216346154 0.6824790480769232 0.6909701274038462 0.6858187355769231 0.7866062788461539 0.8642256129807693 0.7803761730769231
1 0.9826873461538461 0.6984142115384615 0.9801086610576923 0.6245703341346154 0.9082774447115385 0.6270787355769231 0.9108561298076924 0.7009226129807692 0.9826873461538461 0.6984142115384615
1 0.7889253149038461 0.20001168509615383 0.782934233173077 0.028449591346153845 0.6438002932692307 0.03330825721153846 0.6497913725961539 0.20487035096153847 0.7889253149038461 0.20001168509615383
1 0.8703553437499999 0.2171802764423077 0.8646405528846154 0.05353002884615384 0.7401851634615385 0.057876108173076916 0.7458999567307691 0.2215263557692308 0.8703553437499999 0.2171802764423077
1 0.9277218052884616 0.21906825480769232 0.9229182764423077 0.08151321394230769 0.8040063846153847 0.08566570673076922 0.8088099110576923 0.22322075 0.9277218052884616 0.21906825480769232
1 0.9768122019230769 0.24139640384615382 0.9721443942307691 0.10772788221153846 0.8768118774038461 0.11105696634615383 0.8814796850961539 0.24472549038461539 0.9768122019230769 0.24139640384615382
1 0.88161084375 0 0.8825217067307692 0.026083709134615385 0.9778542235576922 0.022754624999999997 0.9770596129807692 0 0.88161084375 0
1 0.9872371850961539 0.1302704375 0.9854243509615385 0.07835763701923078 0.9495087427884615 0.07961183653846154 0.9513215793269231 0.13152463942307693 0.9872371850961539 0.1302704375
1 0.5801905745192307 0.14365097596153847 0.5772435048076923 0.05925797355769231 0.513298108173077 0.06149099519230769 0.5162451754807692 0.145884 0.5801905745192307 0.14365097596153847
1 0.4584551923076923 0.7206120625 0.4574760673076923 0.6925735961538462 0.3939210576923077 0.694792985576923 0.3949001826923077 0.7228314519230769 0.4584551923076923 0.7206120625
1 0.39915015144230764 0.7035046899038462 0.39847639663461537 0.6842108942307692 0.35928153846153843 0.685579608173077 0.35995529326923076 0.7048734038461538 0.39915015144230764 0.7035046899038462
1 0.3626390072115384 0.7056135288461539 0.36185376923076923 0.683127235576923 0.3411632548076923 0.6838497644230769 0.34194849278846157 0.7063360576923077 0.3626390072115384 0.7056135288461539
1 0.3529395889423077 0.6987256129807692 0.35215435096153846 0.6762393197115385 0.33146383653846156 0.6769618485576923 0.3322490745192308 0.699448141826923 0.3529395889423077 0.6987256129807692
1 0.3118551442307692 0.6840393822115385 0.31244164903846156 0.700834701923077 0.33360062740384616 0.7000958125000001 0.3330141225961538 0.6833004951923077 0.3118551442307692 0.6840393822115385
1 0.31051447355769235 0.6993732908653846 0.3099812860576923 0.6841048197115385 0.28476228365384615 0.6849854855769231 0.2852954711538462 0.7002539591346154 0.31051447355769235 0.6993732908653846
1 0.25893424759615385 0.6818571899038461 0.2596080024038461 0.7011509855769231 0.2852954711538462 0.7002539591346154 0.28462171634615385 0.6809601634615384 0.25893424759615385 0.6818571899038461
1 0.30756991826923075 0.6665393846153846 0.30687192788461537 0.6465515697115385 0.27985714423076924 0.6474949471153846 0.2805551346153846 0.6674827620192307 0.30756991826923075 0.6665393846153846
1 0.3068961634615385 0.6472455913461539 0.30756991826923075 0.6665393846153846 0.3306027524038461 0.6657350600961538 0.329929 0.646441266826923 0.3068961634615385 0.6472455913461539
1 0.3582265673076923 0.6688006490384615 0.3574122475961538 0.64548153125 0.329929 0.646441266826923 0.3307433197115385 0.6697603870192308 0.3582265673076923 0.6688006490384615
1 0.35514144471153847 0.6319414206730769 0.3544434543269231 0.6119536033653846 0.32875598798076927 0.6128506298076923 0.3294539783653846 0.6328384471153845 0.35514144471153847 0.6319414206730769
1 0.30398068990384614 0.6152445120192308 0.28055746875 0.6160624711538462 0.2812312235576923 0.6353562644230769 0.3294539783653846 0.6328384471153845 0.32875598798076927 0.6128506298076923 0.3039273725961538 0.6137176658653846 0.30398068990384614 0.6152445120192308
1 0.25393307211538463 0.6169922139423077 0.2546068269230769 0.6362860096153846 0.2812312235576923 0.6353562644230769 0.28055746875 0.6160624711538462 0.25393307211538463 0.6169922139423077
1 0.2550752908653846 0.6362696514423077 0.25443062019230767 0.6178086802884616 0.23506742307692308 0.6184848581730769 0.23571209375 0.636945826923077 0.2550752908653846 0.6362696514423077
1 0.21300059855769232 0.6200892908653847 0.2136985889423077 0.6400771057692308 0.23353025 0.6393845697115386 0.23283225961538462 0.6193967524038461 0.21300059855769232 0.6200892908653847
2 0.23324255769230767 0.6177147427884615 0.23632534855769233 0.705994264423077 0.2642770600961538 0.7050181682692307 0.2611942716346154 0.6167386490384617 0.23324255769230767 0.6177147427884615
2 0.23748301442307693 0.7010897644230769 0.23443415384615385 0.6137818725961538 0.20921515144230768 0.6146625384615384 0.2122640096153846 0.7019704302884615 0.23748301442307693 0.7010897644230769
1 0.23049673557692307 0.5905718125 0.22999263221153846 0.5761361682692308 0.20828711298076924 0.5768941418269231 0.20879121634615386 0.5913297860576923 0.23049673557692307 0.5905718125
1 0.22993931490384614 0.5746093221153846 0.23049673557692307 0.5905718125 0.2516557139423077 0.5898329254807693 0.2510982908653846 0.5738704326923076 0.22993931490384614 0.5746093221153846
1 0.2743024879807692 0.5914046322115385 0.27366266346153845 0.57308246875 0.2510982908653846 0.5738704326923076 0.2517381153846154 0.5921925961538462 0.2743024879807692 0.5914046322115385
1 0.27352209615384615 0.5690571442307693 0.2743024879807692 0.5914046322115385 0.30451844471153844 0.5903494663461538 0.30373805288461536 0.5680019783653847 0.27352209615384615 0.5690571442307693
1 0.32860886298076925 0.5952061274038462 0.3276297403846154 0.5671676634615385 0.30373805288461536 0.5680019783653847 0.3047171778846154 0.5960404423076923 0.32860886298076925 0.5952061274038462
1 0.3277412235576923 0.5703601610576923 0.32860886298076925 0.5952061274038462 0.3528909375 0.5943581778846154 0.35202329807692306 0.5695122115384615 0.3277412235576923 0.5703601610576923
1 0.3825560288461538 0.5909597019230769 0.3817707908653846 0.56847340625 0.35202329807692306 0.5695122115384615 0.3528085360576923 0.5919985072115385 0.3825560288461538 0.5909597019230769
1 0.3803610721153846 0.5661600865384615 0.38122871394230773 0.5910060528846154 0.4065257932692308 0.5901226586538462 0.40565815384615383 0.5652766923076923 0.3803610721153846 0.5661600865384615
1 0.4314927451923077 0.5820241706730769 0.43087715625 0.5643960264423077 0.40565815384615383 0.5652766923076923 0.4062737403846154 0.5829048365384616 0.4314927451923077 0.5820241706730769
1 0.46358688461538466 0.5832659663461539 0.4629422115384615 0.5648049975961539 0.43764513221153845 0.5656883894230769 0.43828980288461533 0.5841493605769231 0.46358688461538466 0.5832659663461539
1 0.46288889423076923 0.5632781514423078 0.46358688461538466 0.5832659663461539 0.47623542307692307 0.5828242716346154 0.47553743269230775 0.5628364543269231 0.46288889423076923 0.5632781514423078
1 0.38369995673076923 0.6237175120192308 0.38325401923076924 0.610947516826923 0.35717616346153847 0.6118581754807693 0.3576221033653846 0.624628170673077 0.38369995673076923 0.6237175120192308
1 0.38383396875 0.61412365625 0.38416842067307694 0.6237011538461539 0.3995496706730769 0.6231640288461539 0.39921521634615387 0.61358653125 0.38383396875 0.61412365625
1 0.43412286057692306 0.540935125 0.43325521875 0.5160891610576923 0.4021023341346154 0.5171770432692308 0.4029699735576923 0.5420230096153846 0.43412286057692306 0.540935125
1 0.34910088701923075 0.5462667091346154 0.3482623293269231 0.5222535697115385 0.3248391057692308 0.5230715264423077 0.3256776634615385 0.5470846658653846 0.34910088701923075 0.5462667091346154
1 0.29917587500000004 0.5246625745192308 0.2999901971153846 0.5479816923076923 0.3256776634615385 0.5470846658653846 0.3248633413461538 0.5237655480769231 0.29917587500000004 0.5246625745192308
1 0.3003515 0.5471352355769231 0.29959534375 0.5254817644230769 0.2753132716346154 0.5263297139423077 0.27606942548076924 0.5479831826923077 0.3003515 0.5471352355769231
1 0.24918642067307692 0.5280759254807692 0.24999589663461538 0.5512562403846154 0.27615182692307694 0.5503428557692308 0.2753423533653846 0.5271625408653846 0.24918642067307692 0.5280759254807692
1 0.2501122283653846 0.5545875456730769 0.24918642067307692 0.5280759254807692 0.2284178317307692 0.5288011802884616 0.22934363701923077 0.5553128004807693 0.2501122283653846 0.5545875456730769
1 0.20591162500000001 0.5312547980769231 0.20680350240384618 0.5567947860576923 0.23030480288461538 0.5559741033653846 0.22941292548076925 0.5304341129807693 0.20591162500000001 0.5312547980769231
1 0.22899122355769233 0.5183581418269231 0.22820598557692306 0.49587184855769234 0.20517314903846154 0.4966761730769231 0.20595838942307693 0.5191624663461538 0.22899122355769233 0.5183581418269231
1 0.2279296971153846 0.4879600024038462 0.22899122355769233 0.5183581418269231 0.24788595673076924 0.5176983245192308 0.24682443028846152 0.48730018509615386 0.2279296971153846 0.4879600024038462
1 0.2753110384615385 0.5150729350961538 0.27430767788461535 0.4863404495192307 0.24682443028846152 0.48730018509615386 0.24782779086538462 0.5160326706730769 0.2753110384615385 0.5150729350961538
1 0.27433191346153846 0.4870344711538461 0.2753110384615385 0.5150729350961538 0.3028723629807692 0.5141104711538461 0.3018932379807692 0.4860720072115384 0.27433191346153846 0.4870344711538461
1 0.32160229326923073 0.5087313100961539 0.32078797115384616 0.4854121899038461 0.3018932379807692 0.4860720072115384 0.30270756009615385 0.5093911274038462 0.32160229326923073 0.5087313100961539
1 0.3214486129807692 0.47746762740384613 0.32248105528846155 0.5070329399038461 0.3499643028846154 0.506073204326923 0.34893186057692305 0.4765078918269231 0.3214486129807692 0.47746762740384613
1 0.3765353822115385 0.5036166105769231 0.37552717307692307 0.4747453197115385 0.34890277884615384 0.4756750649038462 0.3499109855769231 0.5045463557692308 0.3765353822115385 0.5036166105769231
1 0.37555625721153846 0.4755781466346154 0.3765353822115385 0.5036166105769231 0.3985532115384615 0.5028477307692307 0.3975740865384615 0.4748092668269231 0.37555625721153846 0.4755781466346154
1 0.42818004807692306 0.49611522355769233 0.42739965625000004 0.4737677355769231 0.3989794783653846 0.47476018990384616 0.3997598701923077 0.4971076778846154 0.42818004807692306 0.49611522355769233
1 0.45730082932692306 0.503992610576923 0.4565737572115385 0.48317196875 0.4326820697115385 0.4840062836538461 0.4334091418269231 0.5048269278846154 0.45730082932692306 0.503992610576923
1 0.45941794951923076 0.4862690384615385 0.45997537259615384 0.5022315336538461 0.47660586057692306 0.5016507836538462 0.4760484375 0.48568829086538456 0.45941794951923076 0.4862690384615385
1 0.46223505048076924 0.5423159759615385 0.46150797836538465 0.5214953365384616 0.4331658798076923 0.5224850649038462 0.4338929519230769 0.543305704326923 0.46223505048076924 0.5423159759615385
1 0.40842622115384614 0.5393309495192308 0.4078397163461539 0.5225356298076923 0.3790291514423077 0.52354171875 0.37961565625 0.5403370360576922 0.40842622115384614 0.5393309495192308
1 0.349946625 0.5189983605769231 0.35072701682692303 0.5413458485576923 0.37961565625 0.5403370360576922 0.3788352668269231 0.5179895480769231 0.349946625 0.5189983605769231
1 0.3766491995192308 0.45538881490384614 0.3759221274038461 0.4345681754807692 0.34797041586538463 0.4355442692307693 0.3486974879807692 0.4563649110576923 0.3766491995192308 0.45538881490384614
1 0.4019263677884615 0.4561738004807693 0.4011411298076923 0.4336875072115385 0.3727209543269231 0.43467996153846156 0.37350619230769233 0.4571662548076923 0.4019263677884615 0.4561738004807693
1 0.4270872067307692 0.45362748076923076 0.42621956490384616 0.42878151682692306 0.39967324759615386 0.42970853365384615 0.4005408870192308 0.45455450000000003 0.4270872067307692 0.45362748076923076
1 0.4564799519230769 0.46705431249999996 0.4556123100961538 0.4422083485576923 0.42633328365384615 0.44323079326923076 0.4272009230769231 0.46807675961538464 0.4564799519230769 0.46705431249999996
1 0.48252439903846156 0.46294843028846155 0.48185064423076923 0.4436546346153846 0.45795895673076925 0.44448894951923074 0.4586327115384616 0.4637827451923077 0.48252439903846156 0.46294843028846155
1 0.48376275721153844 0.4469232283653846 0.4843201778846154 0.46288571875 0.4982960336538461 0.4623976706730769 0.4977386129807692 0.4464351802884616 0.48376275721153844 0.4469232283653846
1 0.49880247355769225 0.42541302163461536 0.49799299759615384 0.4022327067307692 0.47683401923076923 0.40297159615384615 0.4776434951923077 0.4261519110576923 0.49880247355769225 0.42541302163461536
1 0.4783150168269231 0.4341889254807692 0.47719532451923075 0.40212513942307687 0.45603634615384614 0.4028640264423077 0.4571560384615384 0.4349278125 0.4783150168269231 0.4341889254807692
1 0.4551954543269231 0.4302711802884615 0.45443930048076925 0.40861771153846155 0.42516027163461534 0.4096401586538461 0.42591642788461537 0.431293625 0.4551954543269231 0.4302711802884615
1 0.44711337740384616 0.39358644711538465 0.4461875721153846 0.3670748317307692 0.42276435096153847 0.36789278846153844 0.42369015624999995 0.3944044038461539 0.44711337740384616 0.39358644711538465
1 0.47600201923076924 0.39257763461538464 0.4753282644230769 0.3732838389423077 0.4504996490384615 0.3741508725961538 0.4511734038461538 0.39344466826923075 0.47600201923076924 0.39257763461538464
1 0.4763792932692308 0.36532564423076924 0.4749784663461538 0.3252112067307692 0.4497594639423077 0.32609187500000003 0.4511602908653846 0.3662063125 0.4763792932692308 0.36532564423076924
1 0.42297197355769234 0.33578264663461543 0.42412074759615387 0.3686792620192308 0.4498082163461538 0.3677822355769231 0.44865943990384616 0.3348856201923077 0.42297197355769234 0.33578264663461543
1 0.42139027163461534 0.38003146875 0.4202124134615385 0.34630202884615385 0.3945249471153846 0.34719905528846157 0.3957028052884616 0.38092849519230765 0.42139027163461534 0.38003146875
1 0.3688374783653846 0.3480960817307693 0.3701268221153846 0.3850180192307692 0.39667313942307697 0.38409100240384614 0.3953837980769231 0.34716906249999996 0.3688374783653846 0.3480960817307693
1 0.3758420600961539 0.38078820673076924 0.3746399663461538 0.3463647451923077 0.3452828605769231 0.34738991826923077 0.3464849543269231 0.38181337980769225 0.3758420600961539 0.38078820673076924
1 0.32197112259615385 0.351400375 0.32309081490384617 0.3834641610576923 0.34698250240384615 0.38262984615384615 0.3458628100961538 0.35056605769230764 0.32197112259615385 0.351400375
1 0.3221852019230769 0.39558648557692305 0.320784375 0.35547204807692306 0.2968926875 0.35630636298076923 0.29829351442307694 0.3964208028846154 0.3221852019230769 0.39558648557692305
1 0.27209315384615385 0.35800622596153847 0.2732370817307692 0.39076403365384615 0.2975972331730769 0.38991335817307693 0.29645330528846153 0.3571555504807692 0.27209315384615385 0.35800622596153847
1 0.2734891346153846 0.3979818581730769 0.27209315384615385 0.35800622596153847 0.24820146634615387 0.35884054086538464 0.24959744711538462 0.39881617307692313 0.2734891346153846 0.3979818581730769
1 0.22140965384615383 0.3661689158653846 0.22258266346153846 0.3997595504807692 0.24959744711538462 0.39881617307692313 0.24842443509615386 0.36522553846153843 0.22140965384615383 0.3661689158653846
1 0.23166415865384618 0.4404396129807692 0.23051538461538462 0.40754300000000004 0.20342252403846153 0.40848910336538463 0.20457129807692306 0.4413857163461538 0.23166415865384618 0.4404396129807692
1 0.23139837019230772 0.4708841033653846 0.23075369951923078 0.45242313221153846 0.2117808894230769 0.4530856778846154 0.21242556009615385 0.47154664903846155 0.23139837019230772 0.4708841033653846
1 0.24893670432692308 0.4694378100961538 0.24820963221153847 0.44861716586538464 0.22611372355769233 0.4493887716346154 0.2268407980769231 0.47020941586538456 0.24893670432692308 0.4694378100961538
1 0.2726054230769231 0.4622184951923077 0.2719365144230769 0.4430635072115384 0.24663943509615385 0.4439468990384615 0.24730834134615384 0.4631018894230769 0.2726054230769231 0.4622184951923077
1 0.29733172355769233 0.4606601658653846 0.29671128846153844 0.44289321875000004 0.27016497115384613 0.44382023798076925 0.27078540624999997 0.4615871850961539 0.29733172355769233 0.4606601658653846
1 0.3248930504807692 0.45969770432692303 0.3243016971153846 0.44276358173076924 0.2945542043269231 0.44380238701923075 0.2951455576923077 0.46073650961538465 0.3248930504807692 0.45969770432692303
1 0.34720969230769233 0.4540543149038462 0.3465941057692307 0.43642617067307693 0.32270241826923074 0.4372604879807692 0.32331800721153847 0.4548886322115384 0.34720969230769233 0.4540543149038462
1 0.3438790745192308 0.4235964423076923 0.3428757139423077 0.39486395673076924 0.31765671153846153 0.39574462499999996 0.3186600721153846 0.4244771105769231 0.3438790745192308 0.4235964423076923
1 0.3207660697115384 0.433297875 0.3195348942307692 0.3980415865384615 0.2938474254807692 0.3989386129807692 0.2950786033653846 0.4341949014423077 0.3207660697115384 0.433297875
1 0.2949089519230769 0.42933675 0.2939007451923077 0.4004654615384616 0.27360061778846156 0.4011743557692308 0.2746088269230769 0.43004564423076924 0.2949089519230769 0.42933675
1 0.2733396754807692 0.4317576490384616 0.27241387019230767 0.40524603124999997 0.24719486778846156 0.40612669711538457 0.24812067307692307 0.4326383173076923 0.2733396754807692 0.4317576490384616
1 0.2536194975961539 0.4356426850961539 0.2525822091346154 0.4059385673076923 0.22775359134615383 0.4068056009615385 0.22879088221153848 0.43650971875 0.2536194975961539 0.4356426850961539
1 0.3793956466346154 0.4176310745192308 0.37846984134615386 0.3911194591346154 0.34911273557692307 0.3921446322115385 0.3500385408653846 0.41865624759615383 0.3793956466346154 0.4176310745192308
1 0.40215167307692307 0.41113850480769226 0.40137128125 0.3887910120192308 0.37388803365384615 0.38975075000000003 0.3746684230769231 0.4120982403846154 0.40215167307692307 0.41113850480769226
1 0.4248275264423077 0.4135430360576923 0.42379508413461536 0.38397772596153845 0.4003718605769231 0.3847956826923077 0.40140430528846155 0.41436099278846156 0.4248275264423077 0.4135430360576923
0 0.43948957211538464 0.13049780288461538 0.4647335432692307 0.8533905024038462 0.6969357548076923 0.8452818221153847 0.6716917860576923 0.12238912259615384 0.43948957211538464 0.13049780288461538
3 0.4258590024038461 0.6132120048076923 0.4246229783653846 0.5778169134615385 0.38738005528846153 0.5791174639423077 0.38861607932692305 0.6145125552884616 0.4258590024038461 0.6132120048076923
3 0.42503697596153844 0.6433979711538461 0.4239851442307693 0.6132774399038461 0.38861607932692305 0.6145125552884616 0.38966791105769233 0.6446330865384616 0.42503697596153844 0.6433979711538461
3 0.4241422427884615 0.6715018725961539 0.42290621875 0.6361067812500001 0.39206564423076923 0.6371837572115384 0.3933016682692308 0.6725788485576923 0.4241422427884615 0.6715018725961539
3 0.4294194278846154 0.7039763725961539 0.428299735576923 0.6719125841346153 0.3933210552884615 0.6731340649038462 0.3944407475961539 0.7051978557692308 0.4294194278846154 0.7039763725961539
3 0.42818340384615383 0.6685812788461539 0.4294194278846154 0.7039763725961539 0.46471041586538464 0.702743983173077 0.4634743918269231 0.6673488918269231 0.42818340384615383 0.6685812788461539
3 0.42141253125 0.6381045721153846 0.42248375240384617 0.6687803149038462 0.4634743918269231 0.6673488918269231 0.46240317067307696 0.6366731466346154 0.42141253125 0.6381045721153846
3 0.4201280360576923 0.6013214350961539 0.42141253125 0.6381045721153846 0.46615088701923074 0.6365422740384615 0.4648663918269231 0.5997591370192308 0.4201280360576923 0.6013214350961539