1 0.13142785576923077 0.07388944230769232 0.09920695673076924 0.3804508173076923 0.554278420673077 0.4282807548076923 0.5864993197115385 0.1217193798076923 0.13142785576923077 0.07388944230769232
1 0.051133418269230776 0 0.03408570192307692 0.16219818028846153 0.14729026442307694 0.17409645913461538 0.1655885408653846 0 0.051133418269230776 0
1 0.5416048629807693 0.33884104567307693 0.5291529110576924 0.45731346875 0.7425866322115385 0.47974625480769234 0.7550385865384615 0.3612738341346154 0.5416048629807693 0.33884104567307693
1 0.7502498942307692 0.42776251201923077 0.7440304495192307 0.4869365649038461 0.8310511153846154 0.49608280528846155 0.8372705600961539 0.43690875240384613 0.7502498942307692 0.42776251201923077
1 0.8299927283653846 0.46429805288461534 0.8241391346153846 0.5199912788461538 0.8938333653846153 0.5273164399038461 0.8996869591346154 0.47162321153846154 0.8299927283653846 0.46429805288461534
1 0.9472826177884616 0.8050498605769231 0.9526266346153847 0.7542049278846155 0.8771051298076924 0.7462672980769232 0.8717611105769231 0.7971122307692308 0.9472826177884616 0.8050498605769231
1 0.972570514423077 0.7684929014423076 0.9768823149038461 0.7274688725961538 0.9360913774038462 0.7231815745192307 0.931779579326923 0.7642056009615386 0.972570514423077 0.7684929014423076
1 0.7693522860576922 0.30207070192307695 0.7635117572115384 0.3576396129807692 0.9147101634615384 0.3735312067307692 0.9205506923076924 0.3179622956730769 0.7693522860576922 0.30207070192307695
1 0.7893518533653846 0.22838255528846155 0.7796960360576922 0.32025151682692304 0.899116360576923 0.3328030985576923 0.9087721778846153 0.24093413701923078 0.7893518533653846 0.22838255528846155
1 0.8100556274038462 0.19134378605769228 0.8019154735576923 0.2687921802884615 0.868424125 0.27578252163461536 0.8765642788461538 0.19833412740384615 0.8100556274038462 0.19134378605769228
1 0.7560723173076924 0.2101791778846154 0.7471743317307692 0.2948378533653846 0.8077003125 0.30119938942307695 0.816598298076923 0.2165407139423077 0.7560723173076924 0.2101791778846154
1 0.8072140745192308 0.04348678846153846 0.7962777860576923 0.14753864182692308 0.9278188461538461 0.16136416346153848 0.9387551346153846 0.05731231009615385 0.8072140745192308 0.04348678846153846