1 0.9566415552884616 0.790682764423077 0.9416335697115384 0.6684525456730769 0.8305407740384615 0.6820930264423077 0.8455487572115385 0.8043232451923077 0.9566415552884616 0.790682764423077
1 1 0.7033589134615384 0.9530812427884615 0.7091198124999999 0.9720161274038461 0.8633320745192308 1 0.8598960865384615 1 0.7033589134615384
1 0.8508007283653847 0.7158944254807692 0.8399453293269231 0.6274842980769232 0.7648840264423077 0.6367006682692308 0.7757394254807692 0.7251107956730769 0.8508007283653847 0.7158944254807692
1 0.7809816538461539 0.680621798076923 0.7717398966346154 0.6053537139423077 0.7198896971153845 0.6117201177884616 0.7291314567307693 0.6869882019230769 0.7809816538461539 0.680621798076923
1 0.7362647067307692 0.6574729495192309 0.729798860576923 0.604812858173077 0.6853927572115384 0.6102652427884615 0.6918586033653846 0.6629253317307692 0.7362647067307692 0.6574729495192309
1 0.6726569543269231 0.62834096875 0.6678611706730769 0.5892824423076923 0.6473382115384615 0.59180234375 0.6521339975961538 0.6308608725961539 0.6726569543269231 0.62834096875
1 0.6481581009615385 0.6134377668269231 0.6433623149038462 0.574379235576923 0.619996125 0.5772482427884615 0.6247919110576923 0.6163067740384616 0.6481581009615385 0.6134377668269231
1 0.6287526610576923 0.5985621850961539 0.6240358653846154 0.5601469711538462 0.605942576923077 0.562368548076923 0.6106593725961539 0.6007837620192308 0.6287526610576923 0.5985621850961539
1 0.9932152524038462 0.45091519951923076 0.9785232259615384 0.3312582475961538 0.8769940264423077 0.34372446634615383 0.8916860528846153 0.4633814182692308 0.9932152524038462 0.45091519951923076
1 0.90673878125 0.4624660552884615 0.8957705408653845 0.3731369014423077 0.7856082572115385 0.3866631274038462 0.7965764975961539 0.47599228125 0.90673878125 0.4624660552884615
1 0.7995162716346154 0.4708736394230769 0.7922041129807693 0.41132087019230773 0.7339954158653845 0.41846799999999995 0.7413075745192308 0.47802076923076925 0.7995162716346154 0.4708736394230769
1 0.7447226346153847 0.4840383173076923 0.7362482019230769 0.41501960096153845 0.6930827836538461 0.42031964663461535 0.7015572163461539 0.4893383653846154 0.7447226346153847 0.4840383173076923
1 0.696901375 0.41509309615384615 0.6915188125 0.3712556418269231 0.6456652475961538 0.37688575240384614 0.6510478100961539 0.42072320673076924 0.696901375 0.41509309615384615
1 0.6580185504807693 0.42621088942307694 0.65244415625 0.38081109375 0.6339373052884615 0.3830834495192308 0.6395116995192307 0.4284832451923077 0.6580185504807693 0.42621088942307694
1 0.8552140817307692 0.2907058004807692 0.8428917355769231 0.1903483581730769 0.663974954326923 0.21231657692307693 0.6762972980769231 0.31267401923076926 0.8552140817307692 0.2907058004807692
1 0.8425727932692308 0.2680963798076923 0.8272714206730769 0.14347669471153845 0.6962760072115385 0.15956090865384615 0.7115773798076923 0.28418059375 0.8425727932692308 0.2680963798076923
1 0.9244003653846153 0.2054348125 0.9033214831730769 0.03376109134615384 0.7388276370192308 0.05395839663461539 0.7599065192307692 0.22563211778846154 0.9244003653846153 0.2054348125
1 0.8257118846153847 0 0.8376624254807693 0.09732933653846154 0.9495306490384615 0.08359364663461538 0.9392666394230769 0 0.8257118846153847 0
1 0 0.45924197836538466 0.20859358653846155 0.43362990625 0.19694829326923077 0.33878660817307693 0 0.36296881730769226 0 0.45924197836538466
1 0.2843751514423077 0.46275973557692307 0.2746820264423077 0.3838155528846154 0.18690372596153845 0.39459337259615385 0.1965968533653846 0.47353755528846153 0.2843751514423077 0.46275973557692307
1 0.31635291826923073 0.46079240625 0.30849911778846156 0.3968283197115384 0.2703998197115384 0.4015063269230769 0.2782536225961538 0.4654704110576923 0.31635291826923073 0.46079240625
1 0.3322887091346154 0.4683511081730769 0.32674816826923075 0.4232270168269231 0.3077243653846154 0.42556284615384615 0.31326490625 0.4706869375 0.3322887091346154 0.4683511081730769
1 0.35756241105769226 0.47289749759615385 0.3522475552884616 0.4296114567307692 0.3237118533653846 0.43311520192307695 0.3290267091346154 0.4764012403846154 0.35756241105769226 0.47289749759615385
1 0.3474385552884615 0.3729231298076923 0.34028437259615385 0.3146569951923077 0.2863146754807692 0.32128363942307697 0.29346885817307694 0.3795497764423077 0.3474385552884615 0.3729231298076923
1 0.32726626682692306 0.24367739182692308 0.3175731394230769 0.1647332139423077 0.2139244423076923 0.17745967307692306 0.22361756971153846 0.2564038533653846 0.32726626682692306 0.24367739182692308
1 0.3505056322115384 0.27524721153846154 0.34587911057692305 0.23756721875 0.30142131490384616 0.24302594951923076 0.3060478365384615 0.2807059423076923 0.3505056322115384 0.27524721153846154
1 0.37811603125 0.26420746875 0.3744148125 0.23406347355769233 0.3384350144230769 0.23848123798076923 0.34213623317307695 0.2686252307692308 0.37811603125 0.26420746875
1 0.3314869399038462 0.1515503966346154 0.3349511875 0.17976443990384613 0.37196488701923075 0.17521972836538463 0.3685006394230769 0.14700568509615383 0.3314869399038462 0.1515503966346154
1 0.3174450600961538 0.11026877884615384 0.32033381490384616 0.13379580048076922 0.34855934615384615 0.13033013942307692 0.34567059134615385 0.1068031201923077 0.3174450600961538 0.11026877884615384
1 0.6521572139423076 0.05965592307692307 0.6459960408653846 0.009477201923076923 0.5525829735576923 0.020946884615384614 0.5587441442307692 0.07112560576923077 0.6521572139423076 0.05965592307692307
1 0.5732572091346154 0 0.5754839086538461 0.018135002403846155 0.6274891899038462 0.011749557692307693 0.6260465240384616 0 0.5732572091346154 0
1 0.7103019711538461 0.16866013942307692 0.7001010552884614 0.08558034855769231 0.6110820745192307 0.09651050721153845 0.6212829879807693 0.17959029567307694 0.7103019711538461 0.16866013942307692
1 0.7048148629807692 0.20431685096153848 0.6959680528846154 0.1322653533653846 0.5963515721153846 0.14449671875 0.6051983846153847 0.21654821634615384 0.7048148629807692 0.20431685096153848
1 0.6305446129807692 0.24048959615384616 0.6247671033653847 0.1934355552884615 0.5824288076923076 0.19863404567307694 0.5882063173076924 0.24568808653846153 0.6305446129807692 0.24048959615384616
1 0.5992479495192308 0.26979995192307693 0.5946327139423077 0.23221186057692306 0.57343771875 0.23481427884615383 0.578052954326923 0.2724023701923077 0.5992479495192308 0.26979995192307693
1 0.5882157716346155 0.2966221442307692 0.5828219230769232 0.2526927860576923 0.5607998076923078 0.2553967620192308 0.5661936538461538 0.2993261201923077 0.5882157716346155 0.2966221442307692
1 0.6127083461538462 0.11702075 0.6061635120192308 0.06371734375 0.5567946802884616 0.06977907451923077 0.5633395168269231 0.12308247836538462 0.6127083461538462 0.11702075
1 0.5465808461538462 0.07420496634615384 0.5394605168269231 0.01621453846153846 0.5006891826923077 0.02097506009615385 0.5078095120192307 0.07896548798076923 0.5465808461538462 0.07420496634615384
1 0.551782860576923 0.11657198317307692 0.5461971826923077 0.07108028365384615 0.5162140168269231 0.07476175240384615 0.5217996947115384 0.12025345192307692 0.551782860576923 0.11657198317307692
1 0.5591410288461538 0.24188710576923075 0.5529911418269231 0.19180028605769234 0.5315893653846154 0.19442809375 0.5377392524038462 0.24451491346153847 0.5591410288461538 0.24188710576923075
1 0.6265705625 0.47223836778846157 0.6192132644230769 0.41231799038461536 0.5873690769230769 0.4162279639423077 0.594726375 0.47614834134615386 0.6265705625 0.47223836778846157
1 0.26873556971153845 0.9405418509615384 0.25095167307692307 0.7957036346153846 0.03941527403846154 0.8216770384615385 0.05719917067307692 0.9665152548076923 0.26873556971153845 0.9405418509615384
1 0.18184443749999998 1 0.17100036538461538 0.9116821057692307 0.05204991105769231 0.9262873846153846 0.061100682692307694 1 0.18184443749999998 1
1 0.29627179567307693 0.8476976875000001 0.28435568269230765 0.7506487283653847 0.1853078485576923 0.7628102740384615 0.19722396153846156 0.8598592331730769 0.29627179567307693 0.8476976875000001
1 0.331888375 0.7860457211538462 0.32226295432692303 0.707652954326923 0.2641059543269231 0.7147937379807693 0.273731375 0.7931865024038461 0.331888375 0.7860457211538462
1 0.35551853846153847 0.7306231875000001 0.3491655336538461 0.6788821225961539 0.29095683653846155 0.6860292524038462 0.29730984134615385 0.7377703173076923 0.35551853846153847 0.7306231875000001
1 0.37182361778846157 0.7031535673076923 0.36567373076923076 0.6530667451923077 0.32426594471153847 0.658150983173077 0.3304158341346154 0.7082378028846155 0.37182361778846157 0.7031535673076923
1 0.38256375721153846 0.6812182067307693 0.3765944158653846 0.6326018269230769 0.3430959831730769 0.6367149158653846 0.3490653245192308 0.6853312956730769 0.38256375721153846 0.6812182067307693
1 0.39488812259615386 0.6674842427884615 0.3911530528846154 0.6370645432692308 0.36546058413461535 0.6402191826923077 0.3691956538461539 0.6706388822115384 0.39488812259615386 0.6674842427884615
1 0.4043868100961538 0.6486865288461539 0.4006404543269231 0.6181749254807692 0.3749479855769231 0.6213295649038462 0.3786943389423077 0.6518411682692308 0.4043868100961538 0.6486865288461539
1 0.3669956129807692 0.5262194086538462 0.36244808173076926 0.48918273076923074 0.26267651682692306 0.5014331394230769 0.26722404807692307 0.5384698149038462 0.3669956129807692 0.5262194086538462
1 0.38737708653846153 0.5148545240384615 0.3835066057692308 0.48333199278846156 0.3651031466346154 0.4855916538461538 0.36897362740384615 0.5171141826923077 0.38737708653846153 0.5148545240384615