1 0.6279706466346154 0.4613134326923077 0.6153232908653846 0.3713228221153846 0.3690714735576923 0.4059312596153846 0.381718829326923 0.49592187019230766 0.6279706466346154 0.4613134326923077
1 0.6764691081730769 0.44881713942307694 0.6688145865384616 0.3943523942307693 0.6219315841346155 0.4009413725961538 0.6295861033653847 0.4554061153846154 0.6764691081730769 0.44881713942307694
1 0.7147738317307692 0.44911404086538464 0.7063364639423076 0.38907903846153846 0.6547342139423077 0.3963312620192308 0.6631715817307692 0.45636626442307693 0.7147738317307692 0.44911404086538464
1 0.763761829326923 0.4575028701923077 0.7571859014423077 0.4107127019230769 0.715022141826923 0.41663843269230766 0.7215980721153846 0.4634285985576923 0.763761829326923 0.4575028701923077
1 0.7841398557692307 0.45261926923076923 0.7780858269230768 0.4095426081730769 0.7503892668269232 0.41343510576923076 0.7564432956730769 0.45651176682692307 0.7841398557692307 0.45261926923076923
1 0.7771666153846154 0.5798277403846154 0.7705732908653846 0.5329137908653846 0.7103061947115384 0.5413837788461539 0.7168995192307693 0.5882977283653846 0.7771666153846154 0.5798277403846154
1 0.8070701177884616 0.5742365649038461 0.8001114639423077 0.5247231610576922 0.7561683173076923 0.5308989663461539 0.7631269735576923 0.5804123701923077 0.8070701177884616 0.5742365649038461
1 0.8239227379807693 0.5639156899038462 0.818251435096154 0.5235622668269231 0.7921795336538462 0.5272264350961539 0.7978508365384616 0.567579858173077 0.8239227379807693 0.5639156899038462
1 0.8258744591346154 0.7018615432692308 0.8168977956730769 0.6379892524038462 0.7647539927884615 0.6453175865384615 0.77373065625 0.7091898774038461 0.8258744591346154 0.7018615432692308
1 0.60580715625 0.2822806610576923 0.577328860576923 0.07964705769230769 0.333397985576923 0.11392930528846154 0.36187628125000004 0.3165629086538461 0.60580715625 0.2822806610576923
1 0.5000649134615385 0 0.36030322355769234 0.01964222355769231 0.3691059230769231 0.08227668028846155 0.6093232932692307 0.048516329326923076 0.6025047692307692 0 0.5000649134615385 0
1 0.6478767788461539 0.12804973557692306 0.6312108004807692 0.009465134615384615 0.4487848557692308 0.03510342788461539 0.46545083413461535 0.15368803125 0.6478767788461539 0.12804973557692306
1 0.7285472139423077 0.30012217788461537 0.7184745625000001 0.2284515264423077 0.6851303798076922 0.2331377451923077 0.6952030312499999 0.3048083966346154 0.7285472139423077 0.30012217788461537
1 0.7568110913461539 0.31205473317307697 0.7509484254807692 0.27033969230769234 0.720002548076923 0.27468885096153844 0.7258652163461539 0.3164038918269231 0.7568110913461539 0.31205473317307697
1 0.08472650721153846 0.05609989423076923 0.09316387740384614 0.11613489663461539 0.3347738125 0.08217883413461538 0.3263364447115385 0.02214383173076923 0.08472650721153846 0.05609989423076923
1 0.3417897620192308 0.14052017548076923 0.3254369230769231 0.024163677884615382 0.07910774038461538 0.05878298798076923 0.09546057932692308 0.17513948557692308 0.3417897620192308 0.14052017548076923
1 0.09397908894230769 0.1045335360576923 0.10796598557692307 0.20405547836538462 0.3378164879807692 0.17175209615384615 0.32382959134615386 0.07223015625 0.09397908894230769 0.1045335360576923
1 0.35273978125 0.2442557764423077 0.33454289903846157 0.11477822596153847 0.09061202163461538 0.14906047596153846 0.10880890625 0.27853802403846156 0.35273978125 0.2442557764423077
1 0.3597557307692308 0.30259711778846154 0.3444640865384615 0.19379141346153844 0.10169368028846154 0.22791056971153845 0.11698532451923077 0.33671627403846155 0.3597557307692308 0.30259711778846154
1 0.36325790625 0.37859935817307694 0.3469050673076923 0.2622428605769231 0.1111748485576923 0.29537258173076925 0.12752768750000001 0.4117290793269231 0.36325790625 0.37859935817307694
1 0.3763695192307692 0.4208103701923077 0.36159977403846155 0.31571817067307695 0.12238814423076924 0.3493371730769231 0.1371578894230769 0.45442937259615385 0.3763695192307692 0.4208103701923077
1 0.38338546875 0.47915171153846153 0.3680764278846154 0.37022222355769235 0.13118573798076924 0.40351503846153847 0.14649477884615386 0.5124445264423076 0.38338546875 0.47915171153846153
1 0.39102259375000004 0.533492673076923 0.3788971370192308 0.4472155673076923 0.13380579086538463 0.48166090865384614 0.14593124519230768 0.5679380144230769 0.39102259375000004 0.533492673076923
1 0.3780784519230769 0.5946392211538462 0.36515275 0.5026680745192308 0.14350290625 0.5338189302884616 0.15642860576923076 0.6257900769230769 0.3780784519230769 0.5946392211538462
1 0.40011929807692304 0.6661425961538462 0.3850886033653846 0.5591936442307692 0.15051885336538462 0.5921602716346154 0.16554955048076922 0.6991092235576922 0.40011929807692304 0.6661425961538462
1 0.4513047235576923 0.7412498990384615 0.43495188221153847 0.6248934014423076 0.16402072836538462 0.6629702932692307 0.1803735673076923 0.7793267908653847 0.4513047235576923 0.7412498990384615
1 0.44773667548076923 0.7837854302884615 0.4329843269230769 0.678817014423077 0.16445147836538462 0.7165568437500001 0.17920382692307693 0.8215252596153846 0.44773667548076923 0.7837854302884615
1 0.4235723966346154 0.8504219495192308 0.4093245504807692 0.7490432548076923 0.18063451682692305 0.7811835432692308 0.19488236298076922 0.8825622379807693 0.4235723966346154 0.8504219495192308
1 0.4465127620192308 0.9199054759615385 0.43148206730769234 0.8129565240384615 0.19815015384615384 0.8457491874999999 0.21318084855769232 0.9526981370192308 0.4465127620192308 0.9199054759615385
1 0.21701403125000002 1 0.3792228076923077 0.9772030432692307 0.36761925 0.8946394423076923 0.20345137259615387 0.9177117331730769 0.21501623317307691 1 0.21701403125000002 1
1 0.3896059519230769 1 0.38414060336538464 0.9611120216346154 0.2258524423076923 0.9833579711538462 0.22819132692307692 1 0.3896059519230769 1
1 0.22456225961538462 1 0.21122940625 0.9051318149038461 0.05882095913461538 0.9265514230769232 0.06914348317307692 1 0.22456225961538462 1
1 0.04764002644230769 0.8554152163461539 0.06742000480769231 0.9961570649038461 0.20690854567307693 0.9765532307692308 0.1871285673076923 0.8358113798076924 0.04764002644230769 0.8554152163461539
1 0.2083241658653846 0.88445996875 0.19171037740384617 0.7662467163461538 0.03690362740384615 0.7880033870192308 0.05351741586538462 0.9062166370192308 0.2083241658653846 0.88445996875
1 0.026637180288461536 0.6975519326923076 0.045634310096153846 0.8327235240384615 0.20044106009615387 0.8109668557692308 0.18144393028846156 0.6757952644230769 0.026637180288461536 0.6975519326923076
1 0.18591729807692306 0.7250268100961539 0.16902516346153848 0.6048330216346154 0.014218411057692308 0.6265896923076923 0.031110548076923077 0.7467834783653846 0.18591729807692306 0.7250268100961539
1 0.010239338942307693 0.5640346899038462 0.021842896634615385 0.6465982908653847 0.1578500264423077 0.627483735576923 0.14624646875 0.5449201346153847 0.010239338942307693 0.5640346899038462
1 0 0.5254204302884615 0.00552009375 0.5646979375 0.14624646875 0.5449201346153847 0.13332076682692307 0.45294898798076927 0 0.471686 0 0.5254204302884615
1 0 0.471686 0.14740114182692307 0.45097012019230764 0.13581498076923076 0.36853030528846153 0 0.3876178557692308 0 0.471686
1 0 0.40478492307692304 0.13230120673076923 0.38619120192307693 0.11542646875000001 0.26612119951923074 0 0.2823433317307692 0 0.40478492307692304
1 0 0.3435641274038461 0.12510167307692308 0.32598223317307695 0.10584359615384614 0.18895388942307692 0 0.2038292355769231 0 0.3435641274038461
1 0 0.2785564783653846 0.12318259134615385 0.26124429326923077 0.10128022596153846 0.10540085576923076 0 0.11963486298076924 0 0.2785564783653846
1 0 0.19436210336538462 0.11157903365384615 0.17868069230769232 0.09496524519230769 0.060467442307692305 0 0.0738139375 0 0.19436210336538462
1 0.012803942307692308 0.07201446153846154 0.020180115384615387 0.12449866826923077 0.11758226442307693 0.11080968990384615 0.1102060889423077 0.05832548076923077 0.012803942307692308 0.07201446153846154
1 1 0.5520460456730769 0.99492003125 0.5159001850961539 0.9333377355769231 0.5245550120192308 0.9388350721153846 0.5636706009615385 1 0.5550744278846154 1 0.5520460456730769
1 0.9405307764423078 0.4056467259615385 0.9345985240384616 0.3634365504807692 0.8837699206730769 0.3705800432692307 0.8897021754807692 0.41279022115384617 0.9405307764423078 0.4056467259615385
3 0.808767485576923 0.9584898629807692 0.7762705649038462 0.7272622692307693 0.5354342764423077 0.7611096033653847 0.5679311971153846 0.9923371971153846 0.808767485576923 0.9584898629807692
3 0.527778110576923 1 0.5767970240384616 0.9931108413461539 0.5495712860576923 0.7993896490384615 0.3099728317307692 0.8330630168269231 0.3334342956730769 1 0.527778110576923 1
3 0.7238731057692308 0.7849914014423077 0.6980390985576924 0.601172891826923 0.5201776682692307 0.6261696850961538 0.5460116754807692 0.8099881971153846 0.7238731057692308 0.7849914014423077