1 0.9455345456730769 0.5049398701923077 0.9073462451923077 0.30847809615384614 0.7077231562499999 0.34728089423076924 0.7459114567307693 0.5437426682692308 0.9455345456730769 0.5049398701923077
1 0.7536364591346154 0.5699728149038461 0.7293613149038461 0.4450880216346154 0.633882733173077 0.4636471778846154 0.6581578774038461 0.5885319711538461 0.7536364591346154 0.5699728149038461
1 0.6755103629807693 0.6036939735576923 0.6538323413461539 0.4921702163461538 0.5872657475961538 0.5051094519230769 0.6089437692307692 0.6166332091346154 0.6755103629807693 0.6036939735576923
1 0.743244108173077 0.7781415240384616 0.7306825168269231 0.7135177331730769 0.6766930216346154 0.7240122283653846 0.6892546129807692 0.7886360192307692 0.743244108173077 0.7781415240384616
1 0.6878896875 0.7681025360576924 0.67530159375 0.70334240625 0.6401777475961539 0.7101697908653846 0.6527658413461539 0.7749299182692307 0.6878896875 0.7681025360576924
1 0.8948357499999999 0.8877582187499999 0.8631667572115386 0.7248353750000001 0.6899248990384615 0.7585101802884615 0.7215938918269231 0.9214330240384616 0.8948357499999999 0.8877582187499999
1 1 0.78514034375 0.9832723245192307 0.6990839158653847 0.7861799927884616 0.7373947836538461 0.826090875 0.94271846875 1 0.9089139591346154 1 0.78514034375
1 0.9971084591346154 0.4390269879807692 0.9558990168269231 0.2270227860576923 0.9025230384615385 0.23739802403846152 0.9437324807692308 0.44940222836538457 0.9971084591346154 0.4390269879807692
1 0.6055981394230769 0 0.6420846466346154 0.18770682211538461 0.8272900889423076 0.15170653125 0.7978013269230769 0 0.6055981394230769 0
1 0.6910132788461538 0.3055356466346154 0.6563231442307692 0.12707037019230769 0.5580070456730769 0.1461810841346154 0.5926971802884615 0.3246463581730769 0.6910132788461538 0.3055356466346154
1 0.7577723870192308 0.36401064663461535 0.7350078149038463 0.24689706971153846 0.5299397620192308 0.28675826201923077 0.5527043341346154 0.40387183894230766 0.7577723870192308 0.36401064663461535
1 0.7398319158653847 0.42607413221153845 0.7214400504807692 0.3314561778846154 0.5226605456730768 0.37009499759615383 0.5410524134615384 0.4647129519230769 0.7398319158653847 0.42607413221153845
1 0.5493266730769231 0.4888554927884616 0.5408727740384616 0.44536395432692305 0.5155651971153846 0.45028325 0.5240190961538461 0.4937747860576923 0.5493266730769231 0.4888554927884616
1 0.5175239230769231 0.5139967716346153 0.5129127067307693 0.49027411298076917 0.4959643004807692 0.4935685504807692 0.5005755168269231 0.5172912091346153 0.5175239230769231 0.5139967716346153
1 0.4923535697115385 0.45861531971153846 0.5003039447115385 0.4995164543269231 0.5118073870192308 0.49728041105769233 0.5038570120192307 0.4563792764423077 0.4923535697115385 0.45861531971153846
1 0.5059280985576924 0.4637585625 0.5013168822115385 0.44003590625 0.48919992067307694 0.4423912067307692 0.4938111394230769 0.46611386298076923 0.5059280985576924 0.4637585625
1 0.4804690456730769 0.4073013245192308 0.4856897908653846 0.43415973557692306 0.49657971875 0.4320429471153846 0.49135897115384614 0.40518453846153846 0.4804690456730769 0.4073013245192308
1 0.49347109615384616 0.4226015240384615 0.4850966995192308 0.3795189975961539 0.4693753269230769 0.3825749230769231 0.4777497235576923 0.4256574495192308 0.49347109615384616 0.4226015240384615
1 0.5843276875 0.3401390889423077 0.5732501658653846 0.2831501778846154 0.46542455528846155 0.3041093533653846 0.4765020769230769 0.36109826442307696 0.5843276875 0.3401390889423077
1 0.4561200432692308 0.23658863701923077 0.4722328028846154 0.3194815985576923 0.5908716514423077 0.2964205432692308 0.5747588918269231 0.21352758173076922 0.4561200432692308 0.23658863701923077
1 0.45616464182692307 0.14305611538461538 0.4780016706730769 0.25539789423076925 0.6290802307692308 0.2260311971153846 0.6072432019230769 0.11368941826923076 0.45616464182692307 0.14305611538461538
1 0.4750750625 0 0.5005719230769231 0.13116998076923078 0.5824764399038462 0.11524935576923076 0.560074235576923 0 0.4750750625 0
1 0.45549494951923075 0 0.42727475721153846 0.005485449519230769 0.44264548317307695 0.0845609735576923 0.5559927475961538 0.06252849759615385 0.5438384375 0 0.45549494951923075 0
1 0.5390771394230769 0.14787984615384617 0.5224873581730769 0.0625328173076923 0.43099663701923074 0.08031681009615385 0.4475864182692308 0.16566384134615383 0.5390771394230769 0.14787984615384617
1 0.5345437475961539 0.21299679567307692 0.5194910384615384 0.1355573173076923 0.4401939663461538 0.15097110576923078 0.4552466778846154 0.2284105841346154 0.5345437475961539 0.21299679567307692
1 0.39504588221153847 0.01656071394230769 0.41675040625 0.12822080528846153 0.4620739735576923 0.11941079807692308 0.4403694495192308 0.007750704326923077 0.39504588221153847 0.01656071394230769
2 0.6415984711538462 0.7776665889423077 0.5729072331730769 0.42428080288461534 0.5014325024038462 0.4381740841346154 0.5701237403846154 0.7915598701923077 0.6415984711538462 0.7776665889423077
2 0.5926132764423077 0.7631353125 0.5359801057692308 0.4717829110576923 0.5020066033653846 0.47838668990384614 0.5586397740384615 0.7697390913461538 0.5926132764423077 0.7631353125
2 0.5919655240384615 0.7503857764423076 0.5428587091346154 0.4977531129807692 0.48618507692307694 0.5087693509615385 0.5352918918269232 0.761402014423077 0.5919655240384615 0.7503857764423076
0 0.327081 0.7326862692307692 0.29575652163461535 0.5715358076923077 0.22159765625 0.5859508293269231 0.2529221322115385 0.7471012932692307 0.327081 0.7326862692307692
1 0.4557542427884615 0.6711707115384615 0.45387265384615383 0.6614907740384616 0.43140259375 0.6658585120192307 0.4332841826923077 0.6755384471153847 0.4557542427884615 0.6711707115384615
1 0.45962131971153847 0.6791913100961539 0.45697119471153846 0.6655575985576923 0.4308967211538462 0.6706259615384614 0.4335468461538462 0.684259673076923 0.45962131971153847 0.6791913100961539
1 0.42782539182692303 0.6552347764423078 0.4302635048076923 0.6677777908653847 0.45334708173076926 0.663290798076923 0.4509089663461538 0.6507477836538461 0.42782539182692303 0.6552347764423078
3 0.49703224999999995 0.6775788990384615 0.4835696153846154 0.6083196466346154 0.44108356490384615 0.6165780985576923 0.45454619951923075 0.6858373485576923 0.49703224999999995 0.6775788990384615
3 0.4703132860576923 0.7243701370192308 0.4594477740384615 0.668471923076923 0.4315327524038462 0.6738980528846154 0.44239826442307695 0.7297962692307693 0.4703132860576923 0.7243701370192308
3 0.4567732548076923 0.6665864927884615 0.46793028125 0.7239844158653846 0.5183920528846154 0.7141756418269231 0.5072350264423077 0.65677771875 0.4567732548076923 0.6665864927884615