1 1 0.4294317548076923 0.8171308725961539 0.4004681298076923 0.7939101322115385 0.5470781177884615 0.9915249615384615 0.5783772331730769 1 0.5248679495192308 1 0.4294317548076923
1 0.8115527427884615 0.6249635961538461 0.8362400576923077 0.4690940288461538 0.6245043677884615 0.43555839182692313 0.5998170552884615 0.5914279567307692 0.8115527427884615 0.6249635961538461
1 0.59628146875 0.6212419302884615 0.6189970552884615 0.4778213509615385 0.4575717427884615 0.45225409375 0.43485615625 0.5956746706730769 0.59628146875 0.6212419302884615
1 0.634622358173077 0.4850420865384616 0.6506731850961539 0.38370114663461535 0.3758180408653846 0.34016836778846155 0.35976721153846153 0.4415093076923077 0.634622358173077 0.4850420865384616
1 0.36993214903846156 0.46073194951923074 0.3837668221153846 0.3733832620192308 0.31362551923076926 0.3622739711538462 0.29979084615384616 0.44962265865384615 0.36993214903846156 0.46073194951923074
1 0.3066507067307692 0.46673985336538465 0.3182692259615385 0.3933834158653846 0.25746466346153846 0.38375292067307687 0.24584614423076923 0.45710935576923073 0.3066507067307692 0.46673985336538465
1 0.2497186706730769 0.4446450288461538 0.2560738221153846 0.40452018990384614 0.21787806250000002 0.39847057451923074 0.21152291105769233 0.43859541346153846 0.2497186706730769 0.4446450288461538
1 0.2464562764423077 0.4807247115384615 0.25571198076923074 0.42228648557692305 0.2086424591346154 0.41483140625 0.19938675240384615 0.47326963221153845 0.2464562764423077 0.4807247115384615
1 0.22301208894230767 0.4659376802884615 0.22832434375000002 0.43239743028846156 0.16659382211538462 0.4226202764423077 0.16128156971153845 0.4561605264423077 0.22301208894230767 0.4659376802884615
1 0.19980132932692307 0.4811397139423077 0.2051135841346154 0.4475994639423077 0.14091384134615387 0.43743122355769226 0.1356015889423077 0.4709714735576923 0.19980132932692307 0.4811397139423077
1 0.1013685 0.5188093701923078 0.10891320432692307 0.4711739855769231 0.04394183173076923 0.46088352884615386 0.03639712740384615 0.5085189134615384 0.1013685 0.5188093701923078
1 0 0.5304915024038461 0.041062401442307696 0.5369951490384616 0.05220835576923077 0.46662235336538466 0.008379685096153847 0.4596805745192307 0 0.512587829326923 0 0.5304915024038461
1 0.19180026201923078 0.3788368846153846 0.19986641346153847 0.3279092067307693 0.08049501923076924 0.30900263461538463 0.07242886538461538 0.35993031490384614 0.19180026201923078 0.3788368846153846
1 0.225079125 0.34751134615384616 0.23537772596153847 0.28248852884615383 0.13143896153846152 0.26602624519230766 0.12114035817307692 0.3310490625 0.225079125 0.34751134615384616
1 0.43903665625 0.27013318990384616 0.4526757860576923 0.18401911298076923 0.2393196730769231 0.15022682451923078 0.22568054326923076 0.23634090144230768 0.43903665625 0.27013318990384616
1 0.49532737980769226 0.22336318269230768 0.5145883725961539 0.10175405528846154 0.2857996298076923 0.06551747836538462 0.26653863461538463 0.18712660576923076 0.49532737980769226 0.22336318269230768
1 0.53220175 0.18132234615384618 0.5538418509615385 0.044692125 0.35036262019230774 0.012464182692307693 0.32872251923076923 0.14909440384615386 0.53220175 0.18132234615384618
1 0.7928742908653846 0.34336637980769236 0.8233953052884615 0.15066426923076923 0.49637787019230767 0.09886979567307692 0.46585685336538457 0.29157190625 0.7928742908653846 0.34336637980769236
1 1 0.08846303125 0.6688805913461539 0.036018867788461535 0.6318251778846153 0.2699775432692308 1 0.32829070673076927 1 0.08846303125
1 0.5694344975961538 1 0.5823831850961538 0.9182451971153847 0.40274736778846154 0.8897936778846154 0.3873483509615384 0.9870192475961539 0.46930559374999997 1 0.5694344975961538 1
1 0.5986448509615385 0.7496509062500001 0.6044133725961538 0.7132298990384616 0.56251378125 0.7065936538461539 0.5567452596153847 0.7430146610576924 0.5986448509615385 0.7496509062500001
1 0.6571345192307692 0.7589147596153847 0.6637178028846153 0.7173495408653847 0.6139475721153846 0.7094667091346154 0.6073642860576923 0.7510319278846154 0.6571345192307692 0.7589147596153847
1 0.7165980865384616 0.7870001875000001 0.7242079711538462 0.738953264423077 0.6598539014423076 0.7287605817307692 0.652244016826923 0.7768075048076923 0.7165980865384616 0.7870001875000001
1 0.7338873533653847 0.6778400480769231 0.7408943149038462 0.63359984375 0.6804755649038461 0.6240304543269232 0.6734686057692307 0.668270658653846 0.7338873533653847 0.6778400480769231
1 0.6613324254807692 0.6689851057692308 0.6681275480769231 0.626082391826923 0.6253019975961538 0.6192994927884615 0.6185068774038461 0.662202204326923 0.6613324254807692 0.6689851057692308
1 0.6210551754807692 0.6585981418269231 0.6270192379807693 0.6209425240384616 0.5792552475961539 0.6133774519230769 0.5732911826923077 0.6510330697115384 0.6210551754807692 0.6585981418269231
1 0.5801821850961538 0.6454801947115385 0.5859507043269231 0.6090591875 0.5401157932692308 0.6017996490384616 0.5343472716346154 0.63822065625 0.5801821850961538 0.6454801947115385
1 0.5550994399038461 0.7534059639423076 0.5631167043269231 0.7027869375000001 0.5347978293269231 0.6983016682692308 0.5267805625 0.7489206947115385 0.5550994399038461 0.7534059639423076
1 0.3766741706730769 0.5714835048076923 0.38123684375 0.5426759254807693 0.34666775 0.5372007211538462 0.342105079326923 0.5660082980769231 0.3766741706730769 0.5714835048076923
1 0.34361814903846155 0.5699392235576923 0.3481808221153846 0.5411316466346153 0.31361173076923077 0.5356564399038461 0.30904905769230767 0.564464016826923 0.34361814903846155 0.5699392235576923
1 0.33383138942307694 0.6007669447115385 0.3376770721153846 0.5764862716346154 0.3139879831730769 0.5727342884615385 0.31014230288461536 0.5970149615384616 0.33383138942307694 0.6007669447115385
1 0.3680280793269231 0.5951093317307692 0.37117306490384616 0.5752526778846154 0.33938184615384615 0.5702174447115385 0.3362368605769231 0.5900740961538461 0.3680280793269231 0.5951093317307692
1 0.29824621634615384 0.5627530144230769 0.30181487740384616 0.540221375 0.26523954326923077 0.5344284110576922 0.26167088221153845 0.5569600504807692 0.29824621634615384 0.5627530144230769
4 0.27160686057692307 0.7833853846153847 0.3010523894230769 0.5974736322115385 0.21848781730769232 0.5843966899038462 0.18904228846153848 0.7703084423076922 0.27160686057692307 0.7833853846153847
1 0.21699864182692308 0 0.20655499759615384 0.06593857211538462 0.34328810096153844 0.08759496875 0.3557213822115385 0.009094322115384615 0.29830209375 0 0.21699864182692308 0
1 0.2735844254807692 0.15512650240384615 0.28386673076923075 0.09020656971153847 0.17282895673076923 0.07261991586538462 0.16254664903846153 0.13753984615384615 0.2735844254807692 0.15512650240384615
1 0.2589982451923077 0.23423534855769232 0.27113821153846157 0.15758661778846153 0.11341672836538462 0.13260598798076922 0.10127676201923076 0.20925472115384616 0.2589982451923077 0.23423534855769232
1 0.20278227403846155 0.26055696394230765 0.21194020913461536 0.20273604326923078 0.11378868028846155 0.18719036778846154 0.1046307451923077 0.24501128846153847 0.20278227403846155 0.26055696394230765
1 0.19031732932692308 0.2863200360576923 0.19960562499999998 0.22767604086538462 0.07375252403846154 0.20774286778846152 0.06446422836538462 0.26638686298076925 0.19031732932692308 0.2863200360576923
1 0.12910677163461537 0.1998466298076923 0.1369773798076923 0.15015356009615385 0.06660458653846155 0.13900760576923077 0.05873397596153846 0.18870067548076924 0.12910677163461537 0.1998466298076923
1 0.19773542307692307 0.11263378125 0.20545937500000003 0.06386667067307693 0.11749338221153846 0.049934225961538466 0.10976943028846153 0.09870133653846154 0.19773542307692307 0.11263378125
3 0.3488635889423077 0.98229490625 0.3797593966346154 0.7872264591346153 0.09957999278846154 0.7428504014423076 0.06868418509615384 0.9379188485576923 0.3488635889423077 0.98229490625
3 0.23102096875000003 0.7899294206730769 0.24425271634615384 0.7063874495192307 0.08923194471153846 0.6818345697115386 0.07600019711538461 0.7653765432692308 0.23102096875000003 0.7899294206730769
3 0 0.9207124350961539 0.12954050721153848 0.9412296370192308 0.16100664663461536 0.7425602403846153 0 0.7170592932692308 0 0.9207124350961539
3 0 0.7460622019230769 0.0979586201923077 0.7615773221153846 0.10843646875 0.69542278125 0 0.6782481322115385 0 0.7460622019230769