1 1 0.4317954278846154 0.6267309206730769 0.4056939110576923 0.614618 0.57891675 0.9894059302884616 0.6051244759615385 1 0.45362221875 1 0.4317954278846154
1 0.6312729423076924 0.5770531682692307 0.6420561298076923 0.4228463918269231 0.48587500961538466 0.41192514423076926 0.47509181971153847 0.5661319206730769 0.6312729423076924 0.5770531682692307
1 0.4855370625 0.5657136923076923 0.4923891826923077 0.4677238076923077 0.41102536538461537 0.4620342956730769 0.4041732451923077 0.5600241802884616 0.4855370625 0.5657136923076923
1 0.4115848774038462 0.5682696081730769 0.41709273317307693 0.4895036129807692 0.35303041586538464 0.4850239399038462 0.3475225625 0.5637899350961538 0.4115848774038462 0.5682696081730769
1 0.3520778221153846 0.5602448894230769 0.35637947115384616 0.4987284399038462 0.31032006971153847 0.4955076538461538 0.30601842067307694 0.5570241033653847 0.3520778221153846 0.5602448894230769
1 0.3108153221153846 0.5612231153846154 0.3147100576923077 0.5055257884615385 0.2779248846153846 0.5029535168269231 0.2740301466346154 0.55865084375 0.3108153221153846 0.5612231153846154
1 0.27551090625 0.5587543894230769 0.2784682908653846 0.5164618293269231 0.2546982091346154 0.5147996634615384 0.2517408269230769 0.5570922235576923 0.27551090625 0.5587543894230769
1 0.2560272331730769 0.5573919591346154 0.25925347115384617 0.5112546201923076 0.22691057451923077 0.5089929855769231 0.22368433653846154 0.5551303221153846 0.2560272331730769 0.5573919591346154
1 0.38659319471153847 0.42952162499999996 0.3902844735576923 0.37673386057692304 0.23831182692307692 0.3661068990384615 0.23462054567307694 0.4188946634615384 0.38659319471153847 0.42952162499999996
1 0.26097287259615387 0.43514749999999996 0.26372680048076924 0.3957645024038462 0.21836881009615386 0.39259276201923077 0.21561488221153846 0.43197575961538465 0.26097287259615387 0.43514749999999996
1 0.31254540384615387 0.3606468701923077 0.31543012259615383 0.3193934423076923 0.2757613653846154 0.31661953125000003 0.27287664423076924 0.3578729615384616 0.31254540384615387 0.3606468701923077
1 0.40616947596153846 0.41836000961538466 0.4110088317307692 0.34915400240384614 0.2778184447115385 0.3398404230769231 0.2729790889423077 0.40904643028846155 0.40616947596153846 0.41836000961538466
1 0.5786573245192308 0.38311880769230766 0.5842305769230769 0.30341759615384617 0.3134854591346154 0.2844852548076923 0.30791220673076924 0.3641864639423077 0.5786573245192308 0.38311880769230766
1 0.5727169038461539 0.3437543677884615 0.5796707524038461 0.2443097019230769 0.37127338701923074 0.2297371394230769 0.3643195384615385 0.3291818052884615 0.5727169038461539 0.3437543677884615
1 0.6903800504807692 0.3298449182692308 0.7008217211538461 0.18052204807692307 0.42711508653846153 0.16138261538461537 0.41667341346153847 0.31070548557692307 0.6903800504807692 0.3298449182692308
1 0.9279416538461539 0.27565938461538464 0.9400109783653845 0.10306002163461538 0.5182284278846153 0.07356611298076923 0.5061591057692307 0.24616547596153845 0.9279416538461539 0.27565938461538464
1 1 0.035622036057692305 0.6314643966346154 0.009851514423076923 0.6190535552884615 0.1873347860576923 1 0.21397315625 1 0.035622036057692305
1 0.34207165624999997 0 0.33463424519230767 0.10635994711538463 0.42106381730769227 0.11240368990384615 0.4289186875 0.00007382211538461538 0.4278629807692308 0 0.34207165624999997 0
1 0.5597116322115384 0.17806856490384615 0.5694484735576923 0.03882524759615384 0.3534135072115384 0.023718610576923076 0.3436766658653846 0.1629619278846154 0.5597116322115384 0.17806856490384615
1 0.36822039423076924 0.14348072115384616 0.3739317043269231 0.06180516586538461 0.303322875 0.05686771634615385 0.29761156490384616 0.13854327163461538 0.36822039423076924 0.14348072115384616
1 0.4616153653846154 0.19439047355769232 0.46718861538461537 0.11468926201923077 0.3095267355769231 0.10366446875 0.3039534831730769 0.18336568028846154 0.4616153653846154 0.19439047355769232
1 0.4170230456730769 0.2317876346153846 0.42259629807692306 0.15208642548076923 0.2771701634615385 0.14191723798076922 0.2715969110576923 0.22161844951923076 0.4170230456730769 0.2317876346153846
1 0.31337831009615386 0.18298051923076922 0.31760729567307694 0.12250319951923078 0.2787178846153846 0.11978378605769231 0.2744888990384615 0.18026110817307692 0.31337831009615386 0.18298051923076922
1 0.35714199038461536 0.23919107692307692 0.3631875528846154 0.1527355264423077 0.25446865625 0.1451331610576923 0.24842309615384617 0.23158871153846153 0.35714199038461536 0.23919107692307692
1 0.2642881514423077 0.28469977884615383 0.26777597596153846 0.23482157451923077 0.1719942403846154 0.22812386298076925 0.16850641586538462 0.2780020673076923 0.2642881514423077 0.28469977884615383
1 0.29239577884615386 0.08993603125 0.2958908677884616 0.039953918269230775 0.1900555576923077 0.03255319230769231 0.18656046634615386 0.08253530528846155 0.29239577884615386 0.08993603125
1 0.24080936057692306 0 0.23829712980769233 0.035926572115384615 0.32901311057692306 0.042270050480769226 0.33196892067307693 0 0.24080936057692306 0
1 0.22496676201923077 0.45727306971153847 0.22818573317307692 0.41123964423076925 0.19818087740384616 0.40914150240384617 0.19496190624999998 0.4551749254807692 0.22496676201923077 0.45727306971153847
1 0.2265018125 0.5607572331730769 0.22902321874999998 0.5246994471153846 0.1994080360576923 0.5226285528846154 0.1968866298076923 0.5586863365384616 0.2265018125 0.5607572331730769
1 0.19721020192307692 0.6783754639423076 0.19988419951923075 0.6401355096153847 0.18016672115384613 0.6387567283653847 0.1774927235576923 0.6769966850961538 0.19721020192307692 0.6783754639423076
1 0.21026818028846156 0.6831521442307692 0.2129421778846154 0.6449121923076924 0.19525100240384616 0.6436751033653846 0.1925770048076923 0.6819150576923078 0.21026818028846156 0.6831521442307692
1 0.22069019951923077 0.692025764423077 0.2233641971153846 0.6537858100961539 0.21034910576923077 0.6528757067307692 0.20767510576923076 0.6911156610576923 0.22069019951923077 0.692025764423077
1 0.24175222836538462 0.7066556153846153 0.2449058028846154 0.6615574086538462 0.22113572355769232 0.6598952427884615 0.21798214903846153 0.7049934495192307 0.24175222836538462 0.7066556153846153
1 0.2639970985576923 0.7256494399038461 0.2678264399038462 0.6708873293269231 0.2347821298076923 0.6685766466346154 0.23095279086538462 0.7233387572115385 0.2639970985576923 0.7256494399038461
1 0.31498718990384617 0.75803521875 0.3201317307692308 0.6844648701923077 0.27087700721153846 0.6810206442307692 0.2657324663461539 0.7545909927884615 0.31498718990384617 0.75803521875
1 0.36202911298076923 0.7830442860576923 0.3678494182692308 0.6998100336538461 0.2977081971153846 0.6949052836538462 0.2918878918269231 0.7781395336538461 0.36202911298076923 0.7830442860576923
1 0.40426259615384613 0.8308985817307692 0.41179774759615384 0.7231408822115385 0.3383832692307692 0.7180072403846154 0.33084811538461534 0.8257649423076923 0.40426259615384613 0.8308985817307692
1 0.48658813221153846 0.8866730168269231 0.4951696322115385 0.7639518581730769 0.3906592115384615 0.7566437764423076 0.3820777115384616 0.8793649375 0.48658813221153846 0.8866730168269231
1 0.6016513701923076 0.9581025913461538 0.6122093052884615 0.8071171129807693 0.4728620769230769 0.7973730048076924 0.4623041442307692 0.9483584831730769 0.6016513701923076 0.9581025913461538
1 0.8337472548076923 1 0.8427270168269231 0.8715834206730769 0.5801650408653847 0.8532232980769231 0.5700721514423077 0.9975583485576922 0.6049893966346154 1 0.8337472548076923 1