1 0.7579721177884615 0.9432607307692307 0.7951773557692309 0.8044088918269231 0.6466662596153847 0.7646154639423077 0.6094610216346154 0.9034673004807693 0.7579721177884615 0.9432607307692307
1 0.8822076370192308 1 0.9397262211538462 0.7853377235576923 0.844341045673077 0.7597793413461538 0.7799741129807691 1 0.8822076370192308 1
1 0.9445968365384616 0.4767788894230769 0.9611324975961538 0.4150669591346154 0.9307209254807692 0.4069182043269231 0.9141852644230769 0.46863013221153843 0.9445968365384616 0.4767788894230769
1 0.8414864062499999 0.4408108076923077 0.8745217836538461 0.31752110817307694 0.66088615625 0.26027761538461536 0.62785078125 0.3835673149038462 0.8414864062499999 0.4408108076923077
1 1 0.12467623076923078 0.7708551322115385 0.06327704807692308 0.7239801274038461 0.2382169471153846 1 0.31217625 1 0.12467623076923078
1 0.622661 0.8517894951923076 0.6521016682692308 0.7419154326923076 0.5891655625 0.7250517548076924 0.5597248966346154 0.8349258173076923 0.622661 0.8517894951923076
1 0.6053973725961538 0.812079358173077 0.6250244831730769 0.738829985576923 0.5469203245192308 0.7179020384615384 0.5272932139423077 0.7911514134615385 0.6053973725961538 0.812079358173077
1 0.5358179951923077 0.7810698221153847 0.5549418461538461 0.709698639423077 0.5321520336538461 0.7035921274038461 0.5130281826923077 0.7749633100961538 0.5358179951923077 0.7810698221153847
1 0.7246333605769231 0.5403475360576923 0.7499401129807691 0.4459014543269231 0.5862609615384615 0.40204375721153846 0.5609542115384616 0.4964898389423077 0.7246333605769231 0.5403475360576923
1 0.7590408750000001 0.21482770192307693 0.7898834783653845 0.09972154086538462 0.6701992307692308 0.0676522451923077 0.6393566298076923 0.18275840384615386 0.7590408750000001 0.21482770192307693
1 0.2525189254807692 0.12353615625 0.23278397115384616 0.197188 0.3374510913461538 0.22523347115384615 0.35718604326923076 0.151581625 0.2525189254807692 0.12353615625
1 0.17505607692307693 0 0.15974977403846152 0.057123903846153845 0.32161781250000004 0.1004963125 0.3474637692307692 0.004037884615384615 0.3323941778846154 0 0.17505607692307693 0
1 0.3065685048076923 0 0.2975143677884616 0.03379049278846154 0.39237130288461536 0.05920733173076923 0.40823585817307695 0 0.3065685048076923 0
1 0.39506111298076924 0.12161326682692307 0.41443659374999997 0.04930298798076923 0.3315782692307692 0.027101165865384615 0.3122027860576923 0.09941144711538462 0.39506111298076924 0.12161326682692307
1 0.3373605625 0.0658917139423077 0.3244555576923077 0.11405384855769231 0.3869388846153846 0.13079620432692307 0.3998438894230769 0.08263406971153847 0.3373605625 0.0658917139423077
1 0.33850367067307696 0.10358298076923077 0.32416078125000003 0.15711137019230767 0.39049271875 0.17488495913461538 0.4048356081730769 0.12135656971153846 0.33850367067307696 0.10358298076923077
1 0.3530891129807693 0.1547975096153846 0.34270040384615386 0.19356869711538463 0.39839206490384615 0.2084912307692308 0.4087807740384616 0.16972004326923076 0.3530891129807693 0.1547975096153846
1 0.38113369471153846 0.23305590384615385 0.36844437259615387 0.28041310096153843 0.3862536298076923 0.28518507692307693 0.39894295192307694 0.2378278798076923 0.38113369471153846 0.23305590384615385
1 0.3873154951923077 0.26462029086538463 0.3771065216346154 0.30272069711538463 0.3937838341346154 0.3071893701923077 0.40399280769230766 0.2690889639423077 0.3873154951923077 0.26462029086538463
1 0.39211372115384613 0.29682046875 0.3829112668269231 0.33116449759615385 0.3938533942307692 0.33409643028846153 0.40305585096153845 0.2997524014423077 0.39211372115384613 0.29682046875
1 0.39719952403846154 0.32794739423076924 0.38997415865384616 0.35491282451923073 0.39940702884615387 0.3574403557692308 0.40663239423076925 0.3304749254807692 0.39719952403846154 0.32794739423076924
1 0.4238113365384616 0.22651779807692307 0.4133507331730769 0.2655573004807692 0.42331184374999997 0.2682263701923077 0.43377244711538465 0.2291868701923077 0.4238113365384616 0.22651779807692307
1 0.4256938846153846 0.19021240625 0.4122496730769231 0.24038688701923078 0.4243237451923077 0.24362212500000002 0.43776795673076924 0.19344764423076924 0.4256938846153846 0.19021240625
1 0.4155974206730769 0.17355959615384617 0.4051368173076923 0.21259909855769232 0.42136135336538466 0.21694644951923078 0.43182195673076923 0.1779069471153846 0.4155974206730769 0.17355959615384617
1 0.39716589903846156 0.13368031490384616 0.3864536658653846 0.17365890865384617 0.41882727403846154 0.18233339182692307 0.42953950721153844 0.1423547956730769 0.39716589903846156 0.13368031490384616
1 0.41084000721153846 0.12641636298076925 0.40235649278846153 0.15807726682692308 0.44476667548076926 0.1694410408653846 0.4532501875 0.13778013701923075 0.41084000721153846 0.12641636298076925
1 0.4212506466346154 0.08333739903846153 0.4078064350961539 0.1335118798076923 0.44289670913461543 0.14291429086538462 0.4563409206730769 0.09273981009615384 0.4212506466346154 0.08333739903846153
1 0.35640180048076925 0.7053880336538462 0.3648853125 0.6737271322115385 0.3241353173076923 0.662808204326923 0.31565180528846154 0.6944691057692308 0.35640180048076925 0.7053880336538462
1 0.320321875 0.6707012740384616 0.32578583413461537 0.6503095072115385 0.3158247235576923 0.6476404350961539 0.3103607668269231 0.6680322019230769 0.320321875 0.6707012740384616
1 0.3056119831730769 0.6459104567307693 0.30039965625 0.6653631298076923 0.3103607668269231 0.6680322019230769 0.31557309375 0.6485795288461538 0.3056119831730769 0.6459104567307693
1 0.2981349879807692 0.6738149807692307 0.3056119831730769 0.6459104567307693 0.293613375 0.6426954399038463 0.2861363798076923 0.6705999639423077 0.2981349879807692 0.6738149807692307
1 0.28186639423076926 0.6385413293269231 0.27413776923076927 0.6673849471153847 0.2861363798076923 0.6705999639423077 0.29386500240384617 0.6417563461538461 0.28186639423076926 0.6385413293269231
1 0.27160745673076925 0.6726022740384615 0.28030665384615383 0.6401364326923077 0.2656668389423077 0.6362137067307692 0.25696764423076923 0.668679548076923 0.27160745673076925 0.6726022740384615
1 0.24602123076923077 0.6319561995192308 0.2373220360576923 0.6644220408653846 0.25618777403846155 0.6694771009615385 0.26488696875 0.6370112596153846 0.24602123076923077 0.6319561995192308
1 0.23438838942307694 0.6795964783653846 0.24732934134615384 0.6313001875 0.22333212259615387 0.6248701514423077 0.21039117067307694 0.6731664447115384 0.23438838942307694 0.6795964783653846
1 0.19246777403846152 0.6166000745192307 0.17927519230769232 0.6658354615384615 0.21164879807692308 0.6745099447115385 0.22484138221153846 0.6252745576923077 0.19246777403846152 0.6166000745192307
1 0.17309715625 0.6741014615384615 0.18603810817307692 0.6258051682692307 0.1499668173076923 0.6161398966346153 0.1370258653846154 0.6644361875 0.17309715625 0.6741014615384615
1 0.09661450721153846 0.6018441875 0.08392518509615385 0.6492013822115384 0.13780573557692308 0.6636386322115384 0.1504950576923077 0.6162814375000001 0.09661450721153846 0.6018441875
1 0 0.6551837932692308 0.08035442067307692 0.6767146947115384 0.09818417788461538 0.6101731370192307 0.003478168269230769 0.5847967379807693 0 0.5977774375 0 0.6551837932692308
1 0.04063953125 0.2873345841346154 0.013427584134615384 0.3888909543269231 0.07176044951923077 0.40452119711538465 0.09897239663461538 0.30296482932692304 0.04063953125 0.2873345841346154
1 0.13364078846153846 0.4546046706730769 0.15754560336538462 0.3653906899038461 0.08540301682692308 0.3460601418269231 0.06149820192307693 0.435274125 0.13364078846153846 0.4546046706730769
1 0.1807989735576923 0.49714864903846157 0.2002463485576923 0.42457005528846153 0.14629033653846155 0.4101125841346154 0.12684295913461538 0.4826911778846154 0.1807989735576923 0.49714864903846157
1 0.19248177644230768 0.45354782932692306 0.1807989735576923 0.49714864903846157 0.21400267307692306 0.5060455528846154 0.2256854783653846 0.4624447331730769 0.19248177644230768 0.45354782932692306
1 0.24531467548076924 0.5322653365384615 0.2587588870192308 0.4820908557692307 0.22049916826923077 0.47183919471153846 0.20705495673076924 0.5220136754807693 0.24531467548076924 0.5322653365384615
1 0.26505917307692306 0.5566797091346154 0.27850338461538465 0.5065052283653846 0.25209134855769233 0.49942814423076926 0.23864713701923077 0.549602625 0.26505917307692306 0.5566797091346154
1 0.2814736298076923 0.5672608509615384 0.2953851538461538 0.5153423365384615 0.27576478605769233 0.5100850745192308 0.26185326201923076 0.5620035889423077 0.2814736298076923 0.5672608509615384
1 0.2977810264423077 0.569186 0.3071272692307692 0.5343053461538462 0.28795967788461535 0.5291694062500001 0.2786134350961538 0.5640500600961539 0.2977810264423077 0.569186
1 0.30701553846153845 0.5800001033653847 0.31449253125 0.5520955817307692 0.30098466346153846 0.5484761610576923 0.29350766826923075 0.5763806826923077 0.30701553846153845 0.5800001033653847
1 0.30889348076923073 0.555484125 0.30159622115384616 0.5827178653846153 0.31774529326923073 0.5870449975961539 0.32504255288461537 0.5598112548076923 0.30889348076923073 0.555484125
1 0.3319517283653846 0.5741721514423077 0.3269550841346154 0.5928198846153846 0.33699165625 0.5955091778846154 0.3419883028846154 0.5768614423076923 0.3319517283653846 0.5741721514423077
1 0.3503678629807692 0.50031071875 0.34206408653846154 0.5313008389423077 0.35376084375 0.5344349759615384 0.36206462259615385 0.5034448557692308 0.3503678629807692 0.50031071875
1 0.34759844471153845 0.48619633653846156 0.3378208341346154 0.5226868701923076 0.3474046298076923 0.5252548389423077 0.3571822379807692 0.4887643076923077 0.34759844471153845 0.48619633653846156
1 0.33582369230769227 0.47067550240384615 0.32482388221153846 0.5117273509615384 0.34052017548076924 0.5159331586538461 0.3515199855769231 0.4748813125 0.33582369230769227 0.47067550240384615
1 0.3280630096153846 0.4543609855769231 0.31724293509615387 0.49474205288461537 0.3329392307692308 0.4989478605769231 0.34375930528846155 0.45856679567307695 0.3280630096153846 0.4543609855769231
1 0.31868574759615387 0.4320055649038462 0.30707483653846157 0.47533806971153847 0.32533687259615385 0.48023136778846154 0.33694778125 0.43689886057692306 0.31868574759615387 0.4320055649038462
1 0.3047552067307692 0.4124561658653846 0.2910593653846154 0.4635697427884615 0.3089440841346154 0.46836193990384617 0.3226399278846154 0.4172483629807692 0.3047552067307692 0.4124561658653846
1 0.28078809134615385 0.39021747836538456 0.2685301346153846 0.43596480048076924 0.2981870769230769 0.4439113533653846 0.3104450336538462 0.3981640336538461 0.28078809134615385 0.39021747836538456
1 0.28921346875 0.3660179951923077 0.2799031730769231 0.40076449278846155 0.3025420576923077 0.4068305625 0.31185235336538464 0.37208406490384616 0.28921346875 0.3660179951923077
1 0.2614806033653846 0.3403258725961538 0.24386652884615384 0.40606249278846157 0.27571189663461537 0.4145954326923077 0.2933259711538462 0.3488588149038462 0.2614806033653846 0.3403258725961538
1 0.23602032211538462 0.29770050961538463 0.2202395480769231 0.3565951538461538 0.2563863052884615 0.3662806490384615 0.2721670769230769 0.30738600240384617 0.23602032211538462 0.29770050961538463
1 0.1267543701923077 0.21709034375 0.10701941826923077 0.2907421875 0.22813746153846154 0.3231956706730769 0.24787241346153846 0.24954382692307692 0.1267543701923077 0.21709034375
1 0.15481243990384613 0.1383354639423077 0.1336396033653846 0.2173535625 0.19333080048076923 0.23334777163461537 0.21450363701923078 0.15432967307692308 0.15481243990384613 0.1383354639423077
1 0.11312593028846153 0.027376475961538464 0.07904808894230769 0.15455671153846154 0.15171891346153846 0.17402880048076924 0.1857967548076923 0.04684856730769231 0.11312593028846153 0.027376475961538464
1 0.3092526682692308 0.22271031971153846 0.29663523798076924 0.26979920432692306 0.33912088221153847 0.28118319711538464 0.3517383125 0.2340943125 0.3092526682692308 0.22271031971153846
1 0.32909625000000003 0.3068234110576923 0.3422528870192308 0.25772218028846156 0.30376677884615383 0.24740986057692307 0.29061014423076925 0.29651109134615383 0.32909625000000003 0.3068234110576923
1 0.35015041586538465 0.3124648581730769 0.36053912499999996 0.27369366826923075 0.34310718269230767 0.2690227932692308 0.33271847355769235 0.3077939831730769 0.35015041586538465 0.3124648581730769
1 0.3338953173076923 0.28740379326923077 0.3225000913461538 0.32993136057692307 0.3410639759615384 0.3349055384615385 0.35245920432692307 0.2923779735576923 0.3338953173076923 0.28740379326923077
1 0.3493677548076923 0.3039154206730769 0.3396620408653846 0.3401376394230769 0.35747129807692307 0.3449096153846154 0.36717701201923075 0.3086873966346154 0.3493677548076923 0.3039154206730769
1 0.35090699519230767 0.3736338485576923 0.36197869951923073 0.3323136875 0.34273564663461537 0.3271575264423077 0.33166394230769225 0.36847768750000004 0.35090699519230767 0.3736338485576923
1 0.35822865625 0.39702014423076926 0.36948009615384614 0.3550292019230769 0.3546138942307693 0.3510458149038461 0.3433624543269231 0.3930367572115384 0.35822865625 0.39702014423076926
1 0.36313913221153843 0.37748659134615387 0.35429614903846157 0.4104890576923077 0.3659174447115384 0.4136029735576923 0.3747604278846154 0.3806005096153846 0.36313913221153843 0.37748659134615387
1 0.3413631730769231 0.4077426177884615 0.33446133173076925 0.43350063942307693 0.3747585504807692 0.44429824759615383 0.3816603918269231 0.41854022596153845 0.3413631730769231 0.4077426177884615
1 0.36904484134615384 0.40193136778846156 0.3641919831730769 0.4200424783653846 0.37362485336538465 0.4225700072115384 0.3784777091346154 0.4044588990384615 0.36904484134615384 0.40193136778846156