1 0.9794904471153847 0.6746687475961538 0.9602926754807692 0.5657927764423077 0.7970300144230769 0.5945803894230769 0.8162277860576924 0.703456358173077 0.9794904471153847 0.6746687475961538
1 0.8497215600961538 0.7188462548076924 0.8293902524038461 0.6035416802884616 0.6588184711538462 0.6336180865384615 0.6791497788461538 0.7489226610576923 0.8497215600961538 0.7188462548076924
1 0.6318989350961538 0.6531730336538462 0.6300381826923077 0.6490679038461539 0.6279250817307692 0.6538737307692308 0.6262969230769231 0.6502817403846154 0.6239512283653846 0.6545744278846153 0.6225556634615385 0.651495579326923 0.619977375 0.655275125 0.6188144038461538 0.6527094182692307 0.6160035216346155 0.6559758221153846 0.6150731466346154 0.6539232572115385 0.6120296682692308 0.6566765216346154 0.6113318870192308 0.6551370961538462 0.6080558149038462 0.65737721875 0.6075906274038462 0.6563509350961538 0.6001081081730769 0.6587786129807692 0.6142652596153846 0.7390678028846154 0.6937423221153847 0.7250538509615385 0.679585173076923 0.6447646634615385 0.6898983317307692 0.6296464783653846 0.9255976634615385 0.5531746274038462 0.9281063485576924 0.5537686442307692 0.9373072908653846 0.6059497788461539 0.9810081346153846 0.5982441418269231 0.9704927740384615 0.5386085600961539 0.929338923076923 0.5519607860576923 0.9267919302884615 0.5463141971153846 0.6861570721153847 0.6308603173076922 0.6412619591346154 0.6454263846153846 0.6438204927884615 0.6510709399038461 0.6398466394230768 0.6517716370192308 0.6375206995192308 0.6466402235576924 0.6337794399038461 0.6478540625 0.6358727884615385 0.6524723365384616 0.6318989350961538 0.6531730336538462
1 1 0.5111439495192308 0.99690928125 0.4936156153846154 0.9356665504807692 0.5044143605769231 0.9425160048076923 0.5432595576923077 1 0.5331235769230769 1 0.5111439495192308
1 0.12704123798076924 0.9812414134615385 0.10760228846153846 0.8709976562499999 0.06097779807692308 0.8792188125 0.0804167451923077 0.9894625697115385 0.12704123798076924 0.9812414134615385
1 0.1922927668269231 0.9121949687500001 0.17355323317307692 0.805917798076923 0.0759187764423077 0.8231333870192308 0.09465831009615384 0.9294105576923077 0.1922927668269231 0.9121949687500001
1 0.21831302644230768 0.8636050745192307 0.20367351923076923 0.7805803100961538 0.11327124519230769 0.7965206682692307 0.12791075000000002 0.8795454326923077 0.21831302644230768 0.8636050745192307
1 0.24412797596153846 0.8268980264423077 0.23293731490384614 0.7634326370192308 0.17977308413461537 0.7728069254807692 0.1909637451923077 0.8362723149038461 0.24412797596153846 0.8268980264423077
1 0.2784166730769231 0.7995562524038462 0.26835955048076926 0.7425194687500001 0.2304290625 0.7492076370192307 0.2404861875 0.8062444206730769 0.2784166730769231 0.7995562524038462
1 0.29874528605769235 0.7825737788461539 0.2900628774038462 0.733333391826923 0.26451942548076923 0.7378373918269231 0.27320183413461535 0.7870777788461538 0.29874528605769235 0.7825737788461539
1 0.3112296009615385 0.7642948677884616 0.30346366826923077 0.720252079326923 0.27722777403846155 0.7248781754807693 0.28499370673076924 0.7689209639423077 0.3112296009615385 0.7642948677884616
1 0.23586381490384617 0.6774515432692307 0.22489021394230768 0.6152171658653847 0.18257425721153847 0.6226786105769231 0.1935478581730769 0.6849129903846154 0.23586381490384617 0.6774515432692307
1 0.19308961778846154 0.6823141899038461 0.18165778125 0.6174810120192308 0.12703172596153847 0.6271130600961539 0.1384635625 0.6919462379807692 0.19308961778846154 0.6823141899038461
1 0.14860225 0.6941073966346154 0.13215390865384616 0.6008242163461538 0.06214023076923077 0.6131695168269231 0.07858857211538463 0.7064526971153846 0.14860225 0.6941073966346154
1 0.07160774038461538 0.701055125 0.05424292307692307 0.6025743485576923 0.013465725961538461 0.60976446875 0.03083054326923077 0.7082452451923077 0.07160774038461538 0.701055125
1 0 0.4397983798076923 0.03723493990384615 0.43323285576923076 0.013695966346153847 0.29973669471153846 0 0.3021516634615385 0 0.4397983798076923
1 0.1142009014423077 0.49045947836538456 0.09066192548076923 0.35696331730769226 0.009030596153846153 0.3713571225961539 0.03256956971153846 0.5048532860576923 0.1142009014423077 0.49045947836538456
1 0.16460410576923076 0.5162657788461538 0.14610575 0.4113563966346154 0.10455917307692308 0.41868217788461537 0.12305752884615385 0.5235915600961538 0.16460410576923076 0.5162657788461538
1 0.20012916826923074 0.5260793389423077 0.18869732932692307 0.46124616346153846 0.15222866826923076 0.4676765721153846 0.1636605048076923 0.5325097475961539 0.20012916826923074 0.5260793389423077
1 0.22730723557692306 0.5479420600961539 0.21589951442307692 0.4832456610576923 0.18743241586538462 0.4882651778846154 0.19884013701923076 0.5529615769230769 0.22730723557692306 0.5479420600961539
1 0.2382986346153846 0.5256954471153846 0.2355250889423077 0.5099658798076923 0.22252254807692307 0.5122585793269231 0.2315184879807692 0.5632770913461539 0.24205900961538462 0.5614185120192308 0.24509785336538462 0.5786526490384616 0.27079518028846156 0.5741215168269231 0.26153394471153846 0.5215984350961539 0.2382986346153846 0.5256954471153846
1 0.28568129567307693 0.5870101538461538 0.2761547644230769 0.5329825072115384 0.26053632932692306 0.5357364567307692 0.2700628605769231 0.5897641057692308 0.28568129567307693 0.5870101538461538
1 0.2982487139423077 0.58944821875 0.2910857283653846 0.5488248990384615 0.2776215576923077 0.5511989951923076 0.2847845456730769 0.5918223149038462 0.2982487139423077 0.58944821875
1 0.40609451682692305 0.7025785841346154 0.39975153365384614 0.6666057451923078 0.33981675 0.6771738653846153 0.34615973317307697 0.7131467043269232 0.40609451682692305 0.7025785841346154
1 0.4787872716346154 0.691030173076923 0.4746872451923077 0.6677777692307691 0.40759721875 0.6796075504807693 0.41169724519230766 0.7028599567307693 0.4787872716346154 0.691030173076923
1 0.4907112908653846 0.6772220336538461 0.48596008413461533 0.6502766009615384 0.44926060817307695 0.6567477091346153 0.4540118149038461 0.683693141826923 0.4907112908653846 0.6772220336538461
1 0.6181603629807693 0.5114613461538462 0.6062702860576923 0.4440293725961538 0.4987108149038461 0.4629950096153846 0.5106008918269231 0.5304269831730769 0.6181603629807693 0.5114613461538462
1 0.5190148461538462 0.5358539182692308 0.5101636129807692 0.48565607932692306 0.49200621875 0.48885771875 0.5008574519230768 0.5390555576923076 0.5190148461538462 0.5358539182692308
1 0.5049881850961538 0.5476352764423077 0.49837990625 0.5101578677884615 0.48022251442307695 0.5133595072115384 0.4868307932692308 0.5508369134615385 0.5049881850961538 0.5476352764423077
1 0.5089389591346154 0.5160527548076923 0.5016553822115385 0.4747455384615385 0.45949330048076925 0.4821798533653846 0.46677687740384616 0.5234870673076923 0.5089389591346154 0.5160527548076923
1 0.4802356514423077 0.5381787307692307 0.4724214831730769 0.4938623798076923 0.4508788149038461 0.49766093509615383 0.45869298317307694 0.5419772836538461 0.4802356514423077 0.5381787307692307
1 0.5743146971153846 0.40002092548076923 0.5631963918269232 0.33696587259615385 0.4767179591346154 0.35221435336538465 0.48783626682692305 0.41526940625 0.5743146971153846 0.40002092548076923
1 0.5961806466346153 0.42549991586538466 0.5853517524038462 0.3640862091346154 0.46471280288461536 0.3853581105769231 0.47554169711538463 0.44677181730769233 0.5961806466346153 0.42549991586538466
1 0.5462188052884616 0.3068170841346154 0.5318204783653846 0.22516010817307694 0.44241839903846153 0.2409241057692308 0.45681672836538467 0.3225810841346154 0.5462188052884616 0.3068170841346154
1 0.5273349903846154 0.1641792355769231 0.5161925673076924 0.10098740384615384 0.43179146394230766 0.11586959375 0.44293388942307693 0.17906142788461538 0.5273349903846154 0.1641792355769231
1 0.5210200552884615 0.20844836057692306 0.5115417596153846 0.15469426923076923 0.41836971394230765 0.17112301442307692 0.4278480096153846 0.22487710576923078 0.5210200552884615 0.20844836057692306
1 0.5042058629807692 0.2507609375 0.4943899158653846 0.1950919423076923 0.41560529567307697 0.20898379567307693 0.4254212427884615 0.2646527908653846 0.5042058629807692 0.2507609375
1 0.5003668557692308 0.07557160817307693 0.48801854086538465 0.0055408341346153845 0.3998474735576923 0.021087771634615386 0.4121957884615384 0.09111854807692307 0.5003668557692308 0.07557160817307693
1 0.5241239326923077 0.14866784375 0.5076032379807692 0.05497432692307692 0.40004376682692305 0.0739399639423077 0.41656446153846155 0.16763348076923076 0.5241239326923077 0.14866784375
1 0.6138947524038462 0.13904420913461538 0.596312875 0.039332425480769234 0.5008326850961539 0.056168158653846154 0.5184145625000001 0.1558799423076923 0.6138947524038462 0.13904420913461538
1 0 0.26886823317307695 0.08609634134615383 0.253687125 0.059060286057692306 0.10035802884615384 0 0.11077195192307691 0 0.26886823317307695
1 0 0.3334606490384615 0.1378425528846154 0.3091552860576923 0.1168841826923077 0.19029446153846155 0 0.21090429567307692 0 0.3334606490384615
1 0.1822188485576923 0.3691666875 0.16451638221153847 0.26877100961538464 0.01571808653846154 0.29500816346153846 0.03342055288461539 0.39540384134615386 0.1822188485576923 0.3691666875
1 0.2183856923076923 0.42851016586538465 0.2041079519230769 0.3475370817307692 0.11301323557692308 0.3635995384615385 0.1272909735576923 0.4445726225961538 0.2183856923076923 0.42851016586538465
1 0.20266881971153847 0.3906644086538461 0.2131359471153846 0.4500264302884615 0.23429392548076924 0.4462957091346154 0.22382679807692307 0.3869336875 0.20266881971153847 0.3906644086538461
1 0.25387484615384615 0.4795112475961538 0.24352831009615386 0.42083311778846155 0.22490928846153846 0.42411615384615386 0.23525582451923077 0.48279428365384613 0.25387484615384615 0.4795112475961538
1 0.2670683245192308 0.49269834375 0.25768650000000004 0.43949137019230766 0.2419141875 0.4422724543269231 0.2512960144230769 0.49547942788461535 0.2670683245192308 0.49269834375
1 0.2758773341346154 0.49946593509615383 0.26840081490384615 0.4570644903846154 0.25262850240384616 0.4598455745192308 0.26010502163461535 0.5022470192307693 0.2758773341346154 0.49946593509615383
1 0.27658773076923077 0.4787500793269231 0.28232776682692307 0.5113034447115384 0.28794425 0.510313108173077 0.28220421153846154 0.4777597403846154 0.27658773076923077 0.4787500793269231
1 0.22337472596153846 0.40506542548076924 0.22986241346153846 0.44185893990384617 0.2731016298076923 0.43423469951923077 0.2666139399038462 0.39744118509615384 0.22337472596153846 0.40506542548076924
1 0.2180104014423077 0.38274110817307694 0.2236298485576923 0.41461058173076926 0.2611756442307692 0.4079902451923077 0.25555619711538463 0.3761207716346154 0.2180104014423077 0.38274110817307694
1 0.20486955048076924 0.35995459375 0.20950016826923076 0.3862161346153846 0.2566632283653846 0.3779000144230769 0.2520326105769231 0.35163847355769234 0.20486955048076924 0.35995459375
1 0.15696824038461538 0.3181936826923077 0.1672183076923077 0.37632469471153845 0.22907654326923074 0.36541741826923074 0.2188264783653846 0.30728640625000003 0.15696824038461538 0.3181936826923077
1 0.09518859855769232 0.24136552403846154 0.10642749519230768 0.30510446874999997 0.20236931249999998 0.2881873365384615 0.19113041826923077 0.22444839182692308 0.09518859855769232 0.24136552403846154
1 0.01928667548076923 0.10469159134615384 0.042512117788461534 0.23640962740384616 0.17669217548076924 0.21275006490384613 0.15346673076923076 0.08103202644230768 0.01928667548076923 0.10469159134615384
1 0.20048816346153847 0.2230804326923077 0.17726272115384617 0.09136239663461539 0.10009380048076923 0.10496935817307693 0.12331924519230769 0.23668739663461538 0.20048816346153847 0.2230804326923077
1 0.14798201201923075 0.06747288942307693 0.1605715048076923 0.13887145192307693 0.19457814663461537 0.13287516346153846 0.18198865384615384 0.061476600961538466 0.14798201201923075 0.06747288942307693
1 0.16304303846153845 0.21092583173076923 0.17428193509615383 0.27466477884615387 0.22490720913461537 0.2657381778846154 0.2136683125 0.20199923076923076 0.16304303846153845 0.21092583173076923
1 0.24121924278846155 0.31955657692307693 0.2297632860576923 0.25458662259615383 0.18798589423076925 0.26195310336538463 0.19944185096153846 0.3269230576923077 0.24121924278846155 0.31955657692307693
1 0.2299368485576923 0.31900740144230766 0.23611100721153847 0.35402278605769233 0.2558071610576923 0.3505498245192307 0.2496330048076923 0.3155344375 0.2299368485576923 0.31900740144230766
1 0.4860406081730769 0.37539205769230766 0.48073469230769234 0.34530071153846154 0.4388803629807692 0.3526807596153846 0.4441862788461538 0.38277210576923076 0.4860406081730769 0.37539205769230766
1 0.48116896634615386 0.4116499591346154 0.4749948076923077 0.37663457451923077 0.43383292307692306 0.3838925240384615 0.44000707932692307 0.4189079110576923 0.48116896634615386 0.4116499591346154
1 0.4605101802884616 0.2863898966346154 0.4550113221153846 0.25520431730769233 0.40931008653846157 0.2632626778846154 0.4148089471153846 0.29444825721153844 0.4605101802884616 0.2863898966346154
1 0.6043301105769231 0.69442028125 0.5976012451923076 0.6562589807692307 0.5769048942307692 0.6599083052884616 0.5836337620192308 0.6980696057692307 0.6043301105769231 0.69442028125
1 0.5759281995192308 0.686312375 0.5694405096153846 0.6495188653846153 0.5415889158653846 0.6544298533653846 0.5480766057692308 0.6912233629807693 0.5759281995192308 0.686312375
1 0.8884278653846154 0.35168587259615386 0.8801072211538461 0.3044971682692308 0.8096319182692308 0.31692386538461537 0.8179525600961538 0.3641125721153846 0.8884278653846154 0.35168587259615386
1 0.8232957692307692 0.3647217644230769 0.817338673076923 0.33093738701923076 0.7840244735576923 0.33681157932692307 0.7899815697115385 0.37059595673076917 0.8232957692307692 0.3647217644230769
1 0.795192016826923 0.3929474086538462 0.7876431442307692 0.350135625 0.7564062740384615 0.35564352884615386 0.7639551466346154 0.3984553125 0.795192016826923 0.3929474086538462
1 0.7692238076923077 0.40359065624999996 0.7624949399038462 0.36542935576923075 0.7371823052884616 0.3698926586538462 0.7439111706730769 0.4080539567307693 0.7692238076923077 0.40359065624999996
1 0.7470257572115385 0.4230182355769231 0.7400074783653847 0.38321558653846155 0.7092322355769232 0.38864209375 0.7162505168269231 0.4284447403846154 0.7470257572115385 0.4230182355769231
1 0.7169202283653846 0.43989123076923076 0.7103119495192308 0.4024138269230769 0.6968477812499999 0.4047879230769231 0.7034560600961538 0.4422653269230769 0.7169202283653846 0.43989123076923076
1 0.7000510576923078 0.4328524879807692 0.69595103125 0.4096000817307692 0.682409923076923 0.4119877451923077 0.6865099495192308 0.43524014903846153 0.7000510576923078 0.4328524879807692
1 0.7117918822115384 0.44544953605769233 0.7087530384615385 0.4282154014423077 0.6839020288461538 0.4325973052884615 0.6869408725961539 0.4498314399038461 0.7117918822115384 0.44544953605769233
1 0.7839619807692307 0.48222604807692304 0.7774742932692308 0.44543253605769234 0.7454680408653847 0.4510761033653846 0.7519557283653846 0.4878696153846154 0.7839619807692307 0.48222604807692304
1 0.8017400769230769 0.4620264831730769 0.7956623918269231 0.4275582115384615 0.7648871490384616 0.4329847163461539 0.7709648365384615 0.46745298798076923 0.8017400769230769 0.4620264831730769
1 0.8395302499999999 0.44464466346153847 0.834754923076923 0.4175624495192308 0.7959781177884615 0.42439984855769236 0.8007534447115384 0.4514820600961539 0.8395302499999999 0.44464466346153847
1 0.8974116298076923 0.4251305384615385 0.8921298317307692 0.3951759663461539 0.824270420673077 0.4071414110576923 0.8295522211538462 0.4370959831730769 0.8974116298076923 0.4251305384615385
1 0.9705032548076923 0.3767025817307692 0.96601734375 0.3512617139423077 0.9293178677884615 0.35773282211538465 0.9338037788461538 0.38317368990384615 0.9705032548076923 0.3767025817307692
1 0.9708266105769231 0.2971038125 0.9657859903846154 0.26851703125 0.9493212355769232 0.2714202115384615 0.9518294879807693 0.2856452115384615 0.9329027139423077 0.28898251442307693 0.9375333317307692 0.31524405528846156 0.9573064254807692 0.3117575264423077 0.9552081754807692 0.29985776442307693 0.9708266105769231 0.2971038125
1 0.9066120336538461 0.25370636298076926 0.8976643293269231 0.20296140865384615 0.8498088269230769 0.211399625 0.8587565312500001 0.2621445793269231 0.9066120336538461 0.25370636298076926
1 0.8602468653846155 0.2521506201923077 0.8511062187499999 0.20031143509615384 0.7773225769230769 0.21332148317307692 0.7864632235576923 0.2651606682692308 0.8602468653846155 0.2521506201923077
1 0.8332706778846154 0.27552340625 0.8248053293269231 0.2275140264423077 0.7572536730769232 0.23942520673076922 0.7657190216346154 0.2874345841346154 0.8332706778846154 0.27552340625
1 0.825996233173077 0.2878065432692308 0.8192673653846154 0.24964524278846156 0.7373282836538462 0.2640933125 0.7440571514423078 0.3022546129807692 0.825996233173077 0.2878065432692308
1 0.8016050432692308 0.31594168509615383 0.7930191057692307 0.2672484134615385 0.7142344855769232 0.28114026682692306 0.7228204230769231 0.3298335384615385 0.8016050432692308 0.31594168509615383
1 0.7261837764423077 0.3241633557692308 0.7204437403846153 0.2916099879807692 0.6965159903846154 0.29582909615384617 0.7022560264423077 0.3283824639423077 0.7261837764423077 0.3241633557692308
1 0.7292708557692307 0.34167105048076923 0.7233137596153847 0.3078866730769231 0.6973086778846154 0.31247207211538464 0.7032657764423077 0.34625644711538467 0.7292708557692307 0.34167105048076923
1 0.7036998966346153 0.34871846634615383 0.69675396875 0.30932615625 0.6700564471153846 0.3140336514423077 0.677002375 0.35342596153846156 0.7036998966346153 0.34871846634615383
1 0.7072623581730769 0.3648730528846154 0.7008711394230769 0.32862665625 0.6784052139423077 0.3325880072115384 0.6847964302884615 0.3688344014423077 0.7072623581730769 0.3648730528846154
1 0.7175049903846153 0.22725369230769232 0.709039641826923 0.1792443125 0.6571064206730769 0.1884015408653846 0.6655717692307692 0.23641092067307692 0.7175049903846153 0.22725369230769232
1 0.7075333173076923 0.249884625 0.70053915625 0.21021875721153846 0.6402196802884615 0.22085470913461538 0.6472138437499999 0.2605205745192308 0.7075333173076923 0.249884625
1 0.6574836730769231 0.27422318990384614 0.6494042091346154 0.22840227163461538 0.5380747716346154 0.24803265624999998 0.5461542355769231 0.2938535745192308 0.6574836730769231 0.27422318990384614
1 0.6292814471153847 0.31628728125000005 0.6214913966346154 0.2721077091346154 0.5447071658653846 0.28564684134615387 0.5524972163461539 0.32982641346153846 0.6292814471153847 0.31628728125000005
1 0.7399486105769231 0.19932092548076924 0.733870923076923 0.16485265384615386 0.7102509254807692 0.16901749759615384 0.7163286105769231 0.20348576923076925 0.7399486105769231 0.19932092548076924
1 0.7241800745192308 0.2183199639423077 0.7186329807692308 0.18686082692307693 0.6903966947115384 0.1918396466346154 0.6959437884615384 0.22329878365384617 0.7241800745192308 0.2183199639423077
1 0.811174764423077 0.17900510096153846 0.8015276442307692 0.12429356009615386 0.7238970961538461 0.1379819206730769 0.7335442163461539 0.19269346153846156 0.811174764423077 0.17900510096153846
1 0.8261222932692308 0.1625483653846154 0.8150039879807692 0.09949331490384615 0.7453750024038462 0.11177078365384616 0.7564933076923077 0.1748258341346154 0.8261222932692308 0.1625483653846154
1 0.8717717091346154 0.14744756730769232 0.862004 0.09205212980769231 0.8029155360576923 0.10247102163461538 0.8126832451923077 0.1578664567307692 0.8717717091346154 0.14744756730769232
1 0.9011503149038462 0.12915139903846154 0.8946626274038461 0.09235788942307692 0.8646567668269232 0.09764873076923078 0.8711444543269231 0.13444224278846154 0.9011503149038462 0.12915139903846154
1 0.9466999447115385 0.2889472235576923 0.9394163701923077 0.24764001201923075 0.9018705745192308 0.2542603485576923 0.9091541514423077 0.2955675600961538 0.9466999447115385 0.2889472235576923
1 0.8789565048076924 0.07481876923076923 0.8699605649038461 0.023800257211538462 0.82610584375 0.031533026442307696 0.8351017836538461 0.08255154086538462 0.8789565048076924 0.07481876923076923
1 0.8340009567307691 0.04706468269230769 0.8263314975961538 0.0035690072115384616 0.7702436177884615 0.0134588125 0.7779130793269231 0.05695448798076923 0.8340009567307691 0.04706468269230769
1 0.7857853124999999 0 0.7043212211538462 0.014364314903846154 0.7126418629807693 0.06155302163461539 0.7948886995192308 0.0470506875 0.7865923942307693 0 0.7857853124999999 0
1 0.783555641826923 0.09615352163461538 0.7725820432692309 0.033919144230769235 0.6961825024038462 0.04739044471153846 0.7071561033653846 0.10962482211538462 0.783555641826923 0.09615352163461538
1 0.7576553942307692 0.11708008653846155 0.7495759302884615 0.07125916826923076 0.6850248605769231 0.08264126442307693 0.6931043245192308 0.12846218028846154 0.7576553942307692 0.11708008653846155
1 0.7424678822115385 0.1344253269230769 0.7362454879807692 0.09913638221153846 0.6708480985576923 0.11066770673076923 0.6770704903846153 0.14595665144230768 0.7424678822115385 0.1344253269230769
1 0.6597433966346155 0 0.6640746177884616 0.024563572115384617 0.7496297908653846 0.009477887019230769 0.7479585841346155 0 0.6597433966346155 0
1 0.654031625 0 0.6616945072115384 0.04345837259615385 0.7320159350961538 0.031058805288461538 0.7265394302884616 0 0.654031625 0
1 0.96413103125 0.25823148557692305 0.9598621802884615 0.23402162740384616 0.935088110576923 0.2383899639423077 0.9393569615384615 0.2625998221153846 0.96413103125 0.25823148557692305
3 0.4702172860576923 0.6361287043269231 0.46348841826923076 0.5979674038461538 0.42509630288461536 0.60473696875 0.43182517067307696 0.6428982692307692 0.4702172860576923 0.6361287043269231
3 0.47358160336538463 0.6777038942307693 0.46540566826923074 0.6313358629807693 0.43162983894230766 0.6372914543269231 0.43980577403846155 0.683659483173077 0.47358160336538463 0.6777038942307693
3 0.4076414855769231 0.6542140793269231 0.4153350649038462 0.6978465336538461 0.44911089182692304 0.6918909447115384 0.44141731490384617 0.6482584903846154 0.4076414855769231 0.6542140793269231
3 0.4006473221153846 0.6145482115384615 0.40740030769230773 0.6528462908653846 0.43125112019230766 0.64864075 0.42449813461538466 0.6103426706730769 0.4006473221153846 0.6145482115384615
3 0.9866903461538462 0.38527190865384614 0.9781526442307692 0.3368521947115385 0.9509934927884616 0.3416410841346154 0.9595311947115385 0.39006080048076924 0.9866903461538462 0.38527190865384614
3 0.9643334495192307 0.3862523701923077 0.9713517307692308 0.4260550192307692 0.9915864519230768 0.4224870913461538 0.9845681706730769 0.38268444471153845 0.9643334495192307 0.3862523701923077
3 0.9980498317307693 0.44969475 0.9913691995192307 0.4118070048076923 0.9689802115384616 0.41575478846153846 0.9756608413461538 0.45364253125 0.9980498317307693 0.44969475
3 0.9741250865384615 0.43233551201923076 0.967444454326923 0.39444776682692306 0.9338225024038462 0.4003762259615385 0.9405031322115385 0.43826396875 0.9741250865384615 0.43233551201923076
3 0.9821272259615385 0.45927184374999996 0.9756154182692308 0.4223415528846154 0.9409932716346153 0.4284463725961538 0.9475050793269231 0.46537666346153844 0.9821272259615385 0.45927184374999996