1 0.4902328461538462 0.7075281778846154 0.4893714543269231 0.699332579326923 0.4578264615384615 0.7026480913461538 0.4586878533653846 0.7108436899038462 0.4902328461538462 0.7075281778846154
1 0.49104584615384617 0.7152633485576924 0.4901167043269231 0.7064231538461538 0.4512681923076923 0.710506295673077 0.4521973341346154 0.7193464903846153 0.49104584615384617 0.7152633485576924
1 0.48406396875 0.533236733173077 0.48503182451923077 0.5424452692307692 0.5121739855769231 0.5395925120192308 0.5112061298076923 0.5303839759615385 0.48406396875 0.533236733173077
1 0.51268246875 0.5479183028846154 0.5116468629807692 0.5380651706730769 0.4884413533653846 0.5405041682692308 0.48947695913461536 0.5503573004807693 0.51268246875 0.5479183028846154
1 0.514423891826923 0.5575110480769231 0.513407641826923 0.5478420841346154 0.4911344951923077 0.5501830865384615 0.49215074278846155 0.5598520504807692 0.514423891826923 0.5575110480769231
1 0.5551742355769231 0.5580693509615384 0.5538579495192308 0.5455457403846153 0.525679829326923 0.5485073798076923 0.5269961129807692 0.5610309903846153 0.5551742355769231 0.5580693509615384
1 0.5565473317307692 0.5656525504807692 0.5552407259615385 0.5532210264423078 0.527891375 0.5560955600961539 0.5291979807692307 0.5685270817307692 0.5565473317307692 0.5656525504807692
1 0.5593668317307693 0.5750388822115384 0.5581957259615384 0.5638965528846154 0.5276348990384615 0.567108625 0.5288060048076922 0.5782509543269231 0.5593668317307693 0.5750388822115384
1 0.5572694639423077 0.5829868413461539 0.5559241442307692 0.5701869759615384 0.5282640048076923 0.573094173076923 0.5296093245192307 0.5858940384615384 0.5572694639423077 0.5829868413461539
1 0.5609831514423077 0.5904171346153846 0.5598023677884615 0.5791827211538462 0.5306400865384615 0.5822478004807692 0.5318208701923077 0.5934822139423077 0.5609831514423077 0.5904171346153846
1 0.5577980264423077 0.5984794230769231 0.5566849927884616 0.5878896081730769 0.5309931754807692 0.5905899254807692 0.5321062091346154 0.6011797403846153 0.5577980264423077 0.5984794230769231
1 0.5613717355769231 0.6080657908653846 0.5600360937500001 0.5953580120192308 0.5321687620192308 0.5982869855769231 0.5335044038461538 0.6109947668269231 0.5613717355769231 0.6080657908653846
1 0.5592254375 0.6170430240384616 0.5578801153846153 0.60424315625 0.5330688677884615 0.6068509230769231 0.5344141875 0.6196507908653845 0.5592254375 0.6170430240384616
1 0.5647531298076923 0.6213033725961539 0.5637852740384616 0.6120948389423077 0.5343122043269231 0.6151925841346154 0.5352800600961538 0.6244011177884615 0.5647531298076923 0.6213033725961539
1 0.5641500192307692 0.6330045913461538 0.5627756634615385 0.6199284711538462 0.5351155240384615 0.6228356682692309 0.5364898798076922 0.6359117884615385 0.5641500192307692 0.6330045913461538
1 0.5669404855769231 0.6421146682692308 0.5657984134615385 0.6312485937500001 0.5368433221153845 0.6342918942307693 0.5379853942307693 0.64515796875 0.5669404855769231 0.6421146682692308
1 0.5650264735576923 0.6533019471153847 0.5636424375 0.6401337403846153 0.5370182572115385 0.6429320552884616 0.5384022932692308 0.6561002596153845 0.5650264735576923 0.6533019471153847
1 0.5685180889423077 0.6571245793269231 0.5676760552884615 0.6491131538461539 0.5396533293269231 0.6520584615384616 0.5404953629807692 0.6600698870192307 0.5685180889423077 0.6571245793269231
1 0.56705825 0.6656572524038461 0.5659839302884616 0.6554357764423078 0.5388417692307692 0.65828853125 0.5399160913461538 0.6685100072115385 0.56705825 0.6656572524038461
1 0.5682241586538461 0.6732622259615385 0.5669175528846154 0.660830704326923 0.5406559591346154 0.6635909086538461 0.5419625649038461 0.6760224326923077 0.5682241586538461 0.6732622259615385
1 0.5701500072115384 0.6831148942307692 0.5690756875 0.6728934182692308 0.5388774423076923 0.6760673822115385 0.5399517644230769 0.6862888581730769 0.5701500072115384 0.6831148942307692
1 0.5718378365384615 0.688709858173077 0.5708699807692308 0.6795013221153846 0.5410343245192307 0.6826371754807692 0.5420021802884615 0.6918457115384615 0.5718378365384615 0.688709858173077
1 0.5706785697115385 0.6986074759615384 0.5694300336538461 0.6867284663461538 0.54373821875 0.6894287860576923 0.5449867524038461 0.7013077956730769 0.5706785697115385 0.6986074759615384
1 0.517023298076923 0.5757652596153846 0.5156973341346154 0.5631495673076923 0.49187024999999995 0.5656538942307692 0.49319621153846155 0.5782695889423077 0.517023298076923 0.5757652596153846
1 0.5179113966346154 0.5817235889423077 0.5168370745192308 0.5715021129807693 0.4923366129807692 0.5740772139423077 0.4934109326923077 0.5842986923076923 0.5179113966346154 0.5817235889423077
1 0.5188889302884616 0.5910242091346154 0.5178436466346154 0.5810789903846154 0.49386116346153847 0.5835996514423077 0.49490644951923074 0.5935448701923077 0.5188889302884616 0.5910242091346154
1 0.5200326105769231 0.5974211850961538 0.5190550769230768 0.5881205649038461 0.4954869783653846 0.5905976730769231 0.49646451201923075 0.5998982932692308 0.5200326105769231 0.5974211850961538
1 0.5210198245192308 0.6068138942307693 0.5198293629807693 0.5954873942307692 0.49548429326923077 0.5980461634615385 0.4966747572115385 0.6093726634615385 0.5210198245192308 0.6068138942307693
1 0.5232672163461538 0.6137465841346154 0.5222412884615385 0.6039855360576923 0.4971710480769231 0.6066205240384616 0.49819697596153845 0.6163815721153847 0.5232672163461538 0.6137465841346154
1 0.5231996490384615 0.6215743076923077 0.5221737211538462 0.6118132596153847 0.49808764423076923 0.6143448076923077 0.49911357211538465 0.6241058557692308 0.5231996490384615 0.6215743076923077
1 0.5262308197115385 0.6274935913461538 0.5251661778846154 0.617364201923077 0.4998369495192308 0.6200264110576923 0.5009015913461539 0.6301558004807692 0.5262308197115385 0.6274935913461538
1 0.5271337956730769 0.637081358173077 0.5260110817307692 0.6263994567307692 0.5000602764423077 0.6291269951923077 0.5011829903846153 0.6398088966346154 0.5271337956730769 0.637081358173077
1 0.5273827524038461 0.6469240697115384 0.5260567908653846 0.6343083749999999 0.5010901466346154 0.6369324735576923 0.502416110576923 0.6495481682692308 0.5273827524038461 0.6469240697115384
1 0.5277170216346154 0.6535923269230769 0.52662334375 0.6431866802884615 0.5022782788461538 0.6457454495192307 0.5033719567307693 0.6561510961538463 0.5277170216346154 0.6535923269230769
1 0.5288112379807692 0.6625082716346153 0.5274755961538461 0.6498004927884615 0.503234125 0.6523483725961537 0.5045697668269231 0.6650561538461539 0.5288112379807692 0.6625082716346153
1 0.5299093942307692 0.6694686490384616 0.5289318605769231 0.6601680288461539 0.5052601658653846 0.6626560240384615 0.5062376995192308 0.6719566442307693 0.5299093942307692 0.6694686490384616
1 0.5322336778846154 0.6786277235576923 0.5311980697115385 0.6687745889423078 0.5060242355769231 0.6714204663461539 0.5070598413461538 0.6812736009615384 0.5322336778846154 0.6786277235576923
1 0.5317682163461538 0.6856593413461538 0.5309552163461538 0.677924170673077 0.5069727331730769 0.6804448317307692 0.507785733173077 0.6881800024038461 0.5317682163461538 0.6856593413461538
1 0.5303436826923077 0.6950262259615384 0.5291919350961538 0.6840680673076923 0.5082137379807692 0.6862729639423077 0.5093654879807692 0.6972311225961538 0.5303436826923077 0.6950262259615384
1 0.5335877836538462 0.7029713894230769 0.5327747860576924 0.6952362211538462 0.5094138798076924 0.6976915504807693 0.5102268798076923 0.70542671875 0.5335877836538462 0.7029713894230769
1 0.5377914903846154 0.7070915889423077 0.5371527067307692 0.7010139567307692 0.510787516826923 0.7037850480769231 0.5114263028846154 0.7098626826923078 0.5377914903846154 0.7070915889423077
1 0.5927904711538461 0.4251685985576923 0.5915806490384615 0.41365792788461536 0.5685305360576923 0.41608059375 0.5697403557692308 0.4275912644230769 0.5927904711538461 0.4251685985576923
1 0.6201568509615385 0.41996471153846154 0.6191502788461538 0.4103878341346154 0.6001922067307692 0.4123804086538462 0.6011987764423077 0.42195728605769234 0.6201568509615385 0.41996471153846154
1 0.645305591346154 0.41508700721153846 0.6444345192307692 0.4067993245192308 0.6323137836538462 0.4080732644230769 0.6331848557692308 0.41636094951923075 0.645305591346154 0.41508700721153846
2 0.6220724158653846 0.6918092283653846 0.6170008485576923 0.6435564975961537 0.6069002355769231 0.6446181153846153 0.6119718028846154 0.6928708461538461 0.6220724158653846 0.6918092283653846