1 0.7777415360576924 0.8550511826923077 0.7680168149038462 0.7858562019230769 0.7210564471153845 0.7924560504807693 0.7307811682692308 0.86165103125 0.7777415360576924 0.8550511826923077
1 0.7477495552884614 0.9015528100961538 0.7388598749999999 0.8382994375 0.7520909038461538 0.8162433870192308 0.8089539543269232 0.8082518052884615 0.7986899375000001 0.7352195360576924 0.7502143100961539 0.7794026057692308 0.7474254423076924 0.7830468990384615 0.7418268870192308 0.7432111153846154 0.7437508918269231 0.7852936826923076 0.6823484302884615 0.8412589014423077 0.6837568725961538 0.8460436586538461 0.6791167235576924 0.8442044375000001 0.6798209447115385 0.8465968173076923 0.6758850144230769 0.8471499759615385 0.6847746971153845 0.9104033485576923 0.7477495552884614 0.9015528100961538
1 0.7185100456730769 0.5952664062499999 0.7090636706730769 0.5280519591346153 0.6325499903846155 0.5388052572115385 0.6419963653846155 0.606019701923077 0.7185100456730769 0.5952664062499999
1 0.680765625 0.6489165336538462 0.6679964927884616 0.5580594375 0.5901676105769231 0.5689975745192307 0.6029367427884615 0.6598546682692308 0.680765625 0.6489165336538462
1 0.7649966778846153 0.5403876394230769 0.7583337644230769 0.4929785576923077 0.69535890625 0.5018290961538462 0.7020218173076922 0.5492381802884615 0.7649966778846153 0.5403876394230769
1 0.8112759038461538 0.537922829326923 0.8007161442307692 0.4627862403846154 0.7463287644230768 0.4704298870192308 0.7568885240384616 0.5455664783653846 0.8112759038461538 0.537922829326923
1 0.8324076466346154 0.44634058653846154 0.822404579326923 0.37516506971153846 0.7593523557692308 0.38402648317307697 0.7693554206730769 0.455202 0.8324076466346154 0.44634058653846154
1 0.861854983173077 0.41392686298076925 0.8532436466346154 0.35265402644230764 0.7976184326923076 0.3604716394230769 0.8062297692307693 0.42174447596153847 0.861854983173077 0.41392686298076925
1 0.8925575504807692 0.3814629543269231 0.8853205480769231 0.3299690144230769 0.839598014423077 0.3363948966346154 0.8468350168269231 0.38788883653846157 0.8925575504807692 0.3814629543269231
1 0.8016637932692308 0.2994396754807692 0.7950008822115385 0.25203059134615385 0.7233611754807693 0.26209889423076926 0.7300240889423077 0.3095079783653846 0.8016637932692308 0.2994396754807692
1 0.7776415360576923 0.3794364495192308 0.7712569687499999 0.3340079038461538 0.7144712836538462 0.34198861057692304 0.7208558509615385 0.3874171586538461 0.7776415360576923 0.3794364495192308
1 0.7316821514423076 0.4201035288461539 0.724740891826923 0.3707139086538461 0.6716687115384615 0.37817271875 0.6786099711538461 0.4275623389423077 0.7316821514423076 0.4201035288461539
1 0.6919772572115386 0.4418409302884615 0.6853143437500001 0.3944318461538462 0.6222621201923076 0.40329325721153847 0.62892503125 0.45070234134615383 0.6919772572115386 0.4418409302884615
1 0.6431273557692307 0.4709225432692307 0.6353510576923077 0.41559131490384615 0.5513330024038462 0.42739928125 0.5591092980769231 0.4827305096153846 0.6431273557692307 0.4709225432692307
1 0.6288957620192307 0.1726251875 0.6200060793269231 0.10937181490384615 0.5360653894230769 0.12116891105769231 0.5449550697115385 0.18442228365384614 0.6288957620192307 0.1726251875
1 0.672823766826923 0.16241219951923075 0.6650474711538461 0.10708097115384616 0.5859807548076923 0.11819307211538461 0.5937570528846154 0.17352430048076922 0.672823766826923 0.16241219951923075
1 0.72713378125 0.15477942307692308 0.7185224471153846 0.09350658653846153 0.6481205769230769 0.10340092548076923 0.6567319110576922 0.16467376201923076 0.72713378125 0.15477942307692308
1 0.759749735576923 0.16231348076923077 0.7525301322115384 0.11094332451923077 0.6969049182692307 0.11876093990384615 0.7041245216346154 0.17013109615384614 0.759749735576923 0.16231348076923077
1 0.80223809375 0.16038144230769233 0.7939051033653846 0.10108914182692308 0.7470220985576923 0.10767811778846154 0.7553550889423076 0.16697041826923076 0.80223809375 0.16038144230769233
1 0.8221386995192308 0.14546666346153844 0.8247613221153846 0.14387496875 0.8284343413461539 0.14745900721153846 0.8299876995192308 0.14436356009615386 0.8339121971153846 0.14381200721153847 0.8321073581730769 0.1510430480769231 0.8431264086538461 0.16179516346153847 0.8553756201923076 0.2516240961538462 0.8961468149038462 0.24589407692307694 0.8908756322115384 0.20838767548076922 0.8467994254807691 0.16537920432692307 0.8330001177884616 0.1373222139423077 0.8275276322115384 0.09838345913461538 0.7882826322115384 0.10389898317307693 0.7880311490384616 0.10803457692307691 0.7843581322115385 0.1044505360576923 0.7907426995192307 0.1498790841346154 0.8182141995192308 0.14601821634615383 0.8174152884615384 0.13670688942307693 0.8210883076923078 0.14029093028846154 0.8221386995192308 0.14546666346153844
1 0.9771084447115383 0.3111363293269231 0.9679404158653846 0.2459024206730769 0.8987763798076924 0.25562279326923076 0.9079444086538462 0.3208567019230769 0.9771084447115383 0.3111363293269231
1 0.5442871923076923 0.07469739903846154 0.5349625961538462 0.0083494375 0.45133136298076926 0.020103040865384614 0.4606559591346154 0.08645100240384615 0.5442871923076923 0.07469739903846154