1 1 0.08397597115384615 0.9711424879807692 0.07888761298076924 0.94564996875 0.22346286298076923 1 0.23304624038461538 1 0.08397597115384615
1 1 0.1962370264423077 0.861003875 0.17172825961538463 0.8355113581730769 0.31630350721153844 1 0.34530729326923076 1 0.1962370264423077
1 0.9746824903846154 0.43223152884615385 0.9977149927884615 0.30160772115384615 0.7668237355769231 0.2608953629807692 0.7437912355769231 0.3915191706730769 0.9746824903846154 0.43223152884615385
1 0.8722436225961538 0.4607091754807692 0.887051951923077 0.3767269615384615 0.704247014423077 0.3444935192307692 0.6894386826923077 0.4284757331730769 0.8722436225961538 0.4607091754807692
1 0.7994743509615384 0.4846872067307692 0.8120879615384615 0.41315186538461535 0.6599043894230768 0.3863177956730769 0.6472907788461538 0.4578531346153846 0.7994743509615384 0.4846872067307692
1 0.7190819687500001 0.41917640384615384 0.7316955793269231 0.34764106250000004 0.6302142163461538 0.32974715865384613 0.6176006057692308 0.4012825 0.7190819687500001 0.41917640384615384
1 0.6185462091346154 0.4319120336538462 0.6295198100961539 0.36967765625000004 0.604130235576923 0.3652007884615385 0.5931566346153846 0.4274351682692308 0.6185462091346154 0.4319120336538462
1 0.5924947043269231 0.4514348341346154 0.6023830048076924 0.3953555024038462 0.5770703677884615 0.3908922019230769 0.5671820673076924 0.4469715336538461 0.5924947043269231 0.4514348341346154
1 0.5684380048076924 0.46369367067307693 0.5787121875 0.4054258798076923 0.5619396826923077 0.4024684350961539 0.5516654975961539 0.46073622596153846 0.5684380048076924 0.46369367067307693
1 0.5476954230769231 0.47470346634615385 0.5552442932692307 0.4318916875 0.543857454326923 0.4298838798076923 0.5363085817307692 0.4726956610576923 0.5476954230769231 0.47470346634615385
1 0.633539048076923 0.5353931802884616 0.6425349879807692 0.4843746682692308 0.562827110576923 0.47032001923076927 0.553831170673077 0.52133853125 0.633539048076923 0.5353931802884616
1 0.6865212764423076 0.5161059879807692 0.6948419182692308 0.46891728365384616 0.5893597764423076 0.4503179350961538 0.5810391346153846 0.49750663942307694 0.6865212764423076 0.5161059879807692
1 0.7850517499999999 0.3487283389423077 0.8014277379807692 0.25585549519230766 0.6410887259615384 0.22758340144230768 0.6247127379807692 0.3204562451923077 0.7850517499999999 0.3487283389423077
1 0.7008420120192308 0.3539063581730769 0.7115020793269231 0.29345010336538463 0.6130982427884615 0.27609885336538464 0.602438173076923 0.33655510817307693 0.7008420120192308 0.3539063581730769
1 0.6253270865384616 0.3772592235576923 0.6346606778846154 0.32432580528846155 0.5884978125 0.3161860480769231 0.5791642235576924 0.3691194639423077 0.6253270865384616 0.3772592235576923
1 0.7952876778846154 0.3082237668269231 0.8092036490384615 0.2293023653846154 0.6767931682692307 0.2059548269230769 0.6628771971153846 0.28487622596153844 0.7952876778846154 0.3082237668269231
1 0.8526657427884616 0.28830136538461537 0.876470014423077 0.15330063461538462 0.7167465072115384 0.12513706971153846 0.692942235576923 0.26013780048076923 0.8526657427884616 0.28830136538461537
1 0.9186245432692307 0.19317085336538461 0.9401135072115385 0.07130089423076923 0.7848524086538462 0.043924175480769226 0.7633634471153846 0.16579413461538461 0.9186245432692307 0.19317085336538461
1 0.7450304110576924 0.10375139903846153 0.7555457716346154 0.04411581730769231 0.6615274062500001 0.02753784375 0.6510120456730769 0.08717342307692308 0.7450304110576924 0.10375139903846153
1 0.6385793149038462 0.016862997596153846 0.6319710384615385 0.054340403846153844 0.6735176153846154 0.061666187500000004 0.6801258942307692 0.02418878125 0.6385793149038462 0.016862997596153846
1 0.7206661899038462 0.16094505288461539 0.7332315649038462 0.08968326923076922 0.6566781490384616 0.07618483653846155 0.6441127740384616 0.1474466201923077 0.7206661899038462 0.16094505288461539
1 0.7149074278846155 0.2107009591346154 0.7247474903846154 0.15489518509615385 0.6292673028846154 0.13805945192307692 0.6194272379807693 0.1938652259615385 0.7149074278846155 0.2107009591346154
1 0.6601630192307693 0.2611274495192308 0.670437201923077 0.20285965865384614 0.6018853509615385 0.19077211778846154 0.5916111658653846 0.24903990865384615 0.6601630192307693 0.2611274495192308
1 0.6392704903846155 0.19200493028846152 0.6497858509615385 0.1323693485576923 0.6126247451923077 0.12581684375 0.6021093846153847 0.18545242307692306 0.6392704903846155 0.19200493028846152
1 0.71891321875 0.2473703125 0.7307791778846154 0.18007511538461538 0.6506096706730768 0.16593906971153846 0.6387437115384615 0.23323426682692305 0.71891321875 0.2473703125
1 0.6710384158653846 0.2844818605769231 0.6808784783653846 0.22867608653846153 0.6174814783653846 0.21749748557692308 0.6076414158653847 0.2733032572115385 0.6710384158653846 0.2844818605769231
1 0.6488182908653847 0.33401478125 0.659574829326923 0.27301141105769233 0.5968702740384615 0.26195490625 0.5861137331730769 0.3229582764423077 0.6488182908653847 0.33401478125
1 0.5985077427884615 0.3210537596153846 0.6067319134615384 0.27441217067307694 0.5833427283653847 0.2702880264423077 0.5751185576923077 0.3169296153846154 0.5985077427884615 0.3210537596153846
1 0.5809244375 0.37803275961538463 0.5889074302884615 0.3327589567307693 0.5488226778846154 0.3256909326923077 0.5408396850961539 0.37096473557692305 0.5809244375 0.37803275961538463
1 0.6071831778846154 0.2759020576923077 0.6142738125 0.23568907211538462 0.5596477572115385 0.22605702644230768 0.5525571225961539 0.2662700096153846 0.6071831778846154 0.2759020576923077
1 0.6558944759615385 0.15756284615384614 0.6664098365384615 0.09792726682692308 0.5883945985576923 0.08417107451923077 0.5778792355769231 0.14380665384615385 0.6558944759615385 0.15756284615384614
1 0.1404472716346154 0.11279288942307691 0.1283883701923077 0.18118231490384615 0.2613374158653846 0.20462481971153845 0.2733963173076923 0.13623539182692307 0.1404472716346154 0.11279288942307691
1 0.167153 0.16559356009615384 0.15371938461538462 0.24177938461538462 0.2752815913461539 0.2632140817307692 0.2887152067307692 0.18702825721153846 0.167153 0.16559356009615384
1 0.3512560240384615 0.34388243749999997 0.36276021634615385 0.27863892307692306 0.26566432692307695 0.26151829807692306 0.2541601346153846 0.3267618125 0.3512560240384615 0.34388243749999997
1 0.36300493990384614 0.21606409855769232 0.3531166394230769 0.27214343028846155 0.38373800721153845 0.2775428028846154 0.39362630528846154 0.22146347115384615 0.36300493990384614 0.21606409855769232
1 0.3033838389423077 0.139830625 0.29542496394230766 0.18496764663461537 0.38113401442307693 0.20008046634615384 0.3890928894230769 0.15494344230769233 0.3033838389423077 0.139830625
1 0.4213805793269231 0.1558415625 0.43124476201923073 0.09989901201923077 0.3691557091346154 0.0889510360576923 0.35929152884615384 0.14489358653846154 0.4213805793269231 0.1558415625
1 0.32020951682692306 0.35124196153846154 0.31280535096153844 0.3932330721153846 0.3626612427884615 0.4020240096153846 0.3700654086538462 0.3600329014423077 0.32020951682692306 0.35124196153846154
1 0.3091207596153846 0.48566415384615386 0.3206490697115385 0.4202838605769231 0.2052419110576923 0.3999344639423077 0.19371360096153845 0.4653147572115385 0.3091207596153846 0.48566415384615386
1 0.22259567307692307 0.4495347860576923 0.21656622115384616 0.4837295 0.31981715865384613 0.5019354254807692 0.32584661057692305 0.4677407115384616 0.22259567307692307 0.4495347860576923
1 0.3139028653846154 0.4639423293269231 0.3062092860576923 0.5075747836538461 0.3359073942307692 0.5128113629807692 0.3436009735576923 0.46917890865384615 0.3139028653846154 0.4639423293269231
1 0.3156925168269231 0.6625481466346154 0.3212154927884615 0.6312257884615384 0.31152129086538466 0.6295164399038462 0.30599831490384616 0.660838798076923 0.3156925168269231 0.6625481466346154
1 0.30647808894230766 0.6720648798076923 0.3123869519230769 0.6385540625 0.3008462355769231 0.6365191225961537 0.2949373725961538 0.6700299399038462 0.30647808894230766 0.6720648798076923
1 0.29743606971153846 0.6738552836538462 0.30334493269230767 0.6403444639423077 0.2899577019230769 0.6379839350961538 0.2840488389423077 0.6714947548076923 0.29743606971153846 0.6738552836538462
1 0.28537732211538464 0.6783574807692307 0.29280560576923076 0.63622959375 0.27518677884615383 0.633122920673077 0.26775849759615383 0.6752508052884616 0.28537732211538464 0.6783574807692307
1 0.2682382716346154 0.6864768894230769 0.27585949759615386 0.6432547716346153 0.2533935697115385 0.639293423076923 0.24577234374999998 0.6825155408653847 0.2682382716346154 0.6864768894230769
1 0.2447729591346154 0.6989810360576924 0.25446831490384614 0.6439959375 0.22223124759615384 0.6383116730769232 0.21253589182692306 0.6932967716346153 0.2447729591346154 0.6989810360576924
1 0.21982289663461538 0.7091079110576923 0.22954237259615384 0.6539860312500001 0.19184269951923077 0.6473385600961539 0.18212322596153846 0.7024604399038462 0.21982289663461538 0.7091079110576923
1 0.17896679807692306 0.7419568173076924 0.19324453846153847 0.6609837331730769 0.13000141586538463 0.649832264423077 0.11572367548076924 0.7308053461538461 0.17896679807692306 0.7419568173076924
1 0 0.7548250552884616 0.11782076923076924 0.7756000360576922 0.13865855048076922 0.6574231057692308 0.01709634375 0.6359884086538461 0 0.7329465913461538 0 0.7548250552884616
1 0 0.7740053341346154 0.028831699519230772 0.779089139423077 0.044460036057692304 0.6904564423076922 0 0.6826169375 0 0.7740053341346154
1 0.08509236538461538 0.19907475961538462 0.06509870673076923 0.31246443028846155 0.12718775721153847 0.32341240625 0.1471814158653846 0.21002273557692305 0.08509236538461538 0.19907475961538462
1 0.054446456730769234 0.15827215865384614 0.04154343269230769 0.23144884615384614 0.08878343028846153 0.23977853365384616 0.10168645432692307 0.16660184615384616 0.054446456730769234 0.15827215865384614
1 0.8936022139423077 0.8758640817307692 0.9117629182692307 0.7728696033653846 0.8034340673076923 0.7537683052884615 0.7852733605769231 0.8567627836538462 0.8936022139423077 0.8758640817307692
1 0.9365059759615384 0.8903397163461538 0.9566202235576923 0.7762661514423077 0.9087647211538462 0.7678279350961539 0.8886504735576923 0.8819014999999999 0.9365059759615384 0.8903397163461538
1 0.8006531995192308 0.8469228629807692 0.8152927067307693 0.7638980985576923 0.7110415721153847 0.7455158100961538 0.6964020673076923 0.8285405745192308 0.8006531995192308 0.8469228629807692
1 0.7171446490384615 0.8175307788461539 0.7306265000000001 0.7410713990384615 0.6672295024038462 0.7298927980769231 0.6537476490384615 0.8063521778846153 0.7171446490384615 0.8175307788461539
1 0.6773508894230769 0.7876669663461539 0.68692565625 0.7333657596153846 0.6227592764423077 0.7220514975961538 0.6131845096153846 0.7763527019230769 0.6773508894230769 0.7876669663461539
1 0.6179456947115385 0.7668969302884616 0.6261939831730768 0.7201185625 0.58464740625 0.7127927788461539 0.5763991177884615 0.7595711466346154 0.6179456947115385 0.7668969302884616
1 0.590943 0.7481735096153846 0.5979130456730769 0.708644420673077 0.5619829495192308 0.7023089759615384 0.55501290625 0.7418380649038461 0.590943 0.7481735096153846
1 0.5640527283653847 0.7351111730769231 0.5703957091346153 0.6991383341346153 0.5394665913461538 0.6936846971153846 0.5331236105769231 0.7296575336538461 0.5640527283653847 0.7351111730769231
1 0.5345465600961539 0.7215875817307692 0.5401177716346154 0.6899916682692309 0.5158053317307693 0.6857047283653847 0.5102341177884615 0.7173006418269231 0.5345465600961539 0.7215875817307692
1 0.51199471875 0.7073157884615384 0.5173729879807692 0.6768141009615385 0.49813846153846153 0.6734225360576923 0.4927601923076923 0.7039242211538461 0.51199471875 0.7073157884615384
1 0.4971721706730769 0.7000481322115385 0.5016098461538461 0.6748808245192308 0.4863761009615385 0.6721947043269231 0.48193842548076926 0.6973620120192308 0.4971721706730769 0.7000481322115385
1 0.4837699903846154 0.6986721874999999 0.4880629591346154 0.6743255504807693 0.47544511057692307 0.6721006850961538 0.47115214182692305 0.6964473197115384 0.4837699903846154 0.6986721874999999
1 0.5371821033653846 0.6031627692307693 0.5433562596153846 0.5681473822115385 0.5155046658653846 0.5632363942307692 0.5093305096153846 0.59825178125 0.5371821033653846 0.6031627692307693
1 0.5437921923076924 0.58952 0.5488569302884615 0.5607964399038461 0.52608325 0.556780826923077 0.5210185120192308 0.5855043846153847 0.5437921923076924 0.58952
1 0.6089968317307692 0.5926964807692308 0.6148574591346153 0.55945921875 0.5449976586538462 0.5471410504807692 0.53913703125 0.5803783124999999 0.6089968317307692 0.5926964807692308
1 0.5476492283653847 0.5438007451923077 0.5524004375 0.5168553100961538 0.49369666105769233 0.50650425 0.48894545432692305 0.5334496850961539 0.5476492283653847 0.5438007451923077
1 0.5354401490384615 0.48706877403846155 0.5392507620192307 0.46545771394230767 0.5094757163461539 0.4602075697115385 0.5056651033653846 0.48181862980769236 0.5354401490384615 0.48706877403846155