1 0.8863374831730769 0.4002020769230769 0.9115004471153847 0.30629262259615386 0.77038471875 0.26848077884615384 0.7452217572115385 0.3623902331730769 0.8863374831730769 0.4002020769230769
1 0.7935057235576923 0.4351438413461538 0.8101851730769231 0.3728952860576923 0.7239310168269231 0.34978355528846156 0.7072515673076923 0.41203210817307695 0.7935057235576923 0.4351438413461538
1 0.7466472548076923 0.4593979711538462 0.7576111177884616 0.41848028125 0.6938449206730769 0.4013941802884615 0.6828810576923078 0.44231187019230767 0.7466472548076923 0.4593979711538462
1 0.6946084399038461 0.42359838221153845 0.7070820817307693 0.377046125 0.6788589350961539 0.3694837548076923 0.6663852956730769 0.4160360144230769 0.6946084399038461 0.42359838221153845
1 0.6604930240384616 0.4443651610576923 0.6707019951923077 0.4062647548076923 0.6602126442307692 0.40345414182692313 0.6500036730769231 0.44155454807692307 0.6604930240384616 0.4443651610576923
1 0.6448662884615385 0.4670664134615385 0.6563334086538462 0.42427053365384615 0.6379959110576923 0.41935701682692306 0.6265287908653847 0.4621528966346154 0.6448662884615385 0.4670664134615385
1 0.7207511370192308 0.5122750841346154 0.731715 0.4713573918269231 0.6626663966346154 0.452855875 0.6517025336538461 0.49377356490384616 0.7207511370192308 0.5122750841346154
1 0.7165697908653846 0.5360300817307693 0.7257722451923077 0.5016860528846154 0.6441967908653846 0.4798279759615385 0.6349943365384616 0.5141720048076923 0.7165697908653846 0.5360300817307693
1 0.6713264086538462 0.5418806971153847 0.6815353822115384 0.5037802908653846 0.629767795673077 0.48990920673076926 0.6195588221153846 0.5280096153846153 0.6713264086538462 0.5418806971153847
1 0.2243757980769231 0.31399179807692307 0.19687627403846156 0.4166214158653846 0.2784517283653846 0.43847949278846154 0.3059512524038462 0.335849875 0.2243757980769231 0.31399179807692307
1 0.09191844471153846 0.09143130048076922 0.049285194711538464 0.25054075240384616 0.15319768509615386 0.2783840192307692 0.19583093269230767 0.11927456971153846 0.09191844471153846 0.09143130048076922
1 0.20042543028846155 0.3478350552884616 0.23141181971153849 0.23219227163461537 0.16183497596153848 0.21354921153846154 0.1308485841346154 0.32919199759615386 0.20042543028846155 0.3478350552884616
1 0.25585614663461537 0 0.2391992860576923 0.06216425 0.37563631009615384 0.09872244230769231 0.40208890865384617 0 0.25585614663461537 0
1 0.2924136490384615 0.09267108173076923 0.2559633004807692 0.2287056346153846 0.3965507860576923 0.2663759375 0.4330011346153846 0.13034138461538464 0.2924136490384615 0.09267108173076923
1 0.3813063413461538 0.02202085576923077 0.35740152884615384 0.11123483653846153 0.4559561466346154 0.13764246875 0.4798609615384616 0.04842848557692307 0.3813063413461538 0.02202085576923077
1 0.4054050264423077 0 0.39620057692307686 0.034351478365384616 0.45702371875000003 0.050648990384615386 0.47059507451923077 0 0.4054050264423077 0
1 0.2782037307692308 0.3971457836538462 0.2581812019230769 0.47187087980769227 0.30964693750000005 0.4856610817307692 0.3296694663461538 0.41093598557692307 0.2782037307692308 0.3971457836538462
1 0.34562952884615383 0.48207406009615383 0.3342702475961538 0.5244674711538462 0.3549470985576923 0.5300078173076923 0.36630637740384614 0.48761440384615384 0.34562952884615383 0.48207406009615383
1 0.3542666971153846 0.5023619254807692 0.34438124759615385 0.5392549278846154 0.3720006875 0.5466555336538461 0.38188613701923074 0.5097625336538462 0.3542666971153846 0.5023619254807692
1 0.3701697211538461 0.5263221346153846 0.3616502596153846 0.5581171923076923 0.38187433173076923 0.5635362163461538 0.3903937932692308 0.5317411586538461 0.3701697211538461 0.5263221346153846
1 0.3855203004807692 0.5390626105769231 0.37728841826923076 0.5697844182692308 0.39064536057692306 0.5733633990384616 0.39887724519230766 0.54264159375 0.3855203004807692 0.5390626105769231
1 0.10868009615384616 0.8293869903846154 0.12949346153846156 0.7517104567307692 0.03614578605769231 0.7266980216346154 0.015332420673076923 0.8043745552884616 0.10868009615384616 0.8293869903846154
1 0.8772005504807693 0.25741640625 0.8996315360576923 0.17370283653846152 0.7898329350961538 0.14428238942307692 0.7674019519230769 0.22799595913461537 0.8772005504807693 0.25741640625
1 0.7892338485576923 0.2995570817307692 0.8134262403846153 0.20926984615384617 0.7557725432692308 0.1938215841346154 0.7315801514423076 0.28410881971153845 0.7892338485576923 0.2995570817307692
1 0.789072860576923 0.20748939423076923 0.8076215576923077 0.1382647091346154 0.7474021201923077 0.12212895913461538 0.7288534206730769 0.19135364423076923 0.789072860576923 0.20748939423076923
1 0.7625277427884616 0.2018145360576923 0.7780928341346154 0.14372482932692307 0.7257970048076923 0.12971220432692307 0.7102319158653846 0.1878019110576923 0.7625277427884616 0.2018145360576923
1 0.7248969086538462 0.23328621634615385 0.7363280817307692 0.19062449278846155 0.7040299375000001 0.18197023317307692 0.6925987620192308 0.2246319543269231 0.7248969086538462 0.23328621634615385
1 0.7152085192307692 0.27699007451923074 0.7274664759615385 0.2312427548076923 0.6820377764423077 0.2190701706730769 0.6697798197115384 0.2648174903846154 0.7152085192307692 0.27699007451923074
1 0.7377020600961538 0.3017096875 0.7499600192307692 0.25596236778846154 0.7038521538461538 0.24360780048076924 0.6915941947115385 0.2893551201923077 0.7377020600961538 0.3017096875
1 0.7261309254807693 0.34217708413461534 0.7375261538461538 0.2996495144230769 0.6862868076923078 0.2859199735576923 0.6748915793269231 0.32844754326923076 0.7261309254807693 0.34217708413461534
1 0.7105429302884616 0.3740911706730769 0.7200689086538462 0.3385397331730769 0.6634716923076923 0.3233745552884616 0.6539457139423077 0.3589259927884615 0.7105429302884616 0.3740911706730769
1 0.6795919543269231 0.32841290865384615 0.6927485889423076 0.27931167788461536 0.6608277596153846 0.2707585168269231 0.647671125 0.3198597475961539 0.6795919543269231 0.32841290865384615
1 0.7444306490384616 0.20113529567307692 0.7582702788461538 0.14948509615384614 0.6979753774038462 0.133329125 0.68413575 0.18497932451923077 0.7444306490384616 0.20113529567307692
1 0.7655817524038462 0.1659668221153846 0.7815063125 0.10653555288461539 0.7146461346153846 0.08862042307692307 0.6987215745192308 0.14805168990384615 0.7655817524038462 0.1659668221153846
1 0.7270833076923077 0.04824129086538462 0.7130639423076922 0.10056227403846153 0.8092792115384615 0.12634307692307692 0.823298576923077 0.07402209375 0.7270833076923077 0.04824129086538462
1 0.46116894471153846 0.32193802403846156 0.47198901923076925 0.28155695913461537 0.4167501346153846 0.26675574519230766 0.4059300625 0.30713681009615384 0.46116894471153846 0.32193802403846156
1 0.4159136826923077 0.2568977980769231 0.4099105192307692 0.2793019110576923 0.4663568100961539 0.29442664903846155 0.47235997355769227 0.27202253605769233 0.4159136826923077 0.2568977980769231
1 0.47143962500000003 0.27666473317307694 0.47816173076923074 0.25157749278846153 0.42518673557692305 0.23738288701923077 0.41846462980769233 0.262470125 0.47143962500000003 0.27666473317307694
1 0.43649754807692304 0.21539443509615383 0.4283375576923077 0.2458479278846154 0.4770111634615385 0.25888998317307693 0.48517115384615384 0.22843648798076924 0.43649754807692304 0.21539443509615383
1 0.47414765865384617 0.2523711730769231 0.4688634375 0.2720921586538462 0.4804092692307692 0.27518585576923077 0.4856934903846154 0.2554648701923077 0.47414765865384617 0.2523711730769231
1 0.47243212740384616 0.26873473557692307 0.46606949278846155 0.29248041346153847 0.4756532884615385 0.29504838461538463 0.48201592307692304 0.2713027067307692 0.47243212740384616 0.26873473557692307
1 0.46481264182692306 0.2820784543269231 0.45809053365384617 0.3071656971153846 0.47091923798076923 0.31060313701923076 0.47764134375 0.2855158966346154 0.46481264182692306 0.2820784543269231
1 0.46407099038461536 0.29812781490384616 0.4564861538461538 0.32643480769230765 0.46554170913461534 0.3288612355769231 0.47312654326923076 0.30055424278846155 0.46407099038461536 0.29812781490384616
1 0.4451279735576923 0.3141889375 0.4385137067307693 0.3388737091346154 0.46092620673076923 0.3448791201923077 0.46754047115384617 0.3201943485576923 0.4451279735576923 0.3141889375
1 0.4598987932692308 0.3408653269230769 0.45522567307692313 0.3583056538461538 0.4655640961538462 0.36107582692307694 0.47023721875 0.34363550000000004 0.4598987932692308 0.3408653269230769
1 0.4631919110576923 0.32434932451923076 0.45812337019230764 0.34326537259615386 0.4712539254807692 0.3467836947115384 0.4763224639423077 0.32786764663461543 0.4631919110576923 0.32434932451923076
1 0.4678795649038462 0.30504364423076924 0.4632064447115385 0.3224839711538462 0.47701616586538464 0.3261842740384615 0.48168928605769235 0.3087439471153846 0.4678795649038462 0.30504364423076924
1 0.4744792956730769 0.28222422596153846 0.4672539302884615 0.3091896538461538 0.47759235576923076 0.3119598269230769 0.48481772115384614 0.2849943990384615 0.4744792956730769 0.28222422596153846
1 0.49860082932692307 0.1801273629807692 0.49044084134615384 0.21058085576923077 0.5136834302884615 0.21680868749999999 0.5218434206730769 0.18635519471153844 0.49860082932692307 0.1801273629807692
1 0.3751446826923077 0.34173682451923076 0.3628867259615385 0.3874841442307692 0.42370986778846154 0.40378165625 0.4359678245192308 0.35803433653846156 0.3751446826923077 0.34173682451923076
1 0.3240097307692308 0.24219360576923077 0.31002631490384613 0.29438043028846156 0.4140897283653846 0.3222641394230769 0.4280731466346154 0.2700773149038462 0.3240097307692308 0.24219360576923077
1 0.7064033581730769 0.24616064423076922 0.7180502163461538 0.20269398076923076 0.6726969807692308 0.19054161778846154 0.6610501225961538 0.23400828124999998 0.7064033581730769 0.24616064423076922
1 0.6762703509615384 0.30005931009615383 0.6883845192307692 0.2548486153846154 0.652615079326923 0.2452642235576923 0.6405009086538461 0.2904749182692308 0.6762703509615384 0.30005931009615383
1 0.4992514471153846 0.17800107932692308 0.5113656153846153 0.13279038461538462 0.44420358653846154 0.11479437259615384 0.43208941586538463 0.1600050673076923 0.4992514471153846 0.17800107932692308
1 0.4630777596153846 0.10532906971153846 0.45822490144230765 0.12344017788461539 0.5101434158653846 0.13735170192307694 0.5149962716346154 0.11924059375 0.4630777596153846 0.10532906971153846
1 0.5152616586538461 0.12549460096153847 0.5235654350961538 0.09450448076923078 0.4687038677884615 0.07980436778846153 0.46040008894230766 0.11079448798076924 0.5152616586538461 0.12549460096153847
1 0.47322353125 0.04995712259615385 0.46369755288461534 0.08550856009615385 0.5199929182692308 0.10059285817307692 0.5295188966346154 0.06504142067307693 0.47322353125 0.04995712259615385
1 0.5209178725961539 0.08416124759615386 0.5094866971153846 0.1268229735576923 0.5327292884615384 0.1330508076923077 0.5441604639423077 0.09038908173076923 0.5209178725961539 0.08416124759615386
1 0.3909528557692308 0.5495769254807692 0.38408696153846156 0.5752007932692308 0.40046242307692304 0.5795885841346153 0.4073283173076923 0.5539647163461539 0.3909528557692308 0.5495769254807692
1 0.39278025480769235 0.5696217932692308 0.3884666033653846 0.5857205552884616 0.40936984375 0.5913215625 0.4136834927884615 0.5752227980769231 0.39278025480769235 0.5696217932692308
1 0.3990941610576923 0.5693005625 0.39391778125 0.588619079326923 0.4188960192307692 0.5953119783653846 0.42407239903846156 0.5759934615384615 0.3990941610576923 0.5693005625
1 0.4986215264423077 0.14835568028846155 0.49010206730769235 0.18015073798076922 0.5088168798076923 0.1851653557692308 0.5173363389423077 0.1533702980769231 0.4986215264423077 0.14835568028846155
1 0.5035360913461538 0.1230716875 0.4954479951923077 0.15325686778846154 0.5158984567307692 0.15873655288461538 0.5239865504807693 0.1285513701923077 0.5035360913461538 0.1230716875
4 0.2536164639423077 0.8173214951923077 0.32723610336538467 0.5425692596153846 0.21879583653846155 0.5135127788461539 0.14517619711538463 0.7882650120192308 0.2536164639423077 0.8173214951923077
4 0.3242660048076923 0.7311426899038461 0.36186665865384615 0.5908151322115385 0.3106273125 0.5770855913461539 0.27302665625 0.7174131490384615 0.3242660048076923 0.7311426899038461
4 0.3612025456730769 0.5827288269230769 0.322847 0.7258736682692307 0.34744792548076925 0.7324654639423076 0.38580346875000004 0.5893206225961538 0.3612025456730769 0.5827288269230769
4 0.30468148557692304 0.26663501923076927 0.24889160096153845 0.4748456971153846 0.33989992548076925 0.49923130288461537 0.39568980769230766 0.29102062500000003 0.30468148557692304 0.26663501923076927