1 0.9983854158653845 0.4162962956730769 0.9983854158653845 0.1832407403846154 0.95046875 0.1832407403846154 0.95046875 0.4162962956730769 0.9983854158653845 0.4162962956730769
1 0.9621875 0.4447222211538462 0.9621875 0.2571296298076923 0.7873958341346154 0.2571296298076923 0.7873958341346154 0.4447222211538462 0.9621875 0.4447222211538462
1 0.8055208341346154 0.46740740625000005 0.8055208341346154 0.3556481490384616 0.7031770841346153 0.3556481490384616 0.7031770841346153 0.46740740625000005 0.8055208341346154 0.46740740625000005
1 0.7095833341346154 0.475 0.7095833341346154 0.3916666658653846 0.6605729158653847 0.3916666658653846 0.6605729158653847 0.475 0.7095833341346154 0.475
1 0.66 0.4914814807692308 0.66 0.40601851923076926 0.6161979158653845 0.40601851923076926 0.6161979158653845 0.4914814807692308 0.66 0.4914814807692308
1 0.62421875 0.48490740625 0.62421875 0.4289814807692308 0.6063020841346154 0.4289814807692308 0.6063020841346154 0.48490740625 0.62421875 0.48490740625
1 0.6057291658653846 0.4837962956730769 0.6057291658653846 0.4476851850961538 0.5859895841346154 0.4476851850961538 0.5859895841346154 0.4837962956730769 0.6057291658653846 0.4837962956730769
1 0.5871875 0.4882407403846154 0.5871875 0.4509259254807692 0.5791666658653847 0.4509259254807692 0.5791666658653847 0.4882407403846154 0.5871875 0.4882407403846154
1 0.5797916658653846 0.48935185096153844 0.5797916658653846 0.4553703701923077 0.5699479158653846 0.4553703701923077 0.5699479158653846 0.48935185096153844 0.5797916658653846 0.48935185096153844
1 0.5717708341346154 0.49481481490384616 0.5717708341346154 0.45749999999999996 0.5588541658653846 0.45749999999999996 0.5588541658653846 0.49481481490384616 0.5717708341346154 0.49481481490384616
1 0.5606770841346154 0.4914814807692308 0.5606770841346154 0.45972222115384614 0.5508333341346154 0.45972222115384614 0.5508333341346154 0.4914814807692308 0.5606770841346154 0.4914814807692308
2 0.5804166658653845 0.6560185192307693 0.5804166658653845 0.48166666586538465 0.5384895841346153 0.48166666586538465 0.5384895841346153 0.6560185192307693 0.5804166658653845 0.6560185192307693
1 0.7569270841346154 0.6880555552884615 0.7569270841346154 0.601203704326923 0.6599479158653847 0.601203704326923 0.6599479158653847 0.6880555552884615 0.7569270841346154 0.6880555552884615
1 0.7110416658653846 0.6446296298076923 0.7110416658653846 0.5775925937499999 0.6318229158653845 0.5775925937499999 0.6318229158653845 0.6446296298076923 0.7110416658653846 0.6446296298076923
1 0.6466145841346154 0.6223148149038462 0.6466145841346154 0.5709259254807693 0.6103645841346154 0.5709259254807693 0.6103645841346154 0.6223148149038462 0.6466145841346154 0.6223148149038462
1 0.62296875 0.6077777788461538 0.62296875 0.5591666658653847 0.59484375 0.5591666658653847 0.59484375 0.6077777788461538 0.62296875 0.6077777788461538
1 0.5992708341346155 0.5841666658653846 0.5992708341346155 0.5551851850961539 0.58 0.5551851850961539 0.58 0.5841666658653846 0.5992708341346155 0.5841666658653846
1 0.5955729158653846 0.70259259375 0.5955729158653846 0.6604629639423076 0.5852083341346154 0.6604629639423076 0.5852083341346154 0.70259259375 0.5955729158653846 0.70259259375
1 0.6126041658653846 0.7236111105769231 0.6126041658653846 0.6762037043269231 0.591875 0.6762037043269231 0.591875 0.7236111105769231 0.6126041658653846 0.7236111105769231
1 0.6658854158653846 0.7893518509615384 0.6658854158653846 0.6920370360576923 0.6059375 0.6920370360576923 0.6059375 0.7893518509615384 0.6658854158653846 0.7893518509615384
1 0.7398958341346155 0.8393518509615384 0.7398958341346155 0.7380555552884616 0.64515625 0.7380555552884616 0.64515625 0.8393518509615384 0.7398958341346155 0.8393518509615384
1 0.7325 0.8801851850961538 0.7325 0.7749074062500001 0.6695833341346155 0.7749074062500001 0.6695833341346155 0.8801851850961538 0.7325 0.8801851850961538
1 0.7961458341346154 0.9946296298076922 0.7961458341346154 0.8920370360576922 0.704375 0.8920370360576922 0.704375 0.9946296298076922 0.7961458341346154 0.9946296298076922
1 0.19515625 0.886203704326923 0.19515625 0.7643518509615385 0.09463541586538461 0.7643518509615385 0.09463541586538461 0.886203704326923 0.19515625 0.886203704326923
1 0.11739583413461538 0.99509259375 0.11739583413461538 0.8395370360576924 0.005364584134615384 0.8395370360576924 0.005364584134615384 0.99509259375 0.11739583413461538 0.99509259375
1 0.7689583341346153 0.1621296298076923 0.7689583341346153 0.0010185192307692308 0.6934375 0.0010185192307692308 0.6934375 0.1621296298076923 0.7689583341346153 0.1621296298076923
1 0.71296875 0.22527777884615385 0.71296875 0.08629629567307692 0.6366145841346154 0.08629629567307692 0.6366145841346154 0.22527777884615385 0.71296875 0.22527777884615385
1 0.7431770841346155 0.29472222115384616 0.7431770841346155 0.19212962980769233 0.6144270841346153 0.19212962980769233 0.6144270841346153 0.29472222115384616 0.7431770841346155 0.29472222115384616
1 0.6996875 0.31685185096153845 0.6996875 0.2315740745192308 0.5984375 0.2315740745192308 0.5984375 0.31685185096153845 0.6996875 0.31685185096153845
1 0.6064062499999999 0.33416666586538457 0.6064062499999999 0.27259259375 0.58421875 0.27259259375 0.58421875 0.33416666586538457 0.6064062499999999 0.33416666586538457
1 0.5916666658653846 0.35805555528846156 0.5916666658653846 0.3109259254807692 0.5700520841346154 0.3109259254807692 0.5700520841346154 0.35805555528846156 0.5916666658653846 0.35805555528846156
1 0.5719270841346155 0.37018518509615383 0.5719270841346155 0.33509259375 0.5589583341346154 0.33509259375 0.5589583341346154 0.37018518509615383 0.5719270841346155 0.37018518509615383
1 0.5608333341346154 0.3921296298076923 0.5608333341346154 0.3493518509615384 0.5454166658653846 0.3493518509615384 0.5454166658653846 0.3921296298076923 0.5608333341346154 0.3921296298076923
1 0.6268229158653846 0.2912037043269231 0.6268229158653846 0.25944444471153844 0.5435416658653847 0.25944444471153844 0.5435416658653847 0.2912037043269231 0.6268229158653846 0.2912037043269231
1 0.5922916658653846 0.2714814807692308 0.5922916658653846 0.2254629639423077 0.5491145841346154 0.2254629639423077 0.5491145841346154 0.2714814807692308 0.5922916658653846 0.2714814807692308
1 0.6317708341346153 0.26601851923076925 0.6317708341346153 0.19037037019230768 0.56203125 0.19037037019230768 0.56203125 0.26601851923076925 0.6317708341346153 0.26601851923076925
1 0.60953125 0.2320370360576923 0.60953125 0.16398148076923078 0.5706770841346154 0.16398148076923078 0.5706770841346154 0.2320370360576923 0.60953125 0.2320370360576923
1 0.7131770841346154 0.20898148076923076 0.7131770841346154 0.11027777884615385 0.5786979158653847 0.11027777884615385 0.5786979158653847 0.20898148076923076 0.7131770841346154 0.20898148076923076
1 0.7125520841346155 0.1288888894230769 0.7125520841346155 0.016018519230769232 0.5929166658653846 0.016018519230769232 0.5929166658653846 0.1288888894230769 0.7125520841346155 0.1288888894230769
0 0.3591666658653846 0.5870370360576923 0.3591666658653846 0.4527777788461539 0.29697916586538464 0.4527777788461539 0.29697916586538464 0.5870370360576923 0.3591666658653846 0.5870370360576923
1 0.4913541658653846 0.543703704326923 0.4913541658653846 0.5368518509615384 0.4708333341346154 0.5368518509615384 0.4708333341346154 0.543703704326923 0.4913541658653846 0.543703704326923
1 0.493125 0.5569444447115385 0.493125 0.543703704326923 0.4690104158653846 0.543703704326923 0.4690104158653846 0.5569444447115385 0.493125 0.5569444447115385
2 0.54734375 0.6421296298076923 0.54734375 0.4812037043269231 0.5276041658653846 0.4812037043269231 0.5276041658653846 0.6421296298076923 0.54734375 0.6421296298076923