1 0.13863171153846154 0 0.11503678846153845 0.19216523317307693 0.2666327043269231 0.2107788701923077 0.2904124615384615 0.017108302884615387 0.15107650721153848 0 0.13863171153846154 0
1 0.11399494951923078 0 0.10080492067307692 0.10742415625 0.4866572379807692 0.15480086538461538 0.5056643918269231 0 0.11399494951923078 0
1 0.11553357451923077 0.04324071394230769 0.08826531009615385 0.2653229158653846 0.39122451442307693 0.3025216298076923 0.4184927788461538 0.08043942788461539 0.11553357451923077 0.04324071394230769
1 0.24872688942307694 0.14762596875 0.22910592548076922 0.3074258990384615 0.4999624663461538 0.34068289903846155 0.5195834302884615 0.18088296875 0.24872688942307694 0.14762596875
1 0.36902235817307694 0.21730568028846153 0.3563784134615385 0.32028234375000003 0.5730326298076923 0.34688413701923076 0.5856765745192308 0.2439074735576923 0.36902235817307694 0.21730568028846153
1 0.9178149519230769 0.30949886778846153 0.9321193653846154 0.19299876201923077 0.7662555985576923 0.17263325240384614 0.7519511850961538 0.28913335817307695 0.9178149519230769 0.30949886778846153
1 0.4421440480769231 0 0.42441544471153847 0.14438788221153848 0.7781650961538461 0.18782287740384615 0.7964454975961538 0.03894095432692308 0.47929687259615383 0 0.4421440480769231 0
1 0.8742671971153846 0.5103135745192308 0.8862408605769231 0.41279591346153843 0.7423992115384616 0.3951343798076923 0.7304255480769231 0.4926520408653846 0.8742671971153846 0.5103135745192308
1 0.7711818701923078 0.8742130841346154 0.7841457211538461 0.7686309879807692 0.7333552740384615 0.7623947043269231 0.7203914230769232 0.8679768004807692 0.7711818701923078 0.8742130841346154
1 0.7183316466346154 0.9969370288461538 0.7439394423076924 0.788378266826923 0.6575569110576923 0.777771826923077 0.6319491153846154 0.9863305865384615 0.7183316466346154 0.9969370288461538
1 0.6423136129807693 1 0.6574472764423077 0.8767462043269231 0.45777490625 0.8522295216346154 0.4404846923076923 0.9930470072115385 0.49711227884615383 1 0.6423136129807693 1
1 0.8030608485576922 0.8395900793269231 0.8141357259615384 0.7493924471153846 0.7459757211538461 0.741023451923077 0.73490084375 0.8312210841346155 0.8030608485576922 0.8395900793269231
1 0.8361145432692307 0.774886016826923 0.8423451129807693 0.7241420961538462 0.7870571923076923 0.7173535913461537 0.7808266201923076 0.7680975144230769 0.8361145432692307 0.774886016826923
1 0.8632965192307692 0.747746372596154 0.8695270889423077 0.6970024495192307 0.8130760264423077 0.6900711322115385 0.8068454567307692 0.7408150528846154 0.8632965192307692 0.747746372596154
1 0.8743389134615385 0.4437007908653846 0.8688090913461538 0.4887375745192308 0.8981977620192307 0.49234604807692306 0.9037275841346154 0.44730926682692307 0.8743389134615385 0.4437007908653846
1 0.9125292788461539 0.5801218894230769 0.9166880697115385 0.5462512524038462 0.840231 0.5368635024038462 0.8360722091346153 0.5707341418269231 0.9125292788461539 0.5801218894230769
1 0.5747670432692308 0.55199940625 0.5828561201923077 0.48611915625 0.4993426682692308 0.4758649927884615 0.4912535913461538 0.5417452427884615 0.5747670432692308 0.55199940625
1 0.4896388221153846 0.5548964807692308 0.5009574375 0.46271375721153846 0.3669637067307692 0.44626139423076927 0.35564509134615385 0.5384441177884616 0.4896388221153846 0.5548964807692308
1 0.3765749711538462 0.5237603798076923 0.3899653653846154 0.4147043701923077 0.21130705769230768 0.39276788942307694 0.19791666346153847 0.5018238966346154 0.3765749711538462 0.5237603798076923
1 0.23691112259615382 0.4951513894230769 0.24868674759615386 0.39924661778846154 0.08879376682692307 0.3796142283653846 0.07701814182692307 0.47551899999999997 0.23691112259615382 0.4951513894230769