1 0.2764750360576923 0.8925128990384615 0.2785947764423077 0.7710730649038461 0.20384053846153846 0.7697682259615385 0.20172079807692309 0.8912080576923077 0.2764750360576923 0.8925128990384615
1 0.3306922692307692 0.9333611754807692 0.33298471394230766 0.802027016826923 0.25190331490384615 0.8006117355769231 0.24961087019230768 0.9319458942307691 0.3306922692307692 0.9333611754807692
1 0.44442417548076923 0.9935844086538462 0.4468329711538462 0.8555845985576924 0.3059169350961538 0.8531249014423078 0.3035081394230769 0.9911247115384616 0.44442417548076923 0.9935844086538462
1 0.2789295625 0.8682812139423077 0.28058208653846156 0.7736081346153847 0.15153924278846154 0.7713556850961538 0.14988671874999998 0.8660287620192307 0.2789295625 0.8682812139423077
1 0.2563450769230769 0.9221660985576924 0.25830119951923075 0.8100998389423076 0.1344138221153846 0.807937375 0.1324576971153846 0.9200036370192308 0.2563450769230769 0.9221660985576924
1 0.15748415865384613 0.8291765745192308 0.15853312259615387 0.7690815625 0.10650979567307693 0.7681734927884616 0.10546083413461539 0.8282685048076923 0.15748415865384613 0.8291765745192308
1 0.5216740144230769 0.19835315625000002 0.5222593966346154 0.16481659615384617 0.478906625 0.1640598701923077 0.47832124278846155 0.19759643028846152 0.5216740144230769 0.19835315625000002
1 0.5412051129807692 0.12243245673076923 0.540599733173077 0.15711467307692306 0.571766860576923 0.1576586971153846 0.5723722403846154 0.12297648076923078 0.5412051129807692 0.12243245673076923
1 0.5736750673076924 0.09757868269230768 0.5730696850961539 0.13226089903846153 0.6059553028846154 0.13283492067307692 0.6063188942307692 0.11200476201923076 0.6522493966346155 0.11280648076923076 0.6531347427884615 0.06208503846153846 0.6063449951923077 0.06126832211538462 0.6057014375 0.09813770432692308 0.5736750673076924 0.09757868269230768
1 0.649789375 0.003059331730769231 0.6485404375 0.07461093269230769 0.7350116394230769 0.07612029326923077 0.7362605769230769 0.0045686923076923075 0.649789375 0.003059331730769231
1 0.4760617572115384 0.3091364855769231 0.4753963846153846 0.34725567788461537 0.5075008677884616 0.34781606490384614 0.5081662403846153 0.3096968701923077 0.6244344951923076 0.25734074278846153 0.8633570192307692 0.2481477139423077 0.8632655913461539 0.2533856322115385 0.9874654230769231 0.2555535480769231 0.9896596995192308 0.12984352884615386 0.8679179639423077 0.17234260096153847 0.8646370144230769 0.17481687019230768 0.8641135336538461 0.17367069711538463 0.8647284423076923 0.16957895432692308 0.8654598677884615 0.12767561298076924 0.8603091057692308 0.17499879326923076 0.48747504567307687 0.3051521947115385 0.4881009399038462 0.3093466298076923 0.48367061538461537 0.30648029086538464 0.4840878774038462 0.3092765817307692 0.47986618509615386 0.3078083870192308 0.4800748149038461 0.30920653365384615 0.4760617572115384 0.3091364855769231