4 0.8269366274038461 0.8425172572115385 0.8319428822115384 0.55570909375 0.689308360576923 0.5532193990384615 0.6843021057692307 0.8400275625 0.8269366274038461 0.8425172572115385
4 0.7219275504807693 0.7824347043269231 0.7261839999999999 0.5385829615384615 0.6536950408653847 0.5373176610576923 0.64943859375 0.78116940625 0.7219275504807693 0.7824347043269231
4 0.673563173076923 0.6942623870192308 0.6764412043269231 0.52938009375 0.5985364014423077 0.5280202596153847 0.5956583701923077 0.6929025528846153 0.673563173076923 0.6942623870192308
1 0.7781661490384616 0.5090227091346153 0.7801974134615384 0.39265154807692304 0.7170820288461539 0.3915498653846154 0.7150507620192308 0.5079210264423076 0.7781661490384616 0.5090227091346153
1 0.7836936105769231 0.37141303365384615 0.7816768870192308 0.4869509879807692 0.9968524447115384 0.49070689182692306 0.9988691658653847 0.37516893509615384 0.7836936105769231 0.37141303365384615
1 0.7299385432692307 0.4876222067307693 0.7312490889423077 0.41254105288461534 0.6870370745192307 0.41176932932692306 0.6857265288461538 0.4868504831730769 0.7299385432692307 0.4876222067307693
1 0.6856861298076923 0.48916494471153843 0.6866330841346154 0.4349139495192308 0.6535131274038462 0.43433583894230765 0.6525661730769231 0.4885868341346154 0.6856861298076923 0.48916494471153843
1 0.6525063822115384 0.4920122379807692 0.6533531490384615 0.4435011105769231 0.6274195985576922 0.4430484399038462 0.6265728341346153 0.4915595649038461 0.6525063822115384 0.4920122379807692
4 0.6968395961538462 0.4858405745192308 0.6999018461538462 0.31040433653846156 0.615435548076923 0.3089299711538462 0.6123732956730769 0.48436620913461537 0.6968395961538462 0.4858405745192308
1 0.7915316730769231 0.27153461298076925 0.7926806225961538 0.20571130769230767 0.6264038677884615 0.20280893749999998 0.6252549158653846 0.26863224278846154 0.7915316730769231 0.27153461298076925
1 0.7439809879807692 0.3158040769230769 0.74519134375 0.2464627860576923 0.5996926754807692 0.24392309615384616 0.5984823197115385 0.31326438701923076 0.7439809879807692 0.3158040769230769
1 0.8211074350961538 0.16777571875 0.8229528653846153 0.06205108413461539 0.6714134495192308 0.059405954326923076 0.6695680192307693 0.1651305889423077 0.8211074350961538 0.16777571875
1 0.7177472067307692 0.12365029807692308 0.7189801850961538 0.05301291346153846 0.6059244903846154 0.05103951682692308 0.6046915096153846 0.12167690384615384 0.7177472067307692 0.12365029807692308
1 0.7776576923076923 0.06663164182692308 0.7787032211538462 0.006733360576923077 0.6184151394230769 0.0039355216346153845 0.6173696105769231 0.06383380288461539 0.7776576923076923 0.06663164182692308
1 0.6048161346153846 0.22197213461538462 0.6056839086538461 0.17225748557692308 0.5786047019230769 0.17178481730769232 0.5777369278846154 0.22149946394230768 0.6048161346153846 0.22197213461538462
1 0.6036627740384616 0.1328643581730769 0.6046145745192308 0.07833562980769232 0.5752961225961538 0.07782387259615384 0.5743443197115384 0.13235260336538462 0.6036627740384616 0.1328643581730769
1 0.59839403125 0.151201125 0.5992472596153846 0.10231968509615384 0.5789378533653846 0.10196518269230768 0.578084625 0.15084662259615383 0.59839403125 0.151201125
1 0.6037112019230769 0.10323106009615385 0.6042848701923077 0.07036569711538462 0.5799135817307692 0.06994029567307693 0.5793399158653846 0.10280565865384615 0.6037112019230769 0.10323106009615385
1 0.011236656250000001 0.016025822115384617 0.009494649038461539 0.11582543509615384 0.19019628846153847 0.11897959375 0.1919382980769231 0.01917998076923077 0.011236656250000001 0.016025822115384617
1 0.1942811875 0.3326019399038461 0.19647566586538462 0.2068803485576923 0.007962713942307692 0.20358984134615385 0.005768235576923077 0.3293114326923077 0.1942811875 0.3326019399038461
1 0.24800470192307691 0.3435412091346154 0.24950269951923076 0.2577209495192308 0.19451107692307693 0.25676106730769227 0.19301307932692308 0.34258132692307697 0.24800470192307691 0.3435412091346154
1 0.24755552403846154 0.30361988221153846 0.24647606009615386 0.3654623125 0.28240808653846156 0.3660895096153846 0.28348755048076923 0.3042470769230769 0.24755552403846154 0.30361988221153846
1 0.18285485817307692 0.08893948317307691 0.18097549278846153 0.1966082668269231 0.2516938894230769 0.19784266105769233 0.2535732548076923 0.09017387740384615 0.18285485817307692 0.08893948317307691
1 0.21873151923076922 0.15540907451923078 0.21730462259615385 0.23715588221153847 0.28578377403846156 0.23835118990384616 0.28721067067307693 0.15660438461538462 0.21873151923076922 0.15540907451923078
1 0.2428114110576923 0.1814814471153846 0.24184506490384614 0.23684338461538462 0.33151890384615385 0.2384086466346154 0.33248525 0.18304670913461538 0.2428114110576923 0.1814814471153846
1 0.3330211682692308 0.22695163701923077 0.33225520192307695 0.27083384134615385 0.35042951923076926 0.27115107692307694 0.35119548557692304 0.2272688701923077 0.3330211682692308 0.22695163701923077
1 0.25361315865384615 0.3087263798076923 0.2526872115384615 0.3617738557692308 0.3176252355769231 0.3629073533653846 0.3185511826923077 0.3098598774038462 0.25361315865384615 0.3087263798076923
1 0.3097723846153846 0.32933926201923075 0.30888521875 0.3801648557692308 0.33617273076923077 0.3806411610576923 0.3370598966346154 0.3298155673076923 0.3097723846153846 0.32933926201923075
1 0.31732190865384613 0.3444733245192308 0.31657694951923077 0.38715200961538465 0.3555293485576923 0.3878319254807692 0.3562743076923077 0.34515324278846155 0.31732190865384613 0.3444733245192308
1 0.3441743605769231 0.3668898245192308 0.3433890024038462 0.41188297115384614 0.37588405288461535 0.4124501730769231 0.37666941105769236 0.3674570264423077 0.3441743605769231 0.3668898245192308
1 0.37435963701923075 0.3893644975961538 0.37375526442307694 0.42398885336538467 0.39453335096153846 0.42435153605769227 0.39513772115384616 0.38972718028846154 0.37435963701923075 0.3893644975961538
1 0.4883273846153846 0.5957367908653846 0.48866996875 0.5761101514423077 0.4536232235576923 0.5754984086538462 0.45328063942307695 0.5951250480769231 0.4883273846153846 0.5957367908653846
1 0.29208878365384616 0.005462793269230769 0.2911596033653846 0.05869542548076923 0.3688040264423077 0.06005071394230769 0.3697332043269231 0.006818081730769231 0.29208878365384616 0.005462793269230769
1 0.18180274038461539 0 0.18069547836538463 0.06343495192307692 0.2873458990384615 0.06529654086538461 0.28848565625 0 0.18180274038461539 0
1 0.36091591826923075 0.18965501201923077 0.36230887740384615 0.10985235096153846 0.2725308870192308 0.10828527163461538 0.27113792548076926 0.18808793028846155 0.36091591826923075 0.18965501201923077
1 0.3368149206730769 0.11107427403846154 0.33611036057692306 0.15143849519230768 0.3945910336538461 0.15245927884615385 0.39529559375 0.11209505769230768 0.3368149206730769 0.11107427403846154
1 0.40184216586538457 0.29510755528846155 0.40261621394230773 0.25076245913461537 0.35064496394230765 0.24985529807692305 0.3498709182692308 0.29420039182692304 0.40184216586538457 0.29510755528846155
1 0.6233655288461539 0.49326311057692307 0.6238697115384616 0.46437862019230775 0.6016855889423077 0.46399139423076924 0.6011814086538462 0.4928758846153846 0.6233655288461539 0.49326311057692307
1 0.605990485576923 0.49490456730769233 0.6064946658653846 0.4660200793269231 0.5864977139423077 0.46567103125 0.58599353125 0.49455551923076924 0.605990485576923 0.49490456730769233
1 0.5321951514423077 0.5893717908653846 0.5327041802884616 0.5602095673076923 0.42516847596153845 0.5583325240384616 0.4246594471153846 0.5874947475961538 0.5321951514423077 0.5893717908653846
4 0.5821891610576923 0.49763774278846157 0.5838132043269231 0.40459636057692305 0.5621498389423076 0.4042182259615385 0.5605257956730769 0.4972596081730769 0.5821891610576923 0.49763774278846157
4 0.5560798461538462 0.4177254567307692 0.5546513341346154 0.49956484134615387 0.5636603798076923 0.4997220961538461 0.565088891826923 0.41788271153846157 0.5560798461538462 0.4177254567307692
4 0.5545673028846154 0.5043789230769231 0.5560798461538462 0.4177254567307692 0.5488413677884615 0.4175991081730769 0.5473288245192308 0.5042525745192308 0.5545673028846154 0.5043789230769231
4 0.5625204254807692 0.2815208197115385 0.5608414399038462 0.37770987019230773 0.5639659639423077 0.37776440865384614 0.5656449495192308 0.28157535817307694 0.5625204254807692 0.2815208197115385
4 0.5713725048076923 0.36826259375 0.5729949326923077 0.2753137908653846 0.5657564519230769 0.2751874423076923 0.5641340240384616 0.3681362451923077 0.5713725048076923 0.36826259375
4 0.5733035817307692 0.2576313004807692 0.5713725048076923 0.36826259375 0.5803815480769231 0.36841984615384615 0.582312625 0.2577885528846154 0.5733035817307692 0.2576313004807692
4 0.5823697067307692 0.2455654639423077 0.5843880456730769 0.12993493028846154 0.5750144735576923 0.12977131490384616 0.5729961346153846 0.24540184855769231 0.5823697067307692 0.2455654639423077
4 0.5702269735576923 0.14441221153846154 0.5684073990384616 0.24865559375 0.5748126730769231 0.24876739663461536 0.5766322475961538 0.1445240168269231 0.5702269735576923 0.14441221153846154
4 0.5676227235576923 0.27271963701923074 0.5694196730769231 0.16977235576923075 0.5599940264423077 0.16960782932692306 0.5581970745192307 0.27255511298076923 0.5676227235576923 0.27271963701923074
4 0.5788809807692308 0.12909795192307694 0.5808524567307692 0.01615219230769231 0.5624698389423076 0.015831322115384613 0.5604983629807692 0.12877708173076924 0.5788809807692308 0.12909795192307694
4 0.5550924350961538 0.05052266826923077 0.5534134495192308 0.14671171875 0.567682108173077 0.14696078125 0.56936109375 0.050771728365384614 0.5550924350961538 0.05052266826923077