1 0.7465845192307692 0.706467641826923 0.7366190649038462 0.6435482355769231 0.5972624134615384 0.6656201610576923 0.6072278677884616 0.7285395673076922 0.7465845192307692 0.706467641826923
1 0.8264626009615385 0.6924099951923076 0.8143244447115384 0.6157726971153846 0.7049585384615384 0.6330945552884616 0.7170966947115385 0.7097318533653846 0.8264626009615385 0.6924099951923076
1 0.9359561177884616 0.6512562475961539 0.9266279879807692 0.5923607572115385 0.8157188173076922 0.6099270432692308 0.8250469471153846 0.6688225336538461 0.9359561177884616 0.6512562475961539
1 0.7760950360576923 0.19527983173076924 0.7552805600961539 0.06386241105769232 0.6093393197115384 0.08697723317307693 0.6301537932692308 0.21839465384615384 0.7760950360576923 0.19527983173076924
1 0.6252364326923078 0.22929813701923077 0.60494340625 0.10117301201923076 0.5171831826923077 0.11507286538461538 0.5374762091346154 0.2431979903846154 0.6252364326923078 0.22929813701923077
1 0.4983246418269231 0 0.5112934567307692 0.08188188221153846 0.6483352139423076 0.060176600961538464 0.6388041778846154 0 0.4983246418269231 0
1 0.772806670673077 0.04533709134615385 0.7656802115384616 0.0003423990384615385 0.6459744423076923 0.019301930288461538 0.6531009014423077 0.06429662259615385 0.772806670673077 0.04533709134615385
1 0.7993471514423077 0.07506982211538461 0.7944658173076923 0.04425028846153846 0.6534630192307692 0.06658293750000001 0.6583443533653845 0.09740247115384615 0.7993471514423077 0.07506982211538461
1 0.9474068413461538 0.13158546634615384 0.9414101850961539 0.09372408173076924 0.8402750144230768 0.10974231971153846 0.8462716682692307 0.14760370432692307 0.9474068413461538 0.13158546634615384
1 0.9522736899038461 0.16231354807692308 0.9455383173076922 0.11978807692307693 0.8350921274038462 0.13728103605769232 0.8418275000000001 0.17980650480769228 0.9522736899038461 0.16231354807692308
1 0.5096603725961538 0.4740957860576923 0.49926037740384616 0.4084328028846154 0.4299678677884616 0.41940765865384616 0.4403678629807692 0.4850706418269231 0.5096603725961538 0.4740957860576923
1 0.4824811322115385 0.35043621153846155 0.4780633076923077 0.32254316346153844 0.4245120793269231 0.33102484374999996 0.42892990625 0.35891789423076925 0.4824811322115385 0.35043621153846155
1 0.2255095793269231 0.7968725336538461 0.21900596153846155 0.7558103052884615 0.12106020192307693 0.7713233894230769 0.12756381971153846 0.8123856177884616 0.2255095793269231 0.7968725336538461
1 0.23220324759615385 0.7672195937499999 0.22387456009615384 0.7146343365384615 0.16193827403846153 0.7244440793269231 0.1702669591346154 0.7770293389423077 0.23220324759615385 0.7672195937499999
1 0.16556180528846154 0.8788335817307692 0.1504687764423077 0.7835399471153845 0.05164850240384615 0.7991915408653847 0.06674153125 0.8944851754807692 0.16556180528846154 0.8788335817307692
1 0.1929385264423077 0.9737753653846154 0.17135636298076923 0.8375109567307693 0.07526251923076924 0.8527307259615384 0.09684468028846155 0.9889951346153846 0.1929385264423077 0.9737753653846154
1 0.08063314903846154 1 0.11476410096153847 0.9945941875 0.09733903846153846 0.8845766802884616 0.05855169471153846 0.8907199927884615 0.07585994951923078 1 0.08063314903846154 1
1 0.14404314663461537 1 0.14066632451923075 0.9786795865384617 0.07785551923076922 0.9886278389423077 0.0796566923076923 1 0.14404314663461537 1
1 0.2552325336538461 0.3506175889423077 0.2520893581730769 0.33077237019230765 0.22801445673076925 0.3345854591346154 0.2311576298076923 0.3544306778846154 0.2552325336538461 0.3506175889423077
1 0.2776373221153846 0.34791274038461534 0.27587019230769233 0.33675551923076924 0.2553447956730769 0.340006423076923 0.2571119254807692 0.35116364423076923 0.2776373221153846 0.34791274038461534
1 0.30078626923076923 0.34424630769230774 0.29826593509615384 0.32833355048076923 0.2768660216346154 0.3317229639423077 0.27938635576923077 0.3476357211538461 0.30078626923076923 0.34424630769230774
1 0.3282068293269231 0.3325910697115385 0.3260630985576923 0.3190560817307692 0.2993132067307692 0.3232928461538461 0.30145693990384614 0.33682783653846154 0.3282068293269231 0.3325910697115385
1 0.34891797836538463 0.3251858870192308 0.3472956947115385 0.3149431947115385 0.3241467475961538 0.3186096274038462 0.32576903125 0.32885231971153844 0.34891797836538463 0.3251858870192308
1 0.3192123798076923 0.2787988004807692 0.31883577884615383 0.2764210336538462 0.2943493389423077 0.28029930528846153 0.29860783173076927 0.307186375 0.34269371153846157 0.30020385817307693 0.33881181971153845 0.27569455528846154 0.3192123798076923 0.2787988004807692
1 0.3436330072115385 0.4299881129807692 0.34099679567307695 0.4133437355769231 0.31913390384615387 0.41680647596153847 0.3217701153846154 0.43345085576923076 0.3436330072115385 0.4299881129807692
1 0.3646048774038461 0.4242290793269231 0.3619686682692308 0.40758470192307694 0.3392827019230769 0.41117780528846154 0.34191891105769234 0.4278221826923077 0.3646048774038461 0.4242290793269231
1 0.35052409855769234 0.46217677644230765 0.3481486105769231 0.4471785456730769 0.3231991923076923 0.45113014423076925 0.32557468028846154 0.466128375 0.35052409855769234 0.46217677644230765
1 0.3554199158653846 0.49308776201923077 0.35291406971153844 0.47726645673076923 0.3266271538461538 0.4814298966346154 0.3291330024038462 0.4972511995192308 0.3554199158653846 0.49308776201923077
1 0.3622851201923077 0.5334364927884615 0.35788178125 0.5056348966346154 0.3356073509615385 0.5091628197115384 0.34001068990384614 0.5369644158653846 0.3622851201923077 0.5334364927884615
1 0.36767839423076926 0.6137669855769231 0.36302881490384614 0.5844106947115384 0.31894293509615385 0.5913932115384616 0.3235925144230769 0.6207495024038461 0.36767839423076926 0.6137669855769231
1 0.33107196875 0.6073777956730769 0.32692935336538465 0.58122234375 0.2765675384615385 0.5891988725961539 0.28071015384615383 0.6153543221153847 0.33107196875 0.6073777956730769
1 0.25758257692307696 0.5126147860576923 0.2541931634615385 0.4912148725961538 0.22790624759615385 0.49537831009615385 0.23129566105769234 0.5167782235576923 0.25758257692307696 0.5126147860576923
1 0.27872720192307693 0.5019535576923077 0.27722079567307695 0.4924424855769231 0.2567468389423077 0.49568524038461537 0.2582532451923077 0.5051963149038461 0.27872720192307693 0.5019535576923077
1 0.3028021057692308 0.49814046875 0.30080322115384617 0.4855200048076923 0.2776028317307692 0.4891945865384616 0.27960171875 0.501815048076923 0.3028021057692308 0.49814046875
1 0.3223720456730769 0.4918535024038461 0.32035867788461536 0.4791415889423077 0.30070779326923075 0.48225398317307694 0.3027211634615385 0.4949658966346154 0.3223720456730769 0.4918535024038461
1 0.2850430504807692 0.5448267163461538 0.28240683894230767 0.5281823365384615 0.26105836778846153 0.5315636033653847 0.2636945769230769 0.5482079807692307 0.2850430504807692 0.5448267163461538
1 0.2642364759615385 0.5489658725961538 0.2608470625 0.5275659591346155 0.23903561298076925 0.5310205528846154 0.24242502644230768 0.5524204663461538 0.2642364759615385 0.5489658725961538
1 0.2604131394230769 0.39198310817307697 0.2579072908653846 0.3761618052884615 0.23295787259615386 0.38011340384615383 0.23546372115384614 0.3959347091346154 0.2604131394230769 0.39198310817307697
1 0.2841554254807692 0.3890664206730769 0.2813888533653846 0.37159896875 0.25731394951923076 0.3754120576923077 0.26008052163461537 0.3928795096153846 0.2841554254807692 0.3890664206730769
1 0.31065907932692305 0.3832749615384615 0.30663234134615386 0.35785112980769235 0.2838949302884615 0.36145237980769235 0.2879216706730769 0.3868762115384615 0.31065907932692305 0.3832749615384615
1 0.33349970432692305 0.3633454206730769 0.33037101442307687 0.3435916538461538 0.3050100576923077 0.34760843509615386 0.30813874759615384 0.36736220192307695 0.33349970432692305 0.3633454206730769
1 0.3527315889423077 0.36358052644230765 0.34922630048076925 0.3414489927884615 0.3314273341346154 0.3442680721153846 0.33493262500000004 0.36639960576923075 0.3527315889423077 0.36358052644230765
1 0.33551284375 0.40202522836538457 0.33212343028846153 0.3806253149038462 0.3143244615384615 0.3834443942307692 0.317713875 0.4048443076923077 0.33551284375 0.40202522836538457
1 0.31717718269230766 0.4244286394230769 0.3146713341346154 0.40860733653846154 0.2896704735576923 0.41256708413461535 0.29217632211538463 0.42838838701923077 0.31717718269230766 0.4244286394230769
1 0.29351381490384615 0.4281765504807692 0.29000852403846156 0.40604501442307694 0.26732255769230767 0.40963811778846154 0.2708278485576923 0.43176965384615384 0.29351381490384615 0.4281765504807692
1 0.27220027884615383 0.4291148653846154 0.2685646274038462 0.4061602572115385 0.2400657043269231 0.4106740432692308 0.24370135576923074 0.4336286514423077 0.27220027884615383 0.4291148653846154
1 0.2780955408653846 0.46633608173076924 0.2750827283653846 0.4473139399038461 0.2470467860576923 0.4517543966346154 0.25005959615384615 0.4707765408653846 0.2780955408653846 0.46633608173076924
1 0.2989884903846154 0.4597458269230769 0.2966130048076923 0.44474759855769236 0.2712006081730769 0.4487725264423077 0.27357609374999997 0.4637707572115385 0.2989884903846154 0.4597458269230769
1 0.3248124254807693 0.45565571875 0.3228135408653846 0.44303525721153847 0.29163962740384614 0.4479727211538461 0.29363851201923075 0.4605931802884615 0.3248124254807693 0.45565571875
1 0.2517736923076923 0.47294247115384613 0.24826840144230772 0.4508109350961539 0.21395651923076922 0.45624540384615386 0.21746181009615384 0.47837693990384617 0.2517736923076923 0.47294247115384613
1 0.22209713461538463 0.4816738870192308 0.21796900240384615 0.45560988942307695 0.19744360576923076 0.4588607908653846 0.20157173557692307 0.4849247908653846 0.22209713461538463 0.4816738870192308
1 0.20212109375 0.4824003653846154 0.19899240384615385 0.4626465985576923 0.16375456490384616 0.4682277235576923 0.1668832548076923 0.4879814903846154 0.20212109375 0.4824003653846154
1 0.2044298942307692 0.5202833701923077 0.20141708173076925 0.5012612235576923 0.17739361778846152 0.5050661658653847 0.18040643028846154 0.5240883125 0.2044298942307692 0.5202833701923077
1 0.23117073798076923 0.5103294831730769 0.22891112740384617 0.496062875 0.20041220192307693 0.5005766610576923 0.20267181250000002 0.5148432692307693 0.23117073798076923 0.5103294831730769
1 0.23669844471153847 0.5508900528846155 0.2341781129807692 0.5349772980769231 0.20922869471153846 0.5389288966346154 0.21174902644230767 0.5548416538461539 0.23669844471153847 0.5508900528846155
1 0.24229443509615384 0.5775652860576923 0.24054179086538463 0.5664995192307692 0.22541781249999998 0.5688949230769231 0.22717045673076924 0.5799606875 0.24229443509615384 0.5775652860576923
1 0.26515315625 0.5690699879807692 0.2637771129807692 0.5603819879807692 0.23882769230769232 0.5643335889423077 0.24020373557692307 0.5730215865384616 0.26515315625 0.5690699879807692
1 0.27334680528846156 0.6034897620192308 0.2698415144230769 0.5813582259615384 0.24489209615384616 0.5853098245192307 0.24839738701923078 0.6074413605769231 0.27334680528846156 0.6034897620192308
1 0.19617010096153847 0.32097350240384614 0.19304141105769232 0.3012197355769231 0.16942948798076923 0.3049594975961539 0.17255817788461536 0.3247132644230769 0.19617010096153847 0.32097350240384614
1 0.22028899038461539 0.3204345841346154 0.21689957451923075 0.29903466826923075 0.19282467307692308 0.30284775721153845 0.19621408653846156 0.3242476730769231 0.22028899038461539 0.3204345841346154
0 0.31970460096153847 0.35315577884615384 0.37021265384615387 0.6720510769230769 0.47566896153846155 0.6553484399038462 0.42516090625 0.3364531394230769 0.31970460096153847 0.35315577884615384
3 0.3721008245192308 0.6040668533653846 0.3660752019230769 0.5660225600961538 0.3398911706730769 0.570169704326923 0.3459167956730769 0.6082139975961538 0.3721008245192308 0.6040668533653846
3 0.34822220913461543 0.6087863221153846 0.342500764423077 0.5726625360576922 0.31359030528846155 0.5772415024038462 0.31931175 0.6133652884615385 0.34822220913461543 0.6087863221153846
3 0.31373889182692305 0.5538750216346154 0.3173455769230769 0.5766467259615384 0.33817962740384616 0.5733469350961539 0.3345729447115385 0.5505752331730769 0.31373889182692305 0.5538750216346154
3 0.30966869951923076 0.5281768341346154 0.31373889182692305 0.5538750216346154 0.3367335120192308 0.55023303125 0.3326633197115385 0.5245348437499999 0.30966869951923076 0.5281768341346154
3 0.36757650240384615 0.5648473125 0.36244892788461536 0.5324730817307692 0.3324581802884615 0.5372231490384615 0.3375857548076923 0.5695973798076923 0.36757650240384615 0.5648473125