0 1 0.28475778125 0.9440133125 0.27488581730769235 0.8645853485576923 0.7253441754807692 0.9627583725961538 0.7426547283653846 1 0.5314469615384616 1 0.28475778125
1 0.6543943461538462 0.3841239543269231 0.6606006610576922 0.34892619471153846 0.6158226826923077 0.3410306298076923 0.6096163677884616 0.3762283870192308 0.6543943461538462 0.3841239543269231
1 0.6984085144230769 0.38135449038461544 0.7038269807692308 0.3506248389423077 0.6596645072115385 0.3428378028846154 0.6542460408653846 0.3735674543269231 0.6984085144230769 0.38135449038461544
1 0.7030230528846153 0.3551841346153846 0.6984085144230769 0.38135449038461544 0.7419041899038461 0.3890239519230769 0.7465187307692307 0.3628535961538461 0.7030230528846153 0.3551841346153846
1 0.7185090745192307 0.4506194254807693 0.7243295048076923 0.41761012980769235 0.6923745432692308 0.4119756057692308 0.6865541129807693 0.44498490384615386 0.7185090745192307 0.4506194254807693
1 0.655101954326923 0.4101044927884615 0.6494905456730768 0.44192837259615386 0.6865747115384615 0.4484673125 0.6921861201923077 0.4166434326923077 0.655101954326923 0.4101044927884615
1 0.6488956394230769 0.44530225240384613 0.655101954326923 0.4101044927884615 0.6205310985576923 0.40400871875 0.6143247836538461 0.43920647836538457 0.6488956394230769 0.44530225240384613
1 0.6397028533653846 0.5199323317307692 0.6449122980769231 0.49038810096153845 0.6000830312500001 0.4824834903846154 0.5948735841346153 0.5120277235576923 0.6397028533653846 0.5199323317307692
1 0.645929766826923 0.48821698317307693 0.6403183581730769 0.5200408629807692 0.6806339254807692 0.5271495841346154 0.6862453341346153 0.49532570432692313 0.645929766826923 0.48821698317307693
1 0.6666702283653846 0.29950715625 0.671879673076923 0.26996292307692304 0.6264349014423077 0.26194978365384614 0.6212254543269231 0.29149401442307693 0.6666702283653846 0.29950715625
1 0.6761892620192308 0.2566196706730769 0.6860132451923077 0.20090508653846154 0.6457489711538462 0.19380540865384616 0.6359249879807692 0.24951999278846154 0.6761892620192308 0.2566196706730769
1 0.7190488317307693 0.2606981947115385 0.727473983173077 0.21291678365384614 0.6910053221153846 0.20648637259615385 0.682580170673077 0.2542677860576923 0.7190488317307693 0.2606981947115385
1 0.7661823942307693 0.2702313870192308 0.7758134375 0.21561102884615385 0.7188792379807692 0.20557199278846155 0.7092481947115385 0.2601923509615385 0.7661823942307693 0.2702313870192308
1 0.74462475 0.3250052644230769 0.7508471442307693 0.2897163197115385 0.7035045624999999 0.2813685432692308 0.6972821682692308 0.3166574903846154 0.74462475 0.3250052644230769
1 0.7946083461538461 0.3408702932692308 0.8010236826923076 0.30448711778846155 0.7492186923076923 0.29535250240384614 0.7428033557692307 0.33173567788461533 0.7946083461538461 0.3408702932692308
1 0.8323799110576923 0.35100921634615384 0.8401940769230769 0.30669286778846155 0.8069568173076923 0.3008322403846154 0.7991426490384614 0.3451485913461539 0.8323799110576923 0.35100921634615384
1 0.7326897740384616 0.13504688221153846 0.7437518052884615 0.07231098076923077 0.6961527644230769 0.06391798557692308 0.6850907331730769 0.12665388701923078 0.7326897740384616 0.13504688221153846
1 0.6873791250000001 0.1946584783653846 0.7001294014423076 0.1223480576923077 0.6509916009615384 0.11368373798076922 0.6382413221153846 0.18599415865384616 0.6873791250000001 0.1946584783653846
1 0.6921068557692307 0.13635290865384617 0.6824758125 0.1909732620192308 0.7254585697115385 0.19855228125 0.7350896105769231 0.14393192788461537 0.6921068557692307 0.13635290865384617
1 0.7608904975961538 0.21326177644230768 0.7734156778846154 0.1422279591346154 0.7380754423076923 0.1359965216346154 0.7255502620192308 0.2070303389423077 0.7608904975961538 0.21326177644230768
1 0.7754367956730769 0.13976370432692306 0.7879458966346153 0.06882107451923078 0.7433730865384616 0.06096168509615385 0.7308639879807692 0.1319043173076923 0.7754367956730769 0.13976370432692306
1 0.8183117788461539 0.13895585336538463 0.8269781081730769 0.08980665384615386 0.7801484471153847 0.08154932211538461 0.7714821177884615 0.13069852163461537 0.8183117788461539 0.13895585336538463
1 0.8613981706730769 0.13245000240384616 0.8671703653846153 0.09971426201923077 0.8218794663461538 0.09172825480769231 0.8161072716346154 0.12446399519230769 0.8613981706730769 0.13245000240384616
1 0.8527359759615384 0.2040709471153846 0.8594728822115385 0.16586405528846154 0.8180288894230769 0.15855636057692307 0.8112919831730768 0.19676325240384618 0.8527359759615384 0.2040709471153846
1 0.7747536658653846 0.15233608413461538 0.7682579375 0.18917518990384613 0.8112919831730768 0.19676325240384618 0.8177877115384615 0.1599241466346154 0.7747536658653846 0.15233608413461538
1 0.8005008966346154 0.26246157932692304 0.8072378028846153 0.22425468750000002 0.7688200432692308 0.21748060096153846 0.7620831370192308 0.25568749278846153 0.8005008966346154 0.26246157932692304
1 0.806335016826923 0.2338736826923077 0.8012702788461539 0.2625972427884615 0.8373286057692308 0.2689552980769231 0.84239334375 0.24023173798076922 0.806335016826923 0.2338736826923077
1 0.5123160024038461 0.40015887740384615 0.5142775841346153 0.3890341971153846 0.47698825 0.38245908173076926 0.4750266682692308 0.39358376201923073 0.5123160024038461 0.40015887740384615
1 0.510695795673077 0.41444644471153846 0.5130593413461538 0.4010421177884615 0.47489804086538456 0.39431325 0.4725344951923077 0.4077175769230769 0.510695795673077 0.41444644471153846
1 0.5086055865384616 0.4263006105769231 0.5105510889423077 0.41526711538461536 0.47013293749999996 0.40814030528846157 0.4681874326923077 0.41917380048076924 0.5086055865384616 0.4263006105769231
1 0.5081658918269231 0.4392919975961539 0.5104008076923077 0.42661715624999996 0.4681874326923077 0.41917380048076924 0.46595251682692307 0.43184863942307694 0.5081658918269231 0.4392919975961539
1 0.5060320961538461 0.44869393269230773 0.5077042644230769 0.43921059855769234 0.46954296394230766 0.4324817331730769 0.46787079567307693 0.44196506730769236 0.5060320961538461 0.44869393269230773
1 0.5020693269230769 0.4609700865384615 0.5042881658653846 0.44838643028846153 0.46787079567307693 0.44196506730769236 0.46565195673076926 0.45454872115384615 0.5020693269230769 0.4609700865384615
1 0.4990994471153846 0.47511368990384617 0.5016076971153847 0.4608886899038461 0.4682678533653846 0.45500997596153847 0.46575960096153846 0.46923497596153846 0.4990994471153846 0.47511368990384617
1 0.4971245889423077 0.49921092307692305 0.4990700913461538 0.4881774302884615 0.46311434855769235 0.4818374639423077 0.4611688461538461 0.49287095673076925 0.4971245889423077 0.49921092307692305
1 0.4920286177884616 0.5203132788461539 0.4942474543269231 0.5077296225961538 0.4609589014423077 0.501859951923077 0.45874006250000005 0.514443608173077 0.4920286177884616 0.5203132788461539
1 0.4948624471153846 0.5330356850961538 0.49667931971153845 0.5227316802884615 0.45800509855769234 0.5159123701923077 0.45618822355769234 0.5262163774038462 0.4948624471153846 0.5330356850961538
1 0.49322615865384617 0.5474144375 0.49558970432692306 0.534010110576923 0.45604351682692307 0.5270370504807692 0.45367997355769235 0.5404413774038461 0.49322615865384617 0.5474144375
1 0.54831384375 0.5571278822115384 0.55082209375 0.5429028798076924 0.5130711298076923 0.5362463677884615 0.5105628774038462 0.5504713677884616 0.54831384375 0.5571278822115384
1 0.5445155865384615 0.5735699639423077 0.5474418798076923 0.5569741322115385 0.5109732163461538 0.5505437211538461 0.5080469230769231 0.5671395552884616 0.5445155865384615 0.5735699639423077
1 0.54053740625 0.5907324927884615 0.5435923293269231 0.5734071682692308 0.5080469230769231 0.5671395552884616 0.5049920024038461 0.5844648774038462 0.54053740625 0.5907324927884615
1 0.5428443677884616 0.6115418245192308 0.5456259543269231 0.5957666634615385 0.5056181394230769 0.5887122067307693 0.5028365528846154 0.6044873653846154 0.5428443677884616 0.6115418245192308
1 0.5468668028846154 0.60162671875 0.54853896875 0.5921433846153846 0.5027864423076923 0.5840759783653846 0.5011142740384615 0.5935593124999999 0.5468668028846154 0.60162671875
1 0.5126311538461539 0.5255444182692307 0.5106695721153847 0.5366690985576923 0.5524726105769231 0.5440401009615384 0.5544341899038462 0.532915420673077 0.5126311538461539 0.5255444182692307
1 0.5146202427884615 0.5169631538461539 0.5130927836538461 0.5256258149038462 0.5548445288461539 0.5329877740384615 0.5563719903846154 0.5243251129807692 0.5146202427884615 0.5169631538461539
1 0.5172571225961539 0.5020086658653846 0.5144755360576924 0.517783826923077 0.5544833509615384 0.5248382836538462 0.5572649375000001 0.5090631225961538 0.5172571225961539 0.5020086658653846
1 0.5171340697115384 0.4922087836538462 0.5153332740384615 0.5024216057692308 0.5571363100961538 0.5097926081730769 0.5589371057692307 0.49957978846153844 0.5171340697115384 0.4922087836538462
1 0.5192242788461539 0.4803546177884615 0.5171340697115384 0.4922087836538462 0.5562699182692308 0.4991094903846154 0.5583601274038462 0.48725532451923076 0.5192242788461539 0.4803546177884615
1 0.5192613413461539 0.4648476899038462 0.5166083822115385 0.47989336538461536 0.5583601274038462 0.48725532451923076 0.5610130865384615 0.4722096490384615 0.5192613413461539 0.4648476899038462
1 0.52120684375 0.4538141971153846 0.5192613413461539 0.4648476899038462 0.5605514567307692 0.47212825240384615 0.5624969591346154 0.4610947596153846 0.52120684375 0.4538141971153846
1 0.5238520961538462 0.44121171153846156 0.5216171802884616 0.4538865504807692 0.5624969591346154 0.4610947596153846 0.564731875 0.4484199182692308 0.5238520961538462 0.44121171153846156
1 0.5260709350961539 0.42862805528846154 0.5238520961538462 0.44121171153846156 0.5651935048076923 0.4485013173076923 0.5674123413461538 0.4359176610576923 0.5260709350961539 0.42862805528846154
1 0.5305114110576923 0.41634211538461535 0.5282764951923077 0.4290169543269231 0.5660787500000001 0.43568251201923075 0.5683136658653847 0.4230076730769231 0.5305114110576923 0.41634211538461535
1 0.5324569134615385 0.4053086201923077 0.5305114110576923 0.41634211538461535 0.5683136658653847 0.4230076730769231 0.5702591682692307 0.4119741778846154 0.5324569134615385 0.4053086201923077
1 0.5321118149038462 0.39706794471153845 0.5307129831730769 0.40500111778846154 0.5702591682692307 0.4119741778846154 0.571658 0.40404100480769234 0.5321118149038462 0.39706794471153845
1 0.5343306514423077 0.38448429086538466 0.5321118149038462 0.39706794471153845 0.5658619975961539 0.4030190120192308 0.5680808341346154 0.39043535817307695 0.5343306514423077 0.38448429086538466
3 0.8276164278846154 0.5858798894230769 0.8430196634615386 0.49852379326923074 0.7332033389423077 0.47916021153846156 0.7178001033653847 0.5665163076923077 0.8276164278846154 0.5858798894230769
3 0.815239423076923 0.6737695913461538 0.8294367692307693 0.5932524375 0.7219798798076924 0.5743048894230769 0.7077825336538462 0.6548220432692309 0.815239423076923 0.6737695913461538
3 0.8034419134615385 0.7631717860576923 0.8183627932692308 0.6785512692307692 0.7109059062499999 0.6596037211538461 0.6959850240384615 0.7442242379807692 0.8034419134615385 0.7631717860576923
3 0.7893362596153846 0.8521669975961538 0.8049806754807692 0.7634431129807692 0.6982931682692308 0.7446312259615385 0.6826487524038461 0.833355110576923 0.7893362596153846 0.8521669975961538
3 0.6793052644230768 0.7356418870192307 0.6667961658653846 0.8065845216346154 0.7043932524038462 0.8132139038461539 0.7169023533653847 0.7422712692307692 0.6793052644230768 0.7356418870192307
3 0.6602095913461539 0.7182656802884615 0.6443400769230769 0.8082661658653846 0.6765514951923077 0.8139459086538461 0.6924210096153847 0.7239454206730769 0.6602095913461539 0.7182656802884615
3 0.6614522091346154 0.7874021658653846 0.6773378028846154 0.6973104951923077 0.6504607572115385 0.6925713461538462 0.6345751658653846 0.7826630192307692 0.6614522091346154 0.7874021658653846
3 0.6724436081730769 0.6218888774038462 0.6575227283653846 0.7065093966346154 0.6805528677884615 0.7105702307692308 0.6954737475961538 0.6259497139423077 0.6724436081730769 0.6218888774038462
3 0.7163163605769232 0.7590917211538462 0.7300313509615385 0.6813101442307693 0.6824323100961538 0.6729171490384616 0.6687173173076922 0.7506987259615384 0.7163163605769232 0.7590917211538462
3 0.6962550721153846 0.6035224447115385 0.6837298918269231 0.6745562620192308 0.7220963629807693 0.6813213076923077 0.7346215408653846 0.6102874879807693 0.6962550721153846 0.6035224447115385
3 0.6841833269230769 0.5508105817307692 0.6716742283653846 0.6217532163461539 0.6985512716346154 0.6264923629807692 0.7110603725961538 0.5555497283653846 0.6841833269230769 0.5508105817307692
3 0.7285177836538461 0.6092112307692308 0.7434386634615385 0.5245907139423077 0.6973783870192308 0.5164690432692308 0.6824575048076924 0.6010895600961539 0.7285177836538461 0.6092112307692308