1 0 0.46288523076923077 0.42256521394230767 0.38837558413461537 0.35972628125 0.031998278846153846 0 0.09542772596153845 0 0.46288523076923077
1 0.8030998197115384 0.47333719951923076 0.7251100841346154 0.03103541826923077 0.20731663221153845 0.122336375 0.2853063701923077 0.56463815625 0.8030998197115384 0.47333719951923076
1 0.5019556201923077 0 0.5380204879807692 0.20453401923076922 0.7374440576923077 0.1693702644230769 0.7650758245192308 0.32607779807692305 0.9563439543269231 0.29235206490384613 0.9181847668269231 0.0759405625 0.9170306971153847 0.07614405528846155 0.9036044447115384 0 0.5019556201923077 0
1 1 0.7405808749999999 0.799958516826923 0.7758535865384615 0.8295872355769232 0.9438864086538461 1 0.9138380408653847 1 0.7405808749999999
1 0.4998337043269231 1 0.8968685360576922 0.929992048076923 0.8758136947115385 0.8105841081730769 0.42564883653846153 0.8899603173076923 0.4450518004807692 1 0.4998337043269231 1
1 0.40982382451923083 0.5887573533653846 0.40227012740384616 0.5459182139423077 0.3159455745192308 0.5611395625 0.3234992692307692 0.6039786995192308 0.40982382451923083 0.5887573533653846
1 0.49145515384615385 0.5743635456730769 0.48257739182692305 0.5240152499999999 0.3950987644230769 0.5394400913461539 0.40397652884615387 0.5897883894230769 0.49145515384615385 0.5743635456730769
1 0.6808615 0.4621436057692308 0.6736116875 0.4210278822115385 0.6222939711538462 0.43007658173076924 0.62954378125 0.4711923052884615 0.6808615 0.4621436057692308
1 0.7880201610576923 0.4355060144230769 0.7797935769230769 0.38885074759615385 0.7110109110576922 0.4009789879807692 0.7192374951923076 0.44763425480769226 0.7880201610576923 0.4355060144230769
1 0.8377026201923077 0.43068043509615384 0.8294760384615384 0.3840251682692308 0.7816205360576922 0.3924633846153846 0.7898471177884615 0.4391186514423077 0.8377026201923077 0.43068043509615384
1 0.8844827067307693 0.4165931418269231 0.8772546009615384 0.37560051923076926 0.822474670673077 0.3852596971153846 0.8297027764423077 0.4262523197115385 0.8844827067307693 0.4165931418269231
1 0.9128137668269231 0.4135015360576923 0.9065624326923077 0.37804845673076926 0.8785569639423076 0.3829865769230769 0.884808298076923 0.41843965625 0.9128137668269231 0.4135015360576923
1 0.9596082548076923 0.41299303365384615 0.9507304927884616 0.36264473557692306 0.904106 0.3708658918269231 0.9129837644230769 0.4212141875 0.9596082548076923 0.41299303365384615
1 0.569808875 0.5413814951923077 0.5638831298076923 0.5077749302884615 0.48925316826923076 0.5209342043269231 0.4951789110576923 0.5545407692307692 0.569808875 0.5413814951923077