1 0.8720488701923077 0.8405442644230768 0.8495228076923076 0.7246577211538461 0.7337981658653846 0.7471523125 0.7563242283653846 0.8630388557692308 0.8720488701923077 0.8405442644230768
1 0.9728931153846154 0.8938086706730769 0.9424431802884615 0.7371573317307691 0.8028680649038461 0.7642879855769231 0.833318 0.9209393245192307 0.9728931153846154 0.8938086706730769
1 1 0.7394108197115384 0.9183494975961538 0.7552820697115384 0.9500979951923078 0.9186139254807693 1 0.9089139591346154 1 0.7394108197115384
1 0.7670877788461539 0.7763365504807692 0.7537576514423077 0.7077589855769231 0.6582790697115384 0.7263181418269231 0.6716091971153847 0.7948957067307691 0.7670877788461539 0.7763365504807692
1 0.4968459951923077 0.7806186778846154 0.487358548076923 0.7318099951923076 0.3929536201923077 0.7501604543269231 0.4024410673076923 0.7989691370192307 0.4968459951923077 0.7806186778846154
1 0.6019447908653845 0.7460406995192308 0.59510746875 0.7108657259615385 0.5249364639423078 0.7245055889423077 0.5317737860576923 0.7596805600961538 0.6019447908653845 0.7460406995192308
1 0 0.36389613221153844 0.019183084134615384 0.46258454326923076 0.17539984615384616 0.43221908173076923 0.15138971394230769 0.3086976610576923 0 0.33812483894230766 0 0.36389613221153844
1 0.11479959375 0.3722639423076923 0.13154838461538462 0.4584289951923077 0.21828434855769233 0.44156923317307695 0.20153556009615384 0.3554041778846154 0.11479959375 0.3722639423076923
1 0.14568016826923078 0.4087078966346154 0.15887778846153847 0.47660377644230767 0.25964795432692306 0.4570160408653846 0.24645033173076922 0.3891201610576923 0.14568016826923078 0.4087078966346154
1 0.2423989014423077 0.42273299519230767 0.25077329807692306 0.46581552163461537 0.28390321394230766 0.4593757163461539 0.2755288197115385 0.4162931899038461 0.2423989014423077 0.42273299519230767
1 0.29597043509615384 0.5112201562500001 0.2838328605769231 0.44877775961538463 0.2443377043269231 0.45645483894230765 0.25647527884615384 0.5188972379807693 0.29597043509615384 0.5112201562500001
1 0.2745831971153846 0.45892352884615384 0.28603173798076925 0.5178211610576923 0.31279641586538465 0.5126186322115385 0.30134787740384616 0.45372100240384616 0.2745831971153846 0.45892352884615384
1 0.2996428701923077 0.48220862019230765 0.30867979567307696 0.5286995745192308 0.3335272331730769 0.5238697211538461 0.3244903076923077 0.47737876682692304 0.2996428701923077 0.48220862019230765
1 0.32754216346153847 0.5168267716346153 0.3332664326923077 0.5462755889423077 0.35681014663461535 0.5416991538461539 0.35108587740384617 0.5122503389423076 0.32754216346153847 0.5168267716346153
1 0.3250111826923077 0.4902944567307692 0.3313979831730769 0.5231516995192307 0.35371466346153846 0.5188137764423076 0.34732786298076923 0.48595653365384617 0.3250111826923077 0.4902944567307692
1 0.3215999927884615 0.5509486177884615 0.32907334615384615 0.5893956826923077 0.40047138701923074 0.5755173100961538 0.3929980336538461 0.5370702427884615 0.3215999927884615 0.5509486177884615
1 0.3072628173076923 0.47719024278846156 0.3097009326923077 0.48973325480769236 0.38876793509615387 0.4743641875 0.38632981971153846 0.4618211754807692 0.3072628173076923 0.47719024278846156
1 0.30456884134615386 0.4530949110576923 0.3089680480769231 0.4757268701923077 0.38734484375 0.46049196394230774 0.3829456370192308 0.4378600048076923 0.30456884134615386 0.4530949110576923
1 0.28691617548076925 0.40813719711538465 0.29364749278846153 0.4427668245192308 0.35829684615384616 0.43020026442307696 0.35156552884615383 0.3955706370192308 0.28691617548076925 0.40813719711538465
1 0.2530318125 0.3664760961538462 0.26206873798076924 0.41296705048076926 0.3329299495192308 0.3991930264423077 0.32389302403846154 0.3527020721153846 0.2530318125 0.3664760961538462
1 0.13909382451923077 0.28024325961538465 0.15602812259615384 0.36736267307692305 0.27459028125 0.3443165240384615 0.2576559831730769 0.25719711057692307 0.13909382451923077 0.28024325961538465
1 0.0669723125 0.2044171081730769 0.08472814903846154 0.2957629735576923 0.22951815865384614 0.2676186466346154 0.21176232211538462 0.17627278124999998 0.0669723125 0.2044171081730769
1 0.08779581009615385 0.11009981249999999 0.11003035817307692 0.22448664903846155 0.18994094711538462 0.20895360336538463 0.16770639903846155 0.09456676923076923 0.08779581009615385 0.11009981249999999
1 0 0.2424786610576923 0.10026826201923077 0.22298848557692308 0.07169991586538461 0.07601708173076924 0 0.08995413461538462 0 0.2424786610576923
1 0.23364842307692307 0.1533420841346154 0.22005328124999998 0.08340114663461538 0.15256641346153846 0.09651926682692308 0.16616155288461537 0.16646020192307692 0.23364842307692307 0.1533420841346154
1 0.2130827067307692 0.15153862740384616 0.22315318028846154 0.20334672836538464 0.2611912355769231 0.1959528798076923 0.2511207596153846 0.14414477884615384 0.2130827067307692 0.15153862740384616
1 0.20327463461538461 0.17396094711538462 0.21498818749999998 0.2342219471153846 0.27994429807692306 0.2215957596153846 0.26823074759615384 0.16133475721153845 0.20327463461538461 0.17396094711538462
1 0.2302243389423077 0.2081977283653846 0.2429714375 0.2737758774038462 0.2997984495192308 0.26272982451923077 0.2870513485576923 0.19715167548076923 0.2302243389423077 0.2081977283653846
1 0.2679131586538462 0.26001392548076924 0.27660556971153843 0.30473249759615384 0.32047203365384613 0.29620572115384614 0.311779625 0.25148714903846153 0.2679131586538462 0.26001392548076924
1 0.2754245120192308 0.28105052644230766 0.28613101682692305 0.33613071875 0.33781982211538464 0.3260834326923077 0.3271133173076923 0.2710032403846154 0.2754245120192308 0.28105052644230766
1 0.30111551682692306 0.3223234182692308 0.30877437740384617 0.36172484374999997 0.3559384975961538 0.35255706730769226 0.34827963461538464 0.3131556418269231 0.30111551682692306 0.3223234182692308
1 0.23274857211538463 0.0987609735576923 0.2429515528846154 0.15125075961538462 0.2839038125 0.1432904471153846 0.2737008317307692 0.0908006610576923 0.23274857211538463 0.0987609735576923
1 0.27339239663461534 0.17929088461538462 0.2826413317307692 0.22687253365384616 0.3222131778846154 0.21918054567307693 0.3129642427884616 0.1715988966346154 0.27339239663461534 0.17929088461538462
1 0.19930183413461539 0.053619084134615386 0.2085772716346154 0.10133707211538462 0.2647140745192308 0.09042518269230769 0.25543863942307693 0.042707194711538464 0.19930183413461539 0.053619084134615386
1 0.6302775024038462 0.1711839375 0.6088644927884616 0.06102355288461539 0.5078642572115385 0.08065600961538462 0.529277266826923 0.19081639423076924 0.6302775024038462 0.1711839375
1 0.8498428942307693 0.24848693509615385 0.8201349927884615 0.0956530360576923 0.5755717836538461 0.14319131009615385 0.6052796850961538 0.2960252091346154 0.8498428942307693 0.24848693509615385
1 0.6126036274038461 0.3775137980769231 0.6040437235576923 0.33347691346153846 0.5017397644230769 0.35336278846153846 0.5102996682692308 0.3973996730769231 0.6126036274038461 0.3775137980769231
1 0.5951489206730769 0.2852604711538462 0.5833823653846154 0.2247267956730769 0.48376254326923074 0.2440909278846154 0.49552909855769234 0.3046246033653846 0.5951489206730769 0.2852604711538462
1 0.5367470985576923 0.2403002403846154 0.5295652596153846 0.20335288461538464 0.46315204567307694 0.21626230528846155 0.4703338846153846 0.2532096634615385 0.5367470985576923 0.2403002403846154
1 0.667405451923077 0.520234860576923 0.6528827692307692 0.44552212500000005 0.5451338461538462 0.4664663942307692 0.55965653125 0.5411791298076923 0.667405451923077 0.520234860576923
1 0.6500433317307692 0.55374675 0.6409799038461539 0.5071194591346153 0.5365286370192307 0.5274227307692307 0.5455920649038462 0.5740500216346154 0.6500433317307692 0.55374675
4 0.6810441658653846 0.7124133317307693 0.65698103125 0.5886192379807692 0.5969330552884615 0.6002913798076923 0.6209961899038461 0.7240854759615385 0.6810441658653846 0.7124133317307693
1 0.8408736562500001 0.4242611490384615 0.8218457572115384 0.3263711033653846 0.6795098173076923 0.35403840865384617 0.6985377139423077 0.4519284543269231 0.8408736562500001 0.4242611490384615
4 0.5020802235576923 0 0.44484559134615387 0.011125286057692307 0.4708433149038462 0.14487199038461537 0.5772885144230769 0.12418113942307693 0.5531501466346154 0 0.5020802235576923 0
3 0.3395049230769231 0.8035623100961539 0.3245317163461538 0.72653184375 0.27100236057692306 0.7369368966346154 0.2859755649038461 0.8139673629807693 0.3395049230769231 0.8035623100961539
3 0.43118985576923075 0.7224952379807692 0.4768968725961538 0.7136106947115385 0.4711726033653846 0.6841618774038462 0.48006859855769235 0.682432670673077 0.47267475000000003 0.6443946177884615 0.4498212427884616 0.6488368894230769 0.45528050000000003 0.6769223341346154 0.4235309951923077 0.6830938125 0.43118985576923075 0.7224952379807692
3 0.5742894134615384 0.6864731706730769 0.5640864326923076 0.6339833846153847 0.5176125216346154 0.6430169975961538 0.5278155024038461 0.6955067836538462 0.5742894134615384 0.6864731706730769
3 0.5600342764423076 0.725323639423077 0.5513683677884615 0.6807414038461539 0.5078086610576923 0.6892085528846154 0.5164745697115385 0.7337907884615384 0.5600342764423076 0.725323639423077
3 0.6036622283653846 0.7155698293269231 0.5936977596153846 0.6643070745192308 0.5531289495192308 0.6721928533653846 0.5630934182692308 0.7234556057692308 0.6036622283653846 0.7155698293269231