1 0.12178249038461539 0 0.11088360576923077 0.04067518990384615 0.21316106490384618 0.06808035096153846 0.23140313942307691 0 0.12178249038461539 0
1 0.12151170192307692 0.004029110576923077 0.09052531009615385 0.11967189663461539 0.2620777644230769 0.16563923798076924 0.29306415384615386 0.049996451923076925 0.12151170192307692 0.004029110576923077
1 0.11543340625 0.09231608894230768 0.09261898557692307 0.17746066346153844 0.2963689639423077 0.23205530528846152 0.31918338461538465 0.14691073076923075 0.11543340625 0.09231608894230768
1 0.16696112980769232 0.13746876442307693 0.14381120432692307 0.2238654639423077 0.31898587980769233 0.2708033774038462 0.34213580528846155 0.18440667788461537 0.16696112980769232 0.13746876442307693
1 0.3000648100961538 0.21262765625 0.27725038942307695 0.29777222836538464 0.3458713701923077 0.3161591658653846 0.3686857884615385 0.23101459134615385 0.3000648100961538 0.21262765625
1 0.2633537235576923 0.009347677884615385 0.23950881971153845 0.09833806730769232 0.390334110576923 0.13875158173076924 0.4141790144230769 0.04976119471153846 0.2633537235576923 0.009347677884615385
1 0.9282881682692307 0.23860912259615383 0.958603548076923 0.1254705889423077 0.8020430721153846 0.08352033413461538 0.7717276923076923 0.1966588701923077 0.9282881682692307 0.23860912259615383
1 0.9297588028846153 0.2703490408653846 0.9570066971153846 0.16865851442307692 0.79189375 0.12441663461538462 0.7646458557692307 0.22610716105769232 0.9297588028846153 0.2703490408653846
1 0.7429416009615385 0.3280369326923077 0.7522159495192308 0.29342459134615384 0.6595474423076924 0.2685941370192308 0.6502730913461539 0.30320648076923074 0.7429416009615385 0.3280369326923077
1 0.7376248076923078 0.3643807115384616 0.7474743100961538 0.32762186778846153 0.6540008629807693 0.3025757331730769 0.6441513605769231 0.33933457692307695 0.7376248076923078 0.3643807115384616
1 0.42096228124999996 0.5677789711538461 0.4256833341346154 0.5501597692307693 0.3795000048076923 0.537784983173077 0.37477895432692304 0.5554041850961539 0.42096228124999996 0.5677789711538461
1 0.4854632307692308 0.5794062740384616 0.49042393028846154 0.5608926947115385 0.4437375168269231 0.5483831081730769 0.43877681730769236 0.5668966875 0.4854632307692308 0.5794062740384616
2 0.3569142355769231 0.4711503149038462 0.3264071370192308 0.5850043509615385 0.36267966586538464 0.594723545673077 0.3931867620192308 0.48086950961538466 0.3569142355769231 0.4711503149038462