1 0.9103167235576923 0.4162761995192307 0.9249314495192308 0.2492291057692308 0.6810712884615384 0.22789410576923078 0.6664565600961538 0.39494119951923073 0.9103167235576923 0.4162761995192307
1 0.6823161826923076 0.40190551201923075 0.6918629639423077 0.29278529567307693 0.6382656153846155 0.28809613461538464 0.6287188341346154 0.3972163509615385 0.6823161826923076 0.40190551201923075
1 0.8361895985576923 0.5655688822115384 0.8430732884615384 0.48688794711538463 0.5891474086538462 0.4646723125 0.58226371875 0.5433532475961539 0.8361895985576923 0.5655688822115384
1 0.5950273221153846 0.5319221706730769 0.5998531682692307 0.47676250000000003 0.5765567403846154 0.4747243269230769 0.5717308966346154 0.5298839951923078 0.5950273221153846 0.5319221706730769
1 0.5702953918269231 0.5283642115384615 0.5745159879807692 0.48012256009615384 0.5597806105769231 0.4788333822115384 0.5555600120192308 0.5270750336538461 0.5702953918269231 0.5283642115384615
1 0.6042799399038462 0.8193779999999999 0.6126162259615385 0.7240938197115384 0.5668016466346154 0.7200855649038461 0.5584653605769231 0.8153697427884615 0.6042799399038462 0.8193779999999999
1 0.654391766826923 0.9266537499999999 0.6664725216346153 0.7885700961538462 0.5958049591346154 0.7823874855769231 0.5837242067307693 0.9204711394230769 0.654391766826923 0.9266537499999999
1 0.7447493076923077 1 0.7584042980769231 0.8439227427884616 0.6623649038461538 0.8355203846153846 0.6485087548076923 0.9938968918269231 0.7182676009615385 1 0.7447493076923077 1
1 0 0.8356623894230769 0.08201873076923076 0.8428380985576923 0.09446263461538461 0.7006036322115385 0.000498641826923077 0.6923828485576924 0 0.6980823509615385 0 0.8356623894230769
1 0.14813782932692307 0.7581860360576923 0.1568291923076923 0.6588432884615384 0.01082440625 0.6460695264423078 0.002133043269230769 0.7454122740384614 0.14813782932692307 0.7581860360576923
1 0.19285418509615385 0.7120001658653846 0.19925367788461537 0.6388536466346154 0.15266081971153847 0.6347773004807693 0.14626132932692307 0.7079238197115385 0.19285418509615385 0.7120001658653846
1 0.2519791394230769 0.6242266466346155 0.25533625 0.5858547043269231 0.1857582764423077 0.5797674182692307 0.1824011658653846 0.6181393629807693 0.2519791394230769 0.6242266466346155
1 0.2508010649038461 0.6502414855769231 0.25449711298076927 0.6079954495192308 0.18331069951923076 0.6017674447115385 0.1796146514423077 0.6440134807692307 0.2508010649038461 0.6502414855769231
1 0.2522187235576923 0.6029629086538462 0.24970089182692307 0.6317418677884615 0.2674974951923077 0.6332988701923077 0.27001532932692307 0.6045199110576923 0.2522187235576923 0.6029629086538462
1 0.28301571153846156 0.6298233293269231 0.2871233293269231 0.5828730432692308 0.2526197115384615 0.5798543677884616 0.24851209375 0.6268046538461539 0.28301571153846156 0.6298233293269231
1 0.29886465384615385 0.6100181826923077 0.30138248557692304 0.5812392235576923 0.2808878557692308 0.5794461754807693 0.27837002403846156 0.6082251346153846 0.29886465384615385 0.6100181826923077
1 0.30922653846153847 0.5973545721153847 0.31123596394230774 0.57438675 0.2983165625 0.5732564495192307 0.2963071394230769 0.5962242692307692 0.30922653846153847 0.5973545721153847
1 0.3207876682692307 0.595484704326923 0.32347497115384616 0.5647686995192308 0.3072868076923077 0.5633524206730769 0.30459950480769227 0.5940684230769231 0.3207876682692307 0.595484704326923
1 0.33010056249999997 0.50158721875 0.3326103245192308 0.4729005 0.32238895192307687 0.4720062451923077 0.3198791899038461 0.5006929639423077 0.33010056249999997 0.50158721875
1 0.3084975480769231 0.46883903365384616 0.3058183173076923 0.49946279567307694 0.3198791899038461 0.5006929639423077 0.32255842307692306 0.47006920192307694 0.3084975480769231 0.46883903365384616
1 0.30742675721153845 0.49960351682692306 0.30993651923076926 0.4709168004807692 0.29753597115384617 0.46983189182692303 0.29502620913461536 0.4985186081730769 0.30742675721153845 0.49960351682692306
1 0.28359724038461537 0.46182733173076923 0.28049836778846154 0.4972475889423077 0.29502620913461536 0.4985186081730769 0.29812507932692306 0.4630983533653846 0.28359724038461537 0.46182733173076923
1 0.2800787307692308 0.5020440817307692 0.28342776923076923 0.4637643774038462 0.2629331394230769 0.4619713293269231 0.25958410096153844 0.5002510336538462 0.2800787307692308 0.5020440817307692
1 0.1422333028846154 0.4503890528846154 0.13879549278846154 0.48968339903846153 0.25958410096153844 0.5002510336538462 0.2630219110576923 0.4609566875 0.1422333028846154 0.4503890528846154
1 0.2423285721153846 0.42438434375 0.24685582692307692 0.37263756490384614 0.1664857451923077 0.36560609375 0.16195848798076923 0.41735287259615383 0.2423285721153846 0.42438434375
1 0.1763686033653846 0.40801771875 0.18333299278846155 0.32841438221153846 0.12236795192307692 0.3230806322115385 0.12605593028846154 0.2809268389423077 0.019847048076923078 0.27163476442307694 0.010453596153846155 0.37900241586538463 0.07837124278846154 0.3849444423076923 0.07711232692307692 0.3993339206730769 0.1763686033653846 0.40801771875
1 0.08981136298076924 0.4902310504807692 0.0945080889423077 0.4365472235576923 0.0093126875 0.4290935913461539 0.004615961538461538 0.48277741826923076 0.08981136298076924 0.4902310504807692
1 0.2752542884615385 0.2721376298076923 0.2797815456730769 0.2203908485576923 0.18529870432692308 0.21212467067307694 0.18077144711538462 0.2638714519230769 0.2752542884615385 0.2721376298076923
1 0.30344994471153847 0.2851073581730769 0.3067747764423077 0.247104375 0.22718296875000002 0.24014099278846152 0.22385813942307695 0.27814397596153845 0.30344994471153847 0.2851073581730769
1 0.26598988221153846 0.1664836923076923 0.27192938461538463 0.09859486778846153 0.12473124278846154 0.08571669951923076 0.11879174038461539 0.15360552403846153 0.26598988221153846 0.1664836923076923
1 0.04272321153846154 0 0.035936158653846154 0.07757635096153846 0.19050199278846153 0.09109911057692308 0.19847213221153848 0 0.04272321153846154 0
1 1 0.05047841586538461 0.9235605240384616 0.04379082932692308 0.9079047716346154 0.22273691346153848 1 0.23079420192307692 1 0.05047841586538461
1 0.9420978509615385 0.08946917307692306 0.9466170384615384 0.03781463461538462 0.7632549519230769 0.021772528846153848 0.7587357644230769 0.07342706971153846 0.9420978509615385 0.08946917307692306
1 0.9103419038461538 0.19488036057692307 0.9228665072115384 0.051723490384615385 0.7081657956730769 0.03293961298076923 0.6956411923076923 0.17609648076923076 0.9103419038461538 0.19488036057692307
1 0.7557519639423076 0.08840920913461538 0.7614251586538461 0.023564314903846154 0.6527257884615385 0.014054353365384615 0.64705259375 0.07889924759615385 0.7557519639423076 0.08840920913461538
1 0.7167256466346154 0.13230450721153847 0.7236093365384615 0.05362357451923077 0.5900051009615385 0.041934718749999995 0.5831214110576923 0.1206156514423077 0.7167256466346154 0.13230450721153847
1 0.6960318653846154 0.26126945432692306 0.7030366033653846 0.18120491586538462 0.6098508918269231 0.17305222115384614 0.6028461538461538 0.2531167620192308 0.6960318653846154 0.26126945432692306
1 0.7100668149038462 0.3153837884615385 0.716353326923077 0.24352863221153848 0.5913101370192307 0.2325887716346154 0.585023625 0.30444392548076926 0.7100668149038462 0.3153837884615385
1 0.67351346875 0.33997672115384614 0.6789526322115385 0.2778067932692308 0.5640270456730769 0.2677521057692308 0.5585878822115384 0.3299220360576923 0.67351346875 0.33997672115384614
1 0.5684805721153846 0.3238165625 0.5714987427884616 0.2893187091346154 0.5427543725961539 0.28680390384615384 0.5397362019230769 0.3213017572115385 0.5684805721153846 0.3238165625
1 0.6437916826923077 0.36656153365384614 0.6478993004807693 0.3196112451923077 0.5422611538461538 0.31036910576923077 0.5381535360576923 0.35731939182692307 0.6437916826923077 0.36656153365384614
1 0.5285560360576923 0.6725900240384616 0.5320503365384616 0.6326499951923077 0.5179894615384616 0.631419826923077 0.5144951634615385 0.671359858173077 0.5285560360576923 0.6725900240384616
1 0.5371206442307692 0.682262173076923 0.5406633629807692 0.641768704326923 0.5259798677884615 0.6404840649038461 0.5224371490384615 0.6809775336538462 0.5371206442307692 0.682262173076923
1 0.5648378918269231 0.7030904807692308 0.5684774519230769 0.6614901274038462 0.5372944831730769 0.6587619711538462 0.5336549230769231 0.7003623245192308 0.5648378918269231 0.7030904807692308
1 0.5561028004807692 0.4001579014423077 0.5591290408653846 0.36556780528846156 0.5295545120192308 0.36298037019230767 0.5265282692307692 0.39757046394230766 0.5561028004807692 0.4001579014423077