0 0.27866457692307695 1 0.08380888221153845 0.27278864903846156 0 0.29524517067307693 0 0.5428855072115385 0.12248345913461539 1 0.27866457692307695 1
1 0.42667038221153847 0.5058449278846153 0.3993865408653846 0.4040202475961538 0.15518841826923074 0.46945293749999994 0.18247225961538463 0.5712776177884615 0.42667038221153847 0.5058449278846153
1 0.5671553149038462 0.46658448557692306 0.5491188629807693 0.39927152884615386 0.3415202740384615 0.45489740384615385 0.3595567259615385 0.522210360576923 0.5671553149038462 0.46658448557692306
1 0.6963271298076923 0.44124735096153844 0.6767269807692308 0.36809859375000004 0.5240654206730769 0.40900413461538465 0.5436655721153846 0.48215289182692306 0.6963271298076923 0.44124735096153844
1 0.7987099855769231 0.4276176322115385 0.7795142403846154 0.35597813221153846 0.6688100841346153 0.38564122115384614 0.688005829326923 0.45728072115384616 0.7987099855769231 0.4276176322115385
1 0.7509065192307692 0.27909599278846153 0.7689699302884615 0.34650956490384616 0.8549976995192308 0.3234584951923077 0.8369342860576924 0.25604492067307694 0.7509065192307692 0.27909599278846153
1 0.9371087572115384 0.32442709375 0.9248148533653846 0.2785456153846154 0.8699532836538462 0.2932457283653846 0.8822471899038462 0.33912720673076924 0.9371087572115384 0.32442709375
1 0.7947860600961539 0 0.5569922764423076 0.06371665384615385 0.628356235576923 0.33005057451923075 0.9489228677884616 0.2441550048076923 0.8835017307692308 0 0.7947860600961539 0
1 0.66574121875 0.3023473293269231 0.6242492908653846 0.14749734615384616 0.39967153605769234 0.20767277403846154 0.44116346634615383 0.3625227572115385 0.66574121875 0.3023473293269231
1 0.527878514423077 0.3082292451923077 0.48859733173076925 0.1616298798076923 0.2794894831730769 0.21766015865384616 0.3187706658653846 0.3642595240384615 0.527878514423077 0.3082292451923077
1 0.3771276370192308 0.31551555288461536 0.3372802884615385 0.16680322115384616 0.09874188701923077 0.23071939423076923 0.1385892355769231 0.3794317235576923 0.3771276370192308 0.31551555288461536
1 0.46596880769230775 0 0.2624689639423077 0.05452761778846154 0.29290716346153844 0.1681245216346154 0.5716673197115385 0.09343096394230768 0.5466325673076923 0 0.46596880769230775 0
1 0.6547994735576924 0.8745732211538461 0.6337704254807692 0.7960917475961539 0.497484326923077 0.8326094975961538 0.5185133749999999 0.9110909711538462 0.6547994735576924 0.8745732211538461
1 0.5296620360576922 0.9279464879807692 0.5047776634615384 0.8350767475961539 0.26473000240384614 0.8993973245192308 0.289614375 0.9922670649038461 0.5296620360576922 0.9279464879807692
1 0.7696094495192308 0.8261240120192308 0.7507911490384616 0.75589315625 0.6129957932692307 0.7928153100961539 0.63181409375 0.8630461658653845 0.7696094495192308 0.8261240120192308
1 0.42369280048076924 0.6067194687499999 0.41040136538461536 0.5571151514423077 0.3282976682692308 0.5791147692307692 0.34158910576923074 0.6287190865384615 0.42369280048076924 0.6067194687499999
1 0 0.3439894254807693 0.13757503365384616 0.3071263052884615 0.11490140625 0.22250717788461538 0 0.2532949158653846 0 0.3439894254807693
1 0 0.19128618749999998 0.060686728365384614 0.17502522836538462 0.04297380048076923 0.10891968028846154 0 0.12043447596153846 0 0.19128618749999998