1 0.7332794110576923 0.5523363509615384 0.7388234831730769 0.4889673004807692 0.6076059639423077 0.4774872548076923 0.6020618894230769 0.5408563052884615 0.7332794110576923 0.5523363509615384
1 0.602030985576923 0.5609299975961538 0.6073208533653847 0.500466514423077 0.5776684951923077 0.49787226923076927 0.5723786274038462 0.5583357524038461 0.602030985576923 0.5609299975961538
1 0.6618443918269231 0.5854028725961539 0.6651974663461538 0.5470770504807693 0.5568612932692308 0.5375988629807693 0.5535082163461539 0.5759246850961538 0.6618443918269231 0.5854028725961539
1 0.5591690600961539 0.5918955024038461 0.5623526658653846 0.5555067235576924 0.5423509447115384 0.5537568004807693 0.5391673389423077 0.5901455793269231 0.5591690600961539 0.5918955024038461
1 0.5411944182692308 0.5992457692307692 0.5441480288461539 0.5654858365384615 0.5326295288461538 0.5644780985576923 0.5296759182692308 0.59823803125 0.5411944182692308 0.5992457692307692
1 0.5338613822115384 0.6041809879807692 0.5370570913461539 0.5676538485576923 0.5258499014423077 0.5666733461538461 0.5226541899038462 0.6032004855769231 0.5338613822115384 0.6041809879807692
1 0.6211602307692308 0.4910814278846154 0.62475540625 0.44998839663461543 0.5507412524038462 0.44351299759615387 0.5471460769230769 0.48460602884615384 0.6211602307692308 0.4910814278846154
1 0.6012643173076924 0.5168063870192308 0.6051500120192308 0.4723927067307692 0.5374399038461538 0.46646884134615385 0.5335542091346154 0.5108825192307692 0.6012643173076924 0.5168063870192308
1 0.6083010745192308 0.4641638028846154 0.6128283293269231 0.41241702403846153 0.5616176971153846 0.4079366730769231 0.5570904399038462 0.4596834543269231 0.6083010745192308 0.4641638028846154
1 0.5802506394230769 0.34376087740384614 0.5732781802884616 0.4234564543269231 0.604020125 0.4261460264423077 0.6109925865384616 0.34645044951923076 0.5802506394230769 0.34376087740384614
1 0.7377329086538461 0.4010376514423077 0.7447779975961539 0.32051191346153846 0.6104473677884615 0.30875950480769226 0.6034022788461538 0.3892852451923077 0.7377329086538461 0.4010376514423077
1 0.5701862572115385 0.7689461129807692 0.5728735600961539 0.7382301081730769 0.5367615 0.7350707115384616 0.5340741995192307 0.7657867163461538 0.5701862572115385 0.7689461129807692
1 0.5332388149038462 0.7627858221153846 0.536676625 0.7234914759615385 0.5226676370192307 0.7222658485576924 0.519229826923077 0.7615601947115385 0.5332388149038462 0.7627858221153846
1 0.5233908701923077 0.7489582307692307 0.52552134375 0.7246068076923078 0.5118236658653846 0.7234084158653846 0.5096931923076923 0.7477598389423077 0.5233908701923077 0.7489582307692307
1 0.514591 0.734804079326923 0.5164793750000001 0.7132198581730769 0.5065174278846154 0.7123483028846154 0.5046290528846155 0.7339325216346153 0.514591 0.734804079326923
1 0.5047258918269231 0.7328256394230769 0.5067111057692307 0.7101345360576924 0.49674915865384617 0.7092629783653847 0.49476394471153845 0.7319540817307693 0.5047258918269231 0.7328256394230769
2 0.4736594014423077 0.629865108173077 0.4664448413461538 0.712327891826923 0.49492978365384616 0.7148200024038461 0.5021443437499999 0.6323572163461539 0.4736594014423077 0.629865108173077
2 0.4720260072115385 0.7175564399038462 0.4800031778846154 0.6263769543269231 0.4665389855769231 0.6251989903846155 0.45856181250000005 0.7163784759615385 0.4720260072115385 0.7175564399038462
4 0 0.8807878076923077 0.06396205528846154 0.8863837620192307 0.10034957692307692 0.4704724759615385 0.006178048076923077 0.4622335336538462 0 0.5328489423076923 0 0.8807878076923077
3 0.6491021995192308 0.8090321850961538 0.6569341105769231 0.7195130216346153 0.5786394350961538 0.712663125 0.5708075216346153 0.8021822884615385 0.6491021995192308 0.8090321850961538
1 0.03464337259615385 0.10460356009615385 0.020298990384615388 0.26856060576923074 0.12061890865384615 0.2773374615384615 0.1349632932692308 0.11338041586538461 0.03464337259615385 0.10460356009615385
1 0.16692752644230768 0.38177092307692306 0.18017035817307692 0.23040467307692308 0.04529493509615385 0.21860460336538462 0.03205210336538462 0.3699708533653846 0.16692752644230768 0.38177092307692306
1 0.06815654807692308 0.3113667788461539 0.06002201201923077 0.4043449495192308 0.2089064230769231 0.41737064903846155 0.21704095913461538 0.3243924759615385 0.06815654807692308 0.3113667788461539
1 0.19711649999999997 0.2724583197115385 0.18949037259615384 0.35962535576923077 0.26116969471153845 0.36589648317307694 0.2687958221153846 0.2787294471153846 0.19711649999999997 0.2724583197115385
1 0.29354658653846155 0.4189200865384616 0.2899393076923077 0.4601514783653846 0.3065944375 0.46160861538461534 0.31020171875 0.4203772211538462 0.29354658653846155 0.4189200865384616
1 0.20899073557692308 0.37875884615384614 0.20328929567307694 0.44392658173076927 0.2976943100961539 0.45218594951923075 0.30339574759615384 0.3870182139423077 0.20899073557692308 0.37875884615384614
1 0.1093808701923077 0.45508995913461536 0.10258998557692307 0.5327101274038462 0.23528623076923075 0.5443195456730769 0.2420771153846154 0.466699375 0.1093808701923077 0.45508995913461536
1 0.2259810168269231 0.5009825216346153 0.22094535336538462 0.5585404375 0.2582248269230769 0.56180196875 0.26326049038461535 0.5042440528846154 0.2259810168269231 0.5009825216346153
1 0.2537380240384616 0.5198624375 0.24878709375 0.5764518293269231 0.2789842451923077 0.5790937379807692 0.28393517548076924 0.5225043461538461 0.2537380240384616 0.5198624375
1 0.27848737740384616 0.5345754735576923 0.2736211802884615 0.59019634375 0.2941676971153846 0.5919939326923077 0.2990338918269231 0.5363730600961538 0.27848737740384616 0.5345754735576923
1 0.28594941346153846 0.7737749471153846 0.28977458173076925 0.7300530697115384 0.26455840384615387 0.7278469399038462 0.2607332355769231 0.7715688173076922 0.28594941346153846 0.7737749471153846
1 0.22685952163461537 0.8010899759615384 0.23089047596153847 0.7550159711538461 0.15516411298076924 0.7483907740384615 0.15113315865384616 0.7944647788461539 0.22685952163461537 0.8010899759615384
1 0.3296034302884615 0.7409268701923076 0.33267808894230766 0.7057833365384615 0.30123569471153844 0.703032483173077 0.29816103365384616 0.7381760168269231 0.3296034302884615 0.7409268701923076
1 0.06803033173076924 0.007142557692307692 0.05562274278846154 0.1489619423076923 0.2519820576923077 0.16614115625 0.2643896466346154 0.024321771634615387 0.06803033173076924 0.007142557692307692
1 0.06324400721153846 0 0.05503409134615385 0.09383976923076923 0.2286677139423077 0.10903074278846153 0.2382066682692308 0 0.06324400721153846 0
1 0.23059959615384618 0 0.22472570673076925 0.067138875 0.30294255528846153 0.07398196394230769 0.3094151370192308 0 0.23059959615384618 0
1 0.25701715865384617 0.05839219951923077 0.25022627403846154 0.13601236778846154 0.30742963942307694 0.14101701442307693 0.31422052644230775 0.06339684615384615 0.25701715865384617 0.05839219951923077
1 0.19615900961538463 0.17673282932692308 0.18634188221153847 0.28894309375 0.30222734375 0.29908175721153846 0.31204447115384615 0.18687149278846155 0.19615900961538463 0.17673282932692308
1 0.27602107451923075 0.07065070192307693 0.26921808413461534 0.14840923317307692 0.3404304399038462 0.15463950721153846 0.34723343028846154 0.07688097596153846 0.27602107451923075 0.07065070192307693
1 0.25928064423076924 0.01997105048076923 0.25424498076923074 0.0775289639423077 0.3448364350961538 0.08545468990384616 0.3498721009615385 0.02789677403846154 0.25928064423076924 0.01997105048076923
1 0.3311384278846154 0 0.3269339302884615 0.04805763221153846 0.3614894326923077 0.05108084615384615 0.36595842548076923 0 0.3311384278846154 0
1 0.2603841730769231 0.18304889903846153 0.25364170913461537 0.26011562740384614 0.3326368341346154 0.26702680528846157 0.33937930048076925 0.18996007692307693 0.2603841730769231 0.18304889903846153
1 0.7794887331730769 0.2859054639423077 0.7873448533653846 0.19610958173076923 0.6033601466346153 0.18001300480769228 0.5955040240384615 0.2698088870192308 0.7794887331730769 0.2859054639423077
1 0.7003575264423076 0.3280580168269231 0.7061436995192308 0.2619217572115385 0.5864446802884615 0.2514494519230769 0.5806585072115384 0.31758571153846155 0.7003575264423076 0.3280580168269231
1 0.69478903125 0.3728821514423077 0.7006599399038461 0.30577737019230766 0.5664071370192307 0.29403177163461536 0.5605362307692308 0.36113655288461544 0.69478903125 0.3728821514423077
1 0.5925324591346154 0.3987907139423077 0.59773759375 0.3392957548076923 0.5492509302884615 0.3350537211538462 0.5440457956730769 0.3945486802884615 0.5925324591346154 0.3987907139423077
1 0.574335295673077 0.4579855360576923 0.5792862259615384 0.40139614182692307 0.5323561153846155 0.39729029086538464 0.5274051850961539 0.4538796826923077 0.574335295673077 0.4579855360576923
1 0.5391026201923077 0.5254493052884615 0.5426251634615384 0.4851864375 0.526437 0.48377015625 0.5229144543269231 0.5240330240384615 0.5391026201923077 0.5254493052884615
1 0.6422316274038462 0.2600945 0.6469283533653846 0.20641067548076922 0.5687115024038462 0.19956758653846154 0.5640147764423077 0.25325141346153845 0.6422316274038462 0.2600945
1 0.7268233004807693 0.25592350240384615 0.7376451370192308 0.13222932692307693 0.5920294903846154 0.11948960817307691 0.5812076538461539 0.24318378365384616 0.7268233004807693 0.25592350240384615
1 0.6093062548076923 0.033166891826923076 0.5997433317307692 0.1424715889423077 0.6429377115384616 0.14625060817307692 0.6525006346153847 0.03694591105769231 0.6093062548076923 0.033166891826923076
1 0.6800617572115384 0.015934735576923077 0.6728108822115384 0.09881260096153846 0.8623991875 0.1153994278846154 0.8696500600961539 0.0325215625 0.6800617572115384 0.015934735576923077
1 0.6200584278846153 0.17380584855769232 0.6273456153846154 0.0905129014423077 0.5783141586538462 0.08622320432692308 0.57102696875 0.1695161514423077 0.6200584278846153 0.17380584855769232
1 0.617495875 0.2246091610576923 0.6246620144230769 0.14269981971153844 0.5591310817307693 0.13696660576923075 0.5519649423076923 0.21887594711538463 0.617495875 0.2246091610576923
1 0.6040390817307693 0.2663730264423077 0.6099220961538461 0.1991298846153846 0.5451694399038461 0.19346476201923077 0.5392864278846153 0.26070790384615383 0.6040390817307693 0.2663730264423077
1 0.6169005841346155 0.34794326923076924 0.6219725649038461 0.2899702716346154 0.5463240288461538 0.28335188221153845 0.5412520504807692 0.3413248798076923 0.6169005841346155 0.34794326923076924
1 0.52302275 0.6187082860576923 0.5264726634615384 0.579275576923077 0.5171333389423076 0.5784584927884615 0.5136834254807693 0.6178911995192308 0.52302275 0.6187082860576923