1 1 0.6375355552884615 0.9974510841346155 0.6273124134615385 0.9548490360576923 0.6379342980769231 0.9633163028846153 0.6718946466346154 1 0.6627483750000001 1 0.6375355552884615
1 1 0.624358016826923 0.9743170625 0.6307614927884615 0.9899815048076923 0.6935881418269231 1 0.69109025 1 0.624358016826923
1 0.9281476442307692 0.6015635817307692 0.9172913990384616 0.5580215625 0.8687766129807692 0.57011765625 0.879632858173077 0.6136596778846154 0.9281476442307692 0.6015635817307692
1 0.38994013461538457 0.22714595913461538 0.35171647596153843 0.07383923557692308 0.07305967067307692 0.14331618028846155 0.11128333173076924 0.29662290384615386 0.38994013461538457 0.22714595913461538
1 0.46302401201923077 0.26741142548076924 0.4339933846153846 0.15097593990384614 0.20225947596153848 0.2087536923076923 0.23129010336538464 0.3251891802884615 0.46302401201923077 0.26741142548076924
1 0.5041903413461538 0.2978567451923077 0.47670196634615386 0.1876068942307692 0.3072034326923077 0.229867625 0.3346918076923077 0.34011747596153846 0.5041903413461538 0.2978567451923077
1 0.4626665889423077 0.23336146634615387 0.48404643509615386 0.3191113509615385 0.5357450048076923 0.30622144951923075 0.5143651586538461 0.22047156490384617 0.4626665889423077 0.23336146634615387
1 0.5053449302884615 0.26987113221153847 0.5187111153846155 0.32347997115384614 0.5608583365384615 0.3129714903846154 0.5474921514423077 0.2593626514423077 0.5053449302884615 0.26987113221153847
1 0.4603089423076923 0 0.28509887500000003 0.04368477644230769 0.3156415144230769 0.16618461057692308 0.5348677043269231 0.11152538221153846 0.5070613028846154 0 0.4603089423076923 0
1 0.4130480697115385 0.14511909615384616 0.4337021514423077 0.22795809375 0.5754562932692308 0.1926148173076923 0.5548022115384615 0.10977581971153846 0.4130480697115385 0.14511909615384616
1 0.919194673076923 0.9040908557692308 0.8829668701923077 0.7587890697115385 0.7691845360576923 0.7871581923076924 0.8054123389423077 0.9324599783653846 0.919194673076923 0.9040908557692308
1 0.9850106105769231 0.6439409759615384 0.9671688725961538 0.5723816658653846 0.9056915408653846 0.5877096850961538 0.92353328125 0.6592689951923076 0.9850106105769231 0.6439409759615384
1 0.8238305817307693 0.5958813774038462 0.8152423557692308 0.5614358798076923 0.7944719615384616 0.5666145216346153 0.8030601899038461 0.6010600192307692 0.8238305817307693 0.5958813774038462
3 0.7986152860576923 0.7023954326923078 0.7812271514423077 0.6326554278846154 0.7134580576923076 0.6495521610576923 0.7308461947115384 0.7192921658653847 0.7986152860576923 0.7023954326923078
3 0.8010605096153847 0.7428814903846154 0.7798016225961538 0.6576167524038462 0.7192339447115385 0.6727179711538462 0.7404928293269231 0.7579827067307693 0.8010605096153847 0.7428814903846154
3 0.8375465360576922 0.8633841658653847 0.8047056394230769 0.7316665192307692 0.7392864807692308 0.7479773485576923 0.7721273774038462 0.8796949927884616 0.8375465360576922 0.8633841658653847
3 1 0.5354881586538461 0.9752284182692308 0.4361347692307692 0.9026078461538461 0.45424111298076925 0.9301264615384616 0.5646122499999999 1 0.5471908221153846 1 0.5354881586538461