1 0.755673704326923 0.4490626802884616 0.7647217115384616 0.49163021153846154 0.8554041442307692 0.4723550673076923 0.8463561346153846 0.4297875336538462 0.755673704326923 0.4490626802884616
1 0.74818503125 0.4138312524038461 0.7572522908653846 0.45648935336538465 0.8437572211538461 0.4381021634615384 0.8346899615384615 0.39544406009615385 0.74818503125 0.4138312524038461
1 0.7361338341346154 0.3776763966346154 0.7440075264423077 0.41471920673076923 0.8274047980769231 0.39699256971153846 0.8195311057692307 0.3599497596153846 0.7361338341346154 0.3776763966346154
1 0.7257685384615384 0.323650875 0.73562509375 0.37002231490384613 0.8158637644230768 0.3529670600961538 0.8060072091346153 0.30659561778846156 0.7257685384615384 0.323650875
1 0.712032860576923 0.28984195192307693 0.721485141826923 0.3343114375 0.8059013197115384 0.31636822596153846 0.7964490384615384 0.27189873798076925 0.712032860576923 0.28984195192307693
1 0.7033506225961539 0.24899523076923075 0.7108392932692307 0.28422665865384616 0.78904015625 0.2676045528846154 0.7815514855769231 0.232373125 0.7033506225961539 0.24899523076923075
1 0.6961410841346154 0.22534779567307692 0.7020511658653846 0.25315254567307693 0.7843785889423077 0.23565331250000002 0.7784685048076923 0.2078485625 0.6961410841346154 0.22534779567307692
1 1 0.7014619735576922 0.999557875 0.6993819399038461 0.9088754399038461 0.7186570865384615 0.9321114975961537 0.827974139423077 1 0.8135439927884616 1 0.7014619735576922
1 1 0.6964518413461539 0.9997874831730769 0.6954520288461539 0.9393664927884615 0.70829490625 0.9484337524038462 0.7509530096153847 1 0.7399922668269231 1 0.6964518413461539
1 0.9731178653846153 0.6313555504807693 0.9573704783653846 0.5572699254807693 0.8739732091346154 0.5749965625 0.88972059375 0.6490821875 0.9731178653846153 0.6313555504807693
1 0.9685264903846154 0.5994840504807692 0.94921765625 0.5086431225961539 0.8637316322115385 0.5268137355769231 0.88304046875 0.6176546658653846 0.9685264903846154 0.5994840504807692
1 0.9534240072115385 0.5387032355769231 0.9376766225961538 0.4646176129807692 0.8584568557692307 0.4814562932692308 0.8742042403846154 0.5555419182692307 0.9534240072115385 0.5387032355769231
1 0.940938266826923 0.48522308894230765 0.9263651971153847 0.4166621899038461 0.8461265264423077 0.43371744471153845 0.8606995961538462 0.5022783461538461 0.940938266826923 0.48522308894230765
1 0.9261355889423076 0.4205921009615385 0.9147004447115384 0.36679398317307693 0.8333919254807692 0.3840766418269231 0.8448270697115384 0.43787476201923076 0.9261355889423076 0.4205921009615385
1 0.9130159639423077 0.36913991586538464 0.8992129375 0.30420178365384615 0.8147967644230769 0.32214499519230766 0.8285997908653846 0.38708312740384615 0.9130159639423077 0.36913991586538464
1 0.8992624615384616 0.31971568749999996 0.8839000961538462 0.24744144951923078 0.7994329735576924 0.26539549038461535 0.8147953389423077 0.3376697283653846 0.8992624615384616 0.31971568749999996
1 0.8840540841346154 0.2687074807692308 0.8679024254807692 0.19271990144230772 0.7834353052884615 0.21067394230769232 0.7995869639423077 0.2866615216346154 0.8840540841346154 0.2687074807692308
1 0.86960615625 0.1904645408653846 0.8534544975961539 0.11447696394230769 0.7908938100961538 0.12777464903846153 0.8070454687499999 0.20376222596153845 0.86960615625 0.1904645408653846
1 0.8572758293269231 0.1427256923076923 0.8383520144230769 0.05369614663461538 0.7966279062499999 0.0625648798076923 0.8155517211538462 0.15159442548076923 0.8572758293269231 0.1427256923076923
1 0.966459875 0.2976702211538461 0.9459767235576924 0.20130456971153846 0.9115887211538461 0.20861396394230772 0.9320718725961539 0.30497961778846155 0.966459875 0.2976702211538461
2 1 0.45546409855769227 0.9743528197115385 0.3348036009615385 0.9076655673076923 0.34897841346153846 1 0.7833777620192308 1 0.45546409855769227
0 0.3135480096153846 0.6554021995192307 0.27808751682692306 0.4885736923076923 0.2364143533653846 0.49743159615384613 0.2718748485576923 0.6642601033653845 0.3135480096153846 0.6554021995192307
3 0.7793491225961537 0.6857002692307692 0.7554392764423077 0.5732132956730769 0.6090228076923077 0.6043350769230769 0.6329326514423077 0.7168220504807692 0.7793491225961537 0.6857002692307692
3 0.6934386995192308 0.8739725504807693 0.6611738846153846 0.7221785336538461 0.598664139423077 0.7354653894230769 0.6309289543269231 0.88725940625 0.6934386995192308 0.8739725504807693
3 0.8835667884615385 0.88742178125 0.8368829134615384 0.6677914158653846 0.6501178557692308 0.7074895528846153 0.6968017307692308 0.9271199182692308 0.8835667884615385 0.88742178125