1 0.9992735649038462 0.5359892716346154 0.9871606442307693 0.3627664302884615 0.6123727139423077 0.38897415625000004 0.6244856346153846 0.5621969951923077 0.9992735649038462 0.5359892716346154
1 0.6407191322115384 0.5580336298076923 0.6299359423076923 0.40382685336538465 0.4737548221153846 0.41474810096153847 0.4845380096153846 0.5689548798076923 0.6407191322115384 0.5580336298076923
1 0.4948233942307692 0.5670870216346153 0.4879712740384615 0.4690971370192308 0.4066074567307692 0.4747866490384615 0.41345957692307694 0.5727765336538462 0.4948233942307692 0.5670870216346153
1 0.4219466201923077 0.57991021875 0.4164387668269231 0.5011442235576923 0.3523764495192308 0.5056238990384615 0.35788430528846155 0.5843898942307693 0.4219466201923077 0.57991021875
1 0.3619018605769231 0.5802453798076923 0.3576002115384615 0.5187289302884616 0.3115408076923077 0.5219497163461538 0.31584245673076927 0.5834661658653846 0.3619018605769231 0.5802453798076923
1 0.3211770649038461 0.5869567139423076 0.3172823293269231 0.5312593870192308 0.2804971538461538 0.5338316562500001 0.2843918918269231 0.5895289831730769 0.3211770649038461 0.5869567139423076
1 0.28587264903846155 0.5894254399038462 0.2829152668269231 0.5471328798076923 0.2591451850961538 0.5487950456730769 0.26210256971153845 0.5910876057692308 0.28587264903846155 0.5894254399038462
1 0.26638897596153843 0.5907878701923077 0.2631627403846154 0.5446505336538462 0.23081984375 0.5469121682692308 0.23404607932692306 0.5930495048076924 0.26638897596153843 0.5907878701923077
1 0.3778881682692308 0.4459906923076923 0.3741968870192308 0.39320293028846154 0.22222424038461538 0.4038298918269231 0.22591551923076925 0.45661765625 0.3778881682692308 0.4459906923076923
1 0.2542733461538461 0.46904478605769234 0.2515194182692308 0.42966178846153846 0.2061614278846154 0.4328335288461539 0.20891535576923076 0.47221652403846154 0.2542733461538461 0.46904478605769234
1 0.2949754903846154 0.3880916826923077 0.2920907692307692 0.3468382548076923 0.25242201201923076 0.34961216346153845 0.2553067331730769 0.39086559375 0.2949754903846154 0.3880916826923077
1 0.39572053846153843 0.43221320913461536 0.3908811826923077 0.36300720192307695 0.2576907956730769 0.37232078125 0.2625301514423077 0.4415267884615384 0.39572053846153843 0.43221320913461536
1 0.5616251201923077 0.3733093028846154 0.5560518677884615 0.29360809375 0.28530675 0.3125404350961538 0.29088000240384615 0.3922416466346154 0.5616251201923077 0.3733093028846154
1 0.5502640384615385 0.3351547019230769 0.5433101899038462 0.2357100360576923 0.33491282451923077 0.2502826009615385 0.34186667307692303 0.3497272668269231 0.5502640384615385 0.3351547019230769
1 0.6648462740384615 0.30500507211538463 0.6544046009615384 0.15568220432692306 0.3806979663461538 0.17482163701923079 0.39113963701923077 0.3241445048076923 0.6648462740384615 0.30500507211538463
1 0.8925547764423077 0.21828468509615384 0.880485454326923 0.04568532211538461 0.4587029038461538 0.07517923076923078 0.4707722259615385 0.24777859375 0.8925547764423077 0.21828468509615384
1 0.56222646875 0 0.5743803485576924 0.17380856971153846 0.9762116177884615 0.14570978846153845 0.9660225961538462 0 0.56222646875 0
1 0.3678890384615385 0.12716154567307691 0.3600341682692308 0.014831677884615386 0.27360459615384614 0.020875420673076923 0.2814594663461538 0.13320528846153848 0.3678890384615385 0.12716154567307691
1 0.5143263245192308 0.17289132692307693 0.5045894855769231 0.03364800961538462 0.28855451923076925 0.04875464663461538 0.29829136057692307 0.18799796153846152 0.5143263245192308 0.17289132692307693
1 0.3198849711538462 0.16529051923076923 0.31417365865384617 0.08361496394230769 0.24356482932692308 0.08855241346153846 0.24927613942307694 0.17022797115384616 0.3198849711538462 0.16529051923076923
1 0.4194562956730769 0.20270675240384614 0.41388304326923075 0.12300554086538461 0.25622116346153845 0.13403033413461538 0.2617944158653846 0.21373154567307692 0.4194562956730769 0.20270675240384614
1 0.38050262500000004 0.24594601923076923 0.374929375 0.16624481009615386 0.2295032403846154 0.1764139951923077 0.2350764903846154 0.2561152043269231 0.38050262500000004 0.24594601923076923
1 0.27107391586538465 0.21203844951923076 0.26684493028846157 0.15156112980769232 0.22795551923076923 0.15428054326923077 0.2321845048076923 0.2147578629807692 0.27107391586538465 0.21203844951923076
1 0.3222346875 0.2616112451923077 0.31618912740384614 0.17515569471153844 0.20747023317307692 0.18275806009615386 0.21351579326923076 0.26921361057692306 0.3222346875 0.2616112451923077
1 0.23661808413461538 0.31959981490384615 0.2331302596153846 0.26972161057692307 0.13734852403846154 0.2764193221153846 0.1408363485576923 0.3262975240384615 0.23661808413461538 0.31959981490384615
1 0.23734629326923076 0.12281967067307692 0.23385120432692308 0.07283755528846153 0.12801589423076923 0.08023828125 0.1315109831730769 0.13022039663461538 0.23734629326923076 0.12281967067307692
1 0.17276964423076924 0.02698669951923077 0.17625746634615383 0.07686490144230769 0.2669734471153846 0.07052142307692308 0.263485625 0.02064321875 0.17276964423076924 0.02698669951923077
1 0.22169692788461537 0.4959661153846154 0.21847795673076925 0.44993268990384616 0.18847310096153846 0.45203083413461537 0.19169207211538464 0.4980642596153846 0.22169692788461537 0.4959661153846154
1 0.23761925 0.5982295384615385 0.23509784375 0.5621717524038462 0.20548266105769233 0.5642426490384616 0.2080040673076923 0.6003004326923077 0.23761925 0.5982295384615385
1 0.22498199759615384 0.7187797235576923 0.22230799759615383 0.6805397668269231 0.20259052163461538 0.6819185456730769 0.20526451923076922 0.7201585024038462 0.22498199759615384 0.7187797235576923
1 0.2385776826923077 0.7216925961538462 0.23590368509615384 0.6834526442307692 0.2182125096153846 0.6846897307692307 0.22088650721153844 0.7229296850961539 0.2385776826923077 0.7216925961538462
1 0.2501332451923077 0.7290293942307693 0.24745924759615387 0.6907894399038461 0.23444415384615386 0.6916995432692308 0.2371181514423077 0.7299394975961538 0.2501332451923077 0.7290293942307693
1 0.27302638221153847 0.7405855985576923 0.2698728076923077 0.6954873942307693 0.24610272596153845 0.6971495600961538 0.24925630048076922 0.7422477644230769 0.27302638221153847 0.7405855985576923
1 0.29769819471153847 0.7562986923076923 0.2938688557692308 0.7015365817307693 0.26082454807692307 0.7038472644230769 0.26465388701923076 0.758609375 0.29769819471153847 0.7562986923076923
1 0.3526992836538462 0.7812728461538462 0.34755474519230767 0.7077024951923078 0.29830001923076926 0.7111467211538461 0.30344456009615384 0.7847170697115384 0.3526992836538462 0.7812728461538462
1 0.4027639879807693 0.7994915528846154 0.3969436826923077 0.7162573028846153 0.3268024591346154 0.7211620552884616 0.3326227644230769 0.8043963052884616 0.4027639879807693 0.7994915528846154
1 0.4512464879807692 0.8410023725961538 0.4437113341346154 0.733244670673077 0.3702968557692307 0.7383783125 0.3778320072115384 0.8461360120192307 0.4512464879807692 0.8410023725961538
1 0.5405331394230769 0.8847765144230769 0.5319516394230769 0.7620553533653845 0.42744121875 0.7693634350961538 0.43602271875 0.89208459375 0.5405331394230769 0.8847765144230769
1 0.6644176658653845 0.9394972307692308 0.6538597331730769 0.7885117548076923 0.5145125048076923 0.798255860576923 0.5250704375 0.9492413389423077 0.6644176658653845 0.9394972307692308
1 0.9011989278846154 0.9646038629807693 0.8911060384615385 0.8202688149038462 0.6285440625000001 0.8386289375 0.638636951923077 0.9829639855769231 0.9011989278846154 0.9646038629807693