1 0.6895815721153846 0.11911855528846155 0.6685702067307692 0.034846576923076925 0.5464746610576923 0.06528841586538461 0.5674860264423077 0.14956039423076922 0.6895815721153846 0.11911855528846155
1 0.691145298076923 0.14993336538461538 0.6774587908653846 0.09503978365384615 0.5460140432692308 0.1278126394230769 0.5597005504807693 0.18270622355769228 0.691145298076923 0.14993336538461538
1 0.700374170673077 0.18694835096153847 0.6870012668269231 0.13331256009615383 0.5404967187499999 0.1698402451923077 0.5538696225961538 0.2234760360576923 0.700374170673077 0.18694835096153847
1 0.5634611826923077 0.23740264182692308 0.5551731177884616 0.20416102884615384 0.5379402620192308 0.2084576610576923 0.546228326923077 0.24169927403846153 0.5634611826923077 0.23740264182692308
1 0.7192258197115385 0.2595441274038462 0.7065025192307692 0.20851376201923078 0.5951711947115385 0.23627177884615386 0.6078944927884615 0.2873021466346154 0.7192258197115385 0.2595441274038462
1 0.6198790697115384 0.31685472596153846 0.6074693725961539 0.2670821514423077 0.5866484423076923 0.27227339182692306 0.599058139423077 0.32204596875 0.6198790697115384 0.31685472596153846
1 0.6034206778846154 0.3305009831730769 0.5932285985576923 0.2896227836538462 0.5752882355769231 0.2940958173076923 0.5854803173076923 0.3349740192307692 0.6034206778846154 0.3305009831730769
1 0.5944801730769231 0.343513375 0.5855649038461539 0.30775617788461535 0.5625709182692308 0.3134892235576923 0.5714861875 0.3492464206730769 0.5944801730769231 0.343513375
1 0.7398221658653846 0 0.6549081562500001 0.021171439903846154 0.685148391826923 0.14245840625 0.7916787764423077 0.11589739903846154 0.7627823100961538 0 0.7398221658653846 0
1 0 0.2470690721153846 0.010391228365384616 0.2887460096153846 0.10241771153846153 0.2658012307692308 0.05979017788461538 0.09483152884615385 0 0.10973889423076924 0 0.2470690721153846
1 0.05863660096153846 0.09903166346153847 0.08291839182692308 0.1964206033653846 0.19045950240384618 0.16960759375 0.16617771153846156 0.07221865144230769 0.05863660096153846 0.09903166346153847
1 0.05555388942307692 0.09980026923076922 0.06287874759615385 0.12917866826923077 0.12903068028846154 0.11268513942307692 0.12170582211538461 0.08330674038461537 0.05555388942307692 0.09980026923076922
1 0.18037188221153844 0.3186034543269231 0.15149805528846153 0.20279686298076924 0.09257280528846154 0.2174885769230769 0.12144663221153847 0.3332951682692308 0.18037188221153844 0.3186034543269231
1 0.23953822355769233 0.34879783413461535 0.22074447596153846 0.2734202307692308 0.1731898798076923 0.2852769254807692 0.19198362740384617 0.36065452884615384 0.23953822355769233 0.34879783413461535
1 0.23166241826923079 0.32948123076923075 0.24313130769230767 0.3754804326923077 0.27618200721153846 0.36723996875 0.2647131177884615 0.3212407644230769 0.23166241826923079 0.32948123076923075
1 0.3013669278846154 0.3948373149038461 0.28864362740384614 0.34380694711538456 0.26782269711538464 0.3489981899038461 0.28054599759615384 0.40002855528846154 0.3013669278846154 0.3948373149038461
1 0.32625158653846154 0.4089588653846154 0.3135282860576923 0.35792849519230774 0.2905342980769231 0.3636615408653846 0.3032575985576923 0.41469190865384614 0.32625158653846154 0.4089588653846154
1 0.3143869206730769 0.3762272908653846 0.32500460336538467 0.41881249278846155 0.3447642716346154 0.4138858533653846 0.33414658894230764 0.3713006514423077 0.3143869206730769 0.3762272908653846
1 0.3464931298076923 0.40553434375 0.35074916346153845 0.4226043605769231 0.3579253076923077 0.4208151466346154 0.35366927644230767 0.40374512980769234 0.3464931298076923 0.40553434375
1 0.26484691346153844 0.3049847836538462 0.27360538221153846 0.3401130841346154 0.33167151682692303 0.32563556971153845 0.32291304807692306 0.2905072716346154 0.26484691346153844 0.3049847836538462
1 0.2867723942307692 0.2577210408653846 0.3000332980769231 0.31090762019230767 0.3215617331730769 0.3055399783653846 0.30830082932692304 0.25235339903846155 0.2867723942307692 0.2577210408653846
1 0.19778399759615384 0.2528070168269231 0.21500973317307695 0.3218956658653846 0.30238688461538465 0.30011009615384615 0.2851611514423077 0.23102144471153846 0.19778399759615384 0.2528070168269231
1 0.176125625 0.20619923798076922 0.19151454567307694 0.2679208269230769 0.26443833413461537 0.2497388846153846 0.24904941346153847 0.1880172956730769 0.176125625 0.20619923798076922
1 0.18140059134615386 0.14791400961538462 0.2023447548076923 0.2319164639423077 0.2394383533653846 0.2226679903846154 0.21849418990384617 0.1386655360576923 0.18140059134615386 0.14791400961538462
1 0.15631903846153847 0.07229101682692309 0.1677207283653846 0.11802069471153846 0.22932439903846152 0.10266117307692307 0.21792271153846154 0.056931495192307696 0.15631903846153847 0.07229101682692309
1 0.19885992307692307 0.06960483894230769 0.21503285096153846 0.13447090625 0.26470996875 0.12208500961538461 0.24853704326923076 0.05721894230769231 0.19885992307692307 0.06960483894230769
1 0.22372037259615382 0.113124 0.23671247355769232 0.16523247115384615 0.2833574182692308 0.15360258173076924 0.2703653173076923 0.10149410817307693 0.22372037259615382 0.113124
1 0.22774672836538462 0.14714189423076923 0.2468540769230769 0.22377728605769232 0.2797531682692308 0.21557462259615384 0.2606458173076923 0.1389392283653846 0.22774672836538462 0.14714189423076923
1 0.27312193269230767 0.19909681009615385 0.28692043990384614 0.2544396033653846 0.3126433822115385 0.24802615384615387 0.298844875 0.1926833605769231 0.27312193269230767 0.19909681009615385
1 0.4911726754807692 0 0.503014766826923 0.047496026442307694 0.5617884086538462 0.03284211057692308 0.5535999495192307 0 0.4911726754807692 0
1 0.5514515456730769 0.06996402403846154 0.5374514375 0.013812651442307693 0.4871678798076923 0.02634975 0.5011679903846153 0.08250112259615384 0.5514515456730769 0.06996402403846154