1 0.6334866947115384 0.7791943389423076 0.6320646466346154 0.6977252692307693 0.505261045673077 0.6999386346153845 0.50668309375 0.7814077043269231 0.6334866947115384 0.7791943389423076
1 0.48066727644230767 0.6965710456730769 0.4796088221153846 0.6359321346153847 0.39014328125000003 0.6374937596153847 0.39120173798076924 0.6981326730769231 0.48066727644230767 0.6965710456730769
1 0.001807814903846154 0.3751571201923077 0.0040895552884615384 0.5058779471153846 0.1244878798076923 0.5037763870192308 0.12220613942307691 0.3730555576923077 0.001807814903846154 0.3751571201923077
1 0 0.11375996875000001 0.10379221875 0.11194827163461539 0.10207121875 0.013352177884615384 0 0.015133836538461539 0 0.11375996875000001
1 0.9961780168269231 0.4885609783653846 0.9940627187500001 0.36737573557692305 0.7777415024038461 0.37115163701923076 0.7798568004807692 0.4923368798076923 0.9961780168269231 0.4885609783653846
1 0.7989219759615385 0.48635508894230767 0.7974336730769231 0.4010902980769231 0.7388488461538463 0.40211289903846154 0.7403371490384616 0.48737768990384617 0.7989219759615385 0.48635508894230767
1 0.7412461466346154 0.47976807451923076 0.7403541346153847 0.42866474759615386 0.699891548076923 0.42937102403846156 0.7007835600961538 0.48047435096153845 0.7412461466346154 0.47976807451923076
1 0.7051539350961539 0.48613968028846155 0.704491389423077 0.4481825 0.6639767259615384 0.4488896875 0.6646392716346153 0.4868468653846154 0.7051539350961539 0.48613968028846155
1 0.7383176177884615 0.43434930528846155 0.737028079326923 0.3604716682692307 0.6400636826923077 0.3621641875 0.6413532211538461 0.43604182451923074 0.7383176177884615 0.43434930528846155
1 0.6487676850961539 0.43406026923076924 0.6477092283653847 0.3734213581730769 0.6264103894230769 0.3737931322115384 0.6274688461538461 0.4344320408653846 0.6487676850961539 0.43406026923076924
1 0.6299998461538461 0.4570765024038461 0.6287765625 0.3869945865384615 0.6085192331730769 0.3873481802884615 0.609742516826923 0.45743009615384617 0.6299998461538461 0.4570765024038461
1 0.6131360192307692 0.46681674519230765 0.6121454326923077 0.4100661298076923 0.5865764134615384 0.41051243990384617 0.5875669975961538 0.4672630552884615 0.6131360192307692 0.46681674519230765
1 0.5982566346153846 0.47087334375 0.5973646225961539 0.41977001442307693 0.5717956009615385 0.4202163221153846 0.5726876129807692 0.4713196514423077 0.5982566346153846 0.47087334375
1 0.8151531129807693 0.8044535961538462 0.8133012187499999 0.6983586466346154 0.7525813028846154 0.699418516826923 0.7544331971153846 0.8055134663461538 0.8151531129807693 0.8044535961538462
1 0.991008935096154 0.8638935408653846 0.9889582764423076 0.7464114375 0.8077879567307692 0.7495737764423077 0.8098386153846153 0.8670558822115384 0.991008935096154 0.8638935408653846
1 1 0.88956503125 0.9990208798076924 0.8334713028846154 0.9212202307692308 0.8348293197115384 0.9236991201923076 0.9768447235576924 1 0.9755128846153845 1 0.88956503125
1 0.8828345985576923 0.22336907692307692 0.8803540937500001 0.08126109375 0.7822961153846154 0.08297270192307692 0.7847766201923078 0.22508068509615387 0.8828345985576923 0.22336907692307692
1 0.7844299759615385 0.2649076129807692 0.7823793197115385 0.14742550961538461 0.7311891971153847 0.1483190360576923 0.7332398557692308 0.2658011394230769 0.7844299759615385 0.2649076129807692
1 0.7402074855769231 0.2979066514423077 0.7388516923076923 0.22023329807692307 0.6898487403846154 0.2210886466346154 0.6912045336538462 0.298762 0.7402074855769231 0.2979066514423077
1 0.689631798076923 0.33101658173076925 0.6884731538461538 0.26463780769230766 0.6575924375 0.2651768317307692 0.6587510841346155 0.33155560817307694 0.689631798076923 0.33101658173076925
1 0.6945325913461539 0 0.6959086009615384 0.07883159134615385 0.8962426682692308 0.07533474759615386 0.8949276947115384 0 0.6945325913461539 0
1 0.7804401802884615 0.22135950240384616 0.778622221153846 0.11720869951923077 0.6262496009615385 0.119868375 0.6280675600961538 0.22401917548076922 0.7804401802884615 0.22135950240384616
1 0.6317079399038461 0.2505337548076923 0.6303844663461539 0.17471197115384612 0.6165324086538462 0.17495375961538462 0.6178558846153847 0.2507755432692308 0.6317079399038461 0.2505337548076923
1 0.6163012860576923 0.28108506971153846 0.6147144110576923 0.19017299038461538 0.594457079326923 0.19052658413461537 0.5960439567307693 0.28143866346153845 0.6163012860576923 0.28108506971153846
1 0.6017192403846153 0.30217610576923076 0.600529889423077 0.2340383389423077 0.5813661442307693 0.23437284375 0.5825554927884615 0.3025106105769231 0.6017192403846153 0.30217610576923076
1 0.6093829663461539 0.1921181875 0.6084246995192307 0.13721914182692307 0.5636919278846154 0.13799995432692308 0.5646501947115385 0.19289900000000001 0.6093829663461539 0.1921181875
1 0.5773634014423077 0.005055920673076923 0.5782893485576923 0.05810339663461538 0.6603081057692308 0.05667175240384615 0.6593821586538462 0.003624278846153846 0.5773634014423077 0.005055920673076923
1 0.08621657692307692 0.021222670673076923 0.08902835576923077 0.18230924278846153 0.19453311778846152 0.1804676514423077 0.19172134134615385 0.019381079326923074 0.08621657692307692 0.021222670673076923
1 0.2493591923076923 0.26850569230769233 0.2471776418269231 0.14352473076923078 0.1810939591346154 0.14467822596153845 0.1832755096153846 0.2696591875 0.2493591923076923 0.26850569230769233
1 0.27914909375 0.3248462211538462 0.2774297067307692 0.22634270673076923 0.24545540865384613 0.22690082211538462 0.24717479567307693 0.3254043365384615 0.27914909375 0.3248462211538462
1 0.31670009615384614 0.3393782644230769 0.3155091322115385 0.2711479182692308 0.2803582355769231 0.2717614783653846 0.2815492019230769 0.33999182692307695 0.31670009615384614 0.3393782644230769
1 0.3193805961538461 0.31090122115384616 0.3205053076923077 0.3753358485576923 0.3407626370192308 0.3749822548076923 0.3396379254807692 0.31054762740384617 0.3193805961538461 0.31090122115384616
1 0.24744266105769233 0.15870760336538461 0.2488647091346154 0.24017667788461539 0.3319770480769231 0.23872594471153846 0.330555 0.15725687259615384 0.24744266105769233 0.15870760336538461
1 0.2793858293269231 0.09369577163461539 0.28080787740384616 0.17516484615384617 0.3138236826923077 0.1745885528846154 0.3124016346153846 0.09311947836538462 0.2793858293269231 0.09369577163461539
1 0.18864493028846155 0.025176391826923075 0.19066165384615383 0.1407143485576923 0.2961143389423077 0.13887366346153845 0.29409761778846155 0.023335709134615388 0.18864493028846155 0.025176391826923075
1 0.34395741586538464 0.25361171875 0.3448833629807692 0.3066591923076923 0.37258747596153846 0.3061756153846154 0.3716615288461539 0.25312814182692306 0.34395741586538464 0.25361171875
1 0.3108810120192308 0.006003122596153846 0.3120380408653846 0.07228931971153846 0.34614743028846157 0.07169393990384615 0.3449904014423077 0.005407740384615385 0.3108810120192308 0.006003122596153846
1 0.28110644471153845 0.01022710576923077 0.28242992067307693 0.08604888942307692 0.3239860889423077 0.08532352403846154 0.3226626153846154 0.009501740384615385 0.28110644471153845 0.01022710576923077
1 0.34090928605769233 0.5057403533653846 0.3399170841346154 0.44889715865384616 0.31752466105769234 0.4492880216346154 0.31851686298076926 0.5061312163461539 0.34090928605769233 0.5057403533653846
1 0.2929506514423077 0.4440679543269231 0.29407374519230767 0.5084100048076923 0.3270895480769231 0.5078337115384616 0.32596645432692306 0.44349166105769233 0.2929506514423077 0.4440679543269231
1 0.30259596875 0.5102059903846153 0.30120624038461535 0.4305884879807692 0.2628787475961538 0.43125749759615384 0.26426847596153846 0.5108749975961538 0.30259596875 0.5102059903846153
1 0.20293693509615382 0.41720889182692306 0.20459006730769233 0.5119166899038462 0.26426847596153846 0.5108749975961538 0.2626153461538462 0.4161672019230769 0.20293693509615382 0.41720889182692306
1 0.21509907692307692 0.5021947620192307 0.21341362740384615 0.4056353990384615 0.1132205576923077 0.40738427403846156 0.11490600961538461 0.503943639423077 0.21509907692307692 0.5021947620192307
1 0.27624357211538464 0.9522147019230769 0.27445793269230767 0.8499154711538461 0.22753799759615384 0.8507344615384616 0.22932363701923078 0.9530336947115384 0.27624357211538464 0.9522147019230769
1 0.23550883653846155 1 0.2338939639423077 0.90748403125 0.1805687548076923 0.908414826923077 0.18216737980769232 1 0.23550883653846155 1
3 0.6285251850961538 0.6710237139423078 0.6270255697115386 0.585110875 0.5568800048076923 0.5863352716346154 0.5583796201923077 0.6722481105769231 0.6285251850961538 0.6710237139423078
3 0.5102859711538461 0.5968722740384615 0.5116159086538462 0.6730643725961538 0.5615041442307692 0.6721935721153846 0.5601742067307692 0.5960014735576923 0.5102859711538461 0.5968722740384615
3 0.5720828581730769 0.7440569302884616 0.5704862884615385 0.6525893798076924 0.5120576875 0.6536092548076924 0.5136542596153846 0.7450768052884615 0.5720828581730769 0.7440569302884616
3 0.5705590048076923 0.6567554134615385 0.5720828581730769 0.7440569302884616 0.6266578798076924 0.7431043197115385 0.6251340264423076 0.6558028028846153 0.5705590048076923 0.6567554134615385
3 0.3520024711538462 0.77419875 0.35031055769230773 0.6772690697115386 0.29886006009615385 0.6781671418269231 0.3005519735576923 0.7750968221153846 0.3520024711538462 0.77419875