1 0.6802343750000001 0.0016666658653846154 0.6802343750000001 0.14263888942307693 0.9053125000000001 0.14263888942307693 0.9053125000000001 0.0016666658653846154 0.6802343750000001 0.0016666658653846154
1 0.840078125 0.22902777884615383 0.840078125 0.09722222115384614 0.6431250000000001 0.09722222115384614 0.6431250000000001 0.22902777884615383 0.840078125 0.22902777884615383
1 0.82859375 0.29277777884615386 0.82859375 0.1858333341346154 0.603515625 0.1858333341346154 0.603515625 0.29277777884615386 0.82859375 0.29277777884615386
1 0.6937500000000001 0.34861111057692307 0.6937500000000001 0.26819444471153847 0.577421875 0.26819444471153847 0.577421875 0.34861111057692307 0.6937500000000001 0.34861111057692307
1 0.594296875 0.3770833341346154 0.594296875 0.3361111105769231 0.569453125 0.3361111105769231 0.569453125 0.3770833341346154 0.594296875 0.3770833341346154
1 0.569453125 0.4086111105769231 0.569453125 0.3661111105769231 0.552578125 0.3661111105769231 0.552578125 0.4086111105769231 0.569453125 0.4086111105769231
1 0.552578125 0.44819444471153846 0.552578125 0.39611111057692305 0.53390625 0.39611111057692305 0.53390625 0.44819444471153846 0.552578125 0.44819444471153846
1 0.53390625 0.46861111057692306 0.53390625 0.42125 0.5178906249999999 0.42125 0.5178906249999999 0.46861111057692306 0.53390625 0.46861111057692306
1 0.217734375 0.3020833341346154 0.217734375 0.3586111105769231 0.25992187499999997 0.3586111105769231 0.25992187499999997 0.3020833341346154 0.217734375 0.3020833341346154
1 0.241484375 0.33361111057692305 0.241484375 0.3994444447115385 0.276953125 0.3994444447115385 0.276953125 0.33361111057692305 0.241484375 0.33361111057692305
1 0.291015625 0.42180555528846153 0.291015625 0.3836111105769231 0.269609375 0.3836111105769231 0.26921605528846154 0.3922701153846154 0.2505307115384615 0.36695402403846156 0.30062500000000003 0.29944444471153847 0.30062500000000003 0.2429166658653846 0.200703125 0.2429166658653846 0.200703125 0.29944444471153847 0.24741648557692308 0.36273467548076926 0.269609375 0.39888888942307693 0.269609375 0.42180555528846153 0.286734375 0.42180555528846153 0.2879014014423077 0.4175862067307692 0.291015625 0.42180555528846153
1 0.157109375 0.1888888894230769 0.157109375 0.24416666586538463 0.285078125 0.24416666586538463 0.285078125 0.1888888894230769 0.157109375 0.1888888894230769
1 0.14671874999999998 0.11916666586538462 0.14671874999999998 0.19555555528846155 0.26218749999999996 0.19555555528846155 0.26218749999999996 0.11916666586538462 0.14671874999999998 0.11916666586538462
1 0.143046875 0.03361111057692308 0.143046875 0.11791666586538462 0.2059375 0.11791666586538462 0.2059375 0.03361111057692308 0.143046875 0.03361111057692308
1 0.245625 0.12402777884615385 0.245625 0.18430555528846154 0.313515625 0.18430555528846154 0.313515625 0.12402777884615385 0.245625 0.12402777884615385
1 0.2728125 0.4145833341346154 0.2728125 0.44861111057692304 0.30421875000000004 0.44861111057692304 0.30421875000000004 0.4145833341346154 0.2728125 0.4145833341346154
1 0.267265625 0.33999999999999997 0.267265625 0.3805555552884616 0.30734375 0.3805555552884616 0.30734375 0.33999999999999997 0.267265625 0.33999999999999997
1 0.295625 0.30597222115384615 0.295625 0.33888888942307693 0.32210937500000003 0.33888888942307693 0.32210937500000003 0.30597222115384615 0.295625 0.30597222115384615
1 0.30796875 0.2654166658653846 0.30796875 0.30277777884615387 0.32703125 0.30277777884615387 0.32703125 0.2654166658653846 0.30796875 0.2654166658653846
1 0.28390625 0.215 0.28390625 0.2676388894230769 0.32148437500000004 0.2676388894230769 0.32148437500000004 0.215 0.28390625 0.215
1 0.6478125 0.18319444471153845 0.6478125 0.09874999999999999 0.566328125 0.09874999999999999 0.566328125 0.18319444471153845 0.6478125 0.18319444471153845
1 0.651484375 0.22930555528846153 0.651484375 0.16347222115384616 0.558359375 0.16347222115384616 0.558359375 0.22930555528846153 0.651484375 0.22930555528846153
1 0.58546875 0.28194444471153846 0.58546875 0.21388888942307693 0.534296875 0.21388888942307693 0.534296875 0.28194444471153846 0.58546875 0.28194444471153846
1 0.55625 0.002361110576923077 0.55625 0.0275 0.646953125 0.0275 0.646953125 0.002361110576923077 0.55625 0.002361110576923077
1 0.64015625 0.09333333413461539 0.64015625 0.03194444471153846 0.5432812499999999 0.03194444471153846 0.5432812499999999 0.09333333413461539 0.64015625 0.09333333413461539
1 0.582734375 0.14819444471153845 0.582734375 0.08680555528846154 0.525390625 0.08680555528846154 0.525390625 0.14819444471153845 0.582734375 0.14819444471153845
1 0.5796875 0.19861111057692307 0.5796875 0.14597222115384614 0.52109375 0.14597222115384614 0.52109375 0.19861111057692307 0.5796875 0.19861111057692307
1 0.564921875 0.24902777884615385 0.564921875 0.19305555528846152 0.516796875 0.19305555528846152 0.516796875 0.24902777884615385 0.564921875 0.24902777884615385
1 0.537109375 0.3509722211538462 0.537109375 0.29402777884615383 0.5204687499999999 0.29402777884615383 0.5204687499999999 0.3345833341346154 0.49953125000000004 0.3345833341346154 0.49953125000000004 0.3838888894230769 0.52109375 0.3838888894230769 0.52109375 0.3509722211538462 0.537109375 0.3509722211538462
1 0.5353125 0.3104166658653846 0.5353125 0.25125 0.492734375 0.25125 0.492734375 0.3104166658653846 0.5353125 0.3104166658653846
1 0.5178906249999999 0.4540277788461538 0.5178906249999999 0.41902777884615383 0.501171875 0.41902777884615383 0.501171875 0.4540277788461538 0.5178906249999999 0.4540277788461538
1 0.524296875 0.5454166658653846 0.524296875 0.508888889423077 0.50890625 0.508888889423077 0.50890625 0.5454166658653846 0.524296875 0.5454166658653846
1 0.514453125 0.5545833341346154 0.514453125 0.5172222211538462 0.50078125 0.5172222211538462 0.50078125 0.5545833341346154 0.514453125 0.5545833341346154
1 0.5059375 0.47527777884615385 0.5059375 0.4463888894230769 0.49390625 0.4463888894230769 0.49390625 0.47527777884615385 0.5059375 0.47527777884615385