1 0.45496309134615387 0 0.27203728605769234 0.03888207932692308 0.34861809374999997 0.3991664471153846 0.9507137908653847 0.27118705528846154 0.8930712043269231 0 0.45496309134615387 0
1 0.38676946874999996 0.5050055 0.34232834375 0.29592644951923075 0.1454761394230769 0.3377686778846154 0.18991726442307694 0.5468477283653846 0.38676946874999996 0.5050055
1 0.22013129807692305 0.5822776033653846 0.18467802403846154 0.4154830625 0.05293376923076923 0.4434861682692308 0.08838704326923078 0.6102807091346154 0.22013129807692305 0.5822776033653846
1 0.1135575048076923 0.6467826322115384 0.08234909375 0.49995860096153844 0.020679944711538462 0.5130667836538462 0.05188835576923077 0.6598908124999999 0.1135575048076923 0.6467826322115384
1 0.061598 0.6484555096153847 0.04221456730769231 0.5572636249999999 0.00553403125 0.5650603125 0.024917466346153844 0.6562521995192309 0.061598 0.6484555096153847
1 0.09798304086538462 0.8523248341346155 0.08427386538461537 0.7878282259615385 0.05256048557692308 0.7945691129807693 0.06626966346153847 0.859065721153846 0.09798304086538462 0.8523248341346155
1 0.21011832211538461 0.895900326923077 0.1831764326923077 0.7691487019230769 0.0813879471153846 0.7907845120192308 0.10832983653846154 0.9175361370192309 0.21011832211538461 0.895900326923077
1 0.42512160576923075 0.9315612427884615 0.3835176105769231 0.7358298317307692 0.12331506490384615 0.7911375913461539 0.16491906009615384 0.986869 0.42512160576923075 0.9315612427884615
1 0.3105623629807692 1 0.6226104639423077 0.9336721274038461 0.5847965240384615 0.7557715336538462 0.24114576201923077 0.8288167572115385 0.27753188221153846 1 0.3105623629807692 1
1 0.20604791346153845 1 0.19213528124999998 0.93454621875 0.0953903701923077 0.9551099831730769 0.10493203846153845 1 0.20604791346153845 1
1 0.005586439903846154 0.09786081971153847 0.04387684375 0.2780030048076923 0.35084707211538463 0.21275446875 0.3125566682692308 0.03261228365384616 0.005586439903846154 0.09786081971153847
1 0 0.36411135336538464 0.27804673317307693 0.30501069471153847 0.2388034014423077 0.12038533653846153 0 0.17114456490384616 0 0.36411135336538464
1 0 0.42449334375000003 0.2669426754807692 0.36775292548076927 0.23385006490384616 0.21206443509615386 0 0.26177080048076923 0 0.42449334375000003