2 0.764120610576923 0.98381921875 0.7369658798076923 0.465676125 0.5114940552884616 0.47749260096153845 0.5386487860576923 0.9956356971153847 0.764120610576923 0.98381921875
2 0.9734519302884616 0.9745175841346154 0.9442964423076923 0.4181977139423077 0.7300591995192308 0.42942541105769233 0.7592146875 0.9857452836538462 0.9734519302884616 0.9745175841346154
1 0.9935939759615385 0.4288614591346154 0.9843697620192308 0.25285300480769235 0.7152859134615385 0.26695509134615386 0.724510125 0.4429635480769231 0.9935939759615385 0.4288614591346154
1 0.7394298870192307 0.4888080360576923 0.7315140745192308 0.33776531730769227 0.5409162668269231 0.34775412740384615 0.548832079326923 0.49879684375 0.7394298870192307 0.4888080360576923
1 0.5427186899038461 0 0.5513102860576923 0.16393739903846155 0.9797847716346154 0.14148200240384615 0.9723700144230769 0 0.5427186899038461 0
1 0.6075249735576923 0.13939922115384615 0.6025094423076923 0.04369722355769231 0.44077826923076924 0.052173194711538466 0.4457937980769231 0.1478751923076923 0.6075249735576923 0.13939922115384615
1 0.5798544567307693 0.19060506009615383 0.5747189927884615 0.0926145360576923 0.4467695817307692 0.09932008173076924 0.4519050480769231 0.1973106033653846 0.5798544567307693 0.19060506009615383
1 0.6016112115384615 0.24151533653846155 0.5968955240384616 0.15153465384615383 0.4489735240384615 0.15928691826923075 0.45368921153846153 0.24926759855769232 0.6016112115384615 0.24151533653846155
1 0.5644302475961539 0.2769472956730769 0.5598399471153847 0.18935916346153844 0.46559428605769226 0.19429836778846152 0.47018458653846157 0.28188650240384616 0.5644302475961539 0.2769472956730769
1 0.5453129759615385 0.30924207451923075 0.5418675264423076 0.2434989639423077 0.4735238173076923 0.24708070432692308 0.4769692668269231 0.31282381730769226 0.5453129759615385 0.30924207451923075
1 0.5303661634615385 0.3539397524038461 0.5266208701923077 0.2824753269230769 0.44095718028846154 0.2869647716346154 0.4447024735576923 0.3584291971153846 0.5303661634615385 0.3539397524038461
1 0.5434761177884615 0.3891351995192308 0.5406358004807692 0.33493874278846153 0.4601993125 0.3391542403846154 0.4630396298076923 0.3933506971153846 0.5434761177884615 0.3891351995192308
1 0.5612836466346154 0.4482842860576923 0.5574783846153847 0.37567559615384616 0.4597219158653846 0.3807987956730769 0.4635271754807692 0.45340748557692306 0.5612836466346154 0.4482842860576923
1 0.5620009783653847 0.47839217307692306 0.558430139423077 0.41025651201923075 0.4641844783653846 0.41519571875 0.46775531730769226 0.4833313774038462 0.5620009783653847 0.47839217307692306
1 0.5451398173076923 0.5208953677884616 0.5422340817307693 0.465450625 0.46437218509615386 0.4695311923076923 0.46727792067307694 0.5249759350961539 0.5451398173076923 0.5208953677884616
1 0.7823640504807692 0.5616608774038462 0.7784933701923078 0.48780390384615385 0.4445766201923077 0.5053037379807692 0.44844730048076925 0.5791607115384616 0.7823640504807692 0.5616608774038462
1 0.8111794783653846 0.5994754519230769 0.8077939975961539 0.5348766033653847 0.46443707692307695 0.5528711778846154 0.4678225576923077 0.6174700264423076 0.8111794783653846 0.5994754519230769
1 0.8133546923076923 0.6409809927884615 0.8098492740384615 0.5740936177884616 0.4777269350961539 0.5914994134615384 0.4812323533653846 0.6583867860576924 0.8133546923076923 0.6409809927884615
1 0.8138734783653846 0.6837207475961539 0.8102481225961539 0.6145448485576923 0.47375678125 0.6321796105769231 0.47738213701923077 0.7013555120192307 0.8138734783653846 0.6837207475961539
1 0.5759690168269231 0.7777589134615385 0.5710952307692307 0.6847615384615384 0.48145262499999997 0.6894595072115385 0.4863264110576923 0.7824568846153847 0.5759690168269231 0.7777589134615385
1 0.588293483173077 0.8367781177884616 0.5836432163461539 0.7480457235576924 0.48417035096153843 0.7532588774038461 0.4888206201923077 0.8419912716346154 0.588293483173077 0.8367781177884616
1 0.6120456899038461 0.9496480432692308 0.6066539951923077 0.8467683942307692 0.49703880048076926 0.8525130841346154 0.5024304951923078 0.9553927307692308 0.6120456899038461 0.9496480432692308
1 0.3858259807692308 0.7800049783653846 0.3880011947115385 0.8215105168269231 0.48021839182692305 0.8166776201923077 0.47804317788461537 0.7751720793269231 0.3858259807692308 0.7800049783653846
1 0.4127975 0.7453166899038461 0.4154960721153846 0.7968085264423077 0.4926558076923077 0.7927647548076924 0.4899572355769231 0.7412729206730769 0.4127975 0.7453166899038461
1 0.49140709134615385 0.7211694879807692 0.4881906105769231 0.6597953846153846 0.3774051466346154 0.6656014038461537 0.38062162740384614 0.7269755096153846 0.49140709134615385 0.7211694879807692
1 0.38600502403846154 0.6401163942307692 0.3873134230769231 0.6650821322115384 0.501921766826923 0.6590757644230769 0.5006133677884615 0.6341100264423076 0.38600502403846154 0.6401163942307692
1 0.5114719278846154 0.6502304903846153 0.5087733557692308 0.59873865625 0.3854270048076923 0.6052029639423077 0.3881255769230769 0.6566948004807693 0.5114719278846154 0.6502304903846153
1 0.37753371634615385 0.5740108197115384 0.37970893028846153 0.6155163581730769 0.5055518533653847 0.6089212115384616 0.5033766418269231 0.5674156706730769 0.37753371634615385 0.5740108197115384
1 0.3743718966346154 0.5375638461538462 0.37628543028846156 0.5740762403846154 0.4946386322115384 0.5678736105769231 0.49272509855769225 0.53136121875 0.3743718966346154 0.5375638461538462
1 0.3625446346153846 0.501466701923077 0.36471984615384617 0.5429722427884616 0.4892364663461538 0.5364466033653846 0.4870612524038461 0.4949410625 0.3625446346153846 0.501466701923077
1 0.3821228653846154 0.4705037884615385 0.38403639903846154 0.5070161802884615 0.4899067331730769 0.5014677524038461 0.48799319951923076 0.46495536057692305 0.3821228653846154 0.4705037884615385
1 0.3662164975961538 0.42971786778846155 0.36839170913461533 0.47122340865384615 0.48799319951923076 0.46495536057692305 0.4858179879807692 0.42344981971153844 0.3662164975961538 0.42971786778846155
1 0.36671231009615385 0.39141025480769226 0.36932365625 0.44123770673076923 0.4751939903846154 0.43568927644230765 0.47258264423076923 0.3858618245192308 0.36671231009615385 0.39141025480769226
1 0.3625584302884616 0.3599178245192308 0.3650825504807692 0.4080808966346154 0.4572997475961538 0.4032479975961539 0.45477562740384614 0.3550849254807692 0.3625584302884616 0.3599178245192308
1 0.4932659831730769 0.11325991826923078 0.48935168990384614 0.03857075 0.36109020913461537 0.04529264903846154 0.36500450240384613 0.1199818173076923 0.4932659831730769 0.11325991826923078
1 0.4733989567307692 0.16259645673076922 0.4687868509615385 0.07459222836538461 0.34918536057692307 0.08086027884615385 0.35379746634615383 0.16886450480769233 0.4733989567307692 0.16259645673076922
1 0.46080174759615383 0.1849530504807692 0.4578414951923077 0.1284680673076923 0.36695060336538465 0.13323145913461537 0.3699108557692308 0.18971643990384615 0.46080174759615383 0.1849530504807692
1 0.4593426826923077 0.20338800961538464 0.4571620192307692 0.1617784447115385 0.3885842548076923 0.16537245432692307 0.39076492067307694 0.20698201682692308 0.4593426826923077 0.20338800961538464
1 0.07436344711538462 0.7467809663461539 0.07242810817307692 0.7098524783653846 0.014460783653846152 0.7128904182692307 0.016396125 0.74981890625 0.07436344711538462 0.7467809663461539
3 0.31197652644230767 0.7501832548076923 0.30920162980769234 0.6972350841346154 0.21425380528846152 0.7022110889423078 0.21702870192307694 0.7551592596153847 0.31197652644230767 0.7501832548076923
3 0.07475206730769231 0.7288193461538461 0.07261501442307693 0.6880419735576923 0.03540046153846154 0.6899923052884614 0.03753751201923077 0.7307696778846153 0.07475206730769231 0.7288193461538461
3 0.010452403846153847 0.6856670576923077 0.012927459134615385 0.7328939134615384 0.035708697115384616 0.7317 0.03323364182692308 0.6844731442307693 0.010452403846153847 0.6856670576923077