1 0.7809625985576923 0.6377563966346155 0.7806038533653846 0.6172039735576923 0.7562325673076923 0.617629375 0.7565913100961539 0.6381818004807692 0.7809625985576923 0.6377563966346155
1 0.7565913100961539 0.6381818004807692 0.7562592283653846 0.6191569182692308 0.7373558581730768 0.6194868774038462 0.7376879399038461 0.6385117596153846 0.7565913100961539 0.6381818004807692
1 0.7406313774038461 0.6818003125000001 0.740059326923077 0.6490275288461539 0.6878016610576924 0.6499396899038461 0.6883737115384616 0.6827124735576924 0.7406313774038461 0.6818003125000001
1 0.6864779663461539 0.6949696514423077 0.6859325793269231 0.6637244086538462 0.5908689350961539 0.6653837524038462 0.5914143221153846 0.6966289927884616 0.6864779663461539 0.6949696514423077
1 0.48403610817307696 0.7940733966346154 0.48304956250000003 0.7375542283653846 0.35502218750000003 0.739788954326923 0.35600873317307696 0.7963081225961539 0.48403610817307696 0.7940733966346154
1 0.5471838605769231 0.7679673413461539 0.5463572956730769 0.7206134447115384 0.48574152884615385 0.7216714951923078 0.48656809375 0.7690253918269231 0.5471838605769231 0.7679673413461539
1 0.3507533413461538 0.7951496658653846 0.34990253605769234 0.7464070913461539 0.24632456490384616 0.7482150504807692 0.24717536778846153 0.7969576274038462 0.3507533413461538 0.7951496658653846
1 0.17658684134615385 0.7280401802884615 0.17614568509615386 0.702766252403846 0.1317774423076923 0.7035407043269231 0.13221860096153845 0.7288146298076923 0.17658684134615385 0.7280401802884615
1 0.029089370192307694 0.7339486009615384 0.028653060096153846 0.7089524086538461 0.010140254807692308 0.7092755504807692 0.010576564903846154 0.7342717427884615 0.029089370192307694 0.7339486009615384
1 0.03860517067307692 0.7285039182692308 0.03835307932692308 0.7140616730769231 0.02655800240384615 0.7142675576923078 0.026810091346153846 0.7287098028846154 0.03860517067307692 0.7285039182692308
1 0.28935008653846156 0.589940045673077 0.2887998509615385 0.5584170697115385 0.21412372596153845 0.5597205456730769 0.21467396153846152 0.5912435216346154 0.28935008653846156 0.589940045673077
1 0.36463960336538465 0.40443114423076926 0.3639972572115384 0.36763119471153843 0.2922113173076923 0.36888422115384617 0.29285366346153846 0.4056841706730769 0.36463960336538465 0.40443114423076926
1 0.36838502644230775 0.23850717067307692 0.3675366442307692 0.1899034639423077 0.2994220192307692 0.19109240865384616 0.3002704014423077 0.23969611778846153 0.36838502644230775 0.23850717067307692
1 0.29061705528846155 0.1924962908653846 0.2896523245192308 0.1372269326923077 0.21935053365384613 0.13845405288461538 0.22031526442307692 0.19372341346153846 0.29061705528846155 0.1924962908653846
1 0.5780511418269231 0.2085934375 0.5771324663461539 0.15596256490384613 0.5201880168269231 0.15695653365384615 0.5211066899038461 0.20958740625 0.5780511418269231 0.2085934375
1 0.5894121129807692 0.30438197115384613 0.5885637307692307 0.25577826442307694 0.5256045721153846 0.25687722115384615 0.526452951923077 0.3054809278846154 0.5894121129807692 0.30438197115384613
1 0.6007434495192308 0.4029492235576923 0.6001011033653846 0.36614927403846154 0.5327676105769231 0.3673245841346154 0.5334099567307692 0.40412453365384615 0.6007434495192308 0.4029492235576923
1 0.6439785985576923 0.20744266826923077 0.6430138677884615 0.15217331009615384 0.5859913052884616 0.15316864182692308 0.5869560360576923 0.20843800240384616 0.6439785985576923 0.20744266826923077
1 0.6590248822115385 0.3084454591346154 0.6581062067307692 0.25581458653846156 0.6011617572115384 0.2568085552884615 0.6020804326923077 0.30943942788461537 0.6590248822115385 0.3084454591346154
1 0.670630125 0.42270476682692304 0.6697817451923077 0.3741010600961538 0.6135403100961538 0.37508275721153844 0.6143886923076923 0.4236864639423077 0.670630125 0.42270476682692304
1 0.710850923076923 0.22461153605769232 0.7101164663461539 0.18253461057692308 0.6723878389423077 0.18319316586538464 0.6731222932692307 0.22527009134615383 0.710850923076923 0.22461153605769232
1 0.7210647451923078 0.2994446778846154 0.7204005841346154 0.2613949182692308 0.6752512115384615 0.2621830024038462 0.6759153725961539 0.30023276201923077 0.7210647451923078 0.2994446778846154
1 0.72743703125 0.3690662908653846 0.7267946850961539 0.33226634134615385 0.6831294615384615 0.3330285192307692 0.6837718076923077 0.36982846875000003 0.72743703125 0.3690662908653846
1 0.7408494278846154 0.45704005528846153 0.7403452475961539 0.42815556490384615 0.6907434278846154 0.42902136778846156 0.691247608173077 0.4579058581730769 0.7408494278846154 0.45704005528846153
1 0.532813045673077 0.41469212019230767 0.5322385697115385 0.3817804639423077 0.5092733173076923 0.38218132451923076 0.5098477932692307 0.4150929783653846 0.532813045673077 0.41469212019230767
1 0.5265911177884616 0.3133963894230769 0.5259705889423076 0.27784625 0.5023023173076923 0.27825937980769233 0.5029228485576923 0.3138095216346154 0.5265911177884616 0.3133963894230769
1 0.5086309254807693 0.23086458173076924 0.5110581947115385 0.23212731971153847 0.5101917524038462 0.23741779567307694 0.5382866586538462 0.3553756706730769 0.5352158677884615 0.4672970841346154 0.5355358293269231 0.485627625 0.5651406947115385 0.48511087019230764 0.5648207331730769 0.4667803293269231 0.5398474855769231 0.36192888461538464 0.5361111995192307 0.23169001923076923 0.5444621971153846 0.23154424999999998 0.5436356322115384 0.1841903533653846 0.4977051298076923 0.18499207451923078 0.49926595673076923 0.19154528846153845 0.4978428894230769 0.19288439182692307 0.5008267860576923 0.1980985048076923 0.4979806514423077 0.20077670673076925 0.49853169471153846 0.23234597115384614 0.5068826947115385 0.2322002043269231 0.5086309254807693 0.23086458173076924
1 0.6213450745192308 0.5670591153846154 0.6209766346153847 0.5459512211538462 0.5440352307692308 0.5472942379807693 0.5444036706730769 0.5684021322115385 0.6213450745192308 0.5670591153846154
1 0.5763428677884616 0.6613310937500001 0.5759065576923077 0.6363349014423078 0.5477858413461538 0.63682575 0.5482221514423077 0.6618219423076923 0.5763428677884616 0.6613310937500001
1 0.5329820264423076 0.5094258197115384 0.5324754230769231 0.4804024615384615 0.5088071514423077 0.48081559375 0.5093137572115385 0.5098389519230769 0.5329820264423076 0.5094258197115384
1 0.5084993846153846 0.4228954783653846 0.5080630745192308 0.3978992836538462 0.48736310336538463 0.3982606033653846 0.48779941346153843 0.42325679567307695 0.5084993846153846 0.4228954783653846
1 0.5151644783653846 0.3347101682692308 0.514657875 0.30568681009615384 0.4798194326923077 0.3062949182692308 0.4803260360576923 0.33531827644230766 0.5151644783653846 0.3347101682692308
1 0.5188025552884615 0.2476889783653846 0.5183201899038461 0.22005429807692306 0.4798104302884615 0.22072648798076924 0.4802927956730769 0.24836116826923077 0.5188025552884615 0.2476889783653846
1 0.5095170264423077 0.26632609375 0.5090807163461538 0.24132990144230768 0.46026002884615386 0.24218206971153847 0.46069633894230766 0.2671782620192308 0.5095170264423077 0.26632609375
1 0.48498451923076924 0.34704431490384613 0.4845482091346154 0.32204812259615384 0.4653323846153846 0.32238353605769227 0.4657686947115385 0.3473797283653846 0.48498451923076924 0.34704431490384613
1 0.4858667596153846 0.43787608653846155 0.48552256009615385 0.41815686778846156 0.46849390384615386 0.41845410336538463 0.4688381057692308 0.4381733221153846 0.4858667596153846 0.43787608653846155
1 0.5101767548076923 0.5189919495192308 0.5099246658653847 0.504549704326923 0.49070884134615383 0.5048851177884616 0.49096093269230767 0.5193273629807693 0.5101767548076923 0.5189919495192308
1 0.48803868990384613 0.5220176634615384 0.48767024999999997 0.5009097668269231 0.47064159375 0.5012070024038462 0.4710100336538462 0.5223148990384615 0.48803868990384613 0.5220176634615384
1 0.2877959230769231 0.2860319951923077 0.28683119230769233 0.23076263701923078 0.21949769951923076 0.23193794711538462 0.22046243028846155 0.28720730528846156 0.2877959230769231 0.2860319951923077
1 0.2828694927884615 0.3887725096153846 0.2821107980769231 0.34530690865384617 0.21774560336538462 0.34643040865384617 0.2185042980769231 0.3898960072115385 0.2828694927884615 0.3887725096153846
0 0.8711129350961537 0.6321544254807693 0.8667837692307692 0.38413664903846156 0.7732042740384616 0.38577008653846157 0.7775334399038462 0.6337878605769232 0.8711129350961537 0.6321544254807693
3 0.714698048076923 0.5614012427884615 0.7140702475961539 0.5254344975961538 0.6664993677884615 0.5262648509615384 0.6671271706730769 0.5622315961538461 0.714698048076923 0.5614012427884615
3 0.7207452884615384 0.5944951899038462 0.7199720504807693 0.5501963822115384 0.6677143846153846 0.5511085432692308 0.6684876249999999 0.5954073509615385 0.7207452884615384 0.5944951899038462
3 0.7236140576923076 0.6693176298076923 0.722816579326923 0.6236301442307692 0.6744645697115386 0.6244741322115386 0.6752620480769231 0.6701616177884616 0.7236140576923076 0.6693176298076923
3 0.7206428629807693 0.6333917884615385 0.719869625 0.5890929807692308 0.6762044014423078 0.5898551610576923 0.676977639423077 0.63415396875 0.7206428629807693 0.6333917884615385
3 0.6421769591346155 0.6055903076923077 0.6427344663461538 0.6375298870192307 0.6817129038461539 0.6368495144230769 0.6811553966346153 0.6049099350961538 0.6421769591346155 0.6055903076923077
3 0.6415733966346154 0.5710122403846154 0.6421769591346155 0.6055903076923077 0.6795931346153845 0.6049372043269231 0.6789895721153846 0.5703591394230769 0.6415733966346154 0.5710122403846154
3 0.74034878125 0.5581753052884616 0.7395755408653847 0.5138765000000001 0.7005971033653846 0.5145568701923077 0.70137034375 0.5588556778846153 0.74034878125 0.5581753052884616
3 0.739295548076923 0.5873648028846155 0.7386410817307693 0.5498705120192308 0.7051305600961538 0.5504554423076923 0.7057850264423077 0.5879497307692307 0.739295548076923 0.5873648028846155
3 0.744634375 0.6246384134615385 0.74395809375 0.5858943149038461 0.719040014423077 0.5863292620192307 0.7197162956730769 0.625073360576923 0.744634375 0.6246384134615385
3 0.7459948293269231 0.6578141682692308 0.7453185480769231 0.6190700697115384 0.7180570745192308 0.619545920673077 0.7187333557692307 0.6582900192307692 0.7459948293269231 0.6578141682692308
3 0.17799404567307692 0.6788414615384616 0.1772208076923077 0.6345426538461538 0.14605368028846152 0.6350866778846154 0.14682691826923078 0.6793854855769231 0.17799404567307692 0.6788414615384616
3 0.17623239903846155 0.7122106225961539 0.17562641346153846 0.6774936875 0.14680267788461537 0.6779968076923077 0.14740866586538462 0.7127137427884616 0.17623239903846155 0.7122106225961539
3 0.1274252355769231 0.68250234375 0.12776458653846154 0.7019438269230769 0.1534637980769231 0.7014952451923077 0.15312444471153847 0.6820537620192308 0.1274252355769231 0.68250234375
3 0.125846625 0.6368284951923078 0.12659562500000002 0.679738625 0.15151370432692307 0.6793036778846153 0.15076470432692307 0.636393548076923 0.125846625 0.6368284951923078