1 0.18253534134615385 0.30661278125 0.20323310336538464 0.38962697115384615 0.24052884375 0.3803280985576923 0.21983108173076923 0.29731390865384616 0.18253534134615385 0.30661278125
1 0.10602546874999999 0.2293550889423077 0.1353248966346154 0.3468686826923077 0.19498292307692308 0.33199426682692307 0.16568349519230768 0.2144806730769231 0.10602546874999999 0.2293550889423077
1 0.00853363701923077 0.1189670576923077 0.042335502403846155 0.25453893028846153 0.1109384423076923 0.23743429567307692 0.07713657692307693 0.10186242307692309 0.00853363701923077 0.1189670576923077
1 0.13893043990384615 0.14528634134615384 0.16480264423076924 0.24905407932692308 0.21271099519230768 0.23710918509615386 0.1868387908653846 0.13334144711538462 0.13893043990384615 0.14528634134615384
1 0.27313178125 0.40097056971153844 0.28704229086538463 0.45676257451923075 0.31099646634615385 0.45079012740384616 0.2970859567307692 0.394998125 0.27313178125 0.40097056971153844
1 0.22469424759615386 0.35750878125 0.24058717067307694 0.42125181971153847 0.27598780528846156 0.4124254519230769 0.2600948798076923 0.3486824110576923 0.22469424759615386 0.35750878125
1 0.3009833173076923 0.4509964326923077 0.3097193870192308 0.48603488942307693 0.33412838942307693 0.47994904086538465 0.33026747115384614 0.4756972644230769 0.33238117548076923 0.4729413509615385 0.3166562524038462 0.40987212980769233 0.30445175 0.4129150528846154 0.28840966346153846 0.34534440384615384 0.27006391826923076 0.2717636442307692 0.20767693509615384 0.2873184663461539 0.22602268028846154 0.36089922596153845 0.29551920673076926 0.4374312524038461 0.29748889182692306 0.43698105048076924 0.299380125 0.44168302884615385 0.29923610576923076 0.44398874278846157 0.3032410432692308 0.4459348076923077 0.3009833173076923 0.4509964326923077
1 0.18752465865384613 0.2339415528846154 0.2058704014423077 0.30752231490384613 0.2552190360576923 0.2952183173076923 0.23687329326923076 0.2216375576923077 0.18752465865384613 0.2339415528846154
1 0.6774544471153846 0.1418479014423077 0.6551774711538462 0.05249983894230769 0.5636058125 0.07533121875 0.5858827860576923 0.16467928125 0.6774544471153846 0.1418479014423077
1 0.6566789855769231 0.22160415625000002 0.6357460216346154 0.13764662259615384 0.554938579326923 0.15779418028846154 0.5758715432692308 0.2417517139423077 0.6566789855769231 0.22160415625000002
1 0.6569611033653846 0.28150980048076923 0.6365321418269231 0.19957371875 0.5467797884615385 0.2219514951923077 0.5672087475961539 0.30388757692307694 0.6569611033653846 0.28150980048076923
1 0.631276733173077 0.10712682692307693 0.6118893798076923 0.02936840625 0.49462004567307694 0.05860693509615385 0.5140073966346154 0.13636535576923078 0.631276733173077 0.10712682692307693
1 0.4920851995192308 0 0.5041426850961538 0.04835993269230769 0.6160299110576923 0.020463314903846154 0.6109278341346154 0 0.4920851995192308 0
1 0.6196927980769231 0.16755762259615384 0.6016494567307692 0.09518973076923078 0.4974942740384615 0.12115853365384616 0.5155376153846154 0.1935264254807692 0.6196927980769231 0.16755762259615384
1 0.5006689326923077 0.6806200216346153 0.49697290384615384 0.6657960625 0.46505927163461536 0.6737530240384615 0.46875530048076924 0.6885769855769232 0.5006689326923077 0.6806200216346153
1 0.5489259663461539 0.663291985576923 0.5457003413461539 0.6503547091346153 0.5103755120192308 0.6591621778846153 0.513601139423077 0.6720994543269231 0.5489259663461539 0.663291985576923