1 0.95363078125 0.25957621153846155 0.9396213557692307 0.059232096153846156 0.7822712139423077 0.07023509134615384 0.7962806394230769 0.27057920432692306 0.95363078125 0.25957621153846155
1 0.9754923918269232 0.20486238701923076 0.9658427451923076 0.06686602644230769 0.9168997596153846 0.07028845192307692 0.9265494062499999 0.20828481490384615 0.9754923918269232 0.20486238701923076
1 0.9147161466346153 0.32801302403846155 0.9043495600961537 0.17976392067307692 0.7345298677884616 0.19163887019230771 0.7448964543269232 0.3398879735576923 0.9147161466346153 0.32801302403846155
1 0.8448822451923077 0.3697917163461539 0.8372671634615384 0.2608909735576923 0.6873987524038461 0.2713707956730769 0.6950138341346155 0.3802715360576923 0.8448822451923077 0.3697917163461539
1 0.82532590625 0.4081938870192308 0.8199100913461539 0.3307441225961538 0.6383222596153846 0.3434419807692307 0.6437380769230768 0.4208917451923077 0.82532590625 0.4081938870192308
1 0.748805576923077 0.45962919230769234 0.7448623990384615 0.4032391129807692 0.5928118173076923 0.41387152644230774 0.5967549951923077 0.47026160576923076 0.748805576923077 0.45962919230769234
1 0.6444748173076923 0.5064654735576923 0.6408029134615384 0.45395481009615385 0.5721424495192308 0.4587560192307692 0.5758143533653846 0.5112666826923077 0.6444748173076923 0.5064654735576923
1 0.7927843822115384 0.6741673221153845 0.7881048846153846 0.6072474014423077 0.7282510408653846 0.6114327908653846 0.7329305384615385 0.6783527115384616 0.7927843822115384 0.6741673221153845
1 0.8658091875 0.6690609302884615 0.8601220961538462 0.5877317524038461 0.7811742548076922 0.5932523221153846 0.7868613437499999 0.6745815024038462 0.8658091875 0.6690609302884615
1 0.9866727860576923 0.6693806923076924 0.9791836538461538 0.562281108173077 0.8569041225961538 0.5708317259615385 0.8643932548076924 0.6779313100961539 0.9866727860576923 0.6693806923076924
1 0.7361553533653846 0.6774310697115384 0.7317471322115385 0.6143905649038461 0.6768031754807692 0.6182326225961539 0.6812113966346154 0.681273125 0.7361553533653846 0.6774310697115384
1 0.6853643028846155 0.6734644110576924 0.6822349519230768 0.6287125793269231 0.6422544543269232 0.6315082884615385 0.6453838076923077 0.6762601201923076 0.6853643028846155 0.6734644110576924
1 0.6623845408653846 0.6718690697115384 0.6590904855769231 0.6247618774038461 0.6196555312500001 0.6275194375 0.6229495865384614 0.6746266298076923 0.6623845408653846 0.6718690697115384
1 0.6276273774038461 0.6698442307692307 0.6249533798076924 0.6316042740384616 0.5990790625 0.6334135817307692 0.6017530600961538 0.6716535384615384 0.6276273774038461 0.6698442307692307
1 0.5901534735576923 0.6648071177884615 0.5882351706730768 0.6373741057692308 0.5728041009615384 0.6384531514423077 0.5747224038461538 0.6658861634615385 0.5901534735576923 0.6648071177884615
1 0.560383701923077 0.6635473485576924 0.5590079495192307 0.6438731706730769 0.5356275432692308 0.6455080889423077 0.5370032956730769 0.665182266826923 0.560383701923077 0.6635473485576924
1 0.545731125 0.6667996081730769 0.5439678365384615 0.6415834038461538 0.5261207932692308 0.6428313918269232 0.5278840817307692 0.66804759375 0.545731125 0.6667996081730769
1 0.5300514350961538 0.6811227019230769 0.5287435 0.6624183774038461 0.51401384375 0.663448375 0.5153217788461538 0.6821526995192309 0.5300514350961538 0.6811227019230769
1 0.4673818269230769 0.6864795841346154 0.46570573317307695 0.6625103341346155 0.4491056442307692 0.6636711274038463 0.45078173798076926 0.6876403750000001 0.4673818269230769 0.6864795841346154
1 0.4524293365384615 0.6843229182692308 0.45074355528846155 0.6602151201923078 0.42611619230769227 0.6619372331730768 0.4278019735576923 0.6860450312499999 0.4524293365384615 0.6843229182692308
1 0.4373630072115385 0.6995777187500001 0.43560940625 0.6745000673076924 0.40303270673076924 0.6767780528846153 0.4047863052884615 0.7018557019230769 0.4373630072115385 0.6995777187500001
1 0.21900552163461537 0.8774651153846154 0.20829984134615384 0.7243667427884616 0.059444579326923076 0.7347757163461538 0.07015026201923077 0.8878740889423077 0.21900552163461537 0.8774651153846154
1 0.10004726201923077 0.8875934519230769 0.09186056490384614 0.7705182259615384 0.021641408653846155 0.7754284278846153 0.02982810576923077 0.8925036514423077 0.10004726201923077 0.8875934519230769
1 0.25964697115384616 0.8023638341346153 0.25357234615384616 0.7154926322115384 0.19621241346153845 0.7195036298076923 0.20228703846153848 0.8063748317307693 0.25964697115384616 0.8023638341346153
1 0.29725409375 0.7902665793269231 0.2910438293269231 0.701455670673077 0.22199369471153846 0.706284127403846 0.22820395673076924 0.7950950360576924 0.29725409375 0.7902665793269231
1 0.3175165480769231 0.7395629663461538 0.3136896298076923 0.6848354927884616 0.28041151682692306 0.6871625264423076 0.2842384350961539 0.7418899975961538 0.3175165480769231 0.7395629663461538
1 0.32975614182692303 0.728682670673077 0.3267042956730769 0.6850392427884615 0.3082337740384615 0.686330829326923 0.3112856201923077 0.7299742548076923 0.32975614182692303 0.728682670673077
1 0.34449890625 0.7188803894230769 0.34197992307692304 0.6828572427884616 0.32413287740384616 0.6841052307692308 0.32665186298076926 0.720128377403846 0.34449890625 0.7188803894230769
1 0.36243656730769236 0.7099685240384616 0.36067327644230773 0.6847523221153846 0.33604591586538457 0.6864744350961539 0.3378092043269231 0.7116906370192309 0.36243656730769236 0.7099685240384616
1 0.3710868894230769 0.7104774567307692 0.3684903990384615 0.6733459086538461 0.3556311754807692 0.6742451129807693 0.35822766586538457 0.7113766610576923 0.3710868894230769 0.7104774567307692
1 0.33285971875 0.5613919975961539 0.33584374519230764 0.6040655697115385 0.35984762980769236 0.6023870552884616 0.35686360336538464 0.5597134831730769 0.33285971875 0.5613919975961539
1 0.3034393028846154 0.5382489975961539 0.3082544375 0.6071086274038462 0.34761145673076926 0.604356516826923 0.34279632211538463 0.5354968870192308 0.3034393028846154 0.5382489975961539
1 0.1292336153846154 0.5053207620192308 0.13398093028846153 0.5732105360576922 0.3087105072115385 0.5609922548076923 0.3039631923076923 0.4931024783653846 0.1292336153846154 0.5053207620192308
1 0.0735634639423077 0.3453421923076923 0.08193424038461537 0.4650498774038461 0.2644572884615385 0.4522866225961539 0.25608651201923077 0.3325789375 0.0735634639423077 0.3453421923076923
1 0.10892687019230769 0.2653193221153846 0.11762705048076924 0.3897377283653846 0.22665768509615386 0.3821135649038461 0.21795750240384615 0.2576951586538462 0.10892687019230769 0.2653193221153846
1 0 0.2957067740384615 0.0006631850961538461 0.3051907644230769 0.17671765384615384 0.29287983653846156 0.1657794495192308 0.13645625240384615 0 0.14804868028846155 0 0.2957067740384615
1 0.12629905288461538 0.05456634134615385 0.13576461778846155 0.1899302403846154 0.2695784831730769 0.1805730625 0.2601129182692308 0.045209163461538464 0.12629905288461538 0.05456634134615385
1 0.3284800144230769 0.14484950000000002 0.32264759855769226 0.0614420625 0.2518049639423077 0.06639586298076923 0.2576373798076923 0.14980330048076923 0.3284800144230769 0.14484950000000002
1 0.3122618990384615 0.24219015624999998 0.3091131682692308 0.19716122596153846 0.26032605288461536 0.2005727548076923 0.26347478125 0.24560168509615382 0.3122618990384615 0.24219015624999998
1 0.32437853125000005 0.2978694639423077 0.3206581875 0.24466605048076923 0.26937715865384615 0.24825196875 0.27309750480769235 0.3014553846153846 0.32437853125000005 0.2978694639423077
1 0.3474030288461538 0.36058279326923076 0.34416710336538464 0.3143069038461539 0.3142401826923077 0.3163995985576923 0.3174761081730769 0.3626754855769231 0.3474030288461538 0.36058279326923076
1 0.2481566923076923 0.3076547139423077 0.25360157451923077 0.3855201298076923 0.29560837259615386 0.3825827283653846 0.29016349278846154 0.3047173125 0.2481566923076923 0.3076547139423077
1 0.3101183269230769 0.4209696274038462 0.3059620048076923 0.3615314375 0.2835168125 0.36310095913461543 0.2876731370192308 0.4225391490384615 0.3101183269230769 0.4209696274038462
1 0.32565112259615386 0.45942423317307696 0.32131071875 0.39735358173076923 0.2967612908653846 0.3990702451923077 0.30110169471153847 0.4611408966346154 0.32565112259615386 0.45942423317307696
1 0.3381323557692308 0.4788787548076923 0.33415042307692305 0.4219344735576923 0.3177841370192308 0.42307891586538465 0.3217660697115384 0.4800231971153846 0.3381323557692308 0.4788787548076923
1 0.35207240384615385 0.5046357548076923 0.3481776682692308 0.4489384278846154 0.33290246875 0.45000657451923076 0.3367972043269231 0.5057039014423077 0.35207240384615385 0.5046357548076923
1 0.7114839903846154 0.2607759951923077 0.7071242115384616 0.19842824278846155 0.5662182908653846 0.20828134375 0.5705780697115385 0.27062909615384617 0.7114839903846154 0.2607759951923077
1 0.6914010600961539 0.3006072716346154 0.6873513076923078 0.2426931370192308 0.55634309375 0.25185412259615386 0.56039284375 0.30976825721153844 0.6914010600961539 0.3006072716346154
1 0.6431828485576924 0.3446336057692308 0.6392784254807692 0.2887977283653846 0.54700375 0.29525020192307694 0.5509081754807692 0.35108607932692304 0.6431828485576924 0.3446336057692308
1 0.6281135264423077 0.36768538461538464 0.6241315961538461 0.31074110336538463 0.5330259399038462 0.31711183173076923 0.5370078725961538 0.3740561129807692 0.6281135264423077 0.36768538461538464
1 0.6120941706730769 0.4040302620192308 0.6083447596153846 0.3504111947115385 0.5240194230769231 0.3563077956730769 0.5277688341346154 0.40992686538461537 0.6120941706730769 0.4040302620192308
1 0.5666826177884615 0.2675600216346154 0.5631657283653846 0.2172661658653846 0.5151579591346154 0.22062319711538464 0.5186748485576923 0.2709170528846154 0.5666826177884615 0.2675600216346154
1 0.5532201514423076 0.19039447596153847 0.5494029230769231 0.13580555528846155 0.49406929086538465 0.13967486057692308 0.4978865216346154 0.19426378125 0.5532201514423076 0.19039447596153847
1 0.5428247740384615 0.2186885456730769 0.53953071875 0.17158135576923075 0.48723654086538465 0.1752381201923077 0.4905305961538462 0.22234531009615385 0.5428247740384615 0.2186885456730769
1 0.5867772403846154 0.09573974759615383 0.5834928725961539 0.048771105769230765 0.5004924254807692 0.0545750625 0.5037767932692307 0.10154370432692308 0.5867772403846154 0.09573974759615383