1 0.7976328365384616 0 0.8154093389423077 0.20318635336538463 0.9512965216346154 0.19129776682692307 0.9345601370192308 0 0.7976328365384616 0
1 0.8570290144230769 0.27552868990384616 0.8456382427884616 0.1453315769230769 0.7352007211538462 0.15499360817307692 0.7465914927884616 0.28519072115384614 0.8570290144230769 0.27552868990384616
1 0.7627011225961537 0.3465200504807692 0.7527992620192308 0.2333412644230769 0.6805751466346154 0.23966005528846154 0.6904770072115384 0.35283884134615384 0.7627011225961537 0.3465200504807692
1 0.7030880216346154 0.39927754326923076 0.6958250432692308 0.3162613197115384 0.639555608173077 0.3211842572115385 0.6468185865384615 0.40420048076923076 0.7030880216346154 0.39927754326923076
1 0.6546702163461539 0.4320945360576923 0.64806090625 0.3565497692307692 0.6108592596153846 0.35980449278846155 0.6174685697115384 0.43534925721153844 0.6546702163461539 0.4320945360576923
1 0.6303651875 0.4608500576923077 0.6244216490384615 0.3929151153846154 0.5872978317307692 0.3961630264423077 0.5932413677884616 0.4640979711538461 0.6303651875 0.4608500576923077
1 0.5973279302884615 0.48660523076923073 0.5927038341346154 0.4337515673076923 0.5661645865384616 0.4360734519230769 0.5707886826923076 0.4889271129807692 0.5973279302884615 0.48660523076923073
1 0.5751295889423077 0.5017921778846154 0.5710017956730769 0.4546112884615384 0.5529457668269231 0.45619098798076924 0.5570735600961538 0.5033718774038461 0.5751295889423077 0.5017921778846154
1 0.5628429951923077 0.5200157043269231 0.558545733173077 0.4708977716346154 0.5404897043269231 0.47247746874999996 0.5447869663461539 0.5215954014423076 0.5628429951923077 0.5200157043269231
1 0.7610033365384615 0.7555857524038461 0.754902435096154 0.6858521225961538 0.6816665600961538 0.6922594326923076 0.6877674615384616 0.7619930600961538 0.7610033365384615 0.7555857524038461
1 0.8773989158653847 0.7530705264423077 0.8696396346153846 0.6643815264423077 0.7497071322115385 0.6748742596153845 0.7574664134615384 0.7635632620192307 0.8773989158653847 0.7530705264423077
1 0.7206820288461538 0.7267681033653847 0.7142542932692308 0.6532987451923076 0.6309008149038462 0.6605912307692308 0.6373285504807692 0.7340605889423077 0.7206820288461538 0.7267681033653847
1 0.6490166634615384 0.7224421346153846 0.6451188653846154 0.67789009375 0.5993561706730769 0.6818938100961538 0.60325396875 0.7264458533653847 0.6490166634615384 0.7224421346153846
1 0.6057307836538461 0.7117295384615385 0.6022929735576923 0.6724351923076923 0.58532653125 0.6739195649038462 0.5887643413461539 0.7132139110576923 0.6057307836538461 0.7117295384615385
1 0.5944803701923077 0.7113196274038462 0.5912725552884616 0.6746541298076922 0.5699477620192307 0.6765198076923077 0.573155576923077 0.7131853052884616 0.5944803701923077 0.7113196274038462
1 0.5729481538461538 0.7027469975961539 0.5700792788461538 0.6699555865384615 0.557549016826923 0.6710518413461538 0.5604178942307693 0.7038432524038462 0.5729481538461538 0.7027469975961539
1 0.5614366322115385 0.6984561850961538 0.5586766995192307 0.6669100216346154 0.5454459879807693 0.6680675576923077 0.5482059206730769 0.6996137235576924 0.5614366322115385 0.6984561850961538
1 0.5507345024038461 0.6953493389423078 0.5477566802884616 0.6613126850961539 0.53452596875 0.6624702211538461 0.5375037908653846 0.6965068750000001 0.5507345024038461 0.6953493389423078
1 0.5375037908653846 0.6965068750000001 0.5352159519230769 0.6703567644230769 0.5182495120192308 0.6718411370192308 0.5205373509615385 0.6979912475961538 0.5375037908653846 0.6965068750000001
1 0.22154173317307693 0.7754563221153846 0.21124040865384613 0.6577116418269231 0.023986935096153846 0.6740941971153845 0.03428825961538461 0.7918388774038461 0.22154173317307693 0.7754563221153846
1 0.13726323557692308 0.9129080528846154 0.12438355288461539 0.7656926153846153 0.024997567307692307 0.7743877620192308 0.037877247596153844 0.9216031995192308 0.13726323557692308 0.9129080528846154
1 0.21847612740384617 0.8578425649038461 0.20916740865384617 0.7514434375 0.12254516586538461 0.7590219014423076 0.1318538846153846 0.86542103125 0.21847612740384617 0.8578425649038461
1 0.2537137740384615 0.790905576923077 0.2475644519230769 0.7206185072115385 0.18639187019230768 0.7259704134615385 0.19254119230769232 0.7962574831730769 0.2537137740384615 0.790905576923077
1 0.2850423076923077 0.7626509302884615 0.27892930048076925 0.6927789423076922 0.2279521514423077 0.6972388653846154 0.23406515625 0.7671108509615384 0.2850423076923077 0.7626509302884615
1 0.3099040240384615 0.7528077451923078 0.30462625961538464 0.6924826201923077 0.2759078341346154 0.69499515625 0.2811855985576923 0.75532028125 0.3099040240384615 0.7528077451923078
1 0.32522418990384616 0.7325063629807692 0.3215926995192308 0.6909982475961538 0.2950534519230769 0.6933201322115384 0.29868493990384615 0.7348282451923077 0.32522418990384616 0.7325063629807692
1 0.3351342980769231 0.7274567548076922 0.3320233221153846 0.6918981418269231 0.30641800721153845 0.6941383173076924 0.3095289807692308 0.7296969302884615 0.3351342980769231 0.7274567548076922
1 0.34406383413461533 0.7174738413461538 0.3414370576923077 0.6874496394230769 0.33015203846153846 0.6884369495192307 0.3327788173076923 0.7184611514423077 0.34406383413461533 0.7174738413461538
1 0.3551914879807692 0.7146878461538461 0.35216524759615386 0.6800977524038461 0.3377671201923077 0.6813574254807692 0.34079336298076923 0.7159475192307692 0.3551914879807692 0.7146878461538461
1 0 0.2688092331730769 0.11944461298076922 0.2583591826923077 0.10022192788461538 0.03864290625 0 0.04741118990384615 0 0.2688092331730769
1 0.22520358653846154 0.42379900721153846 0.21182760096153846 0.2709107908653846 0.00846379326923077 0.2887028197115385 0.021839778846153846 0.44159103605769234 0.22520358653846154 0.42379900721153846
1 0.26144488701923074 0.46245412980769235 0.25255984375 0.3608976153846154 0.07986015384615384 0.37600687980769226 0.08874519711538462 0.4775633942307692 0.26144488701923074 0.46245412980769235
1 0.1604196033653846 0.44703371875 0.16443845192307693 0.4929693629807692 0.1877867644230769 0.4909266490384615 0.1837679158653846 0.44499100480769227 0.1604196033653846 0.44703371875
1 0.1246450576923077 0.42715937980769236 0.12951125240384614 0.48278024999999997 0.17184952884615384 0.47907613221153844 0.1669833317307692 0.4234552596153846 0.1246450576923077 0.42715937980769236
1 0.18577734134615384 0.46795882692307694 0.1900746033653846 0.5170767596153846 0.21030980769230767 0.5153064086538461 0.20601254567307692 0.46618847596153845 0.18577734134615384 0.46795882692307694
1 0.2540866370192308 0.39269108413461534 0.2570523533653846 0.42658937740384617 0.2785328028846154 0.42471008173076924 0.2755670865384615 0.39081178846153847 0.2540866370192308 0.39269108413461534
1 0.3516123173076923 0.4810551923076923 0.34683085576923073 0.42640284615384616 0.2706375264423077 0.4330688966346154 0.27541898798076925 0.48772124519230775 0.3516123173076923 0.4810551923076923
1 0.2567524975961538 0.33083446875 0.2598029495192308 0.36570128365384613 0.3347510336538461 0.3591441754807692 0.3317005817307692 0.32427736298076926 0.2567524975961538 0.33083446875
1 0.3520403966346154 0.40168808894230773 0.34889310576923077 0.3657143918269231 0.29052232211538465 0.3708211730769231 0.29366961298076927 0.4067948701923077 0.3520403966346154 0.40168808894230773
1 0.30012402884615386 0.2609551466346154 0.30365868028846155 0.301356375 0.3380585264423077 0.29834677884615385 0.33452387740384615 0.25794554807692305 0.30012402884615386 0.2609551466346154
1 0.07861131971153847 0.08026812740384615 0.08977209855769232 0.2078363918269231 0.25850257451923075 0.19307438701923077 0.24734179807692308 0.06550612259615385 0.07861131971153847 0.08026812740384615
1 0.0661316826923077 0.0398129639423077 0.07189364423076923 0.10567250240384615 0.2315961081730769 0.09170034855769231 0.22583414423076925 0.025840810096153848 0.0661316826923077 0.0398129639423077
1 0.6317672932692309 0 0.6419186875 0.11603096394230769 0.7832538100961539 0.10366574278846154 0.7741842331730768 0 0.6317672932692309 0
1 0.7925942091346154 0.16112588221153848 0.7837091658653846 0.059569367788461544 0.5932647572115385 0.07623109375 0.6021498004807693 0.1777876081730769 0.7925942091346154 0.16112588221153848
1 0.7303901490384616 0.2281914158653846 0.7223645576923077 0.13645848798076923 0.5785389495192308 0.1490415985576923 0.5865645408653847 0.2407745264423077 0.7303901490384616 0.2281914158653846
1 0.6883349927884616 0.2781580144230769 0.6803094014423077 0.18642508653846154 0.5579642403846153 0.19712890144230769 0.5659898317307692 0.28886182932692306 0.6883349927884616 0.2781580144230769
1 0.5712340504807693 0.2564759711538462 0.56588365625 0.19532068509615386 0.5345190889423077 0.1980647283653846 0.5398694831730769 0.2592200168269231 0.5712340504807693 0.2564759711538462
1 0.5622704711538462 0.21766506730769233 0.5580579447115385 0.16951565865384616 0.5126065625 0.17349213942307692 0.5168190889423077 0.22164154807692307 0.5622704711538462 0.21766506730769233
1 0.6217208004807693 0.18276750240384618 0.6161767259615385 0.11939844951923077 0.5246513389423076 0.12740588221153845 0.5301954134615385 0.19077493509615387 0.6217208004807693 0.18276750240384618
1 0.6491633605769231 0.13519469711538462 0.6403751562500001 0.0347450625 0.5291593557692308 0.04447518509615385 0.5379475600961539 0.1449248173076923 0.6491633605769231 0.13519469711538462
1 0.5506774711538461 0 0.5559976009615385 0.06080934615384615 0.6493908533653846 0.05263849519230769 0.6447855817307692 0 0.5506774711538461 0
1 0.5029960288461539 0 0.5058094759615385 0.032157834134615385 0.5654255024038461 0.026942108173076924 0.5630683725961538 0 0.5029960288461539 0
1 0.5619001899038462 0.07897513701923077 0.5576997668269231 0.030964088942307694 0.49014531490384616 0.03687433894230769 0.4943457355769231 0.08488538701923076 0.5619001899038462 0.07897513701923077
1 0.5829941418269231 0.14976717548076923 0.5768811346153846 0.0798951875 0.4859005408653846 0.08785495673076923 0.4920135480769231 0.15772694711538462 0.5829941418269231 0.14976717548076923
1 0.561586391826923 0.14620275240384617 0.5574707043269231 0.09916022596153845 0.49723205769230766 0.10443042548076924 0.5013477451923077 0.15147295192307692 0.561586391826923 0.14620275240384617
1 0.5435884735576922 0.20940075240384617 0.538710173076923 0.1536415216346154 0.49567144951923076 0.15740692307692308 0.50054975 0.21316615144230772 0.5435884735576922 0.20940075240384617
1 0.6444551225961538 0.3359523221153846 0.6398673413461539 0.2835137403846154 0.5477193317307693 0.2915756466346154 0.5523071129807693 0.3440142283653846 0.6444551225961538 0.3359523221153846
1 0.6468413701923077 0.3775693798076923 0.6424472668269231 0.32734456250000005 0.5361346129807693 0.3366457139423077 0.5405287163461538 0.38687053125 0.6468413701923077 0.3775693798076923
1 0.5889442475961538 0.4024322788461539 0.5854095985576924 0.3620310504807692 0.5240035336538461 0.36740338461538463 0.5275381826923077 0.4078046129807692 0.5889442475961538 0.4024322788461539
1 0.5720410432692308 0.47097185817307696 0.5682279807692308 0.4273883413461539 0.5196634879807692 0.4316371826923077 0.5234765528846154 0.4752207019230769 0.5720410432692308 0.47097185817307696
1 0.5275148365384615 0.4846267572115384 0.5246701682692307 0.45211206971153844 0.5137742908653846 0.45306533653846154 0.5166189567307693 0.48558002403846157 0.5275148365384615 0.4846267572115384
1 0.5203061971153846 0.4909736298076923 0.5180062524038461 0.46468515624999995 0.5051646802884615 0.46580864903846153 0.507464625 0.49209712019230767 0.5203061971153846 0.4909736298076923
1 0.5105033221153846 0.4954561730769231 0.5086996826923077 0.4748404783653846 0.49539114423076924 0.4760048245192308 0.4971947836538462 0.4966205192307692 0.5105033221153846 0.4954561730769231
1 0.5824622019230768 0.5443706778846154 0.5790849182692308 0.5057681346153846 0.514176608173077 0.511446875 0.517553891826923 0.5500494206730769 0.5824622019230768 0.5443706778846154
1 0.5157391346153847 0.4414610408653846 0.51289446875 0.4089463533653846 0.49880765384615383 0.4101787884615385 0.5016523197115385 0.4426934783653846 0.5157391346153847 0.4414610408653846
1 0.5335065673076923 0.4195513581730769 0.5305166394230769 0.38537634375 0.50405521875 0.38769141826923076 0.5070451442307692 0.42186643269230767 0.5335065673076923 0.4195513581730769
1 0.5450736298076924 0.4065493004807692 0.5417689735576923 0.3687769158653846 0.5142957908653846 0.3711805096153846 0.5176004471153847 0.40895289182692307 0.5450736298076924 0.4065493004807692
1 0.5551692235576924 0.36328254567307694 0.5510535360576923 0.3162400192307692 0.5101161610576923 0.31982157451923077 0.5142318485576923 0.36686410096153843 0.5551692235576924 0.36328254567307694
1 0.5182111754807692 0.38993841826923076 0.5139502283653846 0.3412355673076923 0.4962055096153846 0.34278802884615384 0.5004664567307692 0.3914908798076923 0.5182111754807692 0.38993841826923076
1 0.5266273870192307 0.3498858197115385 0.5228143245192307 0.30630230048076923 0.4872470600961538 0.3094140336538462 0.49106012259615384 0.3529975528846154 0.5266273870192307 0.3498858197115385
1 0.5581305889423077 0.3227312451923077 0.5549106682692307 0.28592738701923076 0.4943607091346154 0.2912248221153846 0.4975806298076923 0.32802868028846155 0.5581305889423077 0.3227312451923077
1 0.49676026201923074 0.22632427644230768 0.4930440360576923 0.1838476418269231 0.47638890625 0.1853047764423077 0.4801051298076923 0.22778141346153846 0.49676026201923074 0.22632427644230768
1 0.5123331346153847 0.18829451923076926 0.50888321875 0.14886181009615385 0.4828887644230769 0.15113603125 0.4863386778846154 0.19056873798076923 0.5123331346153847 0.18829451923076926
1 0.5065956778846153 0.25000160817307693 0.5030126081730769 0.20904693509615385 0.4569386033653846 0.2130778894230769 0.46052167307692304 0.2540325625 0.5065956778846153 0.25000160817307693
1 0.5052504591346154 0.22028354326923075 0.5013284495192308 0.17545478125 0.45906800240384615 0.17915209134615384 0.4629900120192308 0.22398085096153847 0.5052504591346154 0.22028354326923075
1 0.5447726274038461 0.2587910456730769 0.5410564038461538 0.2163144110576923 0.48813356009615383 0.22094456009615385 0.49184978365384613 0.26342119471153846 0.5447726274038461 0.2587910456730769
1 0.5282086466346153 0.3061091971153846 0.5249645144230769 0.26902861778846154 0.4776452668269231 0.27316851442307694 0.4808893966346154 0.31024909375000004 0.5282086466346153 0.3061091971153846
1 0.56770375 0.2905243317307692 0.5649075048076923 0.25856308653846155 0.5017892307692308 0.26408522115384614 0.5045854783653846 0.29604646634615384 0.56770375 0.2905243317307692
1 0.5111566538461538 0.6866824615384615 0.5091230192307692 0.6634379182692308 0.4940244423076923 0.6647588725961538 0.49605807692307696 0.6880034158653847 0.5111566538461538 0.6866824615384615