2 0.9624200697115385 1 0.9946144423076924 0.5395990216346154 0.8886232620192308 0.5321873942307692 0.8559106177884614 1 0.9624200697115385 1
1 1 0.17189148076923078 0.86046203125 0.16213403605769233 0.8493227932692308 0.3214325456730769 1 0.33196892067307693 1 0.17189148076923078
1 1 0.037919298076923076 0.8728241466346154 0.029026295673076925 0.8669747740384615 0.11267619951923077 1 0.1219782283653846 1 0.037919298076923076
1 1 0.4780539423076923 0.8421966947115384 0.4670192620192308 0.8364926490384617 0.5485909062500001 0.9947000721153846 0.5596538461538462 1 0.4838613557692308 1 0.4780539423076923
1 0 0.768797375 0.15488782211538463 0.779628185096154 0.15962544951923074 0.7118769591346154 0 0.7007148605769231 0 0.768797375
1 0 0.8062845216346154 0.15017498557692308 0.81678578125 0.15462195913461538 0.7531910721153847 0 0.7423788533653847 0 0.8062845216346154
1 0 0.843771673076923 0.12995314423076923 0.8528588822115384 0.13381881490384614 0.7975772091346154 0 0.7882196874999999 0 0.843771673076923
1 0.2267225216346154 0.7804745144230769 0.2309805721153846 0.7195815432692307 0.11485788221153846 0.7114614543269231 0.11059983173076923 0.7723544254807693 0.2267225216346154 0.7804745144230769
1 0.21101633173076922 0.8113290673076924 0.2148820048076923 0.756047391826923 0.11847679086538461 0.7493060841346153 0.1146111201923077 0.8045877572115384 0.21101633173076922 0.8113290673076924
1 0.2180028173076923 0.8603733894230768 0.22234806490384618 0.7982334615384615 0.10825167548076922 0.7902550649038461 0.10390642788461538 0.8523949903846154 0.2180028173076923 0.8603733894230768
1 0.3565450528846154 0.8603500480769231 0.3595387668269231 0.8175379254807692 0.22268544951923078 0.8079682091346154 0.21969173317307694 0.8507803341346154 0.3565450528846154 0.8603500480769231
1 0.4558724591346154 0.8409815985576923 0.4604211610576923 0.775932110576923 0.21983676923076922 0.7591088100961538 0.21528806730769232 0.8241582980769231 0.4558724591346154 0.8409815985576923
1 0.23227711057692307 0.7155997860576923 0.2273505576923077 0.7860527475961538 0.4347347716346154 0.8005544639423078 0.4396613245192308 0.7301015024038461 0.23227711057692307 0.7155997860576923
1 0.2250539735576923 0.6844993317307692 0.2208031875 0.7452883918269231 0.4365264134615385 0.7603732283653847 0.4407771995192308 0.6995841682692308 0.2250539735576923 0.6844993317307692
1 0.43309643028846156 0.7198268629807691 0.4363807956730769 0.6728582235576923 0.23312712259615387 0.6586453413461538 0.2298427548076923 0.7056139831730769 0.43309643028846156 0.7198268629807691
1 0.22829887259615383 0.623535514423077 0.22529789182692309 0.6664515504807693 0.4523995817307692 0.682332048076923 0.4554005649038461 0.6394160120192307 0.22829887259615383 0.623535514423077
1 0.43792851923076925 0.6507247692307693 0.4418886514423077 0.5940922259615384 0.22624336057692307 0.5790128389423077 0.22228322836538464 0.6356453822115384 0.43792851923076925 0.6507247692307693
1 0.24076400240384616 0.5494328605769231 0.23795921153846156 0.5895432475961538 0.43708234615384617 0.6034672932692308 0.43988713942307694 0.56335690625 0.24076400240384616 0.5494328605769231
1 0.2276674110576923 0.5138492740384616 0.22525499759615386 0.5483483653846154 0.43988713942307694 0.56335690625 0.44229955048076924 0.5288578173076923 0.2276674110576923 0.5138492740384616
1 0.2365345793269231 0.4755202836538462 0.23402043990384616 0.5114741538461538 0.4393783533653846 0.5258341778846154 0.44189249278846154 0.4898803076923077 0.2365345793269231 0.4755202836538462
1 0.24124741826923077 0.4383626875 0.2386388173076923 0.47566742788461536 0.44189249278846154 0.4898803076923077 0.44450109374999996 0.4525755673076923 0.24124741826923077 0.4383626875
1 0.24424839903846152 0.39544664903846155 0.24124741826923077 0.4383626875 0.4558795576923077 0.4533712283653846 0.4588805408653846 0.41045518990384616 0.24424839903846152 0.39544664903846155
1 0.23730864903846155 0.36029359375000003 0.23344297596153846 0.4155752668269231 0.44706196634615386 0.4305129615384615 0.4509276370192307 0.37523128846153847 0.23730864903846155 0.36029359375000003
1 0.2648563509615385 0.3247327668269231 0.26166644471153844 0.3703505384615384 0.4565811081730769 0.3839802980769231 0.45977101442307694 0.3383625264423077 0.2648563509615385 0.3247327668269231
1 0.2527967043269231 0.2877597980769231 0.2493161466346154 0.3375340865384615 0.45670036057692304 0.35203580288461533 0.46018091826923074 0.3022615144230769 0.2527967043269231 0.2877597980769231
1 0.25640192788461535 0.2518822211538462 0.25350267548076927 0.2933434759615384 0.4681348149038461 0.3083520192307692 0.4710340697115385 0.2668907620192308 0.25640192788461535 0.2518822211538462
1 0.26857541105769234 0.21106948317307694 0.2632637451923077 0.28702982932692306 0.46651742067307694 0.30124271153846155 0.47182908653846156 0.22528236298076923 0.26857541105769234 0.21106948317307694
1 0.5008219254807693 0.12873628846153845 0.5075069206730769 0.033136399038461536 0.27074132692307695 0.01658013701923077 0.26405633173076926 0.11218002644230769 0.5008219254807693 0.12873628846153845
1 0.4795533076923077 0.15961956009615383 0.4855916009615384 0.07326792307692308 0.2721284807692308 0.05834112740384615 0.2660901875 0.14469276682692309 0.4795533076923077 0.15961956009615383
1 0.4737864278846154 0.19169124278846153 0.4791053581730769 0.11562698317307693 0.2735136418269231 0.10125061057692308 0.2681947115384615 0.17731487019230768 0.4737864278846154 0.19169124278846153
1 0.4602820721153846 0.23585681249999998 0.4666473485576923 0.14482909134615385 0.2731355120192308 0.13129742548076923 0.2667702331730769 0.2223251466346154 0.4602820721153846 0.23585681249999998
1 0.46155851923076924 0.2556816442307692 0.4656712451923077 0.19686693028846153 0.2617161586538461 0.182605 0.2576034326923077 0.24141971634615383 0.46155851923076924 0.2556816442307692
1 0.4793898942307692 0.29859252644230766 0.4842219831730769 0.22949043269230768 0.2690443004807692 0.2144437451923077 0.2642122115384615 0.28354583894230767 0.4793898942307692 0.29859252644230766
1 0.6659014254807692 0.2016793389423077 0.6710604975961538 0.12790116346153846 0.49905863461538463 0.1158736201923077 0.4938995600961539 0.1896517956730769 0.6659014254807692 0.2016793389423077
1 0.6781699423076923 0.22446565384615386 0.6834816081730769 0.1485053076923077 0.4873199879807692 0.13478835096153846 0.4820083245192308 0.21074869711538463 0.6781699423076923 0.22446565384615386
1 0.6863841490384615 0.28059203365384616 0.6916158846153846 0.20577473076923078 0.4911678581730769 0.19175803846153847 0.4859361225961539 0.26657534374999997 0.6863841490384615 0.28059203365384616
1 0.6721243822115385 0.31092120432692305 0.6763170360576923 0.25096344711538465 0.5026785432692308 0.23882146153846154 0.4984858894230769 0.29877921634615384 0.6721243822115385 0.31092120432692305
1 0.6471868485576924 0.3449938149038462 0.6512923076923076 0.2862830144230769 0.48708391346153845 0.27480044471153847 0.4829784543269231 0.3335112451923077 0.6471868485576924 0.3449938149038462
1 0.6681203677884615 0.39282056730769227 0.6727925985576924 0.3260045576923077 0.4818526033653846 0.3126527331730769 0.47718037259615387 0.37946874038461537 0.6681203677884615 0.39282056730769227
1 0.6668900841346154 0.43617368509615384 0.6708356850961539 0.37974896875 0.5006263197115385 0.3678467716346154 0.49668071875 0.42427148798076925 0.6668900841346154 0.43617368509615384
1 0.6565462860576923 0.4597804783653846 0.659532735576923 0.41707226682692305 0.49189521394230773 0.4053499110576923 0.4889087644230769 0.4480581201923077 0.6565462860576923 0.4597804783653846
1 0.6578243052884616 0.5154218341346154 0.6615301177884615 0.4624262427884615 0.48446249759615384 0.45004446875000004 0.4807566850961538 0.5030400600961539 0.6578243052884616 0.5154218341346154
1 0.6488733581730769 0.5448691802884615 0.6524193125 0.4941596730769231 0.48392450961538463 0.4823773677884615 0.4803785552884615 0.533086875 0.6488733581730769 0.5448691802884615
1 0.6387763293269231 0.5895862740384615 0.6418717740384616 0.5453193701923077 0.46558350000000004 0.53299209375 0.46248805769230766 0.5772589975961538 0.6387763293269231 0.5895862740384615
1 0.6666823653846153 0.6373784879807692 0.6714199927884615 0.5696272620192308 0.4733879423076923 0.5557795120192307 0.4686503149038461 0.6235307379807692 0.6666823653846153 0.6373784879807692
1 0.6730875456730769 0.69473584375 0.6793656298076923 0.604955079326923 0.46161610096153843 0.5897285480769231 0.4553380192307692 0.6795093125 0.6730875456730769 0.69473584375
1 0.6713436346153846 0.7196749447115385 0.6760812620192307 0.6519237211538461 0.4624622740384616 0.6369860264423076 0.4577246466346154 0.7047372500000001 0.6713436346153846 0.7196749447115385
1 0.6430734326923078 0.7510084086538461 0.6465539903846154 0.7012341201923077 0.4526524783653846 0.6876752043269231 0.4491719206730769 0.7374494927884616 0.6430734326923078 0.7510084086538461
1 0.6393966850961538 0.8035883461538462 0.6430734326923078 0.7510084086538461 0.4098149014423077 0.7346973822115385 0.40613815384615387 0.7872773221153846 0.6393966850961538 0.8035883461538462
1 0.9652714182692308 0.9928228509615384 0.9714550384615385 0.9043929567307691 0.81558565625 0.8934935072115385 0.8094020360576923 0.9819234014423077 0.9652714182692308 0.9928228509615384