1 0.7889481346153846 0.6894323509615384 0.7915054423076923 0.6712361754807692 0.7377369807692309 0.6636795096153846 0.7351796730769231 0.6818756850961538 0.7889481346153846 0.6894323509615384
1 0.9017243629807693 0.7026312187499999 0.9046643966346154 0.6817118052884615 0.8492712764423077 0.6739268100961537 0.8463312427884616 0.6948462235576923 0.9017243629807693 0.7026312187499999
1 0.9385426658653846 0.7600642692307692 0.9443531442307692 0.718720579326923 0.906831266826923 0.7134472235576923 0.9010207908653847 0.7547909134615385 0.9385426658653846 0.7600642692307692
1 0.9650210456730769 0.7675724182692308 0.9721362692307692 0.7169449615384615 0.9298951466346155 0.7110083605769231 0.922779923076923 0.7616358149038462 0.9650210456730769 0.7675724182692308
1 0.9636989014423077 0.7769799639423076 0.9689700817307692 0.7394735600961538 0.9524914014423077 0.7371576322115385 0.9472202211538462 0.7746640360576923 0.9636989014423077 0.7769799639423076
1 0.4580479206730769 0.8091702235576924 0.4683293341346154 0.7360141682692307 0.3264424879807692 0.7160732740384615 0.3161610745192308 0.7892293269230769 0.4580479206730769 0.8091702235576924
1 0.31836534375000003 0.7819654086538462 0.32548056730769226 0.7313379543269231 0.22815578365384617 0.7176598485576923 0.22104056009615383 0.7682873028846154 0.31836534375000003 0.7819654086538462
1 0.24661941826923076 0.7737756033653846 0.25453488701923077 0.717454108173077 0.15133038701923077 0.7029496610576923 0.14341491826923078 0.7592711562500001 0.24661941826923076 0.7737756033653846
1 0.14027876442307693 0.7473436105769231 0.14793328605769232 0.6928788677884616 0.07288953365384615 0.68233215625 0.06523501201923078 0.7367968990384616 0.14027876442307693 0.7473436105769231
1 0.2603845673076923 0.47149961298076926 0.26936123076923074 0.40762732211538466 0.09583222596153845 0.3832394110576923 0.08685556009615383 0.4471117019230769 0.2603845673076923 0.47149961298076926
1 0.26574470913461534 0.24643024038461536 0.2786704110576923 0.15445909375 0.1250241298076923 0.13286551682692307 0.11209842788461538 0.22483666586538462 0.26574470913461534 0.24643024038461536
1 0.39227983653846155 0.1628521514423077 0.40362244471153846 0.08214530288461538 0.3004179447115385 0.06764085576923076 0.28907533653846157 0.14834770432692307 0.39227983653846155 0.1628521514423077
1 0.5573171995192308 0.2224004326923077 0.5744528870192307 0.10047367548076923 0.41144548076923076 0.07756447836538462 0.3943097908653846 0.19949123557692308 0.5573171995192308 0.2224004326923077
1 0.7052373125 0.27575618749999997 0.7171192163461538 0.19121205048076922 0.62327584375 0.17802322596153844 0.6113939399038462 0.2625673629807692 0.7052373125 0.27575618749999997
1 0.5720962163461538 0.15934361057692306 0.5562652764423077 0.2719866033653846 0.6430684615384615 0.2841859951923077 0.6588994014423076 0.17154300240384618 0.5720962163461538 0.15934361057692306
1 0.682060233173077 0.40642724278846154 0.6902366538461538 0.3482489951923077 0.609390548076923 0.33688681490384614 0.6012141298076923 0.3950650649038462 0.682060233173077 0.40642724278846154
1 0.5294024375 0.48052752403846155 0.54020575 0.40365796394230774 0.35955919230769234 0.3782697475961539 0.3487558798076923 0.4551393052884615 0.5294024375 0.48052752403846155
1 0.3498320408653846 0.4648839110576923 0.36195749759615387 0.37860680769230765 0.2587529975961539 0.364102360576923 0.24662754086538463 0.45037946634615383 0.3498320408653846 0.4648839110576923