1 0.14308344711538462 1 0.12869210576923076 0.9322940625 0.08360561538461539 0.9418774927884616 0.09595993509615384 1 0.14308344711538462 1
1 0.10324164903846154 0.8656665769230769 0.1284605673076923 0.9843122572115385 0.2460420625 0.9593195384615385 0.2208231442307692 0.8406738581730769 0.10324164903846154 0.8656665769230769
1 0.29328572115384616 0.8536698125 0.27622925961538464 0.7734254807692308 0.1904885096153846 0.7916502403846154 0.20754496875 0.8718945721153847 0.29328572115384616 0.8536698125
1 0.3260994038461539 0.7923595384615385 0.3116995961538462 0.7246137596153847 0.2513295480769231 0.737445810096154 0.2657293581730769 0.8051915889423077 0.3260994038461539 0.7923595384615385
1 0.3554426778846154 0.764823670673077 0.3405615913461538 0.6948136610576923 0.29226555288461536 0.7050793004807693 0.3071466418269231 0.7750893100961539 0.3554426778846154 0.764823670673077
1 0.392145983173077 0.7593886706730769 0.3791900048076923 0.6984355841346154 0.34235663461538457 0.7062647596153847 0.3553126129807692 0.7672178461538461 0.392145983173077 0.7593886706730769
1 0.46621467307692305 0.7235767187500001 0.4544522620192308 0.6682389254807692 0.3673869375 0.6867452307692308 0.3791493485576923 0.7420830240384616 0.46621467307692305 0.7235767187500001
1 0.31643529326923076 0.5783022668269231 0.3056354350961538 0.5274929326923077 0.2630962067307692 0.5365349254807692 0.27389606250000004 0.5873442596153846 0.31643529326923076 0.5783022668269231
1 0.21246303605769232 0.5390618173076923 0.22518800240384615 0.5989280721153846 0.27093678125 0.5892038701923077 0.25821181490384615 0.5293376129807692 0.21246303605769232 0.5390618173076923
1 0.22878795432692306 0.615864516826923 0.21246303605769232 0.5390618173076923 0.15148164663461539 0.5520238100961539 0.16780656490384616 0.6288265120192308 0.22878795432692306 0.615864516826923
1 0.05305460096153846 0.5764475865384615 0.06866723076923077 0.6498992283653846 0.16780656490384616 0.6288265120192308 0.15219393509615384 0.5553748725961538 0.05305460096153846 0.5764475865384615
1 0.06986079807692308 0.6555145192307692 0.05305460096153846 0.5764475865384615 0.007305822115384616 0.5861717908653846 0.02411201682692308 0.6652387235576923 0.06986079807692308 0.6555145192307692
1 0.01180421875 0.15516995192307695 0.036291593750000004 0.270374 0.23762697596153848 0.22757884374999998 0.21313960096153844 0.11237479326923078 0.01180421875 0.15516995192307695
1 0 0.2101213004807692 0.19176017788461538 0.1693614158653846 0.173028875 0.0812375625 0 0.11801598317307692 0 0.2101213004807692
1 0 0.1336350793269231 0.137334125 0.1044438076923077 0.1295566875 0.06785384375 0 0.09539196875 0 0.1336350793269231
1 0 0.3133179326923077 0.01647568028846154 0.39082991586538457 0.11867172596153847 0.3691074759615385 0.0863876610576923 0.21722288942307694 0 0.23558515384615383 0 0.3133179326923077
1 0.18867014182692307 0.39105204807692306 0.16560734615384615 0.2825501201923077 0.09239911057692307 0.2981110096153846 0.11546190865384615 0.4066129375 0.18867014182692307 0.39105204807692306
1 0.2394108173076923 0.4085704735576923 0.21665603846153847 0.3015176514423077 0.16785054807692307 0.3118915793269231 0.1906053269230769 0.41894439903846153 0.2394108173076923 0.4085704735576923
1 0.22663982932692306 0.35600290865384615 0.24019259134615384 0.41976363942307693 0.2813563028846154 0.41101402403846155 0.2678035408653846 0.3472532908653846 0.22663982932692306 0.35600290865384615
1 0.7737448870192308 0 0.7783520096153846 0.021674810096153848 0.8037736586538462 0.016271271634615385 0.80031509375 0 0.7737448870192308 0
1 0.82649584375 0.08584519951923077 0.8178521057692307 0.04517961778846154 0.7822923653846154 0.05273807451923077 0.7909361033653847 0.09340365625000001 0.82649584375 0.08584519951923077
1 0.8009542043269231 0.11247834375 0.7937543004807692 0.07860545432692308 0.7778594014423077 0.08198401923076924 0.7850593052884616 0.11585690865384615 0.8009542043269231 0.11247834375
1 0.7880671658653846 0.13301386538461538 0.7808480120192307 0.09905040865384616 0.7477845865384616 0.10607825721153846 0.7550037427884615 0.1400417139423077 0.7880671658653846 0.13301386538461538
1 0.8295476442307692 0 0.8363050745192309 0.031791201923076925 0.8687062139423076 0.024904127403846156 0.8634126778846153 0 0.8295476442307692 0
1 0.5552195841346154 0 0.5744707524038462 0.090569625 0.8343421562500001 0.03533225240384615 0.8268320552884615 0 0.5552195841346154 0
1 0.6396119591346154 0.6285033701923077 0.6325275600961539 0.5951738966346154 0.6160213197115384 0.5986824086538461 0.62310571875 0.6320118798076924 0.6396119591346154 0.6285033701923077
1 0.6591387331730769 0.6462195552884615 0.6494169375 0.6004820985576923 0.6329106971153846 0.6039906081730769 0.6426324927884616 0.6497280649038462 0.6591387331730769 0.6462195552884615
1 0.6958668846153846 0.6814835769230769 0.6804467668269231 0.6089376298076923 0.6469757788461539 0.6160521081730769 0.6623958966346154 0.6885980552884615 0.6958668846153846 0.6814835769230769
1 0.7835390504807692 0.7051618245192308 0.7665980985576923 0.6254609086538461 0.7257910024038462 0.6341347259615385 0.7427319543269231 0.7138356394230769 0.7835390504807692 0.7051618245192308
1 0.7214691033653846 0.6446141514423077 0.7103419783653847 0.5922651394230769 0.6776351682692308 0.5992171875 0.6887622932692307 0.6515661971153845 0.7214691033653846 0.6446141514423077
1 0.7418671009615385 0.673693814903846 0.7271400216346154 0.6044083581730769 0.6885235721153846 0.6126165384615384 0.7032506490384616 0.6819019927884615 0.7418671009615385 0.673693814903846
1 1 0.6159861346153845 0.7722132980769231 0.6644036947115384 0.802476 0.8067785144230769 1 0.7647934903846154 1 0.6159861346153845
0 0.67162771875 0.5085781177884615 0.6419810504807693 0.3691015144230769 0.5836997548076923 0.38148958653846154 0.613346423076923 0.5209661899038461 0.67162771875 0.5085781177884615
2 0.49919539423076925 0.5480695745192308 0.4894735985576923 0.5023321177884615 0.4696049735576923 0.5065553245192308 0.47932677163461535 0.5522927788461538 0.49919539423076925 0.5480695745192308
0 0.5519678413461538 0.4954855144230769 0.5409754735576923 0.44377049038461536 0.5057214014423077 0.45126397355769227 0.5167137716346154 0.502979 0.5519678413461538 0.4954855144230769