2 0.9907485024038463 0.701924173076923 0.9411783798076924 0.42079803365384616 0.83982525 0.43866932451923074 0.8893953725961539 0.7197954639423076 0.9907485024038463 0.701924173076923
2 0.9085827403846154 0.6939411995192307 0.8647848124999999 0.44555079807692305 0.8318040120192307 0.4513662019230769 0.8756019423076923 0.6997566033653846 0.9085827403846154 0.6939411995192307
2 0.8874700841346154 0.6863814134615385 0.8427074423076923 0.4325198581730769 0.7881839711538461 0.44213381730769236 0.8329466129807692 0.6959953725961537 0.8874700841346154 0.6863814134615385
2 0.8620740120192308 0.6725253341346153 0.8221349302884615 0.4460195504807692 0.7860766057692307 0.4523776057692308 0.8260156850961539 0.6788833894230769 0.8620740120192308 0.6725253341346153
2 0.8327934567307692 0.6186431081730769 0.8010222716346154 0.43845976201923076 0.7572701370192308 0.44617444471153844 0.7890413221153847 0.6263577908653846 0.8327934567307692 0.6186431081730769
2 0.8296778918269231 0.6684594615384616 0.7902050889423078 0.4445980697115385 0.7341941490384615 0.45447431009615386 0.773666951923077 0.6783357019230769 0.8296778918269231 0.6684594615384616
1 0.9588370576923076 0.2507030673076923 0.9416651826923077 0.15331652403846155 0.7795309495192307 0.18190516346153848 0.7967028245192308 0.27929170673076925 0.9588370576923076 0.2507030673076923
1 0.8018908725961539 0.3108141514423077 0.7862946947115385 0.22236382692307693 0.7387469447115385 0.23074777644230768 0.7543431225961539 0.31919810336538457 0.8018908725961539 0.3108141514423077
1 0.7722451081730769 0.3301446490384615 0.7552661754807691 0.2338523341346154 0.7110524134615385 0.24164841346153845 0.7280313461538461 0.33794072836538464 0.7722451081730769 0.3301446490384615
1 0.7274392139423077 0.3579775841346154 0.7192230817307692 0.31138158894230766 0.6859858197115384 0.31724221394230767 0.6942019519230769 0.3638382115384615 0.7274392139423077 0.3579775841346154
1 0.6989899134615385 0.3723960625 0.6893749495192308 0.31786689423076925 0.6554708894230769 0.32384509375000003 0.6650858533653847 0.3783742644230769 0.6989899134615385 0.3723960625
1 0.6732936394230769 0.39103015625 0.6650614302884615 0.34434297355769233 0.6413644927884616 0.34852138221153844 0.649596701923077 0.3952085673076923 0.6732936394230769 0.39103015625
1 0.6490977283653846 0.403476375 0.6416855240384615 0.36143967307692304 0.6231177956730769 0.3647136658653846 0.63053 0.4067503653846154 0.6490977283653846 0.403476375
1 0.6362701875 0.40931101201923076 0.6290509278846154 0.36836854326923074 0.6085853918269231 0.3719771682692308 0.6158046514423077 0.4129196370192308 0.6362701875 0.40931101201923076
1 0.6477163629807693 0.3134598028846154 0.6418959326923077 0.2804505048076923 0.57793471875 0.29172859375 0.5837551490384615 0.3247378894230769 0.6477163629807693 0.3134598028846154
1 0.6463220504807693 0.3019530336538461 0.6391027884615385 0.2610105625 0.5872977956730769 0.2701451802884615 0.5945170576923077 0.3110876514423077 0.6463220504807693 0.3019530336538461
1 0.6745578076923077 0.28992273557692305 0.6669365817307693 0.24670061538461538 0.6061554783653846 0.2574179639423077 0.6137767043269231 0.3006400841346154 0.6745578076923077 0.28992273557692305
1 0.6738620649038461 0.25958261538461536 0.6662408389423077 0.21636049519230768 0.6118199519230769 0.2259563653846154 0.6194411778846154 0.2691784855769231 0.6738620649038461 0.25958261538461536
1 0.7003622644230769 0.24550781490384616 0.6899433749999999 0.18641935096153844 0.636240576923077 0.19588860336538463 0.6466594663461538 0.2549770673076923 0.7003622644230769 0.24550781490384616
1 0.7406583149038461 0.21969236057692307 0.7306253076923077 0.1627923581730769 0.6615348894230769 0.17497486298076922 0.6715678942307692 0.23187486538461538 0.7406583149038461 0.21969236057692307
1 0 0.18547162259615385 0.17775280769230767 0.15412900480769232 0.16251035576923079 0.06768477163461538 0 0.09633973076923077 0 0.18547162259615385
1 0.8067399927884615 0.08966795913461538 0.7920602908653845 0.006415230769230769 0.704556016826923 0.021844596153846152 0.71923571875 0.10509732451923076 0.8067399927884615 0.08966795913461538
1 0.7426434591346154 0 0.750038110576923 0.04193714903846154 0.9012984278846154 0.015265872596153847 0.8986066418269231 0 0.7426434591346154 0
1 0.6532118774038461 0 0.6572898485576922 0.023127322115384614 0.7471022644230769 0.007290971153846153 0.7458166682692308 0 0.6532118774038461 0
1 0.7676995096153847 0.15559702884615384 0.7539845192307693 0.07781545432692308 0.6710965336538461 0.09243084134615386 0.6848115240384616 0.1702124158653846 0.7676995096153847 0.15559702884615384
1 0.7036408245192308 0.07964083173076923 0.6901670120192308 0.003227043269230769 0.6326173076923076 0.013374608173076924 0.6460911201923077 0.08978839663461538 0.7036408245192308 0.07964083173076923
1 0.6993289519230769 0.10437648076923077 0.6868198509615385 0.03343384855769231 0.6061887163461539 0.047651293269230774 0.6186978173076922 0.11859392548076923 0.6993289519230769 0.10437648076923077
1 0.6711501875000001 0.13322648798076922 0.6639309254807693 0.09228401682692308 0.5963792692307692 0.10419519711538462 0.6035985312500001 0.14513766586538462 0.6711501875000001 0.13322648798076922
1 0.6363972524038461 0.18298010096153844 0.6277470024038462 0.13392208653846155 0.5847642451923076 0.14150110576923078 0.5934144975961538 0.1905591201923077 0.6363972524038461 0.18298010096153844
1 0.6413583557692307 0.19761878846153846 0.6348626274038461 0.1607796826923077 0.5788003918269231 0.17066496634615386 0.5852961201923077 0.2075040721153846 0.6413583557692307 0.19761878846153846
1 0.6324664615384615 0.23717114423076924 0.6230765985576923 0.1839185793269231 0.5686044182692307 0.1935234951923077 0.5779942836538461 0.24677606009615383 0.6324664615384615 0.23717114423076924
1 0.6042133894230769 0.30129212259615384 0.5981839399038461 0.2670974086538461 0.5644337596153846 0.2730484759615385 0.5704632091346153 0.3072431899038462 0.6042133894230769 0.30129212259615384
1 0.5797642043269231 0.31980034375 0.5745869182692307 0.29043848076923073 0.5559678966346154 0.2937215168269231 0.5611451826923077 0.3230833798076923 0.5797642043269231 0.31980034375
1 0.6264841658653846 0.41319903365384614 0.6211300120192308 0.38283412980769227 0.59661240625 0.38715724519230765 0.6019665576923077 0.4175221490384615 0.6264841658653846 0.41319903365384614
1 0.6063700961538461 0.4206005504807692 0.6016912427884615 0.39406545192307696 0.5894324399038461 0.3962270096153846 0.5941112932692307 0.4227621081730769 0.6063700961538461 0.4206005504807692
1 0.5964877307692308 0.4302408389423077 0.5921304471153847 0.40552945913461536 0.5825388317307693 0.40722072115384617 0.5868961153846154 0.4319320985576923 0.5964877307692308 0.4302408389423077
1 0.5735114254807692 0.4088124951923077 0.5778687091346154 0.433523875 0.5868961153846154 0.4319320985576923 0.5825388317307693 0.40722072115384617 0.5735114254807692 0.4088124951923077
1 0.5748567307692307 0.3822494038461538 0.5703386634615385 0.35662616826923077 0.5559255913461538 0.35916758173076924 0.5604436610576923 0.3847908173076923 0.5748567307692307 0.3822494038461538
1 0.5611028798076924 0.3885294423076923 0.5567616754807692 0.36390924759615384 0.5471700576923078 0.3656005096153846 0.5515112620192307 0.39022070192307695 0.5611028798076924 0.3885294423076923
1 0.55485375 0.3935802115384615 0.5513486298076923 0.37370168509615387 0.5433470649038461 0.3751125769230769 0.5468521875 0.39499110336538457 0.55485375 0.3935802115384615
1 0.5451420576923077 0.3259051610576923 0.5417977235576923 0.3069384927884615 0.5311289711538462 0.3088196826923077 0.5344733052884615 0.3277863509615385 0.5451420576923077 0.3259051610576923
1 0.5666529831730769 0.30453028125 0.5636462956730769 0.2874785168269231 0.5449759807692307 0.29077059855769233 0.5479826682692308 0.3078223605769231 0.5666529831730769 0.30453028125
1 0.557238485576923 0.3198233533653846 0.5532349302884616 0.2971180625 0.5372318028846154 0.29993984615384617 0.5412353581730769 0.3226451370192308 0.557238485576923 0.3198233533653846
1 0.5798870288461538 0.26110959134615386 0.5747097403846154 0.23174773076923078 0.5352661370192308 0.23870270192307694 0.5404434254807693 0.2680645625 0.5798870288461538 0.26110959134615386
1 0.58720959375 0.22465457692307694 0.5811962235576923 0.19055105048076923 0.5337510600961538 0.19891691346153847 0.5397644302884615 0.23302043990384616 0.58720959375 0.22465457692307694
1 0.5777914014423077 0.20873333653846154 0.5717780288461538 0.17462980769230768 0.5392588557692307 0.18036381490384615 0.5452722283653846 0.21446734374999998 0.5777914014423077 0.20873333653846154
1 0.5371903990384616 0.2217216875 0.53067859375 0.18479139663461538 0.4939021778846154 0.1912760721153846 0.5004139855769231 0.22820636298076924 0.5371903990384616 0.2217216875
1 0.5025574134615385 0.1467823341346154 0.5077347019230769 0.1761441923076923 0.5807746129807693 0.1632652860576923 0.5755973245192307 0.13390342548076922 0.5625544831730769 0.13620323076923077 0.5585938870192307 0.1124561346153846 0.6113734278846154 0.10314967788461539 0.6041863221153846 0.06238957932692308 0.556797110576923 0.10226611057692307 0.55140678125 0.07169603605769231 0.5555811947115384 0.10275132932692309 0.5091853870192308 0.14127845673076925 0.5103831201923077 0.1454024495192308 0.5069760624999999 0.14311308173076923 0.5077745528846154 0.1458624110576923 0.5047667379807692 0.14494770673076923 0.5051659831730769 0.14632237259615383 0.5025574134615385 0.1467823341346154
1 0.5572448822115385 0.10780491105769231 0.5518907283653847 0.0774400048076923 0.5161914471153847 0.08373475 0.5215456009615385 0.11409965625 0.5572448822115385 0.10780491105769231
1 0.6424703966346154 0.06955417067307693 0.634945641826923 0.026879165865384615 0.5647780889423077 0.03925159855769231 0.57230284375 0.08192660336538463 0.6424703966346154 0.06955417067307693
1 0.5738816754807693 0 0.5804642932692308 0.03733188701923077 0.6604286298076923 0.023232016826923076 0.6563321995192308 0 0.5738816754807693 0
1 0.5322068701923077 0 0.5390653485576923 0.03889635817307692 0.5768163149038462 0.032239843750000004 0.5711315600961538 0 0.5322068701923077 0
1 0.5789850408653846 0.06523488701923078 0.571186951923077 0.02100972596153846 0.5218439807692308 0.02971022355769231 0.5296420697115385 0.07393538461538461 0.5789850408653846 0.06523488701923078
1 0.5840819591346154 0.43336851923076924 0.580126639423077 0.41093678846153847 0.5657135673076923 0.41347820192307694 0.5696688870192308 0.43590993269230766 0.5840819591346154 0.43336851923076924
1 0.5745248870192308 0.43975473798076925 0.5703444663461539 0.4160464038461538 0.5603938076923077 0.4178009735576923 0.5645742259615385 0.4415093100961538 0.5745248870192308 0.43975473798076925
1 0.5650405024038462 0.4441536995192308 0.5598149783653846 0.41451828365384613 0.5523776274038462 0.4158296875 0.5576031514423077 0.44546510576923076 0.5650405024038462 0.4441536995192308
1 0.5619490841346153 0.3639347788461539 0.5578972932692308 0.34095593028846155 0.5323538413461538 0.3454599278846154 0.5364056322115385 0.3684387764423077 0.5619490841346153 0.3639347788461539
1 0.5305804519230769 0.2901122043269231 0.5262874831730769 0.2657655673076923 0.5125925 0.2681803629807692 0.5168854687500001 0.29252699759615386 0.5305804519230769 0.2901122043269231