1 0.6279222740384616 0.8706902379807692 0.6307055096153846 0.7909888197115384 0.4898538653846154 0.7860701706730769 0.48707062980769233 0.8657715889423077 0.6279222740384616 0.8706902379807692
1 0.6830145913461538 0.8287123605769231 0.6867052139423078 0.7230267788461539 0.5271930673076923 0.7174564927884616 0.5235024471153846 0.8231420721153846 0.6830145913461538 0.8287123605769231
1 0.935876704326923 0.6638116682692308 0.9369193269230769 0.6339548653846154 0.8683673629807692 0.6315609783653847 0.8673247403846154 0.6614177788461538 0.935876704326923 0.6638116682692308
1 0.8777374423076924 0.6497740841346153 0.8786404663461538 0.6239148461538462 0.8250012860576923 0.6220417259615385 0.8240982620192308 0.6479009639423077 0.8777374423076924 0.6497740841346153
1 0.8343713677884614 0.6402548317307691 0.8353441899038461 0.6123968125 0.8004435889423077 0.6111780576923077 0.799470764423077 0.6390360769230768 0.8343713677884614 0.6402548317307691
1 0.9681392307692308 0.6689407379807691 0.9693912499999999 0.6330875913461539 0.9245748173076923 0.6315225673076923 0.9233227980769231 0.6673757139423077 0.9681392307692308 0.6689407379807691
1 0.4875465168269231 0.9595953533653846 0.49290795192307696 0.8060639375 0.17005786778846155 0.7947897644230769 0.1646964326923077 0.9483211802884616 0.4875465168269231 0.9595953533653846
1 0.5335352451923077 0.9992244783653846 0.5368114350961538 0.9054066634615385 0.24144460096153847 0.8950922259615385 0.2381684110576923 0.9889100408653846 0.5335352451923077 0.9992244783653846
1 0.23809861057692305 0.9909088221153847 0.2395600264423077 0.9490593317307692 0.10987345192307692 0.9445305769230768 0.10841203605769231 0.9863800673076923 0.23809861057692305 0.9909088221153847
1 0.9131943701923078 0.5141789134615384 0.9140319567307693 0.49019353365384616 0.8798340528846154 0.4889993149038461 0.8789964639423077 0.5129846947115385 0.9131943701923078 0.5141789134615384
1 0.8489838581730769 0.4926748990384615 0.8481113725961538 0.5176596682692307 0.8805915745192308 0.5187939038461539 0.8814640600961539 0.49380913221153844 0.8489838581730769 0.4926748990384615
1 0.8481113725961538 0.5176596682692307 0.8489838581730769 0.4926748990384615 0.81650365625 0.49154066586538464 0.815631170673077 0.5165254350961539 0.8481113725961538 0.5176596682692307
1 0.7868329014423078 0.49725865384615386 0.785990951923077 0.5213689567307692 0.8142549735576924 0.5223559591346154 0.815096923076923 0.49824565625 0.7868329014423078 0.49725865384615386
1 0.7815086634615385 0.5288420793269231 0.7825469230769231 0.49911020432692305 0.7531117403846154 0.49808230528846154 0.7520734807692308 0.5278141802884615 0.7815086634615385 0.5288420793269231
1 0.7205006658653846 0.5006957860576923 0.7195932788461538 0.5266799471153847 0.7526200216346154 0.5278332668269231 0.7535274086538462 0.5018491057692308 0.7205006658653846 0.5006957860576923
1 0.78202625 0.5655074783653846 0.7826980649038462 0.5462692067307692 0.7496713221153846 0.5451158870192307 0.7489995048076923 0.5643541610576923 0.78202625 0.5655074783653846
1 0.7832223485576922 0.5491642668269231 0.7826508677884616 0.5655292908653846 0.8145064519230769 0.5666417139423077 0.8150779302884616 0.5502766875 0.7832223485576922 0.5491642668269231
1 0.8478036658653847 0.5600497524038461 0.8483751466346153 0.5436847283653846 0.8165195625 0.5425723076923077 0.8159480841346153 0.5589373317307692 0.8478036658653847 0.5600497524038461
1 0.8484405817307692 0.5418108701923077 0.8478036658653847 0.5600497524038461 0.8820796490384615 0.5612466971153846 0.8827165649038461 0.5430078149038462 0.8484405817307692 0.5418108701923077
1 0.9550484663461538 0.5580413197115385 0.9556853822115384 0.5398024375 0.9220340192307692 0.5386273052884616 0.9213971033653846 0.5568661874999999 0.9550484663461538 0.5580413197115385
1 0.9163171225961538 0.49415069471153844 0.9156802067307692 0.512389576923077 0.9517519687499999 0.5136492307692307 0.9523888846153846 0.49541034855769234 0.9163171225961538 0.49415069471153844
1 0.955516 0.4752572067307692 0.9563230504807693 0.4521462932692308 0.9166597259615384 0.45076121875 0.9158526754807692 0.47387213221153845 0.955516 0.4752572067307692
1 0.9150237740384616 0.41030448076923076 0.9143519591346153 0.42954275480769233 0.9528441225961538 0.43088693028846153 0.9535159375 0.41164865625 0.9150237740384616 0.41030448076923076
1 0.9525943124999999 0.3861464110576923 0.9560838677884615 0.38959984375 0.9568560192307692 0.3674883221153846 0.9527179182692307 0.36734381730769233 0.9543951201923077 0.3528935480769231 0.9556384158653847 0.31729025 0.9189420336538461 0.31600878365384616 0.9176987403846154 0.3516120817307692 0.9281674110576923 0.3619723822115385 0.9278893028846155 0.36647678365384617 0.9196130961538462 0.3661877716346154 0.9188409447115385 0.3882992932692308 0.951945766826923 0.38945533894230766 0.9525943124999999 0.3861464110576923
1 0.9864164759615384 0.34925886298076925 0.9872235264423076 0.32614794951923076 0.9547433245192308 0.32501371634615384 0.9539362740384616 0.3481246298076923 0.9864164759615384 0.34925886298076925
1 0.9839595961538462 0.3144018846153846 0.9853686634615385 0.27405148076923075 0.9529665384615384 0.2729199735576923 0.9515574711538461 0.31327037740384617 0.9839595961538462 0.3144018846153846
1 0.9159996850961538 0.2793837860576923 0.914690954326923 0.31686094230769235 0.9513873365384615 0.31814240865384613 0.9526960673076924 0.28066525240384615 0.9159996850961538 0.2793837860576923
1 0.9472306490384615 0.2804743966346154 0.9486746153846154 0.23912460096153848 0.9162724903846153 0.23799309375 0.9148285240384616 0.27934288942307695 0.9472306490384615 0.2804743966346154
1 0.9503949975961539 0.2256764471153846 0.9484493509615385 0.2813924879807692 0.9838964927884616 0.2826303293269231 0.985842141826923 0.22691429086538462 0.9503949975961539 0.2256764471153846
1 0.9135015528846153 0.2994338173076923 0.9150763918269231 0.2543363052884616 0.87962925 0.25309846394230767 0.8780544086538461 0.29819597596153846 0.9135015528846153 0.2994338173076923
1 0.8504745 0.2597100048076923 0.8491308677884616 0.2981865528846154 0.8762237283653846 0.29913265624999996 0.8775673605769231 0.26065610817307694 0.8504745 0.2597100048076923
1 0.8491963052884616 0.2963126947115385 0.8504745 0.2597100048076923 0.8161985168269231 0.2585130625 0.8149203221153846 0.29511575 0.8491963052884616 0.2963126947115385
1 0.8512784639423077 0.33966176682692306 0.8523865216346154 0.30793110817307695 0.8181886177884615 0.3067368918269231 0.8170805576923077 0.33846755048076926 0.8512784639423077 0.33966176682692306
1 0.8511150240384615 0.3107634591346154 0.8501073028846153 0.3396208701923077 0.8801671033653846 0.34067058173076925 0.881174826923077 0.31181317067307696 0.8511150240384615 0.3107634591346154
1 0.8095488870192308 0.3459592620192308 0.8105915096153846 0.31610246153846155 0.7817809471153846 0.31509637500000004 0.7807383245192308 0.3449531754807692 0.8095488870192308 0.3459592620192308
1 0.7465095384615386 0.3244961466346154 0.7458377235576923 0.3437344206730769 0.7801137043269232 0.3449313629807692 0.7807855192307692 0.3256930913461539 0.7465095384615386 0.3244961466346154
1 0.7461264350961538 0.35337536778846157 0.74713415625 0.3245179591346154 0.7266778774038462 0.3238036105769231 0.7256701538461539 0.35266101923076926 0.7461264350961538 0.35337536778846157
1 0.6886445600961538 0.3272283533653846 0.687802610576923 0.35133865625 0.7256701538461539 0.35266101923076926 0.7265121033653846 0.32855071634615385 0.6886445600961538 0.3272283533653846
1 0.68726603125 0.3667042908653846 0.6886445600961538 0.3272283533653846 0.6681882788461538 0.32651400240384615 0.66680975 0.36598993990384615 0.68726603125 0.3667042908653846
1 0.6944332451923076 0.31592348798076925 0.6953755336538462 0.28893993509615384 0.6707811490384615 0.28808108173076924 0.6698388629807692 0.31506463221153846 0.6944332451923076 0.31592348798076925
1 0.6968908798076924 0.2813632043269231 0.6956475841346154 0.31696650240384616 0.7094672860576924 0.3174490985576923 0.7107105817307692 0.28184580048076924 0.6968908798076924 0.2813632043269231
1 0.7473697283653846 0.3177720697115385 0.7485475865384615 0.2840426298076923 0.7178631658653847 0.2829711057692308 0.7166853076923078 0.3167005480769231 0.7473697283653846 0.3177720697115385
1 0.7519507716346154 0.2716538533653846 0.750336670673077 0.31787567788461535 0.7779760721153846 0.31884086778846155 0.7795901754807691 0.27261904086538463 0.7519507716346154 0.2716538533653846
1 0.8105034711538461 0.3007150168269231 0.8114457572115386 0.2737314639423077 0.7802147932692307 0.27264085336538463 0.7792725072115385 0.29962440625000003 0.8105034711538461 0.3007150168269231
1 0.8099704999999999 0.38537298798076924 0.8107731899038462 0.3623869975961539 0.7801668461538462 0.3613181995192308 0.77936415625 0.3843041899038461 0.8099704999999999 0.38537298798076924
1 0.7497405985576923 0.37076209375 0.7493043533653846 0.3832544783653846 0.77936415625 0.3843041899038461 0.7798004014423078 0.3718118052884615 0.7497405985576923 0.37076209375
1 0.7490687836538462 0.39000036538461536 0.7497405985576923 0.37076209375 0.726239298076923 0.3699414086538461 0.725567483173077 0.38917968269230774 0.7490687836538462 0.39000036538461536
1 0.6942484807692307 0.37270162740384616 0.693677 0.38906665144230773 0.7237368028846153 0.39011636298076924 0.72430828125 0.3737513389423077 0.6942484807692307 0.37270162740384616
1 0.7090977548076923 0.43100537740384615 0.7097346706730769 0.4127664951923077 0.685686829326923 0.41192672596153845 0.6850499134615385 0.4301656081730769 0.7090977548076923 0.43100537740384615
1 0.7207226658653846 0.4092728413461538 0.7198501778846154 0.4342576129807692 0.7498319038461538 0.43530459615384615 0.7507043894230769 0.41031982692307695 0.7207226658653846 0.4092728413461538
1 0.7825127764423077 0.4306923341346154 0.7831845913461539 0.4114540600961538 0.7513290096153846 0.41034163942307694 0.7506571947115385 0.4295799110576923 0.7825127764423077 0.4306923341346154
1 0.7832849278846153 0.4085808125 0.7825127764423077 0.4306923341346154 0.8101521802884615 0.43165752163461535 0.8109243317307692 0.409546 0.7832849278846153 0.4085808125
1 0.8475925096153846 0.3780565192307692 0.8482294254807693 0.35981763701923075 0.8151246057692307 0.3586615913461539 0.8144876899038462 0.3769004735576923 0.8475925096153846 0.3780565192307692
1 0.8484300985576922 0.35407113942307694 0.8475925096153846 0.3780565192307692 0.8776523125 0.3791062307692308 0.8784898990384615 0.3551208509615385 0.8484300985576922 0.35407113942307694
1 0.8824891971153845 0.35526050961538463 0.8816280072115384 0.35907368509615384 0.8784898990384615 0.3551208509615385 0.8753830552884616 0.42618071153846154 0.9120013581730769 0.42745944951923076 0.9130090817307692 0.3986020408653846 0.8973185456730769 0.37883786298076927 0.8978145769230769 0.37505741586538466 0.9138117692307692 0.37561605048076924 0.9144835865384615 0.35637777884615385 0.8824891971153845 0.35526050961538463
1 0.8436401033653845 0.40393434615384616 0.8429028533653846 0.4250464783653846 0.8753830552884616 0.42618071153846154 0.8761203052884615 0.4050685793269231 0.8436401033653845 0.40393434615384616
1 0.8434576730769231 0.4270670721153846 0.8442647235576923 0.40395615865384615 0.8184211009615385 0.40305368028846156 0.8176140504807693 0.42616459134615386 0.8434576730769231 0.4270670721153846
1 0.8498563461538461 0.46769012740384613 0.8503929254807693 0.45232449519230766 0.8143211634615385 0.4510648413461539 0.8137845841346153 0.4664304735576923 0.8498563461538461 0.46769012740384613
1 0.8488327163461539 0.4455158966346154 0.8480605649038462 0.46762741826923077 0.8823365480769231 0.46882436057692306 0.8831086995192308 0.4467128389423077 0.8488327163461539 0.4455158966346154
1 0.9150091442307692 0.4622105889423077 0.9156460600961539 0.44397170673076924 0.8819946971153846 0.4427965769230769 0.88135778125 0.4610354591346154 0.9150091442307692 0.4622105889423077
1 0.9898355673076923 0.3879017283653846 0.990742954326923 0.36191756490384613 0.9588873725961539 0.36080514423076926 0.9579799855769231 0.3867893052884615 0.9898355673076923 0.3879017283653846
1 0.8063004543269231 0.47479937980769227 0.8070028052884616 0.4546866394230769 0.7805345649038462 0.4537623485576923 0.7798322115384615 0.4738750889423077 0.8063004543269231 0.47479937980769227
1 0.746817764423077 0.45446107451923073 0.7459452788461539 0.4794458461538461 0.7795966418269231 0.4806209759615384 0.7804691274038462 0.4556362067307692 0.746817764423077 0.45446107451923073
1 0.7464569206730769 0.4804643221153846 0.7473643076923077 0.45448016105769234 0.7215206850961539 0.4535776802884615 0.7206132980769231 0.47956184375 0.7464569206730769 0.4804643221153846
1 0.684107625 0.45714916105769227 0.6833049375000001 0.48013514903846155 0.7187520817307692 0.48137299038461534 0.7195547692307692 0.45838700240384617 0.684107625 0.45714916105769227
1 0.8125382019230769 0.6050964471153846 0.8134106899038461 0.5801116778846154 0.7839755072115384 0.5790837788461538 0.7831030192307692 0.6040685480769231 0.8125382019230769 0.6050964471153846
1 0.7498042235576924 0.5748886610576923 0.7488619350961538 0.6018722139423077 0.782513298076923 0.6030473461538461 0.7834555865384616 0.5760637932692307 0.7498042235576924 0.5748886610576923
1 0.7803693149038462 0.6308644663461538 0.7809407932692308 0.6144994423076923 0.7611091322115384 0.61380690625 0.7605376538461539 0.6301719302884615 0.7803693149038462 0.6308644663461538
1 0.7807706586538461 0.6193714735576923 0.7803693149038462 0.6308644663461538 0.8200326370192308 0.6322495408653845 0.8204339831730769 0.6207565456730768 0.7807706586538461 0.6193714735576923
0 1 0.26305540625 0.9658602692307692 0.2618632235576923 0.9499809975961538 0.7165860480769232 0.9910497139423077 0.7180201995192307 1 0.46171755048076923 1 0.26305540625
3 0.6918498028846154 0.6786793076923078 0.6952655889423076 0.5808639302884615 0.6406894807692307 0.5789580913461538 0.6372736923076924 0.67677346875 0.6918498028846154 0.6786793076923078
3 0.9402341274038462 0.5860413629807693 0.941097891826923 0.5613064399038461 0.9089299975961538 0.5601831129807692 0.9080662355769231 0.5849180360576923 0.9402341274038462 0.5860413629807693
3 0.9514723653846153 0.6111988966346154 0.9523361274038462 0.5864639735576923 0.9080662355769231 0.5849180360576923 0.9072024735576923 0.6096529591346154 0.9514723653846153 0.6111988966346154
3 0.9503075937500001 0.6445535673076923 0.9514723653846153 0.6111988966346154 0.9089201754807692 0.6097129423076922 0.90775540625 0.6430676105769231 0.9503075937500001 0.6445535673076923
3 0.8683761899038461 0.6089224951923077 0.8672332307692308 0.641652545673077 0.90775540625 0.6430676105769231 0.9088983653846154 0.6103375625 0.8683761899038461 0.6089224951923077
3 0.8691439783653846 0.5869358990384616 0.8683761899038461 0.6089224951923077 0.9046821850961538 0.6101903293269231 0.9054499735576923 0.5882037307692308 0.8691439783653846 0.5869358990384616
3 0.8675310769230768 0.5614891081730768 0.8666455024038461 0.5868486490384616 0.9066992115384616 0.5882473557692308 0.9075847860576923 0.5628878125 0.8675310769230768 0.5614891081730768
3 0.868582423076923 0.5313824591346153 0.8675310769230768 0.5614891081730768 0.9088340240384615 0.5629314375 0.9098853725961539 0.5328247884615385 0.868582423076923 0.5313824591346153