1 0.7419809495192309 0.7286387115384615 0.7395153653846154 0.6580336009615385 0.5696709759615385 0.6639646971153846 0.5721365625 0.7345698076923076 0.7419809495192309 0.7286387115384615
1 0.8391756201923077 0.7196856586538461 0.8371462788461539 0.6615729302884615 0.6992615745192308 0.6663879711538462 0.7012909158653847 0.7245006971153847 0.8391756201923077 0.7196856586538461
1 0.9348604423076924 0.7122677115384615 0.9327309254807693 0.6512863629807693 0.8275346322115384 0.6549598990384615 0.8296641466346154 0.715941247596154 0.9348604423076924 0.7122677115384615
1 0.7137744471153845 0.27758907692307694 0.7124689471153847 0.24020445913461538 0.6665073774038461 0.2418094735576923 0.6678128774038462 0.2791940913461538 0.7137744471153845 0.27758907692307694
1 0.7570059206730769 0.2649615192307692 0.7564274927884616 0.24839754086538463 0.715098516826923 0.24984077884615383 0.7156769447115384 0.26640475721153845 0.7570059206730769 0.2649615192307692
1 0.8929002307692309 0.3822347596153846 0.8913556057692307 0.33800246153846153 0.7448823870192308 0.3431174182692308 0.7464270120192308 0.38734971634615384 0.8929002307692309 0.3822347596153846
1 0.8414835576923078 0.21568697836538464 0.8362615576923077 0.0661485 0.6578807067307693 0.07237769471153846 0.6631027067307692 0.22191617548076922 0.8414835576923078 0.21568697836538464
1 0.6722248245192308 0.1936176153846154 0.6697172307692308 0.12180953365384616 0.5799802620192308 0.12494321875 0.5824878557692308 0.19675130048076922 0.6722248245192308 0.1936176153846154
1 0.5238507403846154 0.3412931634615385 0.5228813100961538 0.31353230769230767 0.4566716682692308 0.3158443990384615 0.4576410985576923 0.34360525480769233 0.5238507403846154 0.3412931634615385
1 0.5277187692307692 0.45205898076923073 0.5262193822115384 0.40912218990384613 0.47010775 0.4110816514423077 0.30102197115384616 0.5994872019230769 0.10072576682692308 0.7187899711538462 0.10281327403846154 0.7785683485576923 0.19905668990384615 0.7752074543269232 0.19696918509615385 0.7154290769230769 0.29885420673076923 0.6019026586538462 0.4716071370192308 0.4540184423076923 0.5277187692307692 0.45205898076923073
1 0.2198687548076923 0.7279708677884614 0.2184178389423077 0.6864221201923077 0.15111511298076924 0.6887723822115385 0.15256602884615383 0.7303211322115384 0.2198687548076923 0.7279708677884614
1 0.1468358701923077 0.8602298774038462 0.14277395673076923 0.743911889423077 0.010927240384615384 0.7485160769230769 0.014989153846153846 0.8648340673076922 0.1468358701923077 0.8602298774038462
1 0.16848239182692307 0.9443404783653846 0.16372571875 0.8081272091346154 0.05436529567307692 0.8119461610576924 0.05912196634615385 0.9481594278846154 0.16848239182692307 0.9443404783653846
1 0.08808423557692308 1 0.08518740625 0.9170456177884615 0.017832629807692308 0.9193976995192308 0.02064732451923077 1 0.08808423557692308 1
1 0.3684035384615385 0.40879635096153843 0.3678445 0.3927875889423077 0.3457225697115385 0.39356010576923073 0.3462816081730769 0.4095688653846154 0.3684035384615385 0.40879635096153843
1 0.31926314903846154 0.3984679951923077 0.30575575721153847 0.39893968509615385 0.2914663605769231 0.37701761538461537 0.2922483677884615 0.3994113725961539 0.3030542788461539 0.3990340216346154 0.32070050961538465 0.4008266778846154 0.3441757836538461 0.40000690384615384 0.3433646923076923 0.37678031971153847 0.3198894206730769 0.37760009615384615 0.3184811418269231 0.3760742403846154 0.3186766442307692 0.3816726778846154 0.3200516394230769 0.38224541105769233 0.3202138557692308 0.3868907283653846 0.3188721466346154 0.3872711177884615 0.3203760745192307 0.3915360456730769 0.3190676490384616 0.3928695576923077 0.3205382932692308 0.39618136057692305 0.31926314903846154 0.3984679951923077
1 0.2691219014423077 0.38335684375 0.26971002403846156 0.4001984278846154 0.29854661298076923 0.3991914326923077 0.2979584903846154 0.3823498485576923 0.2691219014423077 0.38335684375
1 0.34145231490384614 0.36081881971153845 0.3407252403846154 0.33999817548076927 0.3150117475961538 0.3408961105769231 0.3157388221153846 0.3617167548076923 0.34145231490384614 0.36081881971153845
1 0.36550180528846155 0.3391329591346154 0.3650526346153846 0.32627043028846153 0.34204582692307695 0.32707384615384616 0.34249499519230764 0.339936375 0.36550180528846155 0.3391329591346154
1 0.3651312620192308 0.37926293028846153 0.364459125 0.3600154038461539 0.33921409375 0.3608969807692307 0.3398862331730769 0.3801445072115385 0.3651312620192308 0.37926293028846153
1 0.29382674278846155 0.3416359086538462 0.2944407163461538 0.35921778365384616 0.31562572115384613 0.35847798798076924 0.3150117475961538 0.3408961105769231 0.29382674278846155 0.3416359086538462
1 0.29402718509615383 0.3608072596153846 0.2933841298076923 0.3423925576923077 0.26678576201923077 0.34332139423076924 0.2674288173076923 0.36173609375 0.29402718509615383 0.3608072596153846
1 0.24289407451923078 0.3441557091346154 0.24365023076923079 0.36580917788461537 0.26801038221153844 0.36495850240384614 0.26725422596153847 0.3433050360576923 0.24289407451923078 0.3441557091346154
1 0.265118875 0.3209585360576923 0.2645307548076923 0.3041169519230769 0.2415239471153846 0.3049203653846154 0.2421120673076923 0.3217619519230769 0.265118875 0.3209585360576923
1 0.2945628822115384 0.32391423557692306 0.29361284134615384 0.2967085985576923 0.2656611298076923 0.2976846923076923 0.26661117067307694 0.32489033173076926 0.2945628822115384 0.32391423557692306
1 0.31641346634615386 0.32880278846153843 0.3155732932692308 0.3047433798076923 0.2907446778846154 0.30561041346153844 0.29158485096153847 0.32966982211538465 0.31641346634615386 0.32880278846153843
1 0.36139635096153844 0.3111110216346154 0.3606434278846154 0.2895500889423077 0.3353983990384615 0.2904316634615384 0.3361513245192308 0.3119925961538461 0.36139635096153844 0.3111110216346154
1 0.38139604807692307 0.31523036538461535 0.38061404086538464 0.29283660817307694 0.35984544951923075 0.29356186298076925 0.3606274567307692 0.31595562019230766 0.38139604807692307 0.31523036538461535
1 0.3848933629807692 0.2870355817307692 0.38380113701923074 0.25575834615384613 0.35949303605769234 0.2566072043269231 0.36058526201923075 0.2878844375 0.3848933629807692 0.2870355817307692
1 0.36061434375 0.28871726201923076 0.3593831682692308 0.2534609759615385 0.33278479807692307 0.2543898125 0.3340159759615385 0.2896460985576923 0.36061434375 0.28871726201923076
1 0.31290475961538466 0.2671284110576923 0.3137707836538462 0.2919281105769231 0.33542425 0.29117195432692305 0.33455822596153845 0.2663722548076923 0.31290475961538466 0.2671284110576923
1 0.3119489759615384 0.2919917283653846 0.3109698509615385 0.2639532644230769 0.28889997115384614 0.26472396153846156 0.28987909615384616 0.29276242548076925 0.3119489759615384 0.2919917283653846
1 0.27182992788461535 0.26689509375 0.27275411778846154 0.2933604423076923 0.28941063221153845 0.29277878365384613 0.2884864423076923 0.26631343509615385 0.27182992788461535 0.26689509375
1 0.3019356634615385 0.44400786538461534 0.3009274543269231 0.41513657451923075 0.2711539375 0.4161762884615384 0.2721621466346154 0.4450475817307692 0.3019356634615385 0.44400786538461534
1 0.32154435576923074 0.43693033173076923 0.3208431346153846 0.4168499807692308 0.29289142307692306 0.41782607692307694 0.29359264423076925 0.43790642788461537 0.32154435576923074 0.43693033173076923
1 0.3412629182692308 0.4329990288461539 0.3404227451923077 0.40893962019230773 0.31606259374999995 0.4097902956730769 0.31690276682692303 0.4338497043269231 0.3412629182692308 0.4329990288461539
1 0.3715987067307692 0.4480606105769231 0.37075853365384615 0.42400120192307694 0.34457657451923074 0.4249154951923077 0.3454167475961538 0.44897490625 0.3715987067307692 0.4480606105769231
1 0.36890513461538466 0.47539349038461537 0.36828793269230775 0.4577190769230769 0.3466344639423077 0.4584752331730769 0.34725166826923076 0.4761496442307692 0.36890513461538466 0.47539349038461537
1 0.34855007451923076 0.47452926923076927 0.3477648365384616 0.4520429759615385 0.3265798341346154 0.4527827716346154 0.3273650721153846 0.4752690673076923 0.34855007451923076 0.47452926923076927
1 0.3013638870192308 0.4544971754807693 0.30212004326923075 0.47615064182692307 0.32377351201923077 0.4753944855769231 0.3230173557692308 0.4537410192307692 0.3013638870192308 0.4544971754807693
1 0.3020106153846154 0.4849561201923077 0.3009183918269231 0.4536788894230769 0.2743200192307692 0.4546077259615385 0.27541224519230767 0.4858849567307692 0.3020106153846154 0.4849561201923077
1 0.24620682932692306 0.46439111778846154 0.2469629855769231 0.4860445841346154 0.2744462331730769 0.4850848485576923 0.27369007692307695 0.46343138221153846 0.24620682932692306 0.46439111778846154
1 0.27055675240384613 0.43787701682692304 0.27005264903846155 0.42344137259615383 0.24163247115384617 0.4244338269230769 0.2421365769230769 0.43886947115384617 0.27055675240384613 0.43787701682692304
1 0.24329970432692308 0.4453142884615385 0.24251446634615387 0.42282799278846156 0.21815431490384615 0.4236786682692308 0.2189395528846154 0.4461649615384615 0.24329970432692308 0.4453142884615385
1 0.24900731971153847 0.48041425240384616 0.24847413221153847 0.4651457836538461 0.22010600721153845 0.46613642067307687 0.22063919471153845 0.4814048894230769 0.24900731971153847 0.48041425240384616
1 0.2503225144230769 0.5180764807692307 0.24970531009615385 0.5004020697115384 0.2235754014423077 0.501314545673077 0.22419260576923075 0.5189889567307693 0.2503225144230769 0.5180764807692307
1 0.27782873076923076 0.5162821033653846 0.27726969230769233 0.5002733413461539 0.24796463701923077 0.5012966971153846 0.2485236754807692 0.5173054591346153 0.27782873076923076 0.5162821033653846
1 0.2971369927884615 0.5140328100961539 0.29654887259615387 0.4971912235576923 0.27489540384615385 0.49794737980769227 0.27548352403846155 0.5147889663461538 0.2971369927884615 0.5140328100961539
1 0.3258604807692308 0.5097870480769231 0.32527236057692305 0.4929454591346154 0.29555089423076925 0.49398335576923075 0.29613901442307694 0.5108249447115385 0.3258604807692308 0.5097870480769231
1 0.3514899567307692 0.5064831706730769 0.3505657668269231 0.4800178221153846 0.31943890865384617 0.48110479567307696 0.3203630985576923 0.5075701442307692 0.3514899567307692 0.5064831706730769
1 0.36757953365384616 0.5926408052884615 0.36679429567307686 0.5701545120192308 0.3257776298076923 0.5715868461538461 0.32656286778846155 0.5940731394230769 0.36757953365384616 0.5926408052884615
1 0.3255903004807692 0.5796538533653846 0.32511204807692307 0.5659584975961539 0.28321050721153845 0.5674217307692307 0.2836887596153846 0.5811170865384615 0.3255903004807692 0.5796538533653846
1 0.2760462355769231 0.5428419711538461 0.27557121634615384 0.5292391538461538 0.25256440625 0.5300425673076923 0.25303942548076924 0.5436453870192308 0.2760462355769231 0.5428419711538461
1 0.27575603846153846 0.5733336394230769 0.2752810168269231 0.5597308173076923 0.2568026971153846 0.56037609375 0.2572777163461538 0.5739789158653846 0.27575603846153846 0.5733336394230769
1 0.2233167932692308 0.48047754567307693 0.22281268990384615 0.4660419014423077 0.1993374182692308 0.46686167548076923 0.19984152163461538 0.48129731971153844 0.2233167932692308 0.48047754567307693
1 0.2187424375 0.4405202548076923 0.21815431490384615 0.4236786682692308 0.1888492596153846 0.4247020240384615 0.1894373798076923 0.4415436105769231 0.2187424375 0.4405202548076923
1 0.22278567307692307 0.40109587259615387 0.22216847115384614 0.3834214591346154 0.19421675721153847 0.38439755528846153 0.19483396153846153 0.40207196634615383 0.22278567307692307 0.40109587259615387
1 0.24468796153846156 0.40746500240384614 0.24387687259615387 0.38423842067307695 0.21592515865384615 0.3852145144230769 0.21673625 0.4084410985576923 0.24468796153846156 0.40746500240384614
1 0.27509753846153845 0.39926910096153845 0.2745643509615385 0.38400063221153846 0.24390595432692308 0.3850712451923077 0.24443914182692308 0.40033971634615384 0.27509753846153845 0.39926910096153845
1 0.238566375 0.3620028028846154 0.23794917067307694 0.3443283894230769 0.21046592307692308 0.345288125 0.21108312740384616 0.3629625384615384 0.238566375 0.3620028028846154
1 0.21299183413461537 0.36687979086538464 0.21212581009615386 0.34208009375 0.1891710504807692 0.3428816923076923 0.19003707692307692 0.36768138942307693 0.21299183413461537 0.36687979086538464
1 0.20976793269230767 0.32530031009615384 0.20915072836538462 0.30762589663461537 0.19291062740384615 0.3081930144230769 0.1935278317307692 0.3258674254807692 0.20976793269230767 0.32530031009615384
1 0.2378418125 0.2890206658653846 0.2369434735576923 0.2632956057692308 0.2125833221153846 0.26414628125 0.21348166105769228 0.28987134134615383 0.2378418125 0.2890206658653846
1 0.26291880528846157 0.2833272091346154 0.26207863221153843 0.2592677980769231 0.2309517716346154 0.2603547740384615 0.23179194471153847 0.28441418269230767 0.26291880528846157 0.2833272091346154
1 0.2142534375 0.28660167548076926 0.21358129807692305 0.2673541466346154 0.18562958653846154 0.26833024278846157 0.1863017235576923 0.2875777692307692 0.2142534375 0.28660167548076926
1 0.18348193990384615 0.28443352403846156 0.18275486778846156 0.2636128798076923 0.1629232043269231 0.26430541586538464 0.16365027884615382 0.2851260600961539 0.18348193990384615 0.28443352403846156
1 0.23512283173076923 0.32756496153846154 0.23434082451923077 0.30517120673076925 0.21180247836538463 0.30595826201923076 0.21258448557692308 0.32835201923076923 0.23512283173076923 0.32756496153846154
0 0.3564138125 0.31916018269230767 0.367782 0.6447024903846154 0.48229553365384614 0.6407035889423077 0.4709273461538462 0.31516128125 0.3564138125 0.31916018269230767
3 0.22080293509615384 0.6427937860576923 0.21822425 0.5689499086538462 0.1585210576923077 0.5710347908653847 0.16109974278846154 0.6448786682692307 0.22080293509615384 0.6427937860576923
3 0.3495411730769231 0.5208191754807692 0.3486072884615385 0.49407621634615384 0.3181570985576923 0.49513956009615384 0.31909098317307694 0.5218825192307692 0.3495411730769231 0.5208191754807692
3 0.3483617235576923 0.5422622884615385 0.34763788221153846 0.5215341826923077 0.31911360336538463 0.5225302740384615 0.31983744471153847 0.5432583798076923 0.3483617235576923 0.5422622884615385
3 0.3483309927884616 0.5622755528846154 0.34763300240384615 0.5422877355769231 0.3205661682692308 0.5432329326923078 0.32126415625000004 0.5632207475961539 0.3483309927884616 0.5622755528846154
3 0.35263774759615385 0.5781534423076923 0.35207870913461536 0.5621446802884615 0.3208997980769231 0.5632334711538461 0.3214588365384615 0.5792422331730769 0.35263774759615385 0.5781534423076923
3 0.3521393149038462 0.5534335552884616 0.35300210817307687 0.5781407187500001 0.3721570985576923 0.5774718100961539 0.3712943052884615 0.5527646466346154 0.3521393149038462 0.5534335552884616
3 0.3456654326923077 0.539669625 0.34615337980769234 0.5536425865384615 0.3712943052884615 0.5527646466346154 0.37080635817307694 0.5387916826923077 0.3456654326923077 0.539669625
3 0.3449642115384615 0.5195892692307692 0.3456654326923077 0.539669625 0.37835384375 0.5385281201923077 0.37765262019230766 0.5184477668269231 0.3449642115384615 0.5195892692307692