2 1 0.4324098629807693 0.7046934663461539 0.3642329759615385 0.5579150817307692 1 0.8939494975961538 1 1 0.5406448076923077 1 0.4324098629807693
1 0.5301516129807692 0.9306322139423078 0.560332545673077 0.7999042307692308 0.40747824278846156 0.7646150336538462 0.37729731009615386 0.8953430168269231 0.5301516129807692 0.9306322139423078
1 0.5741373942307693 0.8311008798076922 0.5961169879807693 0.7358968028846153 0.4233185456730769 0.6960031394230769 0.4013389543269231 0.7912072163461539 0.5741373942307693 0.8311008798076922
1 0.5897789807692309 0.7584875624999999 0.6072595504807692 0.682770889423077 0.46194139182692306 0.6492215480769231 0.44446081971153845 0.7249382211538461 0.5897789807692309 0.7584875624999999
1 0.6071546923076924 0.6769737211538461 0.6229246995192308 0.6086663173076923 0.4498978894230769 0.5687199302884616 0.4341278846153846 0.6370273341346154 0.6071546923076924 0.6769737211538461
1 0.6196810745192308 0.6039619206730769 0.6367164302884615 0.5301736899038462 0.47054066105769227 0.4918089903846154 0.45350530528846156 0.5655972211538461 0.6196810745192308 0.6039619206730769
1 0.63400475 0.5353206081730769 0.652750670673077 0.45412310336538464 0.48528081730769235 0.4154596394230769 0.46653489423076927 0.4966571466346154 0.63400475 0.5353206081730769
1 0.648640048076923 0.45317409134615383 0.6656754038461539 0.3793858581730769 0.4981294254807693 0.3407048221153846 0.48109406971153845 0.4144930528846154 0.648640048076923 0.45317409134615383
1 0.6512721298076923 0.4226719110576923 0.6785474447115385 0.30452954086538464 0.5138180072115385 0.26649875240384613 0.48654268990384614 0.38464112259615385 0.6512721298076923 0.4226719110576923
1 0.667726326923077 0.36425097596153844 0.7018204711538462 0.2165730120192308 0.5383851153846154 0.17884098798076925 0.5042909711538461 0.3265189495192308 0.667726326923077 0.36425097596153844
1 0.5015931322115385 0.18435166346153847 0.5113175793269231 0.14223045673076923 0.42324366105769234 0.12189699038461538 0.4135192139423077 0.16401819711538462 0.5015931322115385 0.18435166346153847
1 0.49158893509615387 0.21240350721153847 0.5059295625 0.1502874158653846 0.40620887740384615 0.12726508173076923 0.39186824759615385 0.18938117307692307 0.49158893509615387 0.21240350721153847
1 0.5077034543269231 0.27909187259615387 0.5297064807692308 0.18378630048076922 0.4034189855769231 0.1546305360576923 0.3814159591346154 0.24993610817307693 0.5077034543269231 0.27909187259615387
1 0.5008883629807692 0.33118563701923076 0.5203138221153846 0.2470447235576923 0.38740365625 0.21635999278846155 0.36797819711538465 0.30050090625 0.5008883629807692 0.33118563701923076
1 0.48912529807692307 0.38213706971153844 0.5070276514423078 0.3045934543269231 0.3757921826923077 0.27429536057692305 0.3578898293269231 0.35183897596153846 0.48912529807692307 0.38213706971153844
1 0.4823863269230769 0.4342484110576923 0.5018117884615385 0.3501074951923077 0.3638775264423077 0.31826286057692305 0.34445206490384617 0.4024037764423077 0.4823863269230769 0.4342484110576923
1 0.4704716682692308 0.4782159110576923 0.48633540384615387 0.40950252403846155 0.3517505384615385 0.37843116105769237 0.33588680528846154 0.4471445480769231 0.4704716682692308 0.4782159110576923
1 0.46536340624999994 0.5003422331730769 0.4812271418269231 0.43162884375000005 0.3483169759615385 0.40094411298076926 0.3324532379807692 0.4696575024038462 0.46536340624999994 0.5003422331730769
1 0.45718549759615384 0.5357646442307693 0.4720182067307693 0.4715171177884615 0.33910804086538465 0.4408323870192307 0.3242753317307692 0.5050799134615385 0.45718549759615384 0.5357646442307693
1 0.44593794471153847 0.5844831466346154 0.46025514182692306 0.5224685528846154 0.3256702764423077 0.4913971899038462 0.31135307932692313 0.5534117836538461 0.44593794471153847 0.5844831466346154
1 1 0.21538930769230769 0.7741845673076924 0.16325570673076922 0.7087144375 0.44683799278846154 1 0.5140865649038461 1 0.21538930769230769
3 0 0.8208520552884615 0.17790745192307694 0.8619252283653847 0.22207752884615387 0.6706036057692307 0 0.61933296875 0 0.8208520552884615