1 0.3520415 0.3483108942307692 0.3640479951923077 0.3001554783653846 0.2670184206730769 0.2759632884615385 0.2550119278846154 0.32411870673076926 0.3520415 0.3483108942307692
1 0.3759764807692308 0.21743597115384614 0.3891253846153846 0.1646985985576923 0.2983623028846154 0.14206882211538463 0.28521340144230767 0.1948061923076923 0.3759764807692308 0.21743597115384614
1 0.25352494711538465 0.20112402403846152 0.26636024759615384 0.14964444471153845 0.17873041346153845 0.127795875 0.16589511298076923 0.17927545192307692 0.25352494711538465 0.20112402403846152
1 0.07621943028846154 0.3402324206730769 0.08571710576923076 0.30213932932692306 0.040335564903846155 0.29082443990384615 0.030837891826923078 0.32891753365384613 0.07621943028846154 0.3402324206730769
1 0.21043218990384613 0.6129313822115384 0.2202210673076923 0.5736703389423077 0.15593897596153847 0.5576430144230768 0.1461500985576923 0.5969040552884615 0.21043218990384613 0.6129313822115384
1 0.2193698605769231 0.57708434375 0.21043218990384613 0.6129313822115384 0.2955352115384616 0.6341499471153846 0.30447288221153845 0.5983029110576923 0.2193698605769231 0.57708434375
1 0.3331093028846154 0.48883074759615386 0.34484699519230766 0.4417534375 0.2603504086538461 0.4206860721153846 0.24861271634615384 0.46776338221153846 0.3331093028846154 0.48883074759615386
1 0.2510930985576923 0.46599613221153846 0.26005316826923075 0.4300592524038462 0.19824735096153848 0.41464933173076923 0.18928728125 0.4505862115384615 0.2510930985576923 0.46599613221153846
1 0.18267301201923078 0.4583843822115385 0.19385069951923078 0.41355312499999997 0.13335882451923078 0.39847080528846157 0.12218113701923078 0.4433020625 0.18267301201923078 0.4583843822115385
1 0.12293097115384616 0.44826037740384617 0.13410865865384616 0.4034291201923077 0.07675002884615384 0.38912800721153845 0.06557234134615385 0.4339592644230769 0.12293097115384616 0.44826037740384617
1 0.06652872355769231 0.5080583605769231 0.07799761298076922 0.46205915625 0.015585362980769232 0.4464980336538461 0.004116473557692308 0.4924972379807692 0.06652872355769231 0.5080583605769231
1 0.2519135 0.7600209927884615 0.2647711995192308 0.7084515721153846 0.16309229567307693 0.6831001730769231 0.15023459375 0.73466959375 0.2519135 0.7600209927884615
1 0.33146755048076926 0.964316798076923 0.3531957211538461 0.8771698677884616 0.2540941610576923 0.8524610745192308 0.2323659903846154 0.9396080048076924 0.33146755048076926 0.964316798076923
1 0.39542782692307693 0.9863712259615384 0.4055527043269231 0.9457625552884615 0.3369244975961539 0.9286516201923077 0.32679961778846156 0.9692602932692308 0.39542782692307693 0.9863712259615384
1 0.48687845192307694 1 0.49773985576923074 0.9564372860576923 0.4116766490384615 0.9349793173076922 0.39816934134615384 0.9891541634615385 0.4416696201923077 1 0.48687845192307694 1
1 0.3382392980769231 0 0.31666892307692307 0.08651404807692308 0.4375515985576923 0.11665348317307693 0.4616765865384615 0.019893435096153846 0.381888375 0 0.3382392980769231 0
1 0.22830717548076923 0 0.21267790625 0.06268557211538461 0.3030872331730769 0.08522714903846153 0.32433674759615383 0 0.22830717548076923 0
1 0.13115037019230769 0 0.11881050240384615 0.049492509615384615 0.2015888581730769 0.07013147115384616 0.21702257932692307 0.008230197115384615 0.18401306009615384 0 0.13115037019230769 0