1 1 0.04294976682692308 0.9029931706730768 0.034462769230769234 0.8869500576923077 0.21783638701923075 1 0.22772697596153846 1 0.04294976682692308
1 1 0.16498823557692305 0.80248034375 0.14770750480769232 0.7895199615384616 0.29584534615384617 1 0.3142599639423077 1 0.16498823557692305
1 0.7962884759615385 0.33082763942307697 0.8030349759615384 0.25371478846153844 0.7509941826923078 0.24916181009615385 0.7442476802884616 0.32627465865384614 0.7962884759615385 0.33082763942307697
1 0.8498112019230769 0.36385888701923075 0.8550889663461538 0.3035337644230769 0.7060229543269231 0.2904921778846154 0.7007451899038462 0.35081730048076926 0.8498112019230769 0.36385888701923075
1 0.7402725649038462 0.26235162500000003 0.7441945721153846 0.21752286298076923 0.6692724302884615 0.2109680264423077 0.6653504206730769 0.2557967860576923 0.7402725649038462 0.26235162500000003
1 0.7282470745192308 0.29104234134615387 0.7321771538461538 0.2461213389423077 0.6422602067307692 0.238254625 0.6383301274038462 0.28317562740384616 0.7282470745192308 0.29104234134615387
1 0.7534927475961539 0.14769717548076924 0.7583992932692307 0.09161510336538461 0.7379046634615385 0.08982205528846153 0.7329981177884615 0.14590412740384615 0.7534927475961539 0.14769717548076924
1 0.8247989278846154 0.14120201682692307 0.829463375 0.0878871514423077 0.7632060504807693 0.08209038701923076 0.7585416057692308 0.13540525240384615 0.8247989278846154 0.14120201682692307
1 0.21368435096153846 0.09981943509615385 0.20484772596153847 0.20082250961538461 0.3638756826923077 0.21473565144230772 0.3727123052884615 0.11373257692307694 0.21368435096153846 0.09981943509615385
1 0.17667042067307692 0 0.16722768509615385 0.10793096634615384 0.33870807451923074 0.12293355528846153 0.3494633677884615 0 0.17667042067307692 0
1 0.24978348798076924 0.18439864182692306 0.24377942548076922 0.2530253870192308 0.3835061105769231 0.2652498894230769 0.3895101730769231 0.19662314182692306 0.24978348798076924 0.18439864182692306
1 0.31336874519230773 0.2428480673076923 0.3064769855769231 0.3216212379807692 0.4132566057692308 0.3309632451923077 0.4201483653846154 0.2521900745192308 0.31336874519230773 0.2428480673076923
1 0.33200616826923074 0.4744277283653846 0.33518574038461535 0.4380850697115385 0.1886621033653846 0.42526591346153847 0.18548253365384618 0.46160857211538464 0.33200616826923074 0.4744277283653846
4 0.10797150000000001 0 0.06795699278846154 0.4573679278846154 0.20425925721153845 0.46929283173076924 0.24531706009615384 0 0.10797150000000001 0
4 0.043873423076923074 0 0.004168271634615384 0.4538319543269231 0.05755807932692308 0.4585029591346154 0.09767188942307693 0 0.043873423076923074 0
4 0.3751680793269231 0.7179123677884616 0.3918003004807692 0.5278052115384615 0.2801434783653846 0.5180365048076923 0.26351125721153845 0.7081436610576923 0.3751680793269231 0.7179123677884616
4 0.4034319591346154 0.64584221875 0.4143264254807692 0.5213178822115384 0.39538835096153846 0.5196610144230769 0.38449388221153846 0.6441853509615385 0.4034319591346154 0.64584221875
4 0.32924307451923074 0.32733086538461537 0.31614550240384615 0.47703679086538464 0.39661935576923074 0.4840773413461538 0.4097169278846154 0.33437141586538466 0.32924307451923074 0.32733086538461537
1 0.7781988149038461 0.10673160096153846 0.7840253365384615 0.04013413942307693 0.6374498125 0.027310444711538463 0.6316232908653846 0.09390790384615386 0.7781988149038461 0.10673160096153846
1 0 0.7658597307692308 0.04496273076923077 0.7697934591346154 0.05609122836538461 0.6425941562499999 0 0.6376868076923077 0 0.7658597307692308
1 0 0.8635462716346154 0.02968423076923077 0.8661433052884615 0.041877963942307694 0.7267682908653845 0 0.7231044423076922 0 0.8635462716346154
1 0 0.9469190865384616 0.02586988221153846 0.9491824086538462 0.03505351442307692 0.8442130024038461 0 0.8411462163461538 0 0.9469190865384616