1 0.770368423076923 0.9844257451923077 0.7946657283653846 0.8115414423076923 0.6294921081730769 0.7883278052884616 0.6051948052884616 0.9612121057692308 0.770368423076923 0.9844257451923077
1 0.9306987283653847 1 0.9405835961538462 0.9296655264423077 0.7122030216346154 0.8975687307692308 0.6978072451923077 1 0.9306987283653847 1
1 0 0.9246853461538461 0.10027814182692309 0.9387785216346154 0.12496203846153847 0.7631434759615385 0 0.7455812091346155 0 0.9246853461538461
1 0.12195780048076924 0.68572190625 0.12522450240384614 0.6624781129807692 0.10820426923076923 0.6600860745192307 0.1049375673076923 0.6833298677884615 0.12195780048076924 0.68572190625
1 0.1019208076923077 0.6885160432692307 0.10731376682692308 0.6501431562500001 0.08333071153846154 0.6467725576923077 0.07793775240384616 0.6851454447115385 0.1019208076923077 0.6885160432692307
1 0.07793868028846154 0.6963658822115384 0.08565118990384615 0.6414885264423076 0.039309737980769234 0.6349756610576923 0.031597228365384616 0.689853014423077 0.07793868028846154 0.6963658822115384
1 0.6865362091346154 0.8809178894230769 0.7002215649038461 0.7835415288461539 0.5620482211538461 0.7641225312500001 0.5483628677884615 0.8614988918269231 0.6865362091346154 0.8809178894230769
1 0.5894599783653847 0.8323515096153845 0.598332264423077 0.769221920673077 0.5342742980769231 0.7602191610576923 0.5254020120192308 0.82334875 0.5894599783653847 0.8323515096153845
1 0.919262670673077 0.1394243221153846 0.9282316033653846 0.07560704567307693 0.8660303918269231 0.06686523557692307 0.8570614567307693 0.13068251201923078 0.919262670673077 0.1394243221153846
1 0.8831734086538462 0.15090225721153847 0.8893395480769232 0.10702787980769231 0.8400582403846154 0.10010184375 0.8338920985576923 0.14397622115384617 0.8831734086538462 0.15090225721153847
1 0.9112615144230769 0.21207334615384615 0.9168864278846154 0.17205001201923079 0.8418426754807692 0.16150330048076922 0.8362177620192307 0.20152663461538461 0.9112615144230769 0.21207334615384615
1 0.8782495 0.24824767548076923 0.8843963125 0.20451083653846155 0.8163153822115384 0.19494268509615387 0.8101685697115385 0.23867952403846154 0.8782495 0.24824767548076923
1 0.8977307956730769 0.3083494086538462 0.9040129158653846 0.26364980769230767 0.8155077067307693 0.25121121153846154 0.8092255865384614 0.2959108125 0.8977307956730769 0.3083494086538462
1 0.9128548750000001 0.30177922115384614 0.9206253750000001 0.2464892548076923 0.8380772475961538 0.23488787259615387 0.8303067475961539 0.2901778389423077 0.9128548750000001 0.30177922115384614
1 0.90666296875 0.2678091009615385 0.9137569302884615 0.2173329375 0.8660229158653846 0.21062436057692308 0.8589289519230768 0.2611005240384615 0.90666296875 0.2678091009615385
1 0.896984048076923 0.16546606009615386 0.8886916490384615 0.22446953365384617 0.9197922572115385 0.22884043990384614 0.9280846538461538 0.16983696634615386 0.896984048076923 0.16546606009615386
1 0.933168014423077 0.12973752163461538 0.9251462307692309 0.18681547355769232 0.9546221778846153 0.19095804807692307 0.9626439615384614 0.13388009615384616 0.933168014423077 0.12973752163461538
1 0.9648456370192308 0.09519895673076924 0.9569398317307692 0.15145168509615384 0.9895877331730769 0.1560400480769231 0.9974935384615384 0.09978731971153845 0.9648456370192308 0.09519895673076924
1 1 0.07475363701923077 0.9262579014423077 0.06438986057692307 0.917694889423077 0.12531885576923077 0.9992372764423076 0.13677889182692307 1 0.13135183173076923 1 0.07475363701923077
1 0.9360840961538461 0.07643013461538462 0.9384809663461537 0.05937551923076923 0.8854087884615385 0.05191670913461539 0.8830119182692309 0.06897132451923077 0.9360840961538461 0.07643013461538462
1 0.8984896971153845 0.3641368365384615 0.9053130456730769 0.31558619230769225 0.8400946081730769 0.3064203389423077 0.8332712620192309 0.3549709831730769 0.8984896971153845 0.3641368365384615
1 0.8852041057692308 0.38400901201923077 0.8921241009615385 0.3347706826923077 0.8166161610576924 0.3241587331730769 0.8096961658653845 0.3733970625 0.8852041057692308 0.38400901201923077
1 0.8820187043269231 0.45495053125 0.8873923317307693 0.4167151802884615 0.8110333798076923 0.4059836298076923 0.8056597524038461 0.4442189807692308 0.8820187043269231 0.45495053125
1 0.8888444591346154 0.43557302403846154 0.894314735576923 0.3966499879807692 0.8353628389423077 0.3883648389423077 0.8298925625 0.427287875 0.8888444591346154 0.43557302403846154
1 0.8629595576923077 0.3542345168269231 0.8551503990384616 0.4097995576923077 0.9082999447115385 0.4172692403846154 0.9161091009615384 0.3617041971153846 0.8629595576923077 0.3542345168269231
1 0.8619102283653847 0.5289835697115385 0.8707438533653846 0.46612905288461537 0.8360844711538462 0.4612579951923077 0.82725084375 0.5241125096153846 0.8619102283653847 0.5289835697115385
1 0.8293589278846153 0.5231464975961538 0.8358730024038461 0.4767964519230769 0.8104973846153847 0.47323013942307696 0.8039833100961539 0.5195801875 0.8293589278846153 0.5231464975961538
1 0.8616065096153847 0.59850678125 0.8663615913461539 0.5646726225961538 0.8276792451923077 0.5592361754807692 0.8229241634615385 0.5930703317307692 0.8616065096153847 0.59850678125
1 0.8192117692307692 0.6060129591346154 0.8248946706730769 0.5655770120192307 0.7980491225961538 0.5618041153846154 0.7923662211538461 0.6022400625000001 0.8192117692307692 0.6060129591346154
1 0.7979076105769232 0.48758995192307697 0.8020054855769231 0.4584320600961539 0.7584491634615385 0.45231061778846154 0.7543512884615384 0.4814685096153846 0.7979076105769232 0.48758995192307697
1 0.7857046153846153 0.5014431081730769 0.7899957860576923 0.47090984375 0.7546401225961539 0.4659409278846154 0.7503489519230769 0.4964741923076923 0.7857046153846153 0.5014431081730769
1 0.7802896418269231 0.5074142692307693 0.7838269591346154 0.4822449519230769 0.7540415528846154 0.47805888701923077 0.7505042355769231 0.5032282019230769 0.7802896418269231 0.5074142692307693
1 0.7759773365384616 0.5162052187499999 0.7789540937499999 0.4950244855769231 0.7517990865384616 0.4912080985576923 0.748822329326923 0.5123888317307692 0.7759773365384616 0.5162052187499999
1 0.7757463076923077 0.5290761009615385 0.7786264182692307 0.5085830528846154 0.7532507980769231 0.5050167427884615 0.7503706875 0.5255097908653846 0.7757463076923077 0.5290761009615385
1 0.8012942740384615 0.5117688125 0.8043676778846154 0.48990039423076925 0.7805393533653846 0.4865515408653846 0.7774659471153846 0.5084199591346154 0.8012942740384615 0.5117688125
1 0.7923213581730769 0.5273382139423076 0.7946409086538462 0.5108337427884615 0.7774659471153846 0.5084199591346154 0.7751463966346154 0.5249244302884615 0.7923213581730769 0.5273382139423076
1 0.7935057884615385 0.5834659519230769 0.7967531610576923 0.5603596947115385 0.7721511875 0.5569021129807692 0.7689038149038462 0.5800083701923077 0.7935057884615385 0.5834659519230769
1 0.7962143846153846 0.5939448942307692 0.7987079038461539 0.5762025937499999 0.7722491778846153 0.5724840625 0.7697556610576922 0.5902263629807692 0.7962143846153846 0.5939448942307692
1 0.7934886802884615 0.6105325360576923 0.7964654399038462 0.5893518004807692 0.7767374423076923 0.5865792115384616 0.7737606850961539 0.6077599471153846 0.7934886802884615 0.6105325360576923
1 0.7738353173076923 0.5746705336538461 0.7757876057692308 0.5607792716346154 0.74491909375 0.5564409855769231 0.7429668052884615 0.5703322451923077 0.7738353173076923 0.5746705336538461
1 0.7682088774038461 0.5961801466346154 0.7719394879807692 0.5696354591346154 0.7447071177884615 0.5658081995192308 0.7409765048076923 0.5923528846153846 0.7682088774038461 0.5961801466346154
1 0.7680935456730769 0.6048596754807692 0.7710703052884615 0.5836789423076923 0.7446889447115385 0.5799712836538462 0.7417121875 0.6011520168269231 0.7680935456730769 0.6048596754807692
1 0.7696614663461538 0.6206482067307693 0.7733920793269231 0.5941035216346153 0.7439934951923076 0.5899718197115384 0.7402628846153847 0.6165165048076923 0.7696614663461538 0.6206482067307693
1 0.7766052836538461 0.6256914567307692 0.7791181322115384 0.6078116177884616 0.7407452427884615 0.6024186586538461 0.7382323966346154 0.6202985 0.7766052836538461 0.6256914567307692
1 0.7749233774038462 0.6348520889423077 0.7774362259615385 0.6169722475961539 0.7431636658653846 0.6121555528846154 0.7406508173076923 0.6300353942307692 0.7749233774038462 0.6348520889423077
1 0.7648279567307692 0.6415679927884615 0.7669735408653846 0.6263013581730769 0.7412884639423076 0.6226915552884615 0.7391428774038461 0.6379581899038461 0.7648279567307692 0.6415679927884615
1 0.7642489471153847 0.6563535216346155 0.7670517403846154 0.6364106225961539 0.7351001225961539 0.6319201153846153 0.7322973293269232 0.6518630144230768 0.7642489471153847 0.6563535216346155
1 0.5542681850961538 0.7038420024038461 0.5570516466346154 0.684036641826923 0.5371689206730769 0.6812423076923076 0.5343854591346153 0.7010476682692308 0.5542681850961538 0.7038420024038461
1 0.5381179230769231 0.6969438557692308 0.5398769182692308 0.68442796875 0.5295100480769231 0.682971 0.5277510552884616 0.6954868870192308 0.5381179230769231 0.6969438557692308
3 0.05204317307692308 0.48655337740384613 0.0650713221153846 0.39385328124999996 0.01617683653846154 0.3869816081730769 0.0031486875 0.47968170432692303 0.05204317307692308 0.48655337740384613
3 0 0.5713859519230768 0.043211862980769226 0.577458983173077 0.05720649038461538 0.47788202403846153 0.0038248533653846154 0.47037972596153843 0 0.49759496875 0 0.5713859519230768
3 0 0.6447387019230769 0.024128177884615385 0.6481296971153847 0.037136997596153846 0.555567141826923 0 0.5503478774038462 0 0.6447387019230769
3 0.2210770408653846 0.6478985432692308 0.2254262019230769 0.6169526682692308 0.21057218028846153 0.6148650697115385 0.20622302163461537 0.6458109471153846 0.2210770408653846 0.6478985432692308
3 0.221557875 0.6152869759615385 0.21782726201923078 0.6418316610576924 0.24389916346153845 0.6454958293269232 0.2476297764423077 0.6189511442307692 0.221557875 0.6152869759615385