1 0.2331430889423077 0.43695068509615387 0.24581068509615384 0.3717815480769231 0.10071391826923078 0.34357759375 0.08804631971153845 0.40874673076923074 0.2331430889423077 0.43695068509615387
1 0.27345652163461537 0.4948737283653846 0.28241394471153847 0.44879178365384614 0.18402115625 0.4296661634615385 0.1750637355769231 0.47574810576923077 0.27345652163461537 0.4948737283653846
1 0.29063195913461537 0.5256610504807692 0.2997483894230769 0.4787610841346154 0.1989782235576923 0.45917334855769226 0.18986179567307693 0.5060733149038461 0.29063195913461537 0.5256610504807692
1 0.2118008798076923 0.48246462019230774 0.20453953605769232 0.5198209879807693 0.3100644591346154 0.5403329543269231 0.3173258004807692 0.5029765865384616 0.2118008798076923 0.48246462019230774
1 0.2956237932692308 0.456170125 0.28926349278846153 0.48889103125 0.3376546466346154 0.49829731730769233 0.3440149447115385 0.4655764110576923 0.2956237932692308 0.456170125
1 0.3125052932692308 0.2960324206730769 0.3228142788461538 0.2429972860576923 0.21084742788461538 0.2212331346153846 0.2005384423076923 0.27426826923076925 0.3125052932692308 0.2960324206730769
1 0.15963538461538462 0.1432225841346154 0.14646426201923077 0.21098212980769232 0.3045215769230769 0.24170535817307692 0.31769269711538467 0.17394581490384614 0.15963538461538462 0.1432225841346154
1 0.13254491826923076 0.059855120192307695 0.11510709615384615 0.1495649375 0.2926435745192308 0.18407453365384616 0.3100813966346154 0.09436471394230769 0.13254491826923076 0.059855120192307695
1 0.09658640384615384 0 0.08159628365384616 0.07711748557692308 0.28282985576923075 0.11623332932692308 0.30185775240384616 0.018343286057692306 0.20748972596153845 0 0.09658640384615384 0
1 0.31682046634615385 0.09326935336538462 0.3048684038461538 0.15475739182692308 0.3947486418269231 0.1722283389423077 0.4067007067307692 0.11074030288461538 0.31682046634615385 0.09326935336538462
1 0.30895611778846155 0.024816651442307693 0.2962620192307692 0.09012212740384616 0.39588184134615384 0.10948625961538462 0.40857593990384616 0.04418078365384615 0.30895611778846155 0.024816651442307693
1 0.27876160096153846 0 0.2724565528846154 0.032436653846153844 0.3930126418269231 0.055870382211538464 0.4038727427884616 0 0.27876160096153846 0
1 0 0.6659783269230769 0.14816711057692308 0.69477909375 0.15765455769230768 0.6459704086538461 0 0.6153254663461538 0 0.6659783269230769
1 0.18264976682692308 0.6979446322115385 0.1903616298076923 0.6582705336538462 0.1336113076923077 0.6472393894230769 0.12589944471153847 0.6869134855769231 0.18264976682692308 0.6979446322115385
1 0.2101750048076923 0.6926833653846154 0.21897341826923075 0.6474194447115384 0.18515329567307692 0.6408454783653846 0.17635487980769232 0.6861093990384616 0.2101750048076923 0.6926833653846154
1 0.21828321153846153 0.64728528125 0.21147239182692307 0.6823239206730769 0.23317555528846154 0.6865425865384616 0.239986375 0.6515039495192307 0.21828321153846153 0.64728528125
1 0.25054281971153847 0.6807216923076923 0.2557900673076923 0.6537269447115384 0.23746124759615383 0.6501641826923077 0.23221399999999998 0.6771589302884615 0.25054281971153847 0.6807216923076923
1 0.26575433173076923 0.6757551586538462 0.27012703846153846 0.6532595360576923 0.2535620793269231 0.6500396346153846 0.24918937259615384 0.6725352572115385 0.26575433173076923 0.6757551586538462
1 0.26986085096153845 0.6509439807692308 0.2649316201923077 0.6763026802884615 0.27612830528846155 0.6784790961538462 0.2810575360576923 0.6531203966346154 0.26986085096153845 0.6509439807692308
1 0.28939325961538465 0.6737001442307692 0.2929444278846154 0.6554309735576923 0.2810575360576923 0.6531203966346154 0.27750637019230767 0.6713895673076924 0.28939325961538465 0.6737001442307692
1 0.2929878149038462 0.652751125 0.28893312259615384 0.6736107043269232 0.29798249759615386 0.6753697235576923 0.30203718990384615 0.6545101466346155 0.2929878149038462 0.652751125
1 0.913413485576923 0.8957371514423078 0.9377946370192307 0.7703070120192308 0.7626355360576924 0.7362595312500001 0.7382543870192309 0.861689673076923 0.913413485576923 0.8957371514423078
1 0.7651360841346153 0.8454087019230769 0.7856480504807692 0.7398837788461539 0.6607206538461539 0.7156003533653846 0.6402086875 0.8211252764423077 0.7651360841346153 0.8454087019230769
1 0.6694818341346154 0.8031868341346153 0.6847995552884616 0.7243839831730768 0.6050423461538462 0.7088807524038461 0.589724625 0.7876836033653846 0.6694818341346154 0.8031868341346153
1 0.6012250120192307 0.7711010889423077 0.6146876466346154 0.7018418365384615 0.5651461490384615 0.6922119471153846 0.551683514423077 0.7614711971153846 0.6012250120192307 0.7711010889423077
1 0.5636616322115384 0.7538953173076923 0.5746596514423077 0.6973154182692307 0.5476649038461538 0.6920681706730769 0.5366668846153846 0.7486480721153845 0.5636616322115384 0.7538953173076923
1 0.5458616634615384 0.7439268870192308 0.5564091610576922 0.6896647163461539 0.5236626923076924 0.6832994471153846 0.5131151947115384 0.7375616177884615 0.5458616634615384 0.7439268870192308
1 0.5231535576923076 0.7330044086538462 0.530812420673077 0.693602985576923 0.5025139495192308 0.6881023197115385 0.4948550865384615 0.7275037451923076 0.5231535576923076 0.7330044086538462
1 0.5032885985576923 0.72178565625 0.5115569879807692 0.6792484759615385 0.4960656826923077 0.6762372716346154 0.48779729326923077 0.718774451923077 0.5032885985576923 0.72178565625
1 0.49345473317307686 0.7109603750000001 0.5001860504807693 0.6763307475961539 0.48737888221153847 0.6738412860576923 0.48064756490384614 0.7084709134615385 0.49345473317307686 0.7109603750000001
1 0.4824114278846154 0.7088137740384616 0.4880826947115385 0.6796376298076924 0.47565897596153844 0.6772227043269231 0.46998770913461535 0.7063988461538462 0.4824114278846154 0.7088137740384616
1 0.5092877019230769 0.6200896730769231 0.5169465625 0.5806882475961539 0.5014552596153846 0.5776770432692307 0.4937963966346154 0.6170784687499999 0.5092877019230769 0.6200896730769231
1 0.5157148317307693 0.5657340288461539 0.5082149783653847 0.6043174302884615 0.5174944230769231 0.6061211730769231 0.5249942764423077 0.5675377716346154 0.5157148317307693 0.5657340288461539
1 0.5421031081730769 0.5929355841346153 0.5486754158653846 0.5591239807692308 0.5261286682692308 0.5547413365384615 0.5195563581730769 0.5885529399038462 0.5421031081730769 0.5929355841346153
1 0.562675625 0.5939632211538461 0.5761647620192307 0.5245676322115385 0.5463324975961539 0.5187688269230769 0.532843360576923 0.5881644158653846 0.562675625 0.5939632211538461
1 0.570427576923077 0.5135482451923077 0.5582635024038461 0.5761269783653846 0.5827274927884616 0.5808822956730769 0.5948915649038462 0.5183035625 0.570427576923077 0.5135482451923077
1 0.6570474711538462 0.5825946778846154 0.6744852932692308 0.49288486057692305 0.5994828413461538 0.47830586057692304 0.5820450192307692 0.5680156778846154 0.6570474711538462 0.5825946778846154
1 0.6973118533653846 0.5515119615384616 0.7216400000000001 0.4263544951923077 0.65277271875 0.4129680528846154 0.6284445721153846 0.5381255192307692 0.6973118533653846 0.5515119615384616
1 0.7890448317307693 0.5520814591346154 0.8265971033653846 0.3588917764423077 0.7271306610576923 0.3395574567307692 0.689578389423077 0.5327471394230769 0.7890448317307693 0.5520814591346154
1 1 0.19607045432692308 0.8553549278846154 0.16795430288461538 0.8023524278846155 0.4406285216346154 0.9636307067307693 0.47197784134615384 1 0.28487405048076925 1 0.19607045432692308
1 0.9065228774038462 0.23718399759615386 0.9372113245192307 0.07930562259615384 0.7608251899038462 0.04501963221153846 0.7301367427884615 0.2028980048076923 0.9065228774038462 0.23718399759615386
1 0.7337303846153845 0.24377925240384618 0.7542953533653846 0.13798165384615385 0.696931514423077 0.1268312548076923 0.676366545673077 0.23262885096153846 0.7337303846153845 0.24377925240384618
1 0.8492873725961538 0.34165458653846154 0.8764511514423077 0.2019090504807692 0.6910156418269231 0.16586403846153847 0.6638518629807693 0.30560957451923076 0.8492873725961538 0.34165458653846154
1 0.7879840168269231 0.40727408413461536 0.8070914182692307 0.30897502644230773 0.6349232115384615 0.2755089182692308 0.6158158100961538 0.37380797355769235 0.7879840168269231 0.40727408413461536
1 0.7245556225961539 0.44984236057692306 0.7412779110576923 0.36381364663461535 0.5962578317307693 0.33562460096153846 0.5795355432692307 0.42165331490384617 0.7245556225961539 0.44984236057692306
1 0.6662187475961538 0.4580282259615384 0.6753881802884615 0.4108555865384615 0.5685595336538461 0.3900902019230769 0.5593901033653846 0.43726284134615384 0.6662187475961538 0.4580282259615384
1 0.5593223413461538 0.47446112500000004 0.5696048245192308 0.4215623269230769 0.5525797283653846 0.41825298317307696 0.5422972427884616 0.47115178125 0.5593223413461538 0.47446112500000004
1 0.5407608798076923 0.4905200336538461 0.549585795673077 0.4451197764423077 0.5379289735576923 0.4428539206730769 0.5291040576923077 0.4882541778846154 0.5407608798076923 0.4905200336538461
1 0.5278423221153846 0.5086662331730769 0.5362962211538462 0.4651746947115385 0.5203447788461538 0.4620740504807692 0.5118908798076923 0.5055655865384615 0.5278423221153846 0.5086662331730769
1 0.59801865625 0.3634156225961539 0.6083011418269231 0.31051682692307697 0.5477163389423076 0.2987403341346154 0.5374338533653846 0.3516391298076923 0.59801865625 0.3634156225961539
1 0.6454017908653846 0.3010328269230769 0.6576983725961539 0.23777240865384613 0.5727262692307693 0.2212555048076923 0.5604296899038462 0.2845159230769231 0.6454017908653846 0.3010328269230769
1 0.6915433557692308 0.24831288461538462 0.7069670841346153 0.16896468509615387 0.6022857475961538 0.14861669471153846 0.5868620192307692 0.2279648942307692 0.6915433557692308 0.24831288461538462
1 0.61598271875 0.19443308653846153 0.6273782572115384 0.13580813221153848 0.557744079326923 0.12227261778846153 0.5463485408653846 0.18089757451923075 0.61598271875 0.19443308653846153
1 0.6465536634615384 0.01955326442307692 0.6313419447115384 0.09781076442307693 0.6778925480769231 0.10685928605769231 0.6931042644230769 0.028601783653846153 0.6465536634615384 0.01955326442307692
1 0.6516764182692308 0.09228366105769231 0.6651125504807692 0.02316074519230769 0.5872725841346154 0.008030189903846154 0.5738364495192307 0.07715310336538463 0.6516764182692308 0.09228366105769231
1 0.35644470192307687 0.3205615673076923 0.35056142307692306 0.35082840625 0.37709603365384614 0.35598621394230767 0.38297931249999995 0.325719375 0.35644470192307687 0.3205615673076923
1 0.35089658653846156 0.4121580432692307 0.3614970841346154 0.35762320192307695 0.28917876923076924 0.34356594471153845 0.27857827163461535 0.39810078846153846 0.35089658653846156 0.4121580432692307
1 0.574119858173077 0.32750122596153847 0.5815137067307693 0.2894631730769231 0.5376472427884615 0.2809363966346154 0.5302533942307692 0.3189744495192308 0.574119858173077 0.32750122596153847
1 0.5229199110576923 0.5831227451923077 0.5314798149038462 0.5390858605769231 0.49604920913461537 0.5321988485576923 0.4874893052884615 0.576235733173077 0.5229199110576923 0.5831227451923077
1 0.5500295144230769 0.43997095673076925 0.5560187956730769 0.4091587716346154 0.5212783966346154 0.4024059206730769 0.5152891153846154 0.4332181081730769 0.5500295144230769 0.43997095673076925