1 0.6479156586538461 0.7718255600961539 0.642231795673077 0.6905425625 0.5157178149038462 0.6993892836538461 0.5214016754807692 0.7806722788461538 0.6479156586538461 0.7718255600961539
1 0.4909815048076923 0.6973134471153847 0.4867509038461538 0.6368130360576922 0.3974897043269231 0.6430547860576923 0.40172030528846153 0.7035551995192308 0.4909815048076923 0.6973134471153847
1 0 0.4592220649038462 0.005076810096153846 0.5318238389423077 0.12520014663461537 0.5234239975961539 0.1160801346153846 0.3930017355769231 0 0.4011188485576923 0 0.4592220649038462
1 0 0.13909167788461538 0.08402614903846153 0.1332159951923077 0.07714738701923077 0.03484509375 0 0.040239764423076925 0 0.13909167788461538
1 0.9948993485576924 0.4626087043269231 0.9864446057692308 0.3417002475961538 0.7706174663461538 0.3567923533653846 0.7790722091346154 0.47770080769230766 0.9948993485576924 0.4626087043269231
1 0.7977981923076923 0.47072942067307694 0.7918495168269231 0.385659375 0.7333984975961538 0.38974666826923077 0.7393471754807692 0.4748167139423077 0.7977981923076923 0.47072942067307694
1 0.7398566706730769 0.4671699519230769 0.7362913389423077 0.41618334615384617 0.6959211706730769 0.4190063028846154 0.6994865 0.4699929110576923 0.7398566706730769 0.4671699519230769
1 0.7041473846153846 0.47542174759615385 0.7014992235576922 0.4375512620192307 0.6610770961538462 0.44037785336538465 0.6637252572115385 0.4782483389423077 0.7041473846153846 0.47542174759615385
1 0.7345551201923077 0.42196669711538465 0.729400891826923 0.34825779567307696 0.6326579591346154 0.35502272115384614 0.6378121875 0.42873162019230765 0.7345551201923077 0.42196669711538465
1 0.6451127860576923 0.42636473798076924 0.6408821850961538 0.3658643269230769 0.6196319903846154 0.3673502860576923 0.6238625913461538 0.42785069711538465 0.6451127860576923 0.42636473798076924
1 0.6275752451923077 0.45033166105769235 0.6226858317307692 0.3804098125 0.6024747692307693 0.3818231081730769 0.6073641826923077 0.45174495673076925 0.6275752451923077 0.45033166105769235
1 0.6112442932692308 0.4609411418269231 0.6072849663461539 0.40432014423076923 0.5817743461538462 0.4061040192307692 0.5857336706730769 0.4627250168269231 0.6112442932692308 0.4609411418269231
1 0.5965976057692308 0.4657709038461538 0.5930322740384615 0.4147842956730769 0.5675216538461538 0.41656817307692307 0.5710869855769231 0.46755478125 0.5965976057692308 0.4657709038461538
1 0.8306550769230768 0.7875425120192308 0.8232531394230769 0.6816898846153846 0.76267190625 0.6859261370192308 0.7700738437500001 0.7917787668269232 0.8306550769230768 0.7875425120192308
1 1 0.7205664567307692 0.8204278269230769 0.7331233677884617 0.8286242115384616 0.8503371442307692 1 0.8383533822115384 1 0.7205664567307692
1 1 0.8080016682692308 0.9381665769230769 0.8123254831730768 0.9480745793269231 0.9540165240384616 1 0.950385545673077 1 0.8080016682692308
1 0.8678321923076923 0.20371217548076923 0.8579177307692307 0.06192876682692308 0.7600837163461538 0.06876998557692307 0.7699981778846153 0.2105533966346154 0.8678321923076923 0.20371217548076923
1 0.7717363894230769 0.2503438846153846 0.7635400048076922 0.13313010817307694 0.7124668004807693 0.13670149519230768 0.7206631875 0.25391526923076924 0.7717363894230769 0.2503438846153846
1 0.7293015408653846 0.285612125 0.7238824951923076 0.2081161778846154 0.6749914663461538 0.21153497115384615 0.6804105120192308 0.2890309182692308 0.7293015408653846 0.285612125
1 0.6805280072115385 0.3213236081730769 0.675896951923077 0.2550964399038462 0.6450867692307691 0.25725089903846154 0.6497178221153846 0.3234780649038462 0.6805280072115385 0.3213236081730769
1 0.6687620240384615 0 0.6735978653846153 0.06915572596153846 0.8734743701923077 0.05517899759615385 0.8696158798076923 0 0.6687620240384615 0
1 0.7654729302884615 0.20706426442307693 0.7582066322115384 0.10315134134615385 0.6061820288461539 0.1137819375 0.6134483269230769 0.2176948581730769 0.7654729302884615 0.20706426442307693
1 0.6184713846153845 0.24398257932692308 0.613181516826923 0.16833397115384616 0.5993611009615385 0.16930038942307693 0.6046509663461539 0.24494899759615382 0.6184713846153845 0.24398257932692308
1 0.6046847788461538 0.2752983461538462 0.5983421057692307 0.18459390865384614 0.5781310432692307 0.18600720432692308 0.5844737163461539 0.2767116418269231 0.6046847788461538 0.2752983461538462
1 0.5912265336538461 0.2971236418269231 0.5864727596153846 0.22914150240384615 0.5673527836538461 0.2304785 0.5721065576923077 0.29846064182692306 0.5912265336538461 0.2971236418269231
1 0.5931197716346154 0.18681546634615384 0.5892896225961539 0.13204181009615384 0.5446590216346153 0.13516268509615384 0.5484891706730769 0.18993634134615386 0.5931197716346154 0.18681546634615384
1 0.5754554399038462 0 0.5513540072115385 0.0016853365384615383 0.5550549735576923 0.054611651442307695 0.6368864014423077 0.04888943990384616 0.6334677187500001 0 0.5754554399038462 0
1 0.061726384615384614 0.04353456971153846 0.07296492788461538 0.20425322115384617 0.17822871875 0.1968924591346154 0.16699017548076922 0.03617380769230769 0.061726384615384614 0.04353456971153846
1 0.23758721153846155 0.2819404735576923 0.22886765384615385 0.15724496875 0.16293490384615383 0.16185543509615385 0.1716544639423077 0.2865509423076923 0.23758721153846155 0.2819404735576923
1 0.2702849206730769 0.33664470673076924 0.2634126153846154 0.23836617548076924 0.23151134855769231 0.2405969278846154 0.2383836514423077 0.33887546153846154 0.2702849206730769 0.33664470673076924
1 0.3085450096153846 0.3491915673076923 0.30378477644230767 0.28111705769230766 0.2687141658653846 0.28356943509615384 0.27347439903846155 0.3516439447115385 0.3085450096153846 0.3491915673076923
1 0.30973146394230766 0.3206132644230769 0.31422687980769226 0.3849007235576923 0.3344379423076923 0.3834874278846154 0.3299425264423077 0.31919996874999995 0.30973146394230766 0.3206132644230769
1 0.22992691826923076 0.1723931634615385 0.23561077884615383 0.2536761610576923 0.3185332908653846 0.24787765384615384 0.31284943028846157 0.16659465625 0.22992691826923076 0.1723931634615385
1 0.2584238533653846 0.1057986514423077 0.2641077139423077 0.18708164903846153 0.29704811057692304 0.18477823317307693 0.29136425 0.10349523557692307 0.2584238533653846 0.1057986514423077
1 0.16422128365384614 0.0421221875 0.17228203125 0.15739625480769232 0.2774938653846154 0.15003912740384615 0.2694331177884615 0.03476505769230769 0.16422128365384614 0.0421221875
1 0.3312763004807693 0.2621160216346154 0.33497726923076926 0.31504233653846153 0.36261810576923076 0.31310950240384616 0.3589171370192308 0.26018318749999997 0.3312763004807693 0.2621160216346154
1 0.28528639423076924 0.01657785096153846 0.2899109903846154 0.08271265144230769 0.3239424735576923 0.08033293990384616 0.3193178774038462 0.014198137019230768 0.28528639423076924 0.01657785096153846
1 0.2557736995192308 0.022354324519230768 0.26106356490384613 0.09800293269230768 0.30252481971153844 0.09510368028846153 0.2972349543269231 0.019455072115384615 0.2557736995192308 0.022354324519230768
1 0.34142774278846155 0.5140586514423077 0.33746195673076923 0.4573452860576923 0.3151206778846154 0.45890754086538466 0.3190864639423077 0.51562090625 0.34142774278846155 0.5140586514423077
1 0.2903071466346154 0.4549807331730769 0.29479610576923077 0.519175826923077 0.3277365 0.5168724086538462 0.3232475432692308 0.4526773173076923 0.2903071466346154 0.4549807331730769
1 0.30340064423076923 0.5205233317307691 0.29784596394230767 0.4410876754807692 0.2596060096153846 0.4437616730769231 0.2651606923076923 0.5231973293269231 0.30340064423076923 0.5205233317307691
1 0.1990110985576923 0.43286943269230765 0.20561858653846155 0.5273609182692307 0.2651606923076923 0.5231973293269231 0.2585532019230769 0.42870584375000004 0.1990110985576923 0.43286943269230765
1 0.21560438942307694 0.5171023173076923 0.2088677235576923 0.42076349278846154 0.10890349278846154 0.4277536730769231 0.11564016105769231 0.5240924951923077 0.21560438942307694 0.5171023173076923
1 0.3002173100961538 0.9633054639423076 0.29308018990384616 0.8612398846153847 0.24626742067307694 0.8645133509615385 0.2534045408653846 0.9665789326923077 0.3002173100961538 0.9633054639423076
1 0.26111925 1 0.25558471875 0.9208525024038461 0.20238130528846154 0.9245728485576923 0.20765568509615384 1 0.26111925 1
3 0.6372997355769231 0.6640628437499999 0.6313058461538461 0.5783462307692308 0.5613204927884615 0.5832400817307692 0.5673143822115384 0.6689566971153845 0.6372997355769231 0.6640628437499999
3 0.5153417764423077 0.5962011899038462 0.5206574783653847 0.6722192644230769 0.5704317692307692 0.6687387067307693 0.5651160673076923 0.5927206322115385 0.5153417764423077 0.5962011899038462
3 0.5847570240384615 0.7399499326923077 0.5783755985576924 0.6486912956730768 0.5200804495192307 0.6527676875 0.526461875 0.7440263269230769 0.5847570240384615 0.7399499326923077
3 0.5786662524038462 0.6528478125 0.5847570240384615 0.7399499326923077 0.6392073966346155 0.7361423918269231 0.6331166225961538 0.6490402716346153 0.5786662524038462 0.6528478125
3 0.36655574999999996 0.7815685625 0.35979324759615383 0.6848602692307693 0.3084602644230769 0.6884498197115385 0.3152227668269231 0.7851581129807692 0.36655574999999996 0.7815685625