1 1 0.2919973966346154 0.9474428413461538 0.2827301514423077 0.9233571971153847 0.41932663221153843 1 0.4328408245192307 1 0.2919973966346154
1 0.9224669206730769 0.453769375 0.9382560408653846 0.36422481730769235 0.8462893581730769 0.34800861057692306 0.830500235576923 0.4375531658653846 0.9224669206730769 0.453769375
1 0.8274461105769231 0.45337429326923073 0.8413862019230769 0.3743161153846154 0.7830671177884615 0.36403288701923076 0.7691270264423077 0.44309106490384614 0.8274461105769231 0.45337429326923073
1 0.7719997932692307 0.4609914927884615 0.7832065336538462 0.3974349182692307 0.7416599567307693 0.3901091370192308 0.7304532163461539 0.45366570913461535 0.7719997932692307 0.4609914927884615
1 0.7325031778846154 0.46333525240384615 0.7404942091346154 0.41801585817307696 0.7011018990384615 0.4110699302884615 0.6931108677884615 0.45638932451923075 0.7325031778846154 0.46333525240384615
1 0.6915030144230769 0.46550791586538465 0.6985936490384616 0.4252949326923077 0.6701778413461539 0.4202844591346154 0.6630872091346153 0.4604974423076923 0.6915030144230769 0.46550791586538465
1 0.6680608173076923 0.4706825 0.6760518485576923 0.42536310576923075 0.6556376057692308 0.42176352403846157 0.6476465745192308 0.46708291826923076 0.6680608173076923 0.4706825
1 0.6535900841346154 0.4801656057692308 0.6620473942307693 0.43220182211538466 0.6379914134615384 0.42796010336538465 0.6295341033653846 0.4759238870192308 0.6535900841346154 0.4801656057692308
1 0.6551179038461539 0.4163126923076923 0.6617422596153847 0.3787440985576923 0.6304028052884616 0.37321810817307693 0.6237784495192307 0.4107867019230769 0.6551179038461539 0.4163126923076923
1 0.7316080192307692 0.36163475 0.7384574759615384 0.32278955528846154 0.653928141826923 0.30788475480769234 0.6470786875 0.34672994951923075 0.7316080192307692 0.36163475
1 0.7844337932692308 0.35628208653846155 0.7928911009615385 0.30831830048076925 0.66753328125 0.2862143341346154 0.6590759735576923 0.3341781201923077 0.7844337932692308 0.35628208653846155
1 0.8105987067307693 0.3314671009615384 0.8192811153846153 0.2822267115384615 0.6946413846153846 0.26024936538461535 0.6859589759615384 0.30948975240384613 0.8105987067307693 0.3314671009615384
1 0.8878309783653846 0.2980747403846154 0.9013047884615385 0.22166095432692307 0.7291686009615385 0.19130869951923077 0.7156947908653847 0.2677224855769231 0.8878309783653846 0.2980747403846154
1 0.9190834903846153 0.2498054014423077 0.9315925913461538 0.17886276682692306 0.7720229591346153 0.1507263341346154 0.7595138581730769 0.22166896875 0.9190834903846153 0.2498054014423077
1 1 0.10734018509615385 0.8285814423076924 0.07711446875 0.8084350384615384 0.19137040625 0.9935481201923076 0.22401083653846154 1 0.18742040624999998 1 0.10734018509615385
1 0.8967383557692308 0.06609723076923077 0.8880559471153846 0.11533761778846154 0.9712003918269231 0.12999822596153845 0.9798828004807691 0.08075783894230769 0.8967383557692308 0.06609723076923077
1 0.8404739615384614 0.17163406730769232 0.8496869615384616 0.11938454326923077 0.7069411298076923 0.09421460336538462 0.6977281298076924 0.146464125 0.8404739615384614 0.17163406730769232
1 0.8366766009615384 0.14398046634615386 0.8501664927884616 0.0674754951923077 0.7305020913461538 0.04637543269230769 0.7170121995192308 0.12288040384615385 0.8366766009615384 0.14398046634615386
1 0.7652868749999999 0.22372113701923077 0.7781175456730769 0.15095478846153848 0.7109249350961538 0.13910691826923077 0.698094264423077 0.2118732668269231 0.7652868749999999 0.22372113701923077
1 0.7327096802884616 0.097442 0.7395591370192308 0.058596805288461534 0.6958070000000001 0.05088212259615384 0.6889575432692308 0.0897273173076923 0.7327096802884616 0.097442
1 0.7520912764423078 0.05920820192307692 0.755387375 0.040515093749999995 0.7064034471153846 0.03187790384615385 0.7031073461538462 0.05057101442307692 0.7520912764423078 0.05920820192307692
1 0.6884012163461539 0.15346946875 0.6959420504807692 0.11070328125000001 0.6697318004807692 0.10608170673076923 0.66219096875 0.14884789663461537 0.6884012163461539 0.15346946875
1 0.6781913990384615 0.2839567235576923 0.6843655552884615 0.2489413389423077 0.6493843629807692 0.2427732091346154 0.6432102067307692 0.27778859615384616 0.6781913990384615 0.2839567235576923
1 0.6539985961538461 0.34437731730769233 0.6609445240384615 0.30498500721153843 0.6405302788461539 0.30138542548076924 0.6335843533653847 0.3407777355769231 0.6539985961538461 0.34437731730769233
1 0.5883666322115384 0.6488091538461538 0.5931258798076923 0.621818125 0.5779434254807693 0.6191410504807693 0.5731841778846154 0.6461320793269232 0.5883666322115384 0.6488091538461538
1 0.6035350096153846 0.6659629807692308 0.6094358341346153 0.6324977524038461 0.5881496225961539 0.6287444182692308 0.5822488004807692 0.6622096466346155 0.6035350096153846 0.6659629807692308
1 0.62206275 0.6781619134615385 0.6289282836538461 0.63922553125 0.6088730841346154 0.6356892596153846 0.6020075504807691 0.674625639423077 0.62206275 0.6781619134615385
1 0.6410672716346154 0.6981546370192308 0.6496210528846155 0.6496437379807692 0.6216668725961539 0.6447146610576924 0.6131130913461539 0.6932255625000001 0.6410672716346154 0.6981546370192308
1 0.652579298076923 0.7180485048076922 0.6586730625 0.683489048076923 0.6374381442307692 0.6797447596153846 0.6313443798076922 0.7143042163461538 0.652579298076923 0.7180485048076922
1 0.7169608365384617 0.7650346610576922 0.7272510985576923 0.7066756826923076 0.6640592692307692 0.6955332572115385 0.6537690072115385 0.7538922355769231 0.7169608365384617 0.7650346610576922
1 0.7361949783653846 0.7873243750000001 0.7457134711538462 0.7333423197115384 0.6898564062499999 0.7234932139423077 0.6803379134615385 0.777475266826923 0.7361949783653846 0.7873243750000001
1 0.9015185432692309 0.8899057668269231 0.918754733173077 0.7921544783653847 0.7175359399038462 0.7566741778846153 0.7002997524038462 0.8544254663461538 0.9015185432692309 0.8899057668269231
1 0.920776108173077 0.9648513629807692 0.9420962451923077 0.8439388557692307 0.7934518245192308 0.8177288341346153 0.7721316874999999 0.9386413413461538 0.920776108173077 0.9648513629807692
1 0.9187565144230769 1 0.9335105913461538 0.9163254639423077 0.8714984783653846 0.9053910552884615 0.8553073942307693 0.9972152620192307 0.8711004278846153 1 0.9187565144230769 1
1 0 0.8057844278846154 0.23130956009615386 0.8465705432692308 0.25775875 0.6965697331730769 0.015916639423076924 0.6539264447115385 0 0.7441941923076923 0 0.8057844278846154
1 0.21896522836538462 0.9090803389423077 0.24424068509615385 0.7657361009615384 0.14852968269230768 0.7488596682692308 0.12325422596153847 0.89220390625 0.21896522836538462 0.9090803389423077
1 0 0.9096776129807692 0.17825383653846152 0.9411085745192308 0.19680846634615384 0.8358800408653846 0 0.8011773966346154 0 0.9096776129807692
1 0.2625194375 0.8243374975961538 0.28462742307692307 0.6989568798076923 0.20399628846153844 0.6847394350961539 0.18188830288461538 0.8101200528846154 0.2625194375 0.8243374975961538
1 0.3051098605769231 0.7372622283653846 0.31853543749999996 0.661122 0.268166625 0.6522406177884614 0.25474104807692305 0.7283808485576924 0.3051098605769231 0.7372622283653846
1 0.3314528197115385 0.6910418509615385 0.3405211129807692 0.6396130024038461 0.29517892548076924 0.6316179519230769 0.2861106298076923 0.683046798076923 0.3314528197115385 0.6910418509615385
1 0.19932431490384614 0.4862835360576923 0.20480709615384615 0.4551891418269231 0.09719633413461538 0.43621446153846155 0.09171355288461538 0.46730885576923076 0.19932431490384614 0.4862835360576923
1 0.2277212451923077 0.4785038269230769 0.23183735096153846 0.4551602331730769 0.2047551370192308 0.4503849086538461 0.20063903125 0.4737285 0.2277212451923077 0.4785038269230769
1 0.25512808653846153 0.48173803365384615 0.2589708557692308 0.45994460336538456 0.23270931490384614 0.4553139855769231 0.22886654567307693 0.47710741586538463 0.25512808653846153 0.48173803365384615
1 0.26079548557692306 0.33202171394230773 0.3093365817307693 0.05673147355769231 0.08626736778846154 0.017398353365384613 0.03772627163461539 0.29268859375 0.26079548557692306 0.33202171394230773
1 0.0821425625 0 0.05872719951923077 0.1327951153846154 0.16715863701923078 0.15191450240384616 0.19394526201923076 0 0.0821425625 0
1 0.33707971394230773 0.3876881033653846 0.3587857379807692 0.26458713461538463 0.14889858413461537 0.22757836778846155 0.1271925625 0.3506793365384615 0.33707971394230773 0.3876881033653846
1 0.2367774903846154 0.3044694927884615 0.2246542764423077 0.37322366346153846 0.3617066899038462 0.39738970192307693 0.37382990384615383 0.32863553125 0.2367774903846154 0.3044694927884615
1 0.24725516105769232 0 0.24244825721153845 0.027261312500000003 0.4166874182692308 0.05798437740384615 0.42691162740384614 0 0.24725516105769232 0
1 0.7306510360576923 0.2131949182692308 0.7365518605769231 0.17972969230769228 0.6618193124999999 0.16655232932692307 0.6559184903846155 0.20001755528846152 0.7306510360576923 0.2131949182692308
1 0.7144786490384616 0.2515244807692308 0.7215210480769231 0.21158505528846155 0.6407360360576924 0.1973404783653846 0.633693639423077 0.23727990384615383 0.7144786490384616 0.2515244807692308
1 0.6779818365384614 0.2740475721153846 0.6856030625 0.2308254519230769 0.6375936850961538 0.22236010336538461 0.6299724591346153 0.2655822235576923 0.6779818365384614 0.2740475721153846
1 0.6600810600961539 0.30088387259615385 0.665017170673077 0.2728898004807693 0.629779516826923 0.26667645192307693 0.62484340625 0.29467052403846156 0.6600810600961539 0.30088387259615385
1 0.6376391995192308 0.31808149038461536 0.6423984471153846 0.2910904615384615 0.6180860048076924 0.28680352163461537 0.6133267596153846 0.3137945504807692 0.6376391995192308 0.31808149038461536
1 0.6409557956730769 0.3454622764423077 0.6455381778846154 0.31947429326923077 0.6212257355769231 0.3151873533653846 0.6166433533653847 0.34117533653846155 0.6409557956730769 0.3454622764423077
1 0.6303561129807692 0.48565896875000003 0.6365302692307692 0.4506435817307692 0.5928294254807692 0.4429379447115384 0.586655266826923 0.47795333173076926 0.6303561129807692 0.48565896875000003
1 0.622636076923077 0.41876509375 0.6301769086538461 0.37599890625000004 0.6112501346153846 0.3726616057692308 0.6037093028846153 0.41542779326923074 0.622636076923077 0.41876509375
1 0.7106183605769231 0.11865030528846154 0.7195097908653847 0.06822450000000001 0.664883735576923 0.058592454326923074 0.6559923052884616 0.10901825961538461 0.7106183605769231 0.11865030528846154