1 0.5557894735576923 0.6431159302884615 0.5631165072115384 0.5033077956730769 0.29239428125 0.4891198461538462 0.28506724759615387 0.6289279807692308 0.5557894735576923 0.6431159302884615
1 0.5518892475961539 0.7011162956730769 0.5593602067307692 0.5585619302884616 0.23761425240384615 0.5416999399038461 0.23014329567307693 0.6842543052884615 0.5518892475961539 0.7011162956730769
1 0.5599715649038461 0.49763542788461534 0.5526510745192308 0.6373187355769231 0.6296547740384616 0.6413543269230769 0.636975264423077 0.5016710216346154 0.5599715649038461 0.49763542788461534
1 0.7142139134615384 0.5833252836538462 0.720088625 0.4712291201923077 0.6387939399038461 0.4669686442307693 0.6329192283653846 0.5790648100961538 0.7142139134615384 0.5833252836538462
1 0.7619783846153846 0.5317544086538462 0.7658970408653847 0.4569820216346154 0.6863187475961539 0.45281150000000003 0.68240009375 0.5275838870192308 0.7619783846153846 0.5317544086538462
1 0.7913310721153847 0.5180217884615385 0.7955375745192307 0.4377569399038462 0.7479466346153847 0.4352628052884615 0.7437401322115385 0.5155276538461538 0.7913310721153847 0.5180217884615385
1 0.8360772908653846 0.49120186778846153 0.8393417451923076 0.42891235096153846 0.7961198125 0.42664718509615385 0.7928553557692308 0.4889367043269231 0.8360772908653846 0.49120186778846153
1 0.8326252908653846 0.3092718774038462 0.83537946875 0.25671899759615385 0.8033921177884615 0.25504261057692307 0.8006379375 0.30759549038461537 0.8326252908653846 0.3092718774038462
1 0.7628886995192308 0.2501661418269231 0.7599905961538462 0.30546525240384614 0.8006379375 0.30759549038461537 0.8035360408653845 0.2522963798076923 0.7628886995192308 0.2501661418269231
1 0.7596307860576924 0.31233083173076925 0.7628886995192308 0.2501661418269231 0.7074959663461539 0.24726313221153845 0.7042380528846154 0.3094278221153846 0.7596307860576924 0.31233083173076925
1 0.6387442620192307 0.21862569951923078 0.6341779495192307 0.30575612740384617 0.7042380528846154 0.3094278221153846 0.7088043653846154 0.22229739423076925 0.6387442620192307 0.21862569951923078
1 0.6354620865384616 0.3155868052884615 0.6404667139423077 0.22009285576923077 0.5427102427884616 0.21496965625000003 0.5377056177884616 0.31046360576923077 0.6354620865384616 0.3155868052884615
1 0.5405924663461539 0.3703217259615385 0.5498755576923077 0.1931898125 0.19871684375 0.17478636298076924 0.18943375240384613 0.3519182788461538 0.5405924663461539 0.3703217259615385
1 0.2123954735576923 0.3780307884615385 0.22022624038461538 0.22861084375 0.01870592067307692 0.21804961057692307 0.010875153846153847 0.36746955528846154 0.2123954735576923 0.3780307884615385
1 0 0.9434397403846154 0.1386510216346154 0.9507061322115384 0.14898737259615386 0.7534768004807693 0 0.7456687019230769 0 0.9434397403846154
1 0.45755036298076923 0.12025793509615385 0.4631176009615385 0.01402871875 0.3662973461538461 0.008954584134615385 0.36073010817307694 0.11518380048076923 0.45755036298076923 0.12025793509615385
1 0.043511125 0 0.03417313701923077 0.17817946153846156 0.37269294471153847 0.19592053365384615 0.38296070673076926 0 0.043511125 0
1 0.5533813557692308 0.10838206490384615 0.5577317836538461 0.025370985576923077 0.4788556538461538 0.02123726201923077 0.47450522596153843 0.10424834375 0.5533813557692308 0.10838206490384615
1 0.598563608173077 0.18072086057692308 0.6050009302884616 0.05788942788461538 0.4378865192307692 0.04913133173076923 0.4314491947115385 0.17196276442307695 0.598563608173077 0.18072086057692308