2 0.6269391346153845 0.4494479567307692 0.6552421778846154 0.8542003341346154 0.7868478942307693 0.8449975649038461 0.7585448509615385 0.4402451875 0.6269391346153845 0.4494479567307692
2 0.5693991129807693 0.4658164326923077 0.5916695120192308 0.7842979927884616 0.6991674278846154 0.7767810072115384 0.6768970288461538 0.4582994471153846 0.5693991129807693 0.4658164326923077
1 1 0.5977673245192308 0.8449269663461538 0.6086110889423076 0.8578706682692308 0.7937146418269231 1 0.7837759927884616 1 0.5977673245192308
1 0.9397304855769231 0.93399425 0.9313790865384616 0.8145636658653845 0.8093333581730769 0.8230979350961539 0.8176847596153846 0.9425285192307692 0.9397304855769231 0.93399425
1 0.9830903846153846 0.9589934783653846 0.9797511153846153 0.9112397163461539 0.8655508125 0.9192253798076924 0.8688900817307693 0.9669791418269231 0.9830903846153846 0.9589934783653846
1 0.9071889423076923 0.7262210721153846 0.8956339110576923 0.5609764350961538 0.7601314615384616 0.5704516899038462 0.7716864927884616 0.7356963269230768 0.9071889423076923 0.7262210721153846
1 0.63767075 0.5603584182692308 0.6356555625 0.5315399014423077 0.5896221370192307 0.5347588725961538 0.5916373245192308 0.5635773894230769 0.63767075 0.5603584182692308
1 0.6411239062499999 0.5821149807692307 0.6390312115384614 0.5521880600961538 0.5930497451923077 0.5554033966346154 0.5951424375 0.5853303197115385 0.6411239062499999 0.5821149807692307
1 0.6305248822115386 0.6164565048076922 0.6289101490384615 0.5933647451923076 0.6029838725961538 0.5951776850961539 0.6045986057692307 0.6182694471153846 0.6305248822115386 0.6164565048076922
1 0.5862523725961538 0.6172318725961539 0.5841532187499999 0.5872125841346154 0.5647215024038462 0.5885713822115385 0.5668206538461539 0.6185906706730768 0.5862523725961538 0.6172318725961539
1 0.5901355216346154 0.6354312572115385 0.5876423749999999 0.5997775793269231 0.5604691442307692 0.6016777163461539 0.5629622932692308 0.6373313942307692 0.5901355216346154 0.6354312572115385
1 0.5622093533653846 0.6362702211538462 0.5595482716346154 0.5982149999999999 0.5025000793269231 0.6022041971153846 0.5051611586538461 0.640259420673077 0.5622093533653846 0.6362702211538462
1 0.4873720072115385 0.6091096346153846 0.4853568221153846 0.5802911153846154 0.4458179543269231 0.5830559423076923 0.4478331418269231 0.6118744615384615 0.4873720072115385 0.6091096346153846
1 0.4016749110576923 0.5849360817307692 0.4036900985576923 0.6137545985576923 0.4458267860576923 0.6108081153846154 0.44381159855769237 0.5819895985576923 0.4016749110576923 0.5849360817307692
1 0.9704713605769231 0.4186500793269231 0.9598916298076923 0.2673528653846154 0.7941505168269232 0.2789426129807692 0.80473025 0.43023982692307694 0.9704713605769231 0.4186500793269231
1 0.8372228894230769 0.44393253605769234 0.8297046923076923 0.3364172980769231 0.7255319855769231 0.34370176442307687 0.7330501850961538 0.45121700240384616 0.8372228894230769 0.44393253605769234
1 0.7398965649038461 0.46475387740384616 0.7346583701923077 0.3898442067307692 0.6750123509615384 0.3940150625 0.6802505456730769 0.4689247331730769 0.7398965649038461 0.46475387740384616
1 0.6831713173076923 0.4733614278846154 0.6780945961538462 0.40076093269230767 0.6366333413461539 0.4036601875 0.6417100625000001 0.4762606826923077 0.6831713173076923 0.4733614278846154
1 0.6407891875 0.4727979639423077 0.6368427788461539 0.4163617019230769 0.6154886730769231 0.41785492548076925 0.6194350817307692 0.47429118990384617 0.6407891875 0.4727979639423077
1 0.61765175 0.4674544903846154 0.6153975817307693 0.43521839182692307 0.5849510985576922 0.43734741826923074 0.587205264423077 0.46958351442307694 0.61765175 0.4674544903846154
1 0.5797466201923077 0.4099585600961539 0.5823237331730768 0.44681301201923074 0.6212391225961539 0.44409178125 0.6186620072115385 0.40723733173076926 0.5797466201923077 0.4099585600961539
1 0.6154597091346155 0.3241100721153846 0.61263715625 0.28374567548076923 0.5711239447115385 0.28664856009615386 0.5739464975961538 0.3270129591346154 0.6154597091346155 0.3241100721153846
1 0.5709760528846154 0.26586751442307693 0.5736306754807692 0.3038303701923077 0.6060515072115384 0.30156328365384616 0.6033968846153847 0.26360043028846153 0.5709760528846154 0.26586751442307693
1 0.6049276514423076 0.2854914182692308 0.6022665721153846 0.24743619711538462 0.5769637764423077 0.24920554086538463 0.579624858173077 0.2872607620192308 0.6049276514423076 0.2854914182692308
1 0.5745705528846154 0.22394056971153847 0.5770636995192308 0.25959424759615385 0.639931016826923 0.2551981370192308 0.6374378677884616 0.21954445913461537 0.5745705528846154 0.22394056971153847
1 0.6303678004807692 0.23043453846153844 0.6278681923076923 0.19468849278846154 0.5624030504807692 0.19926626201923078 0.5649026586538461 0.2350123076923077 0.6303678004807692 0.23043453846153844
1 0.6447055 0.2861441730769231 0.6404361466346155 0.22508955769230768 0.5918048990384616 0.22849018509615385 0.5960742524038461 0.28954480048076925 0.6447055 0.2861441730769231
1 0.62084125 0.17782276923076923 0.6256789903846154 0.24700568509615387 0.6593467764423077 0.24465140384615386 0.6545090360576923 0.17546848798076922 0.62084125 0.17782276923076923
1 0.7136427980769231 0.21997044951923075 0.704619670673077 0.0909336923076923 0.6482469110576923 0.09487566105769231 0.6572700408653845 0.22391241586538463 0.7136427980769231 0.21997044951923075
1 0.8096539735576923 0.1400227451923077 0.8002562259615384 0.0056286995192307695 0.702266341346154 0.012480819711538462 0.7116640889423077 0.1468748653846154 0.8096539735576923 0.1400227451923077
1 0.7867577908653847 0 0.7906965192307692 0.05632645432692308 0.8961161802884615 0.048954793269230766 0.8926929278846154 0 0.7867577908653847 0
1 0.615141826923077 0 0.6192180697115385 0.05829297596153846 0.718143170673077 0.05137545913461539 0.7145506466346153 0 0.615141826923077 0
1 0.72419253125 0.11100614423076924 0.7182761490384616 0.026397932692307693 0.5811110937499999 0.03598944951923077 0.5870274759615385 0.12059765865384617 0.72419253125 0.11100614423076924
0 0.2233151346153846 0.44444300480769233 0.23583900480769232 0.6235426971153846 0.3207358605769231 0.6176061322115385 0.30821199038461533 0.43850643990384613 0.2233151346153846 0.44444300480769233
3 0.44473579807692304 0.5937129447115385 0.44239766346153847 0.5602760769230769 0.40415770913461535 0.5629500745192307 0.40649584134615385 0.5963869447115384 0.44473579807692304 0.5937129447115385
3 0.4369630360576923 0.5572218100961538 0.43929471153846156 0.5905663125 0.4801324903846154 0.58771065625 0.4778008149038462 0.55436615625 0.4369630360576923 0.5572218100961538