1 0.8501744663461538 0.9322044399038462 0.8473580841346154 0.7708540168269231 0.4949898846153846 0.7770046274038461 0.4978062668269231 0.9383550504807693 0.8501744663461538 0.9322044399038462
1 0.5610286850961539 0.8986206153846154 0.5597197524038461 0.8236320384615384 0.4077116586538461 0.8262853485576923 0.4090205889423077 0.9012739254807692 0.5610286850961539 0.8986206153846154
1 0.7192491490384616 0.7594630913461539 0.717303204326923 0.6479800745192308 0.6234893701923077 0.6496176009615385 0.6254353125 0.7611006177884616 0.7192491490384616 0.7594630913461539
1 1 0.6881243197115385 0.9997696826923076 0.6749294591346153 0.8287019903846153 0.6779154567307693 0.8295898822115385 0.7287827091346154 1 0.7258081899038462 1 0.6881243197115385
1 0.7720124495192308 0.22796129567307694 0.77065334375 0.15009815625 0.6062252644230769 0.15296825961538463 0.6075843701923077 0.23083139903846156 0.7720124495192308 0.22796129567307694
1 0.7675922355769231 0.2477914591346154 0.7665974471153846 0.19080013942307691 0.6042003100961538 0.19363479326923078 0.6051950961538461 0.2506261105769231 0.7675922355769231 0.2477914591346154
1 0.7603599495192307 0.26767070673076926 0.7592866249999999 0.20618007451923076 0.6113404110576923 0.2087624855769231 0.6124137355769231 0.27025311778846156 0.7603599495192307 0.26767070673076926
1 0.7649777019230769 0.2949692740384615 0.7642512475961538 0.2533506129807692 0.6134929615384616 0.25598211057692305 0.6142194182692308 0.2976007692307692 0.7649777019230769 0.2949692740384615
1 0.7683813966346154 0.3332907091346154 0.767386610576923 0.2762993894230769 0.6091294663461538 0.27906177884615385 0.6101242548076923 0.33605309615384615 0.7683813966346154 0.3332907091346154
1 0.7729424302884615 0.35733976923076927 0.7722334278846154 0.3167209567307693 0.6132732668269231 0.31949561778846153 0.6139822692307693 0.3601144302884615 0.7729424302884615 0.35733976923076927
1 0.7709741971153845 0.40125581009615385 0.7698834206730769 0.3387653269230769 0.6198281538461539 0.3413845528846154 0.6209189302884616 0.40387503365384614 0.7709741971153845 0.40125581009615385
1 0.7677859182692307 0.41556363221153847 0.7670965480769231 0.3760696466346154 0.6245401370192307 0.37855797836538463 0.6252295072115385 0.4180519615384615 0.7677859182692307 0.41556363221153847
1 0.7781006514423077 0.45588975721153846 0.777164766826923 0.4022729230769231 0.6209385625 0.40499986298076923 0.6218744495192308 0.4586166947115385 0.7781006514423077 0.45588975721153846
1 0.7825072163461539 0.47556584855769235 0.7818571153846154 0.4383215216346154 0.6221939375 0.4411084519230769 0.6228440384615385 0.47835277884615385 0.7825072163461539 0.47556584855769235
1 0.7743876826923077 0.5207144302884615 0.77352596875 0.4713469495192308 0.6227676850961538 0.4739784447115385 0.6236293966346154 0.5233459254807692 0.7743876826923077 0.5207144302884615
1 0.7753393966346154 0.5349499879807692 0.7747089278846153 0.4988304903846154 0.623247625 0.5014742572115385 0.6238780937499999 0.5375937548076923 0.7753393966346154 0.5349499879807692
1 0.7779833533653846 0.5700341875 0.7772176298076924 0.5261658701923076 0.6278653798076923 0.5287728245192308 0.6286311033653846 0.572641141826923 0.7779833533653846 0.5700341875
1 0.7826578269230768 0.6005822596153846 0.7819510048076924 0.5600884278846153 0.6277557427884616 0.5627799158653846 0.6284625649038461 0.6032737475961538 0.7826578269230768 0.6005822596153846
1 0.7838211538461538 0.6269409711538461 0.7831121490384615 0.5863221586538462 0.6343848052884616 0.5889182043269231 0.6350938076923077 0.6295370168269231 0.7838211538461538 0.6269409711538461
1 0.7814885985576924 0.6499851899038462 0.780934485576923 0.6182400264423078 0.6342380817307693 0.6208006201923078 0.6347921947115385 0.6525457860576923 0.7814885985576924 0.6499851899038462
1 0.7807523004807693 0.6883788870192308 0.7799865745192308 0.6445105697115385 0.7011704567307693 0.6458863100961539 0.7019361802884615 0.6897546274038462 0.7807523004807693 0.6883788870192308
1 0.7882392692307693 0.7233785528846154 0.7876066177884616 0.6871340745192308 0.7019165456730769 0.6886298004807692 0.7025491971153847 0.7248742788461539 0.7882392692307693 0.7233785528846154
1 0.7890224447115385 0.7682467187500001 0.7881040120192307 0.715629733173077 0.6894471658653847 0.7173517956730768 0.6903655985576923 0.7699687788461538 0.7890224447115385 0.7682467187500001
1 0.8357796730769231 0.6984200576923077 0.8352059254807693 0.6655500649038462 0.7858384447115385 0.6664117764423078 0.7864121923076923 0.6992817692307691 0.8357796730769231 0.6984200576923077
1 0.7846947548076924 0.6411778942307692 0.7854212115384616 0.6827965528846154 0.8313517139423077 0.6819948341346154 0.8306252572115385 0.6403761730769231 0.7846947548076924 0.6411778942307692
1 0.8329419807692309 0.6567132283653846 0.8322722451923077 0.6183440745192308 0.76720403125 0.61947984375 0.7678737692307693 0.657849 0.8329419807692309 0.6567132283653846
1 0.780985641826923 0.585359125 0.7816553798076923 0.6237282812499999 0.8289919182692308 0.622902016826923 0.8283221826923076 0.5845328629807692 0.780985641826923 0.585359125
1 0.8298988004807692 0.5987575144230769 0.8292290649038462 0.5603883581730769 0.7819706394230769 0.5612132572115385 0.7826403749999999 0.5995824110576924 0.8298988004807692 0.5987575144230769
1 0.7822700697115385 0.5380795072115384 0.7829594399038461 0.5775734927884616 0.8254529663461538 0.5768317644230769 0.8247635961538461 0.53733778125 0.7822700697115385 0.5380795072115384
1 0.8269297932692308 0.5450511490384615 0.826356045673077 0.51218115625 0.781831579326923 0.5129583341346154 0.782405326923077 0.5458283269230769 0.8269297932692308 0.5450511490384615
1 0.7805722644230768 0.48110045913461535 0.781242 0.5194696153846153 0.8223294927884616 0.5187524302884615 0.8216597572115384 0.48038327644230766 0.7805722644230768 0.48110045913461535
1 0.7781966394230769 0.4613889182692308 0.7785413245192309 0.48113591105769227 0.8209567379807693 0.48039554567307696 0.8206120528846154 0.4606485552884615 0.7781966394230769 0.4613889182692308
1 0.7776425264423078 0.4296437548076923 0.7781966394230769 0.4613889182692308 0.8206120528846154 0.4606485552884615 0.8200579399038461 0.42890338942307693 0.7776425264423078 0.4296437548076923
1 0.7763853942307691 0.3979108605769231 0.7769395072115385 0.4296560264423077 0.8200579399038461 0.42890338942307693 0.8195038245192308 0.3971582259615385 0.7763853942307691 0.3979108605769231
1 0.8217830408653846 0.4068699278846154 0.8211722067307693 0.37187525721153847 0.7752417019230768 0.3726769783653846 0.7758525360576923 0.4076716466346154 0.8217830408653846 0.4068699278846154
1 0.7713073317307693 0.3442413125 0.7719770697115386 0.38261046634615387 0.8220475673076924 0.38173648317307696 0.821377829326923 0.3433673269230769 0.7713073317307693 0.3442413125
1 0.8153792379807693 0.3533485384615384 0.8147465889423077 0.3171040576923077 0.7688160841346154 0.31790577884615384 0.7694487331730768 0.3541502572115384 0.8153792379807693 0.3533485384615384
1 0.7641590625 0.2883575552884615 0.7648680673076923 0.32897636778846157 0.814235545673077 0.32811465384615385 0.8135265432692307 0.28749584134615386 0.7641590625 0.2883575552884615
1 0.8171751298076924 0.29955900240384614 0.8164464903846155 0.25781536057692306 0.7663759927884615 0.25868934615384614 0.7671046322115385 0.30043298557692305 0.8171751298076924 0.29955900240384614
1 0.7611900552884615 0.23465118990384617 0.7619950480769231 0.2807691658653846 0.8195644038461538 0.27976428846153845 0.8187594110576922 0.23364631490384616 0.7611900552884615 0.23465118990384617
1 0.8190866442307693 0.25239345913461536 0.8181682115384615 0.1997764735576923 0.7605988557692308 0.20078135096153846 0.7615172884615385 0.25339833653846155 0.8190866442307693 0.25239345913461536
1 0.7476322163461538 0.15625086778846153 0.7489891394230769 0.23398902644230768 0.8963104495192307 0.23141752163461538 0.8949535240384615 0.15367936538461538 0.7476322163461538 0.15625086778846153
1 0.9434393485576924 0.4917596610576923 0.9427761586538461 0.45376544951923076 0.9177799663461539 0.4542017596153846 0.9184431562500001 0.49219597115384617 0.9434393485576924 0.4917596610576923
1 0.9202301875000001 0.48266333173076925 0.9197218846153846 0.45354276682692307 0.9094109567307692 0.4537227451923077 0.9093215120192307 0.4485985264423077 0.8050405216346154 0.45041875721153846 0.805937139423077 0.5017859326923078 0.9102181298076922 0.49996570192307693 0.9099192572115384 0.4828433100961539 0.9202301875000001 0.48266333173076925
1 0.8878972355769231 0.12992389423076925 0.8861759903846154 0.031313915865384616 0.7469003317307692 0.03374498317307692 0.7486215745192308 0.13235496153846155 0.8878972355769231 0.12992389423076925
3 0.9236180673076924 0.6991371754807693 0.9221673365384616 0.6160248341346153 0.8208546442307691 0.6177932548076923 0.8223053749999999 0.70090559375 0.9236180673076924 0.6991371754807693
3 0.999880451923077 0.69918121875 0.9985017115384616 0.620193252403846 0.9188263485576923 0.6215839903846153 0.9202050865384616 0.7005719591346153 0.999880451923077 0.69918121875
3 0.9847677403846155 0.6301844639423078 0.9835329807692308 0.5594452403846154 0.9177617499999999 0.56059328125 0.9189965096153846 0.6313325048076923 0.9847677403846155 0.6301844639423078
3 0.6719489326923077 0.8698054014423077 0.668951483173077 0.6980815576923077 0.4965558677884615 0.7010907355769231 0.4995533173076923 0.872814576923077 0.6719489326923077 0.8698054014423077
3 0.13626126442307693 0.38295529086538466 0.13442221634615387 0.2775963389423077 0.005769939903846153 0.2798419735576923 0.007608985576923077 0.38520092307692305 0.13626126442307693 0.38295529086538466
3 0.13768363461538463 0.46444287740384615 0.13626126442307693 0.38295529086538466 0.0015942764423076924 0.3853059110576923 0.0030166490384615384 0.46679349759615385 0.13768363461538463 0.46444287740384615
3 0.13452702884615386 0.5387592860576923 0.13314610817307693 0.45964633653846154 0.013398723557692309 0.4617365360576923 0.01477964423076923 0.540849485576923 0.13452702884615386 0.5387592860576923
3 0.14505457451923076 0.6270890072115385 0.14355148557692307 0.540977125 0.00732223798076923 0.5433550168269231 0.008825324519230768 0.6294668990384615 0.14505457451923076 0.6270890072115385
3 0.14515859375 0.7181010552884615 0.14352897596153846 0.6247402764423077 0.013314435096153847 0.6270131778846154 0.014944055288461537 0.7203739567307692 0.14515859375 0.7181010552884615
3 0.014944055288461537 0.7203739567307692 0.016030466346153845 0.7826144759615384 0.14476085817307693 0.7803674783653847 0.14367444471153845 0.7181269591346153 0.014944055288461537 0.7203739567307692
3 0.14223732451923077 0.895429045673077 0.13981362259615385 0.7565751971153846 0.015613790865384615 0.7587431129807692 0.018037492788461538 0.8975969615384615 0.14223732451923077 0.895429045673077
3 0.16043170673076926 0.9932514086538462 0.15800800240384616 0.8543975600961539 0.011311598557692308 0.8569581538461539 0.013735302884615384 0.9958120048076923 0.16043170673076926 0.9932514086538462
3 0.16203410336538462 1 0.16103887259615385 0.9429831562500001 0.027856033653846153 0.9453078701923077 0.02881068990384615 1 0.16203410336538462 1