2 0.8661911057692309 0.884072310096154 0.9352508461538461 0.6070888149038461 0.8353912451923077 0.5821910216346153 0.7663315048076923 0.859174514423077 0.8661911057692309 0.884072310096154
2 0.7943759158653846 0.843359673076923 0.8553939927884616 0.5986295288461538 0.8228991947115385 0.5905276658653846 0.7618811177884616 0.8352578100961539 0.7943759158653846 0.843359673076923
2 0.7781633846153846 0.8278661730769231 0.8405254735576922 0.5777454975961539 0.7868054543269231 0.5643515913461539 0.7244433653846154 0.8144722692307693 0.7781633846153846 0.8278661730769231
2 0.7605986947115385 0.8048785024038462 0.8162407307692308 0.5817104855769231 0.7807137548076923 0.5728526177884615 0.72507171875 0.7960206346153846 0.7605986947115385 0.8048785024038462
2 0.7557654495192309 0.7437451658653846 0.8000281971153846 0.5662169831730769 0.7569207908653847 0.5554690985576923 0.7126580432692309 0.7329972812500001 0.7557654495192309 0.7437451658653846
2 0.7326571057692307 0.7879874543269231 0.7876495360576924 0.5674248605769231 0.7324639663461538 0.5536655528846154 0.6774715360576924 0.7742281466346154 0.7326571057692307 0.7879874543269231
1 1 0.3518376730769231 0.8847450552884616 0.3231013870192308 0.8608216682692308 0.41905285096153844 1 0.4537539086538462 1 0.3518376730769231
1 0.8527398533653846 0.4499602091346154 0.8744680216346155 0.36281327644230765 0.8276209326923076 0.3511329855769231 0.8058927620192308 0.43827991826923074 0.8527398533653846 0.4499602091346154
1 0.8177946778846154 0.45556147596153845 0.8414492644230769 0.36068811538461537 0.7978870288461538 0.3498268317307692 0.7742324447115384 0.4447001923076923 0.8177946778846154 0.45556147596153845
1 0.7655417812499999 0.4627639302884615 0.7769882692307692 0.41685456730769227 0.7442407884615385 0.4086897043269231 0.7327943004807692 0.45459906730769234 0.7655417812499999 0.4627639302884615
1 0.733687528846154 0.4643644927884615 0.7470828317307692 0.4106388581730769 0.7136783798076922 0.4023101923076923 0.7002830745192308 0.4560358269230769 0.733687528846154 0.4643644927884615
1 0.7026336442307692 0.47093596875000004 0.7141025360576924 0.4249367620192308 0.6907547932692307 0.4191155168269231 0.6792859038461538 0.46511472355769234 0.7026336442307692 0.47093596875000004
1 0.6754672475961538 0.4724647908653846 0.6857937283653845 0.4310475360576923 0.6674996105769231 0.42648630048076924 0.6571731298076924 0.4679035552884615 0.6754672475961538 0.4724647908653846
1 0.6613755456730769 0.4725775649038461 0.6714332259615384 0.43223842067307694 0.6512692668269231 0.42721098076923075 0.6412115889423077 0.46755012740384616 0.6613755456730769 0.4725775649038461
1 0.7108183461538461 0.38966870673076925 0.7189272091346154 0.35714583173076925 0.6559085216346153 0.3414335072115385 0.6477996586538463 0.3739563846153846 0.7108183461538461 0.38966870673076925
1 0.7142248028846154 0.37858963461538464 0.7242824807692307 0.3382504879807692 0.6732408822115384 0.3255243870192308 0.6631832019230769 0.36586353365384616 0.7142248028846154 0.37858963461538464
1 0.7449126129807693 0.37908392548076925 0.755530295673077 0.33649872355769234 0.695644858173077 0.32156760576923077 0.6850271730769231 0.36415280769230773 0.7449126129807693 0.37908392548076925
1 0.7566174591346153 0.3510838629807692 0.7672351418269231 0.3084986610576923 0.7136161971153846 0.29512995673076925 0.7029985144230769 0.33771515865384616 0.7566174591346153 0.3510838629807692
1 0.7865513341346154 0.3490044951923077 0.8010666466346154 0.29078675240384616 0.7481552091346154 0.2775944495192308 0.7336398942307691 0.33581219230769227 0.7865513341346154 0.3490044951923077
1 0.8338636971153846 0.34181078365384615 0.8478414062499999 0.2857492548076923 0.7797690985576923 0.2687769206730769 0.7657913894230769 0.32483844951923074 0.8338636971153846 0.34181078365384615
1 0.15820398076923076 0 0.15678006490384616 0.0057110120192307694 0.3462909471153846 0.05296138221153846 0.3594957043269231 0 0.15820398076923076 0
1 0.9471180048076923 0.24990542307692307 0.9675693629807692 0.16787949759615386 0.8813545432692307 0.14638372836538463 0.8609031850961538 0.22840965384615386 0.9471180048076923 0.24990542307692307
1 1 0.11880447836538462 0.934847485576923 0.10256013221153845 0.9147321274038462 0.18323842548076924 1 0.20449809375 1 0.11880447836538462
1 0.8500627163461538 0.0785580985576923 0.8376530192307693 0.12833067548076924 0.9261419663461539 0.15039344951923078 0.9385516634615385 0.10062087259615385 0.8500627163461538 0.0785580985576923
1 0.8846369783653846 0.2942554278846154 0.9037443293269232 0.21762003605769228 0.8220777716346154 0.1972582764423077 0.802970423076923 0.2738936706730769 0.8846369783653846 0.2942554278846154
1 0.8570106274038461 0.19881097596153846 0.8757819735576924 0.1235232139423077 0.8190803173076924 0.10938590384615385 0.8003089711538462 0.18467366586538464 0.8570106274038461 0.19881097596153846
1 0.843010639423077 0.21965431971153848 0.8604379759615385 0.14975709134615384 0.780995014423077 0.12994973557692308 0.7635676778846154 0.1998469639423077 0.843010639423077 0.21965431971153848
1 0.8055337043269231 0.2345487764423077 0.8155913822115385 0.19420962980769232 0.7490351610576924 0.1776153004807692 0.7389774807692308 0.21795444711538461 0.8055337043269231 0.2345487764423077
1 0.7535486995192309 0.2658656730769231 0.7655999951923077 0.21753056971153845 0.7232506274038462 0.2069716875 0.7111993341346154 0.2553067908653846 0.7535486995192309 0.2658656730769231
1 0.7521268004807692 0.28125664182692306 0.7611764735576922 0.24496039182692309 0.7059403653846155 0.23118848317307691 0.6968906947115384 0.2674847331730769 0.7521268004807692 0.28125664182692306
1 0.7279162596153845 0.3137728581730769 0.7409979615384615 0.2613050168269231 0.6873284807692308 0.24792371153846154 0.6742467788461538 0.3003915528846154 0.7279162596153845 0.3137728581730769
1 0.6760254447115385 0.36085872596153845 0.6844255096153845 0.3271679014423077 0.6511726682692308 0.3188770384615385 0.6427726033653846 0.3525678605769231 0.6760254447115385 0.36085872596153845
1 0.64616203125 0.36782244711538464 0.6533748870192307 0.3388932596153846 0.6350302331730769 0.33431942307692303 0.6278173774038461 0.3632486105769231 0.64616203125 0.36782244711538464
1 0.6508541682692308 0.4721491177884615 0.6583134254807692 0.44223166586538465 0.6341571057692307 0.43620881971153846 0.6266978485576923 0.4661262692307692 0.6508541682692308 0.4721491177884615
1 0.6294685841346154 0.47072960817307696 0.6359870360576922 0.4445855288461538 0.6239088774038462 0.4415741057692308 0.6173904254807692 0.4677181850961538 0.6294685841346154 0.47072960817307696
1 0.6165195336538462 0.47551693028846154 0.6225899807692308 0.4511696971153846 0.6131397067307692 0.44881347836538465 0.6070692596153846 0.47316071153846156 0.6165195336538462 0.47551693028846154
1 0.6042453293269231 0.446595860576923 0.5981748822115385 0.47094309375 0.6070692596153846 0.47316071153846156 0.6131397067307692 0.44881347836538465 0.6042453293269231 0.446595860576923
1 0.6162785096153847 0.4228764543269231 0.6225729567307692 0.3976307980769231 0.6083722764423076 0.3940901706730769 0.6020778269230769 0.4193358269230769 0.6162785096153847 0.4228764543269231
1 0.6011594206730769 0.42301935817307695 0.6072074663461539 0.3987619663461538 0.5977571899038462 0.3964057475961538 0.5917091418269231 0.4206631394230769 0.6011594206730769 0.42301935817307695
1 0.5933962211538462 0.42509171634615384 0.5982794591346153 0.4055061177884615 0.5903958052884616 0.40354050240384615 0.5855125673076923 0.42312610096153846 0.5933962211538462 0.42509171634615384
1 0.6120500721153846 0.35931737980769235 0.6167093076923076 0.34063020192307697 0.6061977716346154 0.3380093822115385 0.6015385336538461 0.35669656009615386 0.6120500721153846 0.35931737980769235
1 0.6403952259615384 0.348539735576923 0.6445840600961539 0.3317392451923077 0.6261888677884616 0.3271528100961539 0.6220000360576923 0.3439533004807692 0.6403952259615384 0.348539735576923
1 0.6255744014423077 0.3586814326923077 0.6311520456730769 0.33631072596153844 0.6153847403846153 0.3323794951923077 0.6098070961538462 0.35475020192307694 0.6255744014423077 0.3586814326923077
1 0.6701459158653846 0.3142557355769231 0.6773587716346154 0.28532654807692304 0.63849640625 0.2756370721153846 0.6312835504807693 0.30456625721153846 0.6701459158653846 0.3142557355769231
1 0.6916630024038461 0.28393077884615386 0.7000406682692308 0.25032979567307695 0.6532946514423077 0.2386747043269231 0.644916985576923 0.27227568750000003 0.6916630024038461 0.28393077884615386
1 0.6895348052884616 0.2655552740384616 0.6979124711538461 0.23195429326923078 0.6658724975961537 0.22396583173076923 0.6574948317307693 0.2575668125 0.6895348052884616 0.2655552740384616
1 0.6471611081730769 0.26090681009615385 0.6562331778846153 0.22452072115384616 0.6199986971153847 0.21548644951923077 0.6109266274038462 0.25187254086538463 0.6471611081730769 0.26090681009615385
1 0.6460028822115385 0.17835980048076922 0.6387900264423076 0.20728898557692307 0.7107536274038462 0.22523152644230768 0.717966483173077 0.19630234134615382 0.7051158413461539 0.19309831490384616 0.71115646875 0.16979334375 0.7631582572115385 0.18275884615384616 0.7731711346153846 0.14259938221153845 0.7136596899038461 0.15975347596153847 0.7211693485576922 0.12963388221153846 0.7123515384615384 0.15970218990384616 0.6542964639423077 0.1760275985576923 0.6537132692307692 0.18028221394230767 0.6515319374999999 0.17680499759615384 0.651143141826923 0.17964140865384615 0.6487674110576923 0.1775823966346154 0.6485730120192308 0.17900060336538462 0.6460028822115385 0.17835980048076922
1 0.7118159158653847 0.16499554807692307 0.7192751754807692 0.13507809615384614 0.6841019543269231 0.12630842788461538 0.6766426947115385 0.15622587980769229 0.7118159158653847 0.16499554807692307
1 0.8052312740384615 0.1647160985576923 0.8157145576923077 0.12266994951923077 0.7465809855769231 0.10543301442307693 0.7360977043269231 0.14747916346153847 0.8052312740384615 0.1647160985576923
1 0.8404778557692307 0.12970297836538464 0.8536715576923076 0.07678592307692308 0.7748855673076923 0.05714237019230769 0.7616918629807692 0.11005942548076922 0.8404778557692307 0.12970297836538464
1 0.760430389423077 0.10392384375 0.7720784807692307 0.05720590144230769 0.7348838100961538 0.04793222836538461 0.72323571875 0.09465017067307692 0.760430389423077 0.10392384375
1 0.748991326923077 0.13494841826923076 0.7598554134615385 0.09137495192307693 0.7112395552884615 0.07925365865384615 0.70037546875 0.12282712259615385 0.748991326923077 0.13494841826923076
1 0.60391415625 0.4733283269230769 0.6094245985576923 0.45122714903846156 0.5952239182692307 0.4476865216346154 0.5897134735576923 0.4697876995192308 0.60391415625 0.4733283269230769
1 0.5925858269230769 0.47527521875 0.5984098725961539 0.4519162451923077 0.58860584375 0.4494718269230769 0.5827817980769231 0.4728307980769231 0.5925858269230769 0.47527521875
1 0.5821321923076923 0.47543622115384615 0.58941225 0.4462375096153846 0.5820844951923078 0.4444104951923077 0.5748044375 0.4736092067307692 0.5821321923076923 0.47543622115384615
1 0.6119360168269231 0.4008951971153846 0.6175808605769231 0.3782549615384615 0.5924138149038461 0.3719801129807693 0.5867689711538462 0.39462034855769235 0.6119360168269231 0.4008951971153846
1 0.6133056923076923 0.3206961466346154 0.6192865384615385 0.29670828125 0.6057933629807692 0.2933440552884615 0.599812516826923 0.3173319206730769 0.6133056923076923 0.3206961466346154