1 1 0.08362339423076923 0.5421189663461539 0.002886612980769231 0.4624216875 0.45487233894230766 0.9945256274038462 0.5486966201923077 1 0.5176499086538462 1 0.08362339423076923
1 0.8988938149038461 0.5480175120192308 0.9435901322115385 0.2945320985576923 0.35693707692307697 0.19108933653846152 0.3122407596153846 0.44457475 0.8988938149038461 0.5480175120192308
1 0.638138670673077 0.5790425288461538 0.6772999519230769 0.35694786538461537 0.25275548557692307 0.28208922115384616 0.21359420432692305 0.5041838846153847 0.638138670673077 0.5790425288461538
1 0.2370996610576923 0.4658075408653846 0.25858862259615384 0.3439375817307692 0.18488191826923076 0.3309411009615385 0.16339295673076923 0.45281106009615385 0.2370996610576923 0.4658075408653846
1 0.15584425721153844 0.38854472596153844 0.1677102139423077 0.3212495288461538 0.12862565625 0.31435786778846153 0.11675969951923076 0.38165306490384615 0.15584425721153844 0.38854472596153844
1 0.12064936778846154 0.3969356754807692 0.13050752163461538 0.3410273173076923 0.10204042067307693 0.3360078004807692 0.09218226923076923 0.39191615865384616 0.12064936778846154 0.3969356754807692
1 0.09837091346153846 0.4067579495192308 0.1069086153846154 0.3583382379807692 0.08982835576923076 0.35532652644230767 0.08129065384615385 0.4037462403846154 0.09837091346153846 0.4067579495192308
1 0.0804422548076923 0.42115506490384613 0.08930554807692308 0.37088883413461543 0.06799369230769231 0.3671309783653846 0.05913039903846154 0.41739720913461537 0.0804422548076923 0.42115506490384613
1 0.1261892596153846 0.4653960697115384 0.13588461538461538 0.41041096875 0.047713548076923074 0.3948640288461539 0.03801818990384615 0.4498491298076923 0.1261892596153846 0.4653960697115384
1 0.2241457235576923 0.4875340216346154 0.2361744783653846 0.41931556730769226 0.1337698581730769 0.40125887019230766 0.1217411033653846 0.4694773245192308 0.2241457235576923 0.4875340216346154
1 0.10492496875 0.7056663076923078 0.11547047836538461 0.6458597524038462 0.027991850961538462 0.6304349110576923 0.017446341346153846 0.6902414663461538 0.10492496875 0.7056663076923078
1 0.08851131971153846 0.7447642596153846 0.10139022596153846 0.6717243509615384 0.042378699519230775 0.6613190288461539 0.02949979326923077 0.7343589350961538 0.08851131971153846 0.7447642596153846
1 0.23684066826923075 0.8483450048076923 0.2561771153846154 0.7386825600961539 0.07806540144230768 0.7072766586538461 0.05872895432692308 0.8169391033653847 0.23684066826923075 0.8483450048076923
1 0.3989020048076923 0.9275863485576923 0.4211325889423077 0.8015104399038461 0.1116105889423077 0.7469333581730768 0.08938000480769231 0.8730092692307692 0.3989020048076923 0.9275863485576923
1 0.5685136634615385 1 0.5936901778846153 0.8572168894230768 0.14167880528846155 0.7775150889423077 0.11539643028846153 0.9265698461538462 0.5318395264423077 1 0.5685136634615385 1
1 0.21015506730769232 0 0.18568335096153848 0.13878600000000002 0.32324868509615384 0.16304248076923075 0.34837340625 0.020553108173076925 0.2318109423076923 0 0.21015506730769232 0
1 0.24434638701923078 0 0.23588290144230767 0.047998800480769224 0.4004535096153846 0.07701703846153846 0.41403369230769227 0 0.24434638701923078 0
4 0.6740875120192308 0.9474443293269231 0.7308668485576924 0.6254327115384615 0.49543624519230767 0.5839199447115384 0.4386569086538462 0.9059315625 0.6740875120192308 0.9474443293269231
4 0.9128067499999999 1 0.9672874014423076 0.6910248677884615 0.6817700889423077 0.6406804639423077 0.6184123605769231 1 0.9128067499999999 1