1 0.9348012980769231 0.6898642067307693 0.9379632836538462 0.659779920673077 0.8897134326923077 0.6547086562500001 0.8865514471153847 0.6847929447115385 0.9348012980769231 0.6898642067307693
1 0.8943377115384615 0.68171496875 0.8981921995192308 0.6450419735576923 0.8589552019230768 0.640918 0.8551007163461539 0.6775909951923077 0.8943377115384615 0.68171496875
1 0.8554726370192308 0.6815264302884615 0.8584908966346153 0.6528096105769231 0.8086094086538461 0.6475668533653847 0.8055911490384615 0.676283673076923 0.8554726370192308 0.6815264302884615
1 0.6098215120192307 0.9618847259615385 0.6240896490384615 0.8261324879807692 0.48625512980769237 0.8116454975961538 0.4719869951923077 0.9473977355769231 0.6098215120192307 0.9618847259615385
1 0.5569540192307693 1 0.564669016826923 0.9265966947115385 0.3833241658653846 0.9075365817307692 0.37500108653846154 0.9867253870192307 0.5013005841346154 1 0.5569540192307693 1
1 0.0644712403846154 0.08909888942307692 0.042886112980769234 0.2944676610576923 0.6129491706730769 0.35438370192307694 0.6345342980769231 0.14901493028846155 0.0644712403846154 0.08909888942307692
1 0.060717168269230765 0 0.0427807764423077 0.17065338221153845 0.4973860576923077 0.21843432211538463 0.5197682163461539 0.0054823221153846155 0.46760740384615385 0 0.060717168269230765 0
1 0.05600384855769231 0 0.052570014423076926 0.032670752403846155 0.31402049759615386 0.06015030528846154 0.3203425504807692 0 0.05600384855769231 0
1 0.36939900240384616 0.21264934134615385 0.3553399230769231 0.34641253605769234 0.6568820697115385 0.37810589182692306 0.6709411490384615 0.24434269711538462 0.36939900240384616 0.21264934134615385
1 0.4079878846153846 0.2872164639423077 0.3961108365384615 0.4002190144230769 0.6988184399038461 0.4320348653846154 0.7106954855769231 0.31903231490384615 0.4079878846153846 0.2872164639423077
1 0.4843304903846154 0.3314386947115385 0.47502745673076924 0.4199511418269231 0.7376433942307692 0.4475531899038462 0.7469464278846154 0.3590407403846154 0.4843304903846154 0.3314386947115385
1 0.6709287043269231 0.4253328798076923 0.6659766682692307 0.4724483557692307 0.7967407596153847 0.4861922139423077 0.8016927932692308 0.43907674038461536 0.6709287043269231 0.4253328798076923
1 0.7398852644230769 0.8230947860576923 0.7460263125 0.764666625 0.6930369423076923 0.7590972163461539 0.6868958966346154 0.8175253774038461 0.7398852644230769 0.8230947860576923
1 0.7884488870192308 0.7691254158653845 0.7937929038461539 0.7182804831730769 0.7502048749999999 0.7136991971153847 0.7448608581730769 0.7645441298076924 0.7884488870192308 0.7691254158653845
1 0.6085834927884616 0.14628739182692307 0.5970984278846154 0.2555604831730769 0.8173694879807692 0.27871190625 0.8288545528846154 0.1694388125 0.6085834927884616 0.14628739182692307
1 0.5803654134615385 0.07469561057692307 0.5643202956730768 0.22735472115384617 0.7845913557692307 0.2505061442307692 0.8006364735576923 0.09784703365384616 0.5803654134615385 0.07469561057692307
1 0.5364430048076924 0.039662555288461535 0.5225799158653847 0.17156102163461537 0.7616536562499999 0.1966886826923077 0.7755167451923076 0.06479021634615384 0.5364430048076924 0.039662555288461535
1 0.5073042451923077 0 0.49835143990384617 0.08518025240384615 0.7409215456730769 0.11067539903846153 0.7500285889423076 0.024027677884615385 0.5214205144230769 0 0.5073042451923077 0
0 0.7156128485576924 0.3791255168269231 0.6836010072115385 0.6836978461538461 0.8283505600961539 0.698911639423077 0.8603624038461538 0.3943393076923077 0.7156128485576924 0.3791255168269231