1 0.532264608173077 0.14465955528846156 0.5344494615384615 0.08209352644230769 0.4334172956730769 0.07856540384615385 0.4312324399038462 0.14113143269230768 0.532264608173077 0.14465955528846156
1 0.4668076514423077 0.11631620913461539 0.46526262259615386 0.16056007211538462 0.5590335889423077 0.16383462499999998 0.5605786177884615 0.11959076201923077 0.4668076514423077 0.11631620913461539
1 0.5178893581730769 0.1421771875 0.516409764423077 0.1845471923076923 0.5827755625 0.18686473798076925 0.58425515625 0.14449473317307693 0.5178893581730769 0.1421771875
1 0.5308138557692308 0.14367082211538462 0.5289670889423077 0.19655525240384616 0.60688834375 0.19927632211538462 0.6087351081730769 0.14639189182692308 0.5308138557692308 0.14367082211538462
1 0.5576457091346154 0.1811925985576923 0.5563696971153846 0.21773282451923076 0.6278105240384615 0.22022759374999998 0.6290865384615384 0.1836873653846154 0.5576457091346154 0.1811925985576923
1 0.5845164807692307 0.19745277884615384 0.5832041153846154 0.23503403846153845 0.643089485576923 0.23712528125 0.6444018533653846 0.19954402163461538 0.5845164807692307 0.19745277884615384
1 0.582471264423077 0.21572586778846153 0.5813624783653846 0.24747734615384614 0.6613918221153846 0.25027203124999997 0.662500608173077 0.2185205528846154 0.582471264423077 0.21572586778846153
1 0.6352727403846153 0.23487194230769232 0.6341966730769231 0.26568649278846157 0.6839319807692308 0.26742328846153846 0.6850080504807692 0.23660873798076926 0.6352727403846153 0.23487194230769232
1 0.6303296538461538 0.25106345913461536 0.62938809375 0.2780261923076923 0.6907569375 0.2801692403846154 0.6916984951923077 0.2532065072115385 0.6303296538461538 0.25106345913461536
1 0.6275292740384616 0.2640986682692308 0.6266895048076923 0.2881465096153846 0.7053134567307692 0.2908921201923077 0.7061532259615385 0.2668442764423077 0.6275292740384616 0.2640986682692308
1 0.7173022596153846 0.30798760576923073 0.718185653846154 0.28269052403846157 0.6445586586538461 0.28011941346153846 0.643675264423077 0.30541649278846156 0.7173022596153846 0.30798760576923073
1 0.6720067884615385 0.29775474759615383 0.6713051634615385 0.31784666586538457 0.7264278149038461 0.31977159134615385 0.7271294399038462 0.29967967307692306 0.6720067884615385 0.29775474759615383
1 0.6581722139423077 0.3066523485576923 0.6574742259615385 0.3266401658653846 0.7400801225961539 0.3295248269230769 0.7407781129807692 0.3095370096153846 0.6581722139423077 0.3066523485576923
1 0.8785484735576923 0.2639006610576923 0.8802425552884615 0.2153885625 0.7642976033653847 0.21133967548076923 0.7626035240384615 0.25985177403846155 0.8785484735576923 0.2639006610576923
1 0.8952899999999999 0.3060731201923077 0.8970640576923077 0.25527075240384617 0.7663624759615384 0.2507065528846154 0.7645884182692307 0.30150892067307694 0.8952899999999999 0.3060731201923077
1 0.8774669735576922 0.14712511057692307 0.8798445024038462 0.07904161057692308 0.756013733173077 0.07471734615384615 0.753636204326923 0.14280084615384617 0.8774669735576922 0.14712511057692307
1 0.8969450096153846 0.18480700721153848 0.8991625817307691 0.12130404807692309 0.7684610000000001 0.11673984855769232 0.7662434278846154 0.1802428076923077 0.8969450096153846 0.18480700721153848
1 0.9140100841346155 0.21771428365384615 0.9155005817307693 0.17503196634615387 0.80033640625 0.17101034375000002 0.7988459062500001 0.2136926610576923 0.9140100841346155 0.21771428365384615
1 1 0.17610660817307694 0.9219683677884615 0.1733816826923077 0.9191255120192309 0.25479039423076927 1 0.25761459375 1 0.17610660817307694
1 1 0.02799555048076923 0.9208880264423077 0.02523289903846154 0.917870673076923 0.11163856250000001 1 0.11450658173076923 1 0.02799555048076923
1 0.8921486778846154 0.06248176682692308 0.8937155192307693 0.017613281249999998 0.7640289447115385 0.013084526442307693 0.7624621033653847 0.05795301201923077 0.8921486778846154 0.06248176682692308
1 0.8703143870192308 0.40119693269230766 0.8724592524038461 0.33977603605769235 0.7540158245192308 0.3356399014423077 0.7518709591346154 0.3970607956730769 0.8703143870192308 0.40119693269230766
1 0.8834544423076923 0.4166649350961539 0.8842105985576924 0.39501146634615386 0.7733406778846154 0.39113980288461536 0.7725845216346153 0.4127932716346154 0.8834544423076923 0.4166649350961539
1 0.871453875 0.61928621875 0.8732533798076924 0.5677551298076924 0.7834643605769231 0.5646196274038462 0.7816648557692307 0.6161507187499999 0.871453875 0.61928621875
1 0.7984654399038462 0.7797533774038462 0.8002649447115384 0.7282222884615385 0.695563141826923 0.7245660216346154 0.6937636346153847 0.7760971105769231 0.7984654399038462 0.7797533774038462
1 0.6075432163461538 0.7065873846153846 0.6052820192307693 0.7713395817307693 0.6938218004807692 0.7744314591346153 0.6960829975961539 0.7096792620192307 0.6075432163461538 0.7065873846153846
1 0.49799218028846154 0.734343516826923 0.4999661826923077 0.6778154735576922 0.4276665048076923 0.6752907139423077 0.4256925 0.7318187572115384 0.49799218028846154 0.734343516826923
1 0.3609731923076923 0.6913062379807692 0.3596390144230769 0.7295121177884615 0.4256925 0.7318187572115384 0.4270266802884616 0.6936128774038461 0.3609731923076923 0.6913062379807692
1 0.35911552163461535 0.7445029807692307 0.3609731923076923 0.6913062379807692 0.23386317067307694 0.6868674591346154 0.23200549999999998 0.740064201923077 0.35911552163461535 0.7445029807692307
1 0.22346671875 0.7696800745192308 0.22538255528846152 0.7148176850961538 0.07328776442307693 0.7095064182692308 0.07137192788461538 0.7643688076923076 0.22346671875 0.7696800745192308
1 0.09407240384615385 0.5709807355769231 0.09527934375 0.5364184711538461 0.03640897836538461 0.5343626730769231 0.03520203605769231 0.5689249375000001 0.09407240384615385 0.5709807355769231
1 0.04098771153846154 0.4524934278846154 0.03978077163461539 0.4870556947115385 0.10903543269230768 0.4894741201923077 0.11024237259615385 0.45491185336538464 0.04098771153846154 0.4524934278846154
1 0.04238642307692308 0.38781534134615386 0.041339437500000006 0.41779706730769234 0.09935095192307693 0.41982287500000004 0.1003979375 0.3898411490384615 0.04238642307692308 0.38781534134615386
1 0.04259092067307692 0.3080864110576923 0.04118039903846154 0.3484784591346154 0.09919191346153845 0.3505042644230769 0.10060243509615385 0.3101122163461539 0.04259092067307692 0.3080864110576923
1 0.10598730288461539 0.2790312139423077 0.10747780288461538 0.2363488990384615 0.04603088221153846 0.234203125 0.04454038221153846 0.2768854399038462 0.10598730288461539 0.2790312139423077
1 0.06206815384615384 0.17118275721153847 0.0601305048076923 0.22666977163461538 0.11298891105769229 0.22851562740384615 0.11492656009615385 0.1730286153846154 0.06206815384615384 0.17118275721153847
1 0.045754697115384615 0.09212776923076924 0.04354075961538462 0.155526625 0.11279542067307692 0.15794505048076923 0.11500935817307692 0.09454619471153847 0.045754697115384615 0.09212776923076924
1 0.06089122836538462 0.03251554567307692 0.05936074038461539 0.07634299759615384 0.11823110576923077 0.07839879567307693 0.11976159374999999 0.03457134375 0.06089122836538462 0.03251554567307692
1 0.13899969711538462 0.07912405048076923 0.13726562740384615 0.12878128125000002 0.21081454807692307 0.13134966826923075 0.2125486153846154 0.08169243509615386 0.13899969711538462 0.07912405048076923
1 0.30720684134615384 0.2005892235576923 0.30886093269230763 0.15322226201923078 0.22141423557692308 0.15016855528846154 0.21976014423076923 0.19753551682692308 0.30720684134615384 0.2005892235576923
1 0.22020365865384614 0.18483492548076924 0.21891310336538464 0.22179156490384616 0.2604502860576923 0.2232420769230769 0.2617408389423077 0.18628543509615386 0.22020365865384614 0.18483492548076924
1 0.1960278389423077 0.15855852884615385 0.19437374759615383 0.20592549038461538 0.2402051875 0.20752595913461538 0.2418592764423077 0.16015899759615385 0.1960278389423077 0.15855852884615385
1 0.13502443269230768 0.1437121610576923 0.13365390144230768 0.18295907211538462 0.2054851153846154 0.18546747355769233 0.20685564903846154 0.14622056249999998 0.13502443269230768 0.1437121610576923
1 0.22950097836538463 0.21632441346153847 0.22849034855769232 0.24526510576923075 0.30211734375 0.24783621875 0.30312797596153845 0.21889552403846152 0.22950097836538463 0.21632441346153847
1 0.28412888942307696 0.24137115625 0.2829583004807692 0.2748923894230769 0.33487977884615383 0.27670552884615385 0.3360503653846154 0.24318429567307692 0.28412888942307696 0.24137115625
1 0.3361021658653846 0.2663251995192308 0.335255125 0.29058124759615384 0.3638314567307692 0.29157915625 0.36467849759615384 0.2673231081730769 0.3361021658653846 0.2663251995192308
1 0.43661786778846157 0.2421100625 0.43823197115384616 0.1958882355769231 0.33954212500000003 0.19244191105769232 0.33792802403846156 0.23866373557692308 0.43661786778846157 0.2421100625
1 0.5307072548076923 0.2765605552884615 0.5326412692307693 0.2211776466346154 0.4287983149038462 0.2175513701923077 0.42686430288461535 0.27293427884615384 0.5307072548076923 0.2765605552884615
1 0.5185975793269231 0.23830212740384615 0.5170307355769231 0.28317061057692305 0.55817753125 0.28460749038461536 0.5597443725961538 0.2397390048076923 0.5185975793269231 0.23830212740384615
1 0.5367527620192308 0.2534241105769231 0.5351568389423077 0.2991254230769231 0.5798951923076923 0.3006877211538461 0.5814911177884615 0.25498640865384614 0.5367527620192308 0.2534241105769231
1 0.5652629951923077 0.2742234423076923 0.5637652235576923 0.3171139639423077 0.6001492980769231 0.3183845240384615 0.6016470673076924 0.27549400240384614 0.5652629951923077 0.2742234423076923
1 0.5834199134615384 0.2915343221153846 0.5821148197115384 0.328907375 0.6267750961538462 0.33046694711538466 0.6280801923076923 0.2930938918269231 0.5834199134615384 0.2915343221153846
1 0.6087907740384615 0.31045211057692307 0.6076310913461538 0.34366103365384615 0.6460451778846154 0.3450024831730769 0.6472048581730768 0.31179356009615383 0.6087907740384615 0.31045211057692307
1 0.6295593629807693 0.3111773653846154 0.6280615937499999 0.35406788701923075 0.665460673076923 0.3553738918269231 0.6669584423076922 0.31248337019230765 0.6295593629807693 0.3111773653846154
1 0.43692883894230766 0.37647359855769236 0.43562010576923077 0.41395075480769233 0.5550785408653847 0.41812233653846154 0.5563872716346154 0.38064518028846156 0.43692883894230766 0.37647359855769236
1 0.5453231634615384 0.3997498509615385 0.5443088966346153 0.42879464663461536 0.5795998870192307 0.43002703605769227 0.5806141538461538 0.4009822403846154 0.5453231634615384 0.3997498509615385
1 0.5760907019230769 0.4118726754807692 0.5753636298076923 0.4326933173076923 0.6075315216346154 0.43381664423076927 0.60825859375 0.41299600480769233 0.5760907019230769 0.4118726754807692
1 0.5924776201923077 0.41942834134615387 0.5918014423076923 0.4387915384615385 0.6219393221153846 0.4398439759615385 0.6226155 0.42048077884615387 0.5924776201923077 0.41942834134615387
1 0.6143647427884615 0.4194630456730769 0.6132886754807692 0.45027759375000004 0.6428800120192307 0.4513109471153846 0.6439560793269231 0.4204963966346154 0.6143647427884615 0.4194630456730769
1 0.6320661706730769 0.4296703653846154 0.6311246105769232 0.45663309855769235 0.6556409158653846 0.4574892283653846 0.6565824759615384 0.4305264951923077 0.6320661706730769 0.4296703653846154
1 0.6494295096153846 0.4495592884615384 0.6489241923076924 0.4640296322115385 0.6712543317307692 0.4648094182692307 0.6717596466346154 0.45033907211538465 0.6494295096153846 0.4495592884615384
1 0.6640410552884616 0.4452749471153846 0.6631358509615384 0.4711966466346154 0.6854659903846153 0.4719764326923077 0.6863711947115385 0.446054733173077 0.6640410552884616 0.4452749471153846
1 0.6809944278846154 0.45451807451923076 0.6801873774038462 0.47762898798076925 0.6968178653846154 0.4782097355769231 0.6976249158653847 0.4550988245192308 0.6809944278846154 0.45451807451923076
1 0.17882349759615385 0.5034807211538461 0.1797323389423077 0.47745492067307693 0.12562469471153845 0.4755654399038462 0.12471585336538461 0.5015912403846154 0.17882349759615385 0.5034807211538461
1 0.1777459375 0.5746322932692307 0.1788874423076923 0.5419438846153846 0.12915213221153846 0.5402070889423076 0.12801062740384614 0.5728954975961538 0.1777459375 0.5746322932692307
1 0.17881837019230767 0.54392184375 0.1777459375 0.5746322932692307 0.20811804807692308 0.5756929110576923 0.20919048076923077 0.5449824615384615 0.17881837019230767 0.54392184375
1 0.25918968028846157 0.5794567427884615 0.2603311826923077 0.5467683341346153 0.21418743509615384 0.5451569591346154 0.21304593028846153 0.5778453677884615 0.25918968028846157 0.5794567427884615
1 0.25993129326923076 0.5582196899038462 0.25918968028846157 0.5794567427884615 0.287375625 0.5804410192307692 0.2881172379807692 0.5592039639423076 0.25993129326923076 0.5582196899038462
1 0.2893241802884615 0.5246416971153847 0.2901639471153846 0.5005938557692308 0.24901715384615386 0.49915697836538464 0.24817738461538463 0.5232048197115385 0.2893241802884615 0.5246416971153847
1 0.2162050625 0.4873796778846154 0.21499448557692308 0.5220460456730769 0.24888008173076923 0.5232293581730769 0.25009065865384617 0.4885629879807692 0.2162050625 0.4873796778846154
1 0.2154998028846154 0.5075757019230769 0.2162050625 0.4873796778846154 0.17654174038461537 0.48599460336538464 0.17583647836538463 0.5061906274038461 0.2154998028846154 0.5075757019230769
1 0.13508025 0.4017879903846154 0.13338980528846153 0.45019598317307696 0.1821881875 0.4519000600961538 0.18387862980769232 0.4034920673076923 0.13508025 0.4017879903846154
1 0.22496386538461538 0.44922461298076927 0.22607628846153846 0.41736902884615384 0.17829291346153847 0.4157003966346154 0.17718049278846154 0.44755598076923075 0.22496386538461538 0.44922461298076927
1 0.2256873028846154 0.42850807451923073 0.22467303605769232 0.45755287019230767 0.2620721153846154 0.458858875 0.26308638221153846 0.4298140793269231 0.2256873028846154 0.42850807451923073
1 0.29191916586538463 0.4682395697115385 0.29322426201923074 0.4308665168269231 0.24848590625 0.42930421874999997 0.24718081009615386 0.46667727163461536 0.29191916586538463 0.4682395697115385
1 0.26199545432692306 0.37151132451923075 0.2609302932692308 0.4020135625 0.29106817307692306 0.403066 0.2921333341346154 0.37256376201923075 0.26199545432692306 0.37151132451923075
1 0.22882899759615385 0.3676431394230769 0.2279601466346154 0.3925238076923077 0.2602061153846154 0.3936498629807692 0.26107496634615385 0.36876919471153846 0.22882899759615385 0.3676431394230769
1 0.19373431971153846 0.3607891778846154 0.1930072451923077 0.38160982211538463 0.23454442788461538 0.3830603317307692 0.23527150000000002 0.36223968990384614 0.19373431971153846 0.3607891778846154
1 0.13307247115384616 0.34063900240384615 0.13205456971153845 0.3697879014423077 0.19436034134615385 0.3719636682692308 0.19537824278846155 0.3428147668269231 0.13307247115384616 0.34063900240384615
1 0.19331270673076922 0.3213754543269231 0.19502496153846155 0.27234284134615383 0.1438061826923077 0.2705542427884616 0.1420939254807692 0.31958685576923074 0.19331270673076922 0.3213754543269231
1 0.22981814903846154 0.33036328605769233 0.23109416105769232 0.29382305769230765 0.18932274759615383 0.29236436778846153 0.18804673557692306 0.32890459615384615 0.22981814903846154 0.33036328605769233
1 0.22878612740384613 0.29947511778846153 0.22751011298076923 0.33601534615384615 0.26280110096153847 0.33724773317307694 0.2640771153846154 0.3007075072115385 0.22878612740384613 0.29947511778846153
1 0.2682157139423077 0.2874063389423077 0.26962623557692306 0.24701429326923077 0.21403512259615384 0.2450730096153846 0.21262460096153848 0.28546505528846156 0.2682157139423077 0.2874063389423077
1 0.2566301033653846 0.26771918028846153 0.25528501923076924 0.3062373701923077 0.3100953605769231 0.3081513894230769 0.3114404447115385 0.26963319951923076 0.2566301033653846 0.26771918028846153
1 0.12920232692307693 0.21417689903846154 0.12799538701923077 0.2487391658653846 0.20513586538461537 0.25143296875 0.20634280769230767 0.21687070192307692 0.12920232692307693 0.21417689903846154
1 0.43200798317307687 0.3315870192307692 0.43348394230769227 0.28932111778846153 0.3325298533653846 0.2857957235576923 0.33105389423076925 0.328061625 0.43200798317307687 0.3315870192307692
1 0.33655747836538463 0.37640814903846154 0.3373608942307692 0.35340133894230774 0.2991810408653846 0.3520680697115385 0.298377625 0.3750748798076923 0.33655747836538463 0.37640814903846154
1 0.3579159038461538 0.3848670336538461 0.35885382692307694 0.35800840625 0.3264517043269231 0.35687689903846154 0.32551377884615385 0.38373552884615386 0.3579159038461538 0.3848670336538461
1 0.3455585240384615 0.3671332980769231 0.34468603605769227 0.39211806730769233 0.3778689350961538 0.3932768413461538 0.3787414230769231 0.36829206971153844 0.3455585240384615 0.3671332980769231
1 0.39815275961538465 0.5892082596153846 0.3996614350961538 0.5460054254807692 0.31955401442307696 0.5432080120192307 0.3180453389423077 0.5864108461538462 0.39815275961538465 0.5892082596153846
1 0.44458475000000003 0.16171412740384616 0.4469622764423077 0.09363062740384616 0.33702928605769233 0.0897916826923077 0.3346517572115385 0.1578751826923077 0.44458475000000003 0.16171412740384616
1 0.47550587740384614 0.19406296394230768 0.4774798798076923 0.1375349206730769 0.38917433173076926 0.1344512235576923 0.38720032932692305 0.19097926682692307 0.47550587740384614 0.19406296394230768
1 0.4879950360576923 0.23264733413461539 0.48980908173076926 0.18069983413461538 0.42750331009615383 0.17852406730769232 0.4256892644230769 0.23047156971153845 0.4879950360576923 0.23264733413461539
1 0.5418066682692307 0.6772962019230769 0.5425810024038461 0.65512221875 0.49932611778846153 0.6536117235576923 0.49855178605769235 0.6757857067307692 0.5418066682692307 0.6772962019230769
1 0.5662902572115385 0.6790892596153846 0.5671954639423077 0.653167560096154 0.5340125649038462 0.6520087860576923 0.533107358173077 0.6779304855769231 0.5662902572115385 0.6790892596153846
1 0.9028318846153846 0.7683887908653847 0.9039733894230769 0.7357003846153846 0.8151993774038462 0.7326003269230769 0.8140578725961538 0.765288733173077 0.9028318846153846 0.7683887908653847
3 0.8221631514423078 0.6249652908653847 0.8244352548076923 0.5599007836538461 0.7403458870192308 0.5569643173076924 0.7380737836538462 0.6220288269230768 0.8221631514423078 0.6249652908653847
3 0.6953002596153847 0.5664396875000001 0.6938024903846153 0.6093302115384616 0.7529851658653846 0.6113969158653846 0.7544829350961538 0.5685063918269231 0.6953002596153847 0.5664396875000001
3 0.7428222067307693 0.6651374711538461 0.7449488942307692 0.6042370913461539 0.6991955336538461 0.6026393485576923 0.69706884375 0.6635397283653847 0.7428222067307693 0.6651374711538461
3 0.7495497451923078 0.7097744495192307 0.7516764350961539 0.6488740721153847 0.6966318605769231 0.6469518725961538 0.694505173076923 0.7078522500000001 0.7495497451923078 0.7097744495192307
3 0.7452669687500001 0.7428743124999999 0.7469574134615384 0.6944663197115385 0.6940209302884616 0.6926177355769231 0.692330485576923 0.7410257283653846 0.7452669687500001 0.7428743124999999
3 0.7437870576923077 0.6957106009615385 0.7420457187499999 0.7455760384615384 0.8064595793269231 0.7478254206730769 0.8082009182692308 0.697959983173077 0.7437870576923077 0.6957106009615385
3 0.7409067908653846 0.6595463822115384 0.739747108173077 0.6927553100961539 0.8135302596153846 0.6953318725961538 0.8146899423076923 0.6621229471153847 0.7409067908653846 0.6595463822115384
3 0.7434704615384615 0.6152338605769231 0.741921795673077 0.6595818269230769 0.8239811538461539 0.6624474038461539 0.8255298173076924 0.6180994350961538 0.7434704615384615 0.6152338605769231
3 0.9961267500000001 0.4383186658653846 0.9995149086538462 0.34129447355769227 0.8717802692307692 0.3368338822115385 0.8683921105769231 0.43385807211538463 0.9961267500000001 0.4383186658653846
3 0.9932729879807692 0.5200396875 0.9961267500000001 0.4383186658653846 0.8746383028846154 0.43407619471153847 0.8717845408653846 0.5157972163461538 0.9932729879807692 0.5200396875
3 0.9946361466346154 0.6309881802884616 0.9985041754807693 0.5202223629807692 0.8706914567307693 0.515759045673077 0.8668234302884615 0.6265248629807693 0.9946361466346154 0.6309881802884616
3 0.990621966346154 0.7168378846153847 0.993621141826923 0.6309527355769231 0.8710396105769231 0.6266720961538461 0.8680404350961539 0.7125572451923077 0.990621966346154 0.7168378846153847
3 0.9829740024038462 0.8149640841346154 0.9864057860576924 0.7166906538461538 0.8680404350961539 0.7125572451923077 0.8646086514423076 0.8108306730769231 0.9829740024038462 0.8149640841346154
3 0.9796367379807692 0.9105308317307692 0.9829740024038462 0.8149640841346154 0.8770229591346154 0.8112641899038462 0.8736856947115386 0.9068309399038461 0.9796367379807692 0.9105308317307692
3 0.4276909158653846 0.9969458413461538 0.4315916634615385 0.8852430961538461 0.28652383653846153 0.8801772163461539 0.2826230913461539 0.9918799615384616 0.4276909158653846 0.9969458413461538
3 0.1834411875 0.7428501947115385 0.18636765384615384 0.659047110576923 0.07573196634615385 0.6551836274038462 0.07280549759615385 0.7389867115384615 0.1834411875 0.7428501947115385
3 0.1908270721153846 0.6611832091346154 0.1880423822115385 0.7409262668269231 0.2508946971153846 0.7431211177884616 0.25367938701923076 0.6633780600961539 0.1908270721153846 0.6611832091346154
3 0.9787012379807692 1 0.9823863870192308 0.8944711778846154 0.8672222091346153 0.8904495552884615 0.863396625 1 0.9787012379807692 1