1 0.7702354423076923 0 0.4945245528846154 0.07387650961538461 0.5612513389423077 0.3229042620192307 0.8945712115384615 0.23359147115384615 0.8319805673076923 0 0.7702354423076923 0
1 0.6733730192307692 0 0.70706453125 0.12573843509615384 0.902211733173077 0.07344890144230769 0.8825311586538462 0 0.6733730192307692 0
1 0.61661084375 0.33179580769230765 0.5670308221153847 0.14676064182692308 0.38199565625 0.19634066586538462 0.43157567788461537 0.3813758317307692 0.61661084375 0.33179580769230765
1 0.4489865985576923 0.3829653822115385 0.41385730528846154 0.2518610745192308 0.3199059254807692 0.2770352716346154 0.35503521875 0.4081395793269231 0.4489865985576923 0.3829653822115385
1 0.37416127884615386 0.42156346394230765 0.3442083677884616 0.3097776730769231 0.25742596875 0.3330309471153846 0.28737888221153846 0.44481673557692303 0.37416127884615386 0.42156346394230765
1 0.3124920504807692 0.4401366682692308 0.28925225721153847 0.3534045769230769 0.19530087740384616 0.3785787740384615 0.21854067307692307 0.4653108653846154 0.3124920504807692 0.4401366682692308
1 0 0.5634114375 0.006640980769230769 0.5881959134615384 0.29287197115384617 0.5115005504807693 0.26033086778846154 0.3900555024038462 0 0.45981094951923074 0 0.5634114375
1 0 0.2573928846153846 0.18225783653846153 0.20855704567307692 0.14712854326923078 0.07745273798076924 0 0.1168757139423077 0 0.2573928846153846
1 0.4361861033653846 0 0.19195353846153845 0.06544191826923076 0.21468108653846155 0.15026227884615384 0.46046393028846155 0.08440496394230769 0.4378476899038462 0 0.4361861033653846 0
1 0.1533956923076923 0.6212345985576923 0.1327440889423077 0.5441617668269231 0.00694734375 0.5778689014423077 0.027598947115384614 0.654941735576923 0.1533956923076923 0.6212345985576923
1 0.17271053125000002 1 0.14695695673076922 0.9038863581730769 0.09496298076923078 0.9178181009615384 0.11698355288461539 1 0.17271053125000002 1
1 0.23005512259615385 1 0.2061488173076923 0.9107804519230769 0.12374327163461539 0.9328609519230769 0.141733125 1 0.23005512259615385 1
1 0.4547424086538462 1 0.43387528125 0.9221228221153847 0.21707021153846154 0.9802155673076923 0.22237143509615384 1 0.4547424086538462 1
1 0.20174051442307692 0.6712599423076924 0.1907676658653846 0.6303087139423076 0.15590378125 0.6396504639423076 0.1668766298076923 0.6806016923076924 0.20174051442307692 0.6712599423076924
1 0.1895274903846154 0.6256803173076922 0.20174051442307692 0.6712599423076924 0.23939652884615384 0.6611700432692308 0.22718350480769228 0.6155904182692308 0.1895274903846154 0.6256803173076922
1 0.2847922019230769 0.6410260576923077 0.2725791778846154 0.5954464326923077 0.22028335096153845 0.6094590576923077 0.23249637259615386 0.6550386826923076 0.2847922019230769 0.6410260576923077
1 0.2688316923076923 0.5814606298076923 0.2847922019230769 0.6410260576923077 0.3441060841346154 0.6251329495192308 0.3281455769230769 0.5655675240384616 0.2688316923076923 0.5814606298076923
1 0.4582322548076923 0.5856021081730769 0.4445094519230769 0.5343879158653846 0.3281455769230769 0.5655675240384616 0.3418683774038461 0.6167817163461538 0.4582322548076923 0.5856021081730769
1 0.45286582692307686 0.48739470673076923 0.4755124927884615 0.5719132163461539 0.6345129399038462 0.5293091754807693 0.6118662740384615 0.4447906658653846 0.45286582692307686 0.48739470673076923
1 0.8227068437499999 0.47974550240384617 0.7948029158653847 0.37560662259615385 0.6074283990384616 0.42581347355769233 0.635332326923077 0.5299523533653846 0.8227068437499999 0.47974550240384617
1 0.7791791009615385 0.3450681225961538 0.8120437283653845 0.4677205793269231 0.9924756538461538 0.41937399038461537 0.9596110264423078 0.2967215336538462 0.7791791009615385 0.3450681225961538