1 0.15706663461538461 0.853096545673077 0.1582737596153846 0.7839404110576923 0.07328670673076923 0.7824569567307692 0.07207958173076923 0.8516130913461539 0.15706663461538461 0.853096545673077
1 0 0.8850824471153846 0.09248601923076924 0.8866967956730769 0.0937682860576923 0.813235764423077 0 0.8115990336538462 0 0.8850824471153846
1 0.20260141586538463 0.8318046586538461 0.2037140048076923 0.7680643677884615 0.14294201201923076 0.7670035889423077 0.1418294230769231 0.8307438798076923 0.20260141586538463 0.8318046586538461
1 0.10878051682692308 0.3560670216346154 0.1120455721153846 0.16901218509615384 0.009170617788461538 0.1672164951923077 0.005905562499999999 0.3542713341346154 0.10878051682692308 0.3560670216346154
1 0.18527755528846154 0.3962970961538461 0.18769665384615383 0.2577070985576923 0.028736492788461538 0.2549324375 0.026317396634615384 0.3935224375 0.18527755528846154 0.3962970961538461
1 0.2390568966346154 0.44432632451923076 0.24111240144230767 0.3265664831730769 0.08597978365384615 0.3238586346153846 0.08392427884615385 0.44161847596153847 0.2390568966346154 0.44432632451923076
1 0.26981195432692306 0.4684778629807692 0.2711911778846154 0.3894621201923077 0.21580899038461537 0.3884954206730769 0.21442976442307693 0.4675111634615385 0.26981195432692306 0.4684778629807692
1 0.30766897596153847 0.42149251442307695 0.30894639663461543 0.34830921634615386 0.24294082451923077 0.34715708653846156 0.24166340625 0.42034038221153847 0.30766897596153847 0.42149251442307695
1 0.3340601778846154 0.43153796874999995 0.3348988629807692 0.38348973317307694 0.29263967548076925 0.38275209615384614 0.2918009903846154 0.43080033173076926 0.3340601778846154 0.43153796874999995
1 0.3487753870192308 0.45693754326923075 0.3493813725961538 0.4222206057692308 0.31688632211538464 0.42165340384615385 0.31628033653846155 0.4563703389423077 0.3487753870192308 0.45693754326923075
1 0.36472234134615383 0.4744407427884615 0.3653089375 0.44083475 0.3333606778846154 0.44027709134615384 0.3327740841346154 0.4738830817307692 0.36472234134615383 0.4744407427884615
1 0.3558734350961539 0.4531719567307692 0.3552020024038462 0.4916383197115385 0.3779329158653846 0.4920350889423077 0.3786043485576923 0.4535687259615384 0.3558734350961539 0.4531719567307692
1 0.3890399182692308 0.4152727956730769 0.3900313125 0.3584758918269231 0.3412887379807692 0.3576250889423077 0.34029734375 0.4144219903846154 0.3890399182692308 0.4152727956730769
1 0.3737159158653846 0.3620805889423077 0.3744067403846154 0.3225032836538461 0.325117375 0.3216429326923077 0.32442655048076924 0.36122024038461537 0.3737159158653846 0.3620805889423077
1 0.28483791346153847 0.30149244951923077 0.28675283173076926 0.1917869375 0.1370881298076923 0.18917452884615382 0.13517321153846154 0.2988800408653846 0.28483791346153847 0.30149244951923077
1 0.2595350625 0.22909538221153847 0.26162450480769234 0.10939139182692308 0.06993495432692308 0.10604543990384616 0.06784551201923077 0.22574942788461538 0.2595350625 0.22909538221153847
1 0.2175884903846154 0.17015989182692307 0.22028876682692308 0.015461233173076924 0.026646389423076924 0.01208119471153846 0.02394611298076923 0.16677985336538462 0.2175884903846154 0.17015989182692307
1 0.020293766826923076 0 0.019127430288461537 0.06681942067307692 0.14168688461538462 0.06895870192307693 0.14289056490384616 0 0.020293766826923076 0
1 0.9534835625 0.27301869951923075 0.9563680576923077 0.10776609134615385 0.7368702427884616 0.10393474278846154 0.7339857475961539 0.26918735096153845 0.9534835625 0.27301869951923075
1 0.9655376899038461 0.9701408028846153 0.9681288870192308 0.8216911923076923 0.7432412692307693 0.8177657644230769 0.7406500721153846 0.9662153750000001 0.9655376899038461 0.9701408028846153
1 0.7698456899038462 0.914078076923077 0.7715594182692308 0.8158985889423077 0.6961802764423077 0.8145828413461539 0.694466548076923 0.9127623293269231 0.7698456899038462 0.914078076923077
1 0.7171116899038462 0.8509259038461539 0.7187842139423076 0.7551071658653845 0.6554344879807693 0.754001391826923 0.6537619663461538 0.8498201298076923 0.7171116899038462 0.8509259038461539
1 0.7491540865384615 0.18805082692307692 0.7508944783653846 0.08834379326923078 0.6162274927884616 0.08599317307692307 0.6144870985576923 0.1857002067307692 0.7491540865384615 0.18805082692307692
1 0.8274293245192308 0.47557181971153845 0.8289103557692308 0.3907236346153846 0.6297219471153847 0.3872467884615384 0.6282409158653847 0.47209497355769237 0.8274293245192308 0.47557181971153845
1 0.3242714471153846 0.09256550480769231 0.3256070408653846 0.01604938221153846 0.22359133173076923 0.014268689903846154 0.22225573798076922 0.0907848125 0.3242714471153846 0.09256550480769231
1 0.3297101153846154 0.1525306658653846 0.3308711850961539 0.08601302163461538 0.2934550096153846 0.08535992067307692 0.29229393990384617 0.15187756490384616 0.3297101153846154 0.1525306658653846
1 0.3192916586538462 0.2704223485576923 0.3208308653846154 0.18224133653846156 0.2702916875 0.18135917307692306 0.26875248317307693 0.26954018509615385 0.3192916586538462 0.2704223485576923
1 0.3540613004807692 0.20782518509615383 0.35516419711538466 0.1446403653846154 0.29618880528846153 0.14361094471153846 0.29508591105769233 0.20679576442307693 0.3540613004807692 0.20782518509615383
1 0.6386706634615386 0.7832966177884615 0.6395408581730769 0.7334430985576923 0.6030620408653846 0.7328063581730769 0.60219184375 0.7826598774038461 0.6386706634615386 0.7832966177884615