1 0.9616804278846154 0.14810800480769232 0.9633184086538461 0.054268134615384614 0.3841878774038462 0.044159372596153844 0.3825498966346154 0.1379992451923077 0.9616804278846154 0.14810800480769232
1 0.9596606754807693 0.2638195480769231 0.9618204110576923 0.14008839423076924 0.39315703365384613 0.1301623389423077 0.39099729807692307 0.2538934903846154 0.9596606754807693 0.2638195480769231
1 0.9902919639423077 0.3980204086538462 0.9930079927884615 0.24241911057692309 0.44527892788461537 0.23285846394230772 0.4425628966346154 0.3884597620192308 0.9902919639423077 0.3980204086538462
1 0.9776996129807694 0.5195899903846154 0.9805210865384615 0.35794794711538463 0.42529316346153845 0.3482564086538461 0.42247168990384615 0.5098984519230769 0.9776996129807694 0.5195899903846154
1 0.9767113389423077 0.661260985576923 0.9792183028846153 0.5176370336538462 0.43750394711538465 0.5081813725961538 0.43499698076923077 0.651805326923077 0.9767113389423077 0.661260985576923
1 0.9787259014423076 0.8010049302884615 0.981511014423077 0.6414459038461539 0.4322978004807692 0.6318593509615386 0.4295126875 0.7914183774038462 0.9787259014423076 0.8010049302884615
1 0.9813403341346153 0.9108589567307692 0.9834655264423078 0.7891066682692307 0.3938678389423077 0.7788152043269231 0.39174264423076927 0.9005674903846154 0.9813403341346153 0.9108589567307692
1 0.9887701129807692 1 0.990392423076923 0.9070580240384616 0.39923247115384614 0.8967392884615385 0.3975272259615385 0.9944327427884615 0.716475170673077 1 0.9887701129807692 1
1 0.32287661298076925 0.9871913052884616 0.32625437980769234 0.7936791153846153 0.004506516826923077 0.7880629855769231 0.0011287475961538462 0.9815751754807691 0.32287661298076925 0.9871913052884616
1 0 0.8937295961538462 0.33636045673076925 0.8996007908653846 0.34026179567307696 0.6760931706730768 0.0005479206730769231 0.6701634423076922 0 0.7015537860576924 0 0.8937295961538462
1 0 0.783921204326923 0.3442131802884615 0.78992946875 0.3474873245192308 0.602353875 0.0003527043269230769 0.5962946177884615 0 0.6165010336538461 0 0.783921204326923
1 0.33912487740384617 0.6561744615384615 0.34152821875 0.5184871009615384 0.00782905048076923 0.512662360576923 0.005425709134615385 0.6503497211538461 0.33912487740384617 0.6561744615384615
1 0.007395048076923077 0.3629444831730769 0.004260887019230769 0.5425004663461539 0.3110891466346154 0.547856173076923 0.31422331009615384 0.36830019230769234 0.007395048076923077 0.3629444831730769
1 0.013736295673076921 0.25928936778846157 0.010742115384615385 0.4308257379807693 0.3354582764423077 0.43649367788461535 0.33845245673076924 0.2649573076923077 0.013736295673076921 0.25928936778846157
1 0.32406808653846153 0.31460966346153846 0.32737677163461537 0.12505520432692308 0.010159468750000001 0.11951815384615384 0.0068507836538461535 0.3090726153846154 0.32406808653846153 0.31460966346153846
1 0.01221376201923077 0.0018277475961538461 0.008661471153846153 0.20533841586538462 0.3379081923076923 0.21108543990384615 0.3414604831730769 0.007574771634615384 0.01221376201923077 0.0018277475961538461