1 0.47252893269230767 0.5548559375 0.4754866225961539 0.5420447764423076 0.45153336057692306 0.5365147283653846 0.44857567067307696 0.5493258918269232 0.47252893269230767 0.5548559375
1 0.4715431875 0.5621355865384615 0.47389684375 0.5519407860576924 0.4501465721153846 0.5464576057692307 0.4477929182692308 0.5566524038461538 0.4715431875 0.5621355865384615
1 0.47104294951923076 0.5680068725961539 0.47304251442307693 0.5593458028846153 0.45101768990384616 0.5542609711538462 0.449018125 0.5629220408653846 0.47104294951923076 0.5680068725961539
1 0.4691232524038461 0.5714598293269231 0.4709353581730769 0.5636107355769231 0.4474388293269231 0.5581861346153846 0.44562672355769234 0.5660352259615384 0.4691232524038461 0.5714598293269231
1 0.4702651418269231 0.5780903413461538 0.47207725 0.5702412475961538 0.4487837139423077 0.5648635120192307 0.4469716081730769 0.5727126057692308 0.4702651418269231 0.5780903413461538
1 0.4691752548076923 0.5858210841346154 0.4709248725961538 0.5782426514423077 0.4469716081730769 0.5727126057692308 0.44522199038461535 0.5802910384615385 0.4691752548076923 0.5858210841346154
1 0.46777972355769226 0.5918657884615385 0.4691752548076923 0.5858210841346154 0.44628770673076923 0.5805370793269231 0.4448921778846154 0.58658178125 0.46777972355769226 0.5918657884615385
1 0.46515184615384614 0.5983862067307693 0.4667140072115385 0.5916197475961538 0.4448921778846154 0.58658178125 0.4433300168269231 0.5933482403846153 0.46515184615384614 0.5983862067307693
1 0.4643497644230769 0.6037126658653846 0.46591192307692303 0.5969462067307693 0.44241539423076925 0.5915216057692307 0.4408532355769231 0.5982880649038461 0.4643497644230769 0.6037126658653846
1 0.46373364182692306 0.6103174206730769 0.4652124855769231 0.6039118413461538 0.4408532355769231 0.5982880649038461 0.4393743894230769 0.6046936442307692 0.46373364182692306 0.6103174206730769
1 0.46206733653846155 0.6175349759615384 0.46373364182692306 0.6103174206730769 0.4399833701923077 0.6048342403846154 0.4383170673076923 0.612051795673077 0.46206733653846155 0.6175349759615384
1 0.4582071129807692 0.624531110576923 0.45993590384615385 0.6170428966346153 0.4383170673076923 0.612051795673077 0.4365882764423077 0.6195400096153846 0.4582071129807692 0.624531110576923
1 0.45799697836538467 0.6312295961538462 0.4595591394230769 0.6244631370192307 0.4379403028846154 0.6194720360576924 0.43637814423076926 0.6262384951923077 0.45799697836538467 0.6312295961538462
1 0.4765523413461539 0.5422908149038462 0.4784685889423077 0.5339906274038462 0.45492131490384613 0.5285543100961538 0.4530050649038462 0.5368545 0.4765523413461539 0.5422908149038462
1 0.45550486778846155 0.5223221490384615 0.45358861778846155 0.5306223389423077 0.47647616586538466 0.53590634375 0.4783924158653846 0.5276061538461538 0.45550486778846155 0.5223221490384615
1 0.4572544879807693 0.5147437139423077 0.45550486778846155 0.5223221490384615 0.4802701081730769 0.5280396538461539 0.4820197283653846 0.52046121875 0.4572544879807693 0.5147437139423077