1 0.8333438221153846 0.5908709879807692 0.8301530384615384 0.5727751442307693 0.7766810552884615 0.5822036971153847 0.7798718389423077 0.6002995408653846 0.8333438221153846 0.5908709879807692
1 0.9446790649038461 0.5685740841346154 0.9410107451923077 0.5477700216346154 0.8859230625 0.5574834663461539 0.8895913798076923 0.57828753125 0.9446790649038461 0.5685740841346154
1 0.9974431394230769 0.6118186826923077 0.9901933269230769 0.5707029591346153 0.9528783461538463 0.5772825961538461 0.9601281586538462 0.6183983197115384 0.9974431394230769 0.6118186826923077
1 1 0.5632620024038462 0.9740597500000001 0.56783596875 0.9829375144230769 0.6181842644230768 1 0.6151756875 1 0.5632620024038462
1 0.5556400552884615 0.8070022596153846 0.5428117956730769 0.7342495865384616 0.40170731009615385 0.7591301153846154 0.4145355697115385 0.8318827884615385 0.5556400552884615 0.8070022596153846
1 0.41438727884615384 0.824293235576923 0.40550951682692304 0.7739449399038462 0.30872137980769226 0.7910113004807692 0.31759914182692306 0.8413595961538461 0.41438727884615384 0.824293235576923
1 0.3436220600961538 0.8386749783653846 0.33374581971153844 0.7826640360576923 0.23111038701923076 0.8007614326923077 0.24098662740384616 0.856772375 0.3436220600961538 0.8386749783653846
1 0.23431815384615387 0.8463977283653846 0.2247675048076923 0.7922333004807692 0.15013754326923076 0.805392576923077 0.15968819230769232 0.8595570048076924 0.23431815384615387 0.8463977283653846
1 0.2633050769230769 0.5469397620192308 0.25210476923076924 0.4834196634615384 0.0795325985576923 0.5138487932692308 0.09073290625 0.5773688918269231 0.2633050769230769 0.5469397620192308
1 0.19885261298076923 0.33122969471153846 0.18272503846153845 0.2397656754807692 0.029925961538461537 0.26670827403846153 0.04605353605769231 0.3581722956730769 0.19885261298076923 0.33122969471153846
1 0.29336762259615384 0.21264070192307694 0.27921529567307696 0.13237887019230768 0.17657986298076922 0.15047626682692308 0.19073218749999998 0.2307380985576923 0.29336762259615384 0.21264070192307694
1 0.4687289134615385 0.21827513461538464 0.4473484807692308 0.09702067788461538 0.2852398918269231 0.12560479807692307 0.30662032451923077 0.24685925240384615 0.4687289134615385 0.21827513461538464
1 0.6258971346153845 0.2233096442307692 0.6110719206730769 0.1392316826923077 0.517746 0.15568756009615384 0.5325712115384615 0.2397655216346154 0.6258971346153845 0.2233096442307692
1 0.46329896153846156 0.15373756490384616 0.4830514423076923 0.26575944471153845 0.5693759975961539 0.2505380985576923 0.5496235168269231 0.13851621634615385 0.46329896153846156 0.15373756490384616
1 0.6442340000000001 0.35474731490384614 0.6340321682692308 0.2968898581730769 0.5536318485576923 0.3110666033653846 0.5638336778846154 0.36892406009615386 0.6442340000000001 0.35474731490384614
1 0.5219460528846154 0.4723947211538461 0.5084666129807692 0.3959490192307692 0.32881613701923074 0.4276262451923077 0.34229557692307694 0.5040719471153846 0.5219460528846154 0.4723947211538461
1 0.34633031490384614 0.5130070673076923 0.33120121875 0.4272056923076923 0.2285657860576923 0.4453030889423077 0.24369488221153845 0.5311044639423077 0.34633031490384614 0.5130070673076923