1 0 0.2951561802884615 0.02327536778846154 0.40465817548076927 0.4495337524038462 0.31405416105769235 0.38729018990384617 0.021221221153846153 0 0.10354229326923077 0 0.2951561802884615
1 0.6340018221153846 0.3619987980769231 0.5977472211538462 0.19143431009615386 0.4251958725961539 0.22811123076923076 0.46145047355769225 0.39867571874999996 0.6340018221153846 0.3619987980769231
1 0.7136639230769231 0.3662796634615385 0.6912094591346154 0.26063972115384615 0.6066149759615385 0.27862083413461536 0.6290694399038461 0.38426077403846154 0.7136639230769231 0.3662796634615385
1 0.7743887019230768 0.38442580769230766 0.7511545697115385 0.2751178125 0.6851296057692308 0.2891518533653846 0.7083637379807691 0.39845984615384616 0.7743887019230768 0.38442580769230766
1 0.8104007572115385 0.394151 0.7899214543269231 0.29780346153846154 0.7446821274038461 0.3074193774038462 0.7651614302884616 0.4037669158653846 0.8104007572115385 0.394151
1 0.8389693052884616 0.3977908028846154 0.8243894975961539 0.3291982019230769 0.7815191225961539 0.3383105817307692 0.7960989302884616 0.4069031826923077 0.8389693052884616 0.3977908028846154
1 0.8287064182692307 0.34387130528846155 0.8409212307692309 0.4013374783653846 0.864152235576923 0.39639957451923075 0.851937423076923 0.33893340384615384 0.8287064182692307 0.34387130528846155
1 0.3114641826923077 1 0.6316667451923077 0.93193884375 0.5658886826923077 0.6224773966346154 0.04930448076923077 0.7322807596153846 0.1062099639423077 1 0.3114641826923077 1
1 0.20788493028846153 1 0.17652360096153846 0.8524565456730768 0.07228974759615384 0.8746121346153846 0.09894175961538461 1 0.20788493028846153 1
1 0.49614643990384616 0 0.31003955769230773 0.03955824038461538 0.3348590168269231 0.15632460817307692 0.6395367115384616 0.09156336538461537 0.6200743173076924 0 0.49614643990384616 0
1 0.7225489927884615 0.18036977403846155 0.6874898846153846 0.01542963701923077 0.3932814278846154 0.07796557451923077 0.4283405360576923 0.2429057139423077 0.7225489927884615 0.18036977403846155
1 0.7469908173076922 0.21006187740384613 0.7280968413461538 0.12117271394230769 0.5659383100961539 0.15564057451923075 0.5848322836538462 0.24452973798076924 0.7469908173076922 0.21006187740384613
1 0.7850040216346154 0.2292017403846154 0.7656942235576923 0.13835628125 0.7158698317307692 0.14894678365384617 0.7351796298076922 0.23979224278846153 0.7850040216346154 0.2292017403846154
1 0.7111236850961539 0.2235641298076923 0.7248978341346154 0.28836640865384616 0.8349394399038462 0.26497634375 0.8211652908653846 0.20017406490384618 0.7111236850961539 0.2235641298076923
1 0.5619286947115385 0 0.5748344182692308 0.060716653846153844 0.7288926658653847 0.0279705625 0.7229473389423077 0 0.5619286947115385 0
1 0.7330258557692308 0 0.6249569038461539 0.02297076682692308 0.6391468774038462 0.0897293389423077 0.7503347475961538 0.06609562740384615 0.7362856899038461 0 0.7330258557692308 0
1 0.6725040889423077 0.0418732139423077 0.6918138870192307 0.1327186730769231 0.783362389423077 0.1132594375 0.7640525913461539 0.022413978365384616 0.6725040889423077 0.0418732139423077
1 0.8536428461538462 0.19327074759615387 0.8327477211538461 0.09496691346153846 0.7366141538461538 0.11540073557692308 0.7575092788461538 0.2137045673076923 0.8536428461538462 0.19327074759615387
1 1 0.5592131033653847 0.9667916899038461 0.5662717475961538 0.9754720024038461 0.6071094086538461 1 0.6018958221153846 1 0.5592131033653847
1 0.89538071875 0.8623386971153846 0.8693917572115384 0.7400702451923077 0.8230061634615384 0.7499298076923077 0.848995125 0.8721982596153846 0.89538071875 0.8623386971153846
1 0.8643585576923076 0.9328289471153847 0.8344192740384616 0.7919756923076923 0.7556325408653847 0.8087223293269231 0.7855718245192308 0.9495755841346154 0.8643585576923076 0.9328289471153847
1 0.7967974927884616 0.9452726057692308 0.7873375096153846 0.9007668894230769 0.717797329326923 0.9155481129807692 0.7272573125 0.9600538269230768 0.7967974927884616 0.9452726057692308
3 0.9247340528846154 0.6817903798076923 0.9071395264423077 0.5990146394230769 0.8681664591346153 0.6072986225961539 0.8857609855769231 0.6900743629807693 0.9247340528846154 0.6817903798076923