1 0.88015625 0.2029166658653846 0.88015625 0.039861110576923084 0.681796875 0.039861110576923084 0.681796875 0.2029166658653846 0.88015625 0.2029166658653846
1 0.9134375 0.10166666586538461 0.9134375 0.0016666658653846154 0.74171875 0.0016666658653846154 0.74171875 0.10166666586538461 0.9134375 0.10166666586538461
1 0.7542968750000001 0.1279166658653846 0.7542968750000001 0.024027778846153848 0.6166406249999999 0.024027778846153848 0.6166406249999999 0.1279166658653846 0.7542968750000001 0.1279166658653846
1 0.735078125 0.21611111057692306 0.735078125 0.10166666586538461 0.597421875 0.10166666586538461 0.597421875 0.21611111057692306 0.735078125 0.21611111057692306
1 0.701015625 0.30166666586538465 0.701015625 0.18458333413461536 0.57375 0.18458333413461536 0.57375 0.30166666586538465 0.701015625 0.30166666586538465
1 0.7261718749999999 0.2740277788461538 0.7261718749999999 0.195 0.638828125 0.195 0.638828125 0.2740277788461538 0.7261718749999999 0.2740277788461538
1 0.6381249999999999 0.3384722211538461 0.6381249999999999 0.2595833341346154 0.61 0.2595833341346154 0.61 0.3384722211538461 0.6381249999999999 0.3384722211538461
1 0.6166406249999999 0.3831944447115384 0.6166406249999999 0.30430555528846154 0.5840625 0.30430555528846154 0.5840625 0.3831944447115384 0.6166406249999999 0.3831944447115384
1 0.58921875 0.42 0.58921875 0.3675 0.566328125 0.3675 0.566328125 0.42 0.58921875 0.42
1 0.568515625 0.4452777788461538 0.568515625 0.4048611105769231 0.554765625 0.4048611105769231 0.554765625 0.4452777788461538 0.568515625 0.4452777788461538
1 0.5578125 0.46499999999999997 0.5578125 0.4223611105769231 0.543671875 0.4223611105769231 0.543671875 0.46499999999999997 0.5578125 0.46499999999999997
1 0.551328125 0.47875 0.551328125 0.43763888942307694 0.536328125 0.43763888942307694 0.536328125 0.47875 0.551328125 0.47875
1 0.53765625 0.4863888894230769 0.53765625 0.46125 0.5290625 0.46125 0.5290625 0.4863888894230769 0.53765625 0.4863888894230769
1 0.533359375 0.5106944447115385 0.533359375 0.4704166658653846 0.51796875 0.4704166658653846 0.51796875 0.5106944447115385 0.533359375 0.5106944447115385
1 0.5992968750000001 0.3370833341346154 0.5992968750000001 0.29902777884615384 0.526953125 0.29902777884615384 0.526953125 0.3370833341346154 0.5992968750000001 0.3370833341346154
1 0.61046875 0.3005555552884615 0.61046875 0.2633333341346154 0.5346875 0.2633333341346154 0.5346875 0.3005555552884615 0.61046875 0.3005555552884615
1 0.62890625 0.2731944447115385 0.62890625 0.21527777884615384 0.6284375 0.21527777884615384 0.6284375 0.165 0.55265625 0.165 0.55265625 0.21527777884615384 0.54234375 0.21527777884615384 0.54234375 0.2731944447115385 0.62890625 0.2731944447115385
1 0.162109375 0.2633333341346154 0.162109375 0.34222222115384615 0.27976562499999996 0.34222222115384615 0.27976562499999996 0.2633333341346154 0.162109375 0.2633333341346154
1 0.11023437500000001 0.19611111057692307 0.11023437500000001 0.27777777884615384 0.26125000000000004 0.27777777884615384 0.26125000000000004 0.19611111057692307 0.11023437500000001 0.19611111057692307
1 0.090390625 0.11555555528846154 0.090390625 0.22125 0.22718750000000001 0.22125 0.22718750000000001 0.11555555528846154 0.090390625 0.11555555528846154
1 0.12507812499999998 0.003472221153846154 0.12507812499999998 0.07916666586538461 0.2725 0.07916666586538461 0.2725 0.003472221153846154 0.12507812499999998 0.003472221153846154
1 0.282265625 0.15652777884615385 0.282265625 0.05861111057692307 0.13125 0.05861111057692307 0.13125 0.15652777884615385 0.282265625 0.15652777884615385
1 0.208828125 0.1523611105769231 0.208828125 0.21347222115384618 0.30375 0.21347222115384618 0.30375 0.1523611105769231 0.208828125 0.1523611105769231
1 0.31523437499999996 0.2583333341346154 0.31523437499999996 0.20347222115384614 0.23765624999999999 0.20347222115384614 0.23765624999999999 0.2583333341346154 0.31523437499999996 0.2583333341346154
1 0.240234375 0.23097222115384616 0.240234375 0.29222222115384616 0.32296874999999997 0.29222222115384616 0.32296874999999997 0.23097222115384616 0.240234375 0.23097222115384616
1 0.5871875 0.21013888942307693 0.5871875 0.1520833341346154 0.51625 0.1520833341346154 0.51625 0.21013888942307693 0.5871875 0.21013888942307693
1 0.5834375 0.2486111105769231 0.5834375 0.19374999999999998 0.506328125 0.19374999999999998 0.506328125 0.2486111105769231 0.5834375 0.2486111105769231
1 0.559375 0.3736111105769231 0.559375 0.326388889423077 0.519921875 0.326388889423077 0.519921875 0.3736111105769231 0.559375 0.3736111105769231