1 0.2337927139423077 1 0.21811229326923076 0.8884280072115385 0.059824132211538456 0.9106739567307692 0.0723780889423077 1 0.2337927139423077 1
1 0.9432173004807692 0.7329441802884615 0.9308076971153846 0.6446452788461539 0.8294599495192307 0.6588887764423077 0.8418695528846154 0.7471876778846155 0.9432173004807692 0.7329441802884615
1 1 0.6293107812500001 0.9247737139423078 0.6398831466346154 0.9392709134615385 0.7430360697115385 1 0.7345011538461539 1 0.6293107812500001
1 0.9943946009615385 0.4846553485576923 0.9835700264423076 0.4076345 0.8717006802884615 0.4233567115384615 0.8825252548076924 0.5003775600961539 0.9943946009615385 0.4846553485576923
1 0.8907609615384615 0.5432598076923078 0.880207 0.4681644807692308 0.7915470625 0.48062482211538465 0.8021010216346153 0.5557201490384616 0.8907609615384615 0.5432598076923078
1 0.9611851033653847 0.2635139735576923 0.943247235576923 0.13587942067307693 0.811340435096154 0.1544177139423077 0.8292783028846155 0.2820522644230769 0.9611851033653847 0.2635139735576923
1 0.8329683557692308 0.3313237716346154 0.8197855721153846 0.2375233798076923 0.7416472307692307 0.24850500721153848 0.754830016826923 0.3423053990384615 0.8329683557692308 0.3313237716346154
1 0.6855852836538462 0 0.6831033197115384 0.0003488173076923077 0.7033993966346154 0.1447629110576923 0.8184406947115386 0.1285949110576923 0.800367858173077 0 0.6855852836538462 0
1 0.7541366899038462 0 0.7570227596153847 0.02053544951923077 0.856204295673077 0.00659639423076923 0.8552772331730769 0 0.7541366899038462 0
1 0.7419397211538462 0.2197118653846154 0.7271719086538462 0.11463342067307693 0.648027829326923 0.12575639423076923 0.6627956418269231 0.2308348389423077 0.7419397211538462 0.2197118653846154
1 0.7698722403846153 0.40330557451923077 0.7587963798076923 0.3244967403846154 0.68916815625 0.3342823485576923 0.700244016826923 0.41309118509615383 0.7698722403846153 0.40330557451923077
1 0.7885813918269231 0.5594435120192307 0.7806755865384616 0.5031907812499999 0.7215689615384615 0.5114976754807692 0.729474766826923 0.56775040625 0.7885813918269231 0.5594435120192307
1 0.8178495504807692 0.7295253966346155 0.8083393894230769 0.6618570769230769 0.7461381754807692 0.6705988870192308 0.7556483389423078 0.7382672067307693 0.8178495504807692 0.7295253966346155
1 0.7545671298076922 0.7154175312500001 0.7477051225961537 0.6665918149038461 0.7086359543269231 0.6720826274038461 0.7154979615384616 0.7209083461538461 0.7545671298076922 0.7154175312500001
1 0.7284097403846155 0.5831877524038462 0.7215670625 0.5344995721153846 0.6794033052884616 0.5404253028846153 0.6862459831730768 0.5891134807692308 0.7284097403846155 0.5831877524038462
1 0.6857041057692308 0.5931167451923077 0.6806784110576923 0.5573570649038462 0.64903625 0.5618040817307692 0.6540619471153846 0.5975637596153847 0.6857041057692308 0.5931167451923077
1 0.7118041081730768 0.7176406298076923 0.7059859014423077 0.6762419230769231 0.6806876466346155 0.6797973605769231 0.6865058557692307 0.7211960673076923 0.7118041081730768 0.7176406298076923
1 0.7023490432692309 0.45108463701923074 0.6936507259615384 0.3891928822115384 0.6598423533653845 0.3939443389423077 0.668540673076923 0.45583609375 0.7023490432692309 0.45108463701923074
1 0.6601260024038461 0.47230636538461535 0.6543271225961539 0.4310451971153846 0.6236907043269231 0.4353508653846154 0.6294895817307692 0.47661203365384613 0.6601260024038461 0.47230636538461535
1 0.7002366802884615 0.26764899519230767 0.6912677475961538 0.20383171875 0.6194733125 0.21392176923076922 0.6284422451923077 0.27773904567307695 0.7002366802884615 0.26764899519230767
1 0.665650076923077 0.32805034134615385 0.6572030432692307 0.2679465721153846 0.5939187259615385 0.27684060096153845 0.6023657596153846 0.33694437259615384 0.665650076923077 0.32805034134615385
1 0.6077116923076923 0 0.6155408149038462 0.055707108173076926 0.669386641826923 0.04813957211538462 0.6626210673076923 0 0.6077116923076923 0
1 0.6435595432692308 0.13213477884615385 0.6335468125 0.060890492788461544 0.5775347740384615 0.06876247115384615 0.5875475048076922 0.14000675721153846 0.6435595432692308 0.13213477884615385
1 0.6292616802884615 0.19150802884615384 0.6202927475961538 0.12769075240384614 0.5611861225961539 0.1359976466346154 0.5701550552884616 0.19981492307692308 0.6292616802884615 0.19150802884615384
0 0.3368993918269231 0.7147895336538461 0.3187102403846154 0.585367 0.2764691177884615 0.5913036009615384 0.2946582692307692 0.7207261370192307 0.3368993918269231 0.7147895336538461
2 0.6643040865384615 0.7013146923076923 0.6363534879807692 0.5024358581730769 0.5920235192307692 0.5086660288461539 0.6199741177884615 0.7075448629807692 0.6643040865384615 0.7013146923076923
2 0.6237072764423076 0.7032333485576923 0.597322375 0.5154950288461538 0.5719467572115385 0.5190613389423077 0.59833165625 0.7067996586538462 0.6237072764423076 0.7032333485576923
2 0.6015235865384615 0.6986371033653846 0.5798937668269231 0.5447329399038462 0.5608620528846153 0.5474076730769231 0.5824918725961539 0.7013118365384615 0.6015235865384615 0.6986371033653846
3 0.5657247307692308 0.6836120048076922 0.558978701923077 0.6356115120192308 0.5100068509615384 0.6424940576923077 0.5167528798076924 0.6904945504807691 0.5657247307692308 0.6836120048076922
3 0.5027179254807692 0.6108393076923077 0.5102371394230769 0.6643412884615384 0.5496157668269231 0.658806983173077 0.5420965552884616 0.6053050024038462 0.5027179254807692 0.6108393076923077