1 0.4999452644230769 0.9906695817307691 0.5072265024038461 0.8517352475961538 0.2858116105769231 0.8401313846153846 0.2785303701923077 0.97906571875 0.4999452644230769 0.9906695817307691
1 0.5944994086538462 0.9464325360576923 0.6014928004807693 0.8129906658653846 0.44647117067307696 0.8048663269230769 0.43947777884615385 0.9383081971153846 0.5944994086538462 0.9464325360576923
1 0.6718213125 0.8712512187500001 0.677244625 0.767768233173077 0.5444581057692308 0.7608091875 0.5390347908653846 0.8642921730769231 0.6718213125 0.8712512187500001
1 0.7146987644230769 0.8129153052884616 0.7188594735576923 0.7335242572115385 0.6218831850961538 0.7284419447115386 0.6177224759615385 0.8078329927884614 0.7146987644230769 0.8129153052884616
1 0.7495643341346153 0.7805706995192309 0.7528353317307693 0.7181563533653846 0.7138263653846154 0.7161119807692308 0.7105553677884615 0.778526326923077 0.7495643341346153 0.7805706995192309
1 0.7802191009615385 0.7613987716346154 0.7836928990384616 0.6951147379807693 0.7222147692307692 0.6918928052884615 0.7187409711538462 0.7581768413461538 0.7802191009615385 0.7613987716346154
1 0.8158561370192309 0.7158264158653846 0.8178383629807692 0.6780033221153846 0.7243728798076923 0.6731050024038462 0.7223906538461539 0.7109280961538461 0.8158561370192309 0.7158264158653846
1 0.8408824735576924 0.6906016225961539 0.8419749879807692 0.6697552307692308 0.8100656538461538 0.6680829350961539 0.8089731394230769 0.688929326923077 0.8408824735576924 0.6906016225961539
1 0.8338678173076922 0.507984233173077 0.8312902716346154 0.5571667379807692 0.8549297043269231 0.5584056274038461 0.8575072499999999 0.5092231225961539 0.8338678173076922 0.507984233173077
1 0.7988603076923078 0.49676170192307695 0.7965836923076922 0.5402020865384615 0.8273227572115385 0.5418130528846153 0.8295993725961538 0.49837266826923077 0.7988603076923078 0.49676170192307695
1 0.7835111490384615 0.4731760649038461 0.7804364110576922 0.5318455504807692 0.80407584375 0.5330844423076923 0.8071505817307691 0.4744149567307692 0.7835111490384615 0.4731760649038461
1 0.7592187499999999 0.46051234375 0.7560458822115385 0.5210542596153845 0.7880332355769231 0.5227306466346154 0.7912061009615384 0.4621887307692308 0.7592187499999999 0.46051234375
1 0.7183664375000001 0.4488583293269231 0.7148991802884616 0.5150175360576923 0.7610077788461538 0.5174339831730769 0.7644750360576923 0.45127477644230773 0.7183664375000001 0.4488583293269231
1 0.48281044951923074 0.4174872884615385 0.4790422596153846 0.48938861298076924 0.7297918942307693 0.5025298461538461 0.7335600841346154 0.4306285192307693 0.48281044951923074 0.4174872884615385
1 0.13571924999999999 0.22593442067307692 0.12548102884615384 0.4212913245192308 0.6776919543269231 0.45023147115384615 0.6879301754807692 0.2548745697115385 0.13571924999999999 0.22593442067307692
1 0.10879611057692308 0.14554019471153848 0.10002329567307691 0.3129354711538461 0.6007423870192308 0.3391770480769231 0.609515201923077 0.1717817716346154 0.10879611057692308 0.14554019471153848
1 0.03310720432692307 0.016401963942307692 0.021606379807692307 0.23585080528846153 0.5146797115384616 0.2616916826923077 0.5261805384615384 0.042242843749999995 0.03310720432692307 0.016401963942307692
1 0.028021149038461538 0 0.02360591346153846 0.08424768509615385 0.2719369927884615 0.09726216586538462 0.2770342860576923 0 0.028021149038461538 0
1 0.7173184879807692 0.23150560817307692 0.7250838365384615 0.08333395192307692 0.544706375 0.07388076923076924 0.5369410288461538 0.22205242548076923 0.7173184879807692 0.23150560817307692
1 0.7558082067307693 0.25092161298076926 0.7602698461538462 0.16578844711538462 0.6262350384615385 0.15876397836538464 0.6217733990384615 0.2438971466346154 0.7558082067307693 0.25092161298076926
1 0.6653735721153846 0.2225247139423077 0.6625670576923077 0.2760762235576923 0.7818564759615385 0.28232791586538464 0.7846629927884615 0.22877640625 0.6653735721153846 0.2225247139423077
1 0.869568483173077 0.30595078125 0.8731207860576924 0.23816880288461537 0.7774708004807693 0.233156 0.7739184975961538 0.3009379783653846 0.869568483173077 0.30595078125
1 0.8507488509615384 0.4187454206730769 0.8548768485576923 0.3399785144230769 0.7671846923076924 0.3353827644230769 0.7630566947115385 0.4141496682692308 0.8507488509615384 0.4187454206730769
1 0.7553666442307693 0.10857842788461539 0.7520563942307692 0.17174174519230767 0.857536639423077 0.17726973076923078 0.8608468870192307 0.11410641346153846 0.7553666442307693 0.10857842788461539
1 0.7258350072115385 0.01227588221153846 0.7221191538461539 0.08317857932692307 0.8699631370192308 0.09092675480769231 0.8736789879807693 0.02002405769230769 0.7258350072115385 0.01227588221153846
4 0.4888609278846153 0.7065751298076923 0.4956384326923077 0.5772526057692308 0.30340224759615386 0.5671779326923077 0.2966247427884615 0.6965004591346153 0.4888609278846153 0.7065751298076923