1 0.5054538942307693 0 0.14510166346153847 0.05064420192307692 0.17043116826923077 0.2308729903846154 0.553927951923077 0.17697603365384615 0.5290555913461539 0 0.5054538942307693 0
1 0.31069908653846157 0.07142473076923077 0.3341671514423077 0.2384086826923077 0.4443344735576923 0.22292567548076925 0.4504059014423077 0.2661261201923077 0.6720557451923077 0.2349752668269231 0.6554419567307692 0.11676201442307692 0.622639326923077 0.121372125 0.609713625 0.029400978365384616 0.31069908653846157 0.07142473076923077
1 0.5739006802884615 0.20850318509615384 0.583138295673077 0.27423222836538463 0.7156640144230769 0.2556069543269231 0.7064263990384615 0.1898779110576923 0.5739006802884615 0.20850318509615384
1 0.6023986658653846 0.24287150240384614 0.61118396875 0.30538217548076924 0.7470363701923077 0.2862893653846154 0.7382510673076923 0.22377869230769232 0.6023986658653846 0.24287150240384614
1 0.6542855480769231 0.2786231778846154 0.6619748605769231 0.33333548798076923 0.7723742788461538 0.31781986298076925 0.7646849639423077 0.2631075528846154 0.6542855480769231 0.2786231778846154
1 0.7321565841346154 0.27247579807692307 0.7396197403846153 0.3255789230769231 0.7913767211538462 0.3183049543269231 0.7839135625 0.26520182932692304 0.7321565841346154 0.27247579807692307
1 0.7857514254807693 0.3063464663461538 0.7912487620192308 0.34546205288461534 0.8068764302884616 0.3432657283653846 0.8013790937499999 0.30415013942307695 0.7857514254807693 0.3063464663461538
1 0.63398384375 0.15550040625 0.6418819182692308 0.2116981201923077 0.7855481538461538 0.19150714663461538 0.7776500793269231 0.13530943509615384 0.63398384375 0.15550040625
1 0.5895452956730769 0.09471853125 0.6003138149038462 0.17134052403846153 0.7596077163461538 0.14895322596153845 0.7488391971153846 0.07233123317307692 0.5895452956730769 0.09471853125
1 0.5590378413461539 0.08310129086538462 0.5684842163461539 0.15031573557692307 0.7287838581730769 0.12778709134615385 0.7193374855769231 0.06057264423076923 0.5590378413461539 0.08310129086538462
1 0.6509561418269231 0 0.5356717596153846 0.016202163461538462 0.5462141225961539 0.09121496875 0.6888746153846154 0.07116534375 0.6788729783653846 0 0.6509561418269231 0