3 0.8579732259615385 0.6095761057692308 0.8791583052884615 0.48942956009615385 0.7819085384615385 0.4722818028846154 0.7607234615384615 0.5924283485576923 0.8579732259615385 0.6095761057692308
1 0.6407358774038462 0.744274608173077 0.6602278870192309 0.6337299399038462 0.5655170793269231 0.6170298677884615 0.5460250697115385 0.7275745384615384 0.6407358774038462 0.744274608173077
1 0.5362930216346153 0.8700490937500001 0.5681791682692308 0.6892137716346153 0.38021937499999997 0.6560713870192308 0.3483332283653846 0.8369067115384615 0.5362930216346153 0.8700490937500001
1 0 0.9111725456730769 0.35213476682692313 0.97326340625 0.3912924302884615 0.7511892572115385 0.0032166250000000003 0.6827610240384616 0 0.7010034110576923 0 0.9111725456730769
1 0 0.6052752788461538 0.06053294711538461 0.6159488701923077 0.09241909375 0.4351135480769231 0.007710240384615385 0.42017709134615383 0 0.4639040360576923 0 0.6052752788461538
1 0.12995223317307694 0 0.1001462596153846 0.16903807211538463 0.42682545673076927 0.22664042788461541 0.45871160336538463 0.04580510336538461 0.19893794951923077 0 0.12995223317307694 0
1 0.5773954783653846 0.24912827884615385 0.5974952548076924 0.13513678125 0.43046262740384617 0.10568442307692308 0.41036285096153846 0.21967592067307692 0.5773954783653846 0.24912827884615385
1 0.7214322115384615 0.25827901442307694 0.7377117283653847 0.16595328846153848 0.5976843749999999 0.1412626875 0.5814048581730769 0.23358841586538462 0.7214322115384615 0.25827901442307694
1 0.8096759182692307 0.28196217548076924 0.8238933629807692 0.20133104086538461 0.7305674423076923 0.1848751610576923 0.7163499975961538 0.26550629567307693 0.8096759182692307 0.28196217548076924
1 0.8560300528846153 0.2921665120192308 0.8667745336538462 0.23123153365384616 0.7992228774038461 0.21932035336538463 0.7884783966346153 0.2802553317307692 0.8560300528846153 0.2921665120192308
1 0.9190049663461538 0.30123983653846154 0.9297494471153847 0.24030485576923077 0.8597357716346153 0.22795955528846154 0.8489912908653847 0.28889453605769233 0.9190049663461538 0.30123983653846154
1 0.9378737331730769 0.18703127884615386 0.9572789182692307 0.07697901201923077 0.7300806923076923 0.036917834134615385 0.7106755072115385 0.14697010096153845 0.9378737331730769 0.18703127884615386
1 0.6329848028846154 0.019797209134615388 0.6205038389423077 0.09058026682692308 0.8600121634615385 0.13281204567307692 0.872493125 0.06202898798076923 0.6329848028846154 0.019797209134615388