1 0.48769381009615387 0 0.07763319951923077 0.10223959375000001 0.12329595673076922 0.2853829110576923 0.5534856634615385 0.17812457211538463 0.5090742211538462 0 0.48769381009615387 0
1 0.07572439663461539 0.1003966298076923 0.10103547596153846 0.20191381971153846 0.4622432211538462 0.11185461538461539 0.4369321418269231 0.01033742548076923 0.07572439663461539 0.1003966298076923
1 0.3227910048076923 0.15061758413461537 0.3525776370192307 0.2700852475961538 0.62168309375 0.20298972115384617 0.5918964591346154 0.08352206009615384 0.3227910048076923 0.15061758413461537
1 0.3920591514423077 0.2081954110576923 0.4119269879807692 0.28788094711538464 0.6647345072115385 0.2248489543269231 0.644866670673077 0.14516341826923077 0.3920591514423077 0.2081954110576923
1 0.5402792427884615 0.23140206249999998 0.552496298076923 0.28040199759615386 0.6970552019230769 0.24435941346153844 0.6848381466346154 0.19535948076923076 0.5402792427884615 0.23140206249999998
1 0.5741321658653846 0.24898457451923078 0.5886474783653847 0.30720231971153844 0.7255501418269231 0.2730686514423077 0.7110348269230768 0.21485090865384615 0.5741321658653846 0.24898457451923078
1 0.7206107932692307 0.2694047548076923 0.7271124447115385 0.2954814519230769 0.7538713822115385 0.28880969951923074 0.7473697307692307 0.26273300240384617 0.7206107932692307 0.2694047548076923
1 0.624722764423077 0.16641802163461536 0.6369398197115385 0.21541795673076924 0.7307856105769232 0.19201957211538462 0.7185685552884615 0.1430196394230769 0.624722764423077 0.16641802163461536
1 0.5916715745192308 0.12750803605769231 0.6069428942307693 0.18875795432692308 0.7084449254807693 0.16345065384615387 0.6931736057692308 0.10220073798076923 0.5916715745192308 0.12750803605769231
1 0.5176077019230769 0.054893752403846155 0.5385944254807693 0.13906690865384613 0.6669311971153846 0.10706895673076923 0.6459444735576922 0.022895802884615384 0.5176077019230769 0.054893752403846155
1 0.4642264230769231 0 0.4752465168269231 0.04419917788461539 0.6083589615384615 0.011010516826923077 0.6056137307692308 0 0.4642264230769231 0
1 0.6715000168269231 0.5287390649038461 0.6531744326923078 0.4552391634615385 0.4520654831730769 0.5053812548076922 0.4703910673076923 0.57888115625 0.6715000168269231 0.5287390649038461