1 0.6288636370192309 0.27411101682692307 0.6475476274038462 0.14116752884615386 0.4002900673076923 0.10641774519230769 0.3816060793269231 0.23936123317307695 0.6288636370192309 0.27411101682692307
1 0.6609853677884616 0.3009678653846154 0.6763639951923076 0.1915432451923077 0.5121961177884615 0.16847095432692308 0.49681749038461537 0.27789557451923075 0.6609853677884616 0.3009678653846154
1 0.6857832860576922 0.3586049903846154 0.7011619158653846 0.24918036778846153 0.5496818461538462 0.2278912331730769 0.53430321875 0.3373158533653846 0.6857832860576922 0.3586049903846154
1 0.6754165216346154 0.2881010745192308 0.6682491081730769 0.3390998822115385 0.7023669375 0.34389482932692306 0.7095343509615385 0.29289602403846154 0.6754165216346154 0.2881010745192308
1 0.7149862355769231 0.38265329086538463 0.7222928245192308 0.33066421634615384 0.6928168774038461 0.3265216442307692 0.6855102884615385 0.3785107163461538 0.7149862355769231 0.38265329086538463
1 0.7141112307692308 0.3495846923076923 0.70711778125 0.39934566346153844 0.7256079447115386 0.4019442860576923 0.7326013918269231 0.3521833149038462 0.7141112307692308 0.3495846923076923
1 0.7098308245192307 0.36993704326923077 0.7025416322115384 0.42180233173076925 0.738825673076923 0.42690172115384617 0.7461148653846154 0.3750364326923077 0.7098308245192307 0.36993704326923077
1 0.7446613942307692 0.15241763701923078 0.7573087475961539 0.062427026442307694 0.6075307043269231 0.041377093749999996 0.5948833485576923 0.13136770673076922 0.7446613942307692 0.15241763701923078
1 0.7181287067307692 0.2367961658653846 0.7125617836538461 0.2764068894230769 0.7691153725961539 0.2843549783653846 0.774682298076923 0.2447442548076923 0.7181287067307692 0.2367961658653846
1 0.6846430240384614 0.18147245432692308 0.6773190408653846 0.23358531009615383 0.7669073533653846 0.24617612740384615 0.7742313389423077 0.1940632716346154 0.6846430240384614 0.18147245432692308
1 0.7253360528846154 0.060331896634615384 0.7154547620192309 0.13064093028846152 0.7939799254807693 0.1416769230769231 0.8038612163461539 0.07136788942307692 0.7253360528846154 0.060331896634615384
1 0.9324082836538461 0.7200713197115385 0.9356440600961539 0.6970475889423077 0.8875232211538461 0.6902846442307692 0.8819388990384615 0.7300191514423078 0.9251083990384615 0.7360862283653845 0.9184106923076923 0.7837428798076923 0.9446373245192308 0.7874287932692308 0.9536835745192308 0.7230613677884615 0.9324082836538461 0.7200713197115385
3 0.9751637019230769 0.700455826923077 0.9854451129807693 0.6272997740384615 0.9668002235576924 0.62467940625 0.9565188100961539 0.6978354591346154 0.9751637019230769 0.700455826923077