1 0.7749571009615385 0.3312938846153846 0.7930454519230768 0.2287097451923077 0.6430161466346154 0.20225553125 0.624927795673077 0.30483967067307693 0.7749571009615385 0.3312938846153846
1 0.7317579927884614 0.38417921875 0.744564545673077 0.31154964903846155 0.5994592788461538 0.28596367548076923 0.5866527235576923 0.3585932451923077 0.7317579927884614 0.38417921875
1 0.6477055192307692 0.3920645673076923 0.6575455841346154 0.3362587956730769 0.5751448725961539 0.32172932692307693 0.5653048076923077 0.3775350985576923 0.6477055192307692 0.3920645673076923
1 0.6471787427884615 0.4332939038461538 0.6560782115384616 0.3828225072115385 0.5503652548076923 0.3641824615384615 0.5414657860576922 0.41465385817307693 0.6471787427884615 0.4332939038461538
1 0.6400465360576924 0.3158263701923077 0.6482707067307693 0.26918478125 0.5674087572115385 0.2549266370192308 0.5591845865384616 0.3015682259615385 0.6400465360576924 0.3158263701923077
1 0.6522422091346154 0.29795032692307694 0.6684734903846153 0.20589815625 0.5897658076923077 0.1920198701923077 0.5735345264423077 0.2840720408653846 0.6522422091346154 0.29795032692307694
1 0.7201173365384614 0.2711348894230769 0.7402074663461539 0.15719810336538462 0.6155677355769231 0.1352207548076923 0.5954776057692308 0.2491575408653846 0.7201173365384614 0.2711348894230769
1 0.7918441081730769 0.18153443509615386 0.8112589399038461 0.07142745673076924 0.66430715625 0.045515891826923074 0.644892326923077 0.1556228701923077 0.7918441081730769 0.18153443509615386
1 0.6568029375000001 0.09482299519230769 0.6682347764423077 0.029989817307692308 0.6164554302884616 0.020859721153846156 0.6050235913461539 0.08569289903846154 0.6568029375000001 0.09482299519230769
1 0.6233807475961538 0.14759885576923076 0.6352467067307692 0.08030365865384616 0.5915458629807693 0.07259801923076924 0.5796799038461539 0.13989321875 0.6233807475961538 0.14759885576923076
1 0.21241182932692307 0.019144451923076924 0.19666290384615384 0.10846104326923077 0.28414153125 0.1238858846153846 0.2998904543269231 0.03456929326923077 0.21241182932692307 0.019144451923076924
1 0.21658081490384615 0 0.21067295913461537 0.03350511538461538 0.2682226610576923 0.04365268028846154 0.27591980528846155 0 0.21658081490384615 0
1 0.13836123317307691 0 0.11928012259615385 0.10821436057692307 0.19583353605769233 0.12171279326923078 0.2172947860576923 0 0.13836123317307691 0
1 0.1952439230769231 0.09086396634615385 0.17809616346153845 0.18811373317307692 0.22841368509615384 0.19698606971153848 0.2455614423076923 0.09973630288461538 0.1952439230769231 0.09086396634615385
1 0.1622401346153846 0.17995868990384614 0.14716650721153846 0.26544547596153845 0.24410851923076923 0.28253896875 0.25918214663461536 0.1970521826923077 0.1622401346153846 0.17995868990384614
1 0.24989440384615386 0.25422462740384616 0.23757020673076923 0.32411862259615387 0.26819157451923076 0.3295179951923077 0.2805157716346154 0.25962400240384614 0.24989440384615386 0.25422462740384616
1 0.26321648557692306 0.29789589182692305 0.2511093485576923 0.3665588774038462 0.2773452427884615 0.3711849735576923 0.2894523798076923 0.30252198798076924 0.26321648557692306 0.29789589182692305
1 0.2794380985576923 0.3422194519230769 0.2702974519230769 0.3940586394230769 0.2936096971153846 0.3981692163461539 0.30275034375 0.34633003125 0.2794380985576923 0.3422194519230769
1 0.23894206971153847 0.23085665384615384 0.23163437740384613 0.2723006442307692 0.3118038822115385 0.2864366923076923 0.3191115769230769 0.24499269951923075 0.23894206971153847 0.23085665384615384
1 0.24616265625 0.18135850721153846 0.2368049471153846 0.2344286995192308 0.31335836298076924 0.24792713221153845 0.3227160697115385 0.19485693990384614 0.24616265625 0.18135850721153846
1 0.2264977451923077 0.10977284855769232 0.21371531009615385 0.1822656418269231 0.29611602163461537 0.19679511057692306 0.3088984567307692 0.12430231730769231 0.2264977451923077 0.10977284855769232
1 0.2535071418269231 0.02498034855769231 0.2407005889423077 0.09760992067307693 0.3201007139423077 0.11161030528846154 0.33290726682692307 0.038980733173076924 0.2535071418269231 0.02498034855769231
1 0.29715959615384613 0.09684677403846154 0.2852936370192308 0.16414197115384616 0.32099291826923076 0.17043671875 0.3328588774038461 0.10314152163461537 0.29715959615384613 0.09684677403846154
1 0.31534553846153845 0.16422276682692308 0.30622900961538463 0.21592517548076923 0.3310030793269231 0.22029351201923075 0.3401196081730769 0.16859110576923075 0.31534553846153845 0.16422276682692308
1 0.29917231490384616 0.05573841826923077 0.2893563701923077 0.11140741346153846 0.34913727884615386 0.12194839903846154 0.3589532235576923 0.06627940384615384 0.29917231490384616 0.05573841826923077
1 0.29472106490384614 0 0.2839487403846154 0.06109288701923077 0.3502693894230769 0.0727870048076923 0.36191828605769233 0.006722817307692308 0.3237912884615385 0 0.29472106490384614 0
1 0.3458097163461539 0 0.34242046875 0.019221384615384616 0.37450365865384616 0.024878514423076925 0.37889041105769233 0 0.3458097163461539 0