1 0.8124188269230769 0.3513734375 0.7962034326923076 0.21930965865384613 0.6321231466346154 0.23945618509615382 0.6483385408653847 0.3715199639423077 0.8124188269230769 0.3513734375
1 0.9051655000000001 0.36503339182692307 0.8867666153846153 0.2151864951923077 0.7443982764423077 0.23266712740384615 0.7627971610576924 0.3825140264423077 0.9051655000000001 0.36503339182692307
1 0.9457771682692309 0.3182072620192308 0.9344704014423078 0.2261210360576923 0.8671633653846154 0.23438530048076922 0.8784701322115385 0.3264715288461538 0.9457771682692309 0.3182072620192308
1 0.9346267908653847 0.24919060096153847 0.9433776875 0.3204609302884615 0.9790473149038461 0.31608125 0.9702964182692307 0.2448109230769231 0.9346267908653847 0.24919060096153847
1 0.949496920673077 0.7017237235576924 0.9385625312499999 0.6126702788461539 0.8728063485576923 0.6207441225961539 0.8837407379807692 0.7097975673076923 0.949496920673077 0.7017237235576924
1 0.8872760192307693 0.7475649038461539 0.8756138004807692 0.6525837499999999 0.6984288028846154 0.6743393317307693 0.7100910216346155 0.7693204855769231 0.8872760192307693 0.7475649038461539
1 0.998143514423077 0.6555902115384615 0.9891387235576924 0.5822520793269231 0.91779946875 0.5910114375 0.9268042596153846 0.6643495721153846 0.998143514423077 0.6555902115384615
1 0.7616801610576923 0.17597173076923076 0.7407592572115385 0.005584641826923077 0.6025782235576923 0.022551139423076922 0.6234991274038462 0.19293822836538463 0.7616801610576923 0.17597173076923076
1 0.8442966682692308 0.1859778966346154 0.8243405625 0.023448463942307693 0.7007375504807692 0.03862500721153846 0.7206936538461538 0.2011544375 0.8442966682692308 0.1859778966346154
1 0.9016093798076923 0.18285887259615385 0.8848354182692308 0.04624592548076923 0.7667379350961538 0.06074647355769231 0.7835118966346154 0.1973594206730769 0.9016093798076923 0.18285887259615385
1 0.9524589975961538 0.2008235480769231 0.9361589735576923 0.0680705 0.841479375 0.0796956923076923 0.8577793990384616 0.2124487403846154 0.9524589975961538 0.2008235480769231
1 0.9531590480769231 0.08921185096153847 0.946828610576923 0.03765459375 0.911158983173077 0.04203427163461538 0.9174894206730768 0.09359153125 0.9531590480769231 0.08921185096153847
1 0.5488275600961539 0.13801792307692307 0.5385363701923077 0.054202915865384615 0.47502892548076925 0.06200064903846154 0.4853201153846154 0.14581565624999998 0.5488275600961539 0.13801792307692307
1 0.4778408918269231 0.7233934350961538 0.4744217788461539 0.695547 0.41130204567307693 0.7032971274038461 0.4147211586538461 0.7311435649038462 0.4778408918269231 0.7233934350961538
1 0.41727051682692307 0.7115199350961539 0.41491776201923075 0.69235828125 0.37599134375 0.69713784375 0.3783440985576923 0.7162995 0.41727051682692307 0.7115199350961539
1 0.3810821057692308 0.71680290625 0.3783400456730769 0.6944706177884614 0.3577912403846154 0.6969936947115385 0.36053330048076926 0.7193259831730768 0.3810821057692308 0.71680290625
1 0.37081927644230767 0.7107865624999999 0.36807721634615387 0.6884542740384615 0.34752840865384615 0.6909773509615385 0.35027046875 0.7133096394230769 0.37081927644230767 0.7107865624999999
1 0.32861118028846154 0.6997369615384615 0.33065926201923074 0.7164172524038462 0.35167332692307696 0.713837048076923 0.34962524519230764 0.6971567596153846 0.32861118028846154 0.6997369615384615
1 0.32861205048076925 0.7151293677884615 0.32675015625000003 0.6999654663461539 0.301703875 0.703040764423077 0.3035657692307692 0.7182046658653847 0.32861205048076925 0.7151293677884615
1 0.27570147596153843 0.7021754326923078 0.27805423076923075 0.7213370865384616 0.3035657692307692 0.7182046658653847 0.3012130120192308 0.6990430096153847 0.27570147596153843 0.7021754326923078
1 0.3228170360576923 0.6826770384615385 0.3203796490384615 0.6628261153846153 0.2935498870192308 0.6661203966346154 0.2959872716346154 0.6859713197115384 0.3228170360576923 0.6826770384615385
1 0.32046428125 0.6635153846153846 0.3228170360576923 0.6826770384615385 0.34569212259615384 0.6798683317307692 0.3433393677884615 0.6607066778846153 0.32046428125 0.6635153846153846
1 0.37347800480769233 0.6805146826923077 0.3706343870192308 0.6573552716346154 0.3433393677884615 0.6607066778846153 0.34618298557692306 0.6838660889423077 0.37347800480769233 0.6805146826923077
1 0.36719212740384616 0.6440645985576924 0.3647547403846154 0.6242136754807692 0.33924320432692306 0.6273460985576923 0.34168059134615386 0.6471970216346155 0.36719212740384616 0.6440645985576924
1 0.3147708245192308 0.6318901826923077 0.29150802403846154 0.6347464951923077 0.29386077884615386 0.6539081490384615 0.34168059134615386 0.6471970216346155 0.33924320432692306 0.6273460985576923 0.3145846346153846 0.6303737908653846 0.3147708245192308 0.6318901826923077
1 0.2650659735576923 0.637993170673077 0.26741873076923073 0.6571548245192307 0.29386077884615386 0.6539081490384615 0.29150802403846154 0.6347464951923077 0.2650659735576923 0.637993170673077
1 0.2678839855769231 0.6570976971153846 0.2656327884615385 0.6387631634615385 0.2464022067307692 0.6411243822115384 0.24865340384615384 0.6594589158653845 0.2678839855769231 0.6570976971153846
1 0.22455918990384616 0.6446459591346153 0.22699657692307693 0.6644968822115385 0.24669241346153845 0.6620785384615384 0.24425502644230768 0.6422276153846155 0.22455918990384616 0.6446459591346153
2 0.24451716826923078 0.6405162451923078 0.2552822932692308 0.7281911538461538 0.2830425673076923 0.7247826201923077 0.2722774423076923 0.6371077139423077 0.24451716826923078 0.6405162451923078
2 0.2560080985576923 0.723204420673077 0.24536145673076926 0.636494485576923 0.22031517548076923 0.6395697836538462 0.23096181490384618 0.7262797163461538 0.2560080985576923 0.723204420673077
1 0.23941613221153846 0.6137159158653847 0.23765579567307693 0.599379139423077 0.21609893509615385 0.6020259879807692 0.21785926923076923 0.616362766826923 0.23941613221153846 0.6137159158653847
1 0.2374696081730769 0.59786275 0.23941613221153846 0.6137159158653847 0.26043019471153844 0.6111357139423077 0.2584836706730769 0.595282548076923 0.2374696081730769 0.59786275
1 0.2831277716346154 0.6107276442307692 0.28089350240384614 0.5925309663461539 0.2584836706730769 0.595282548076923 0.2607179423076923 0.6134792259615385 0.2831277716346154 0.6107276442307692
1 0.2804026394230769 0.5885332091346154 0.2831277716346154 0.6107276442307692 0.3131367860576923 0.607043 0.3104116514423077 0.5848485673076923 0.2804026394230769 0.5885332091346154
1 0.33755881971153845 0.6097815600961538 0.3341397067307692 0.5819351274038461 0.3104116514423077 0.5848485673076923 0.3138307644230769 0.612695 0.33755881971153845 0.6097815600961538
1 0.3345290120192308 0.5851057620192308 0.33755881971153845 0.6097815600961538 0.3616745889423077 0.6068205168269231 0.35864478125 0.5821447163461538 0.3345290120192308 0.5851057620192308
1 0.3909305985576923 0.6008494879807692 0.3881885384615385 0.5785171995192308 0.35864478125 0.5821447163461538 0.36138684375 0.6044770048076923 0.3909305985576923 0.6008494879807692
1 0.38658256730769225 0.5763355456730769 0.38961237259615383 0.6010113461538462 0.4147361971153846 0.5979265288461538 0.4117063918269231 0.5732507283653846 0.38658256730769225 0.5763355456730769
1 0.4389023125 0.58768284375 0.43675267307692306 0.5701754326923077 0.4117063918269231 0.5732507283653846 0.41385603125 0.5907581394230769 0.4389023125 0.58768284375
1 0.4709825528846154 0.5861227283653846 0.46873135576923075 0.5677881923076923 0.44360753124999996 0.5708730120192308 0.4458587283653846 0.589207545673077 0.4709825528846154 0.5861227283653846
1 0.46854516586538464 0.5662718052884615 0.4709825528846154 0.5861227283653846 0.48354446634615383 0.5845803197115385 0.4811070793269231 0.5647293966346154 0.46854516586538464 0.5662718052884615
1 0.3949252067307692 0.6333829471153846 0.3933679855769231 0.6207004110576922 0.3674687355769231 0.6238804399038462 0.36902595432692303 0.6365629759615385 0.3949252067307692 0.6333829471153846
1 0.3942225480769231 0.6238139182692308 0.3953904615384615 0.6333258197115386 0.41066636778846155 0.6314501754807692 0.40949845192307693 0.6219382740384615 0.3942225480769231 0.6238139182692308
1 0.43794127403846156 0.5465209278846154 0.43491146634615385 0.5218451274038461 0.4039719423076923 0.5256440240384616 0.40700175 0.5503198221153845 0.43794127403846156 0.5465209278846154
1 0.3537075120192308 0.559242375 0.35077926201923076 0.5353936971153846 0.32751646153846153 0.5382500096153846 0.33044471153846156 0.5620986875 0.3537075120192308 0.559242375
1 0.30208955528846154 0.5420717019230769 0.3049331730769231 0.5652311105769231 0.33044471153846156 0.5620986875 0.32760109375 0.5389392788461538 0.30208955528846154 0.5420717019230769
1 0.3052193293269231 0.5643563846153846 0.3025788269230769 0.5428512163461539 0.27846305769230767 0.5458122596153846 0.28110356009615384 0.5673174278846154 0.3052193293269231 0.5643563846153846
1 0.2525878221153846 0.5498289326923077 0.25541451201923077 0.5728504903846153 0.2813913076923077 0.5696609399038461 0.2785646153846154 0.5466393822115385 0.2525878221153846 0.5498289326923077
1 0.2558207451923077 0.5761589759615384 0.2525878221153846 0.5498289326923077 0.23196147115384613 0.5523615288461539 0.23519439423076924 0.5786915745192307 0.2558207451923077 0.5761589759615384
1 0.20975475721153847 0.5567673533653846 0.21286919471153845 0.5821324230769231 0.23620953846153844 0.5792665913461538 0.2330950985576923 0.5539015192307692 0.20975475721153847 0.5567673533653846
1 0.2316225120192308 0.5419082548076923 0.22888045192307693 0.5195759663461538 0.20600536298076924 0.5223846754807693 0.20874742548076922 0.5447169639423077 0.2316225120192308 0.5419082548076923
1 0.2279156514423077 0.5117183076923078 0.2316225120192308 0.5419082548076923 0.25038783653846153 0.5396041634615385 0.2466809783653846 0.5094142163461538 0.2279156514423077 0.5117183076923078
1 0.27747974038461537 0.5345985120192307 0.2739759975961538 0.5060628100961538 0.2466809783653846 0.5094142163461538 0.25018472115384616 0.5379499182692308 0.27747974038461537 0.5345985120192307
1 0.2740606274038461 0.5067520769230769 0.27747974038461537 0.5345985120192307 0.3048523028846154 0.5312375841346154 0.30143318990384615 0.5033911490384615 0.2740606274038461 0.5067520769230769
1 0.3230421346153846 0.52424646875 0.3201985168269231 0.5010870576923077 0.30143318990384615 0.5033911490384615 0.3042768076923077 0.5265505600961539 0.3230421346153846 0.52424646875
1 0.3201642283653846 0.4931151490384615 0.32376953125 0.5224779735576923 0.35106455048076923 0.5191265673076922 0.3474592475961539 0.4897637427884615 0.3201642283653846 0.4931151490384615
1 0.3773204110576923 0.5143635 0.37379974038461533 0.4856899447115385 0.34735768990384613 0.4889366201923077 0.35087836057692307 0.5176101754807692 0.3773204110576923 0.5143635
1 0.37390129807692307 0.4865170673076923 0.3773204110576923 0.5143635 0.39918744230769226 0.5116785649038461 0.3957683293269231 0.4838321322115385 0.37390129807692307 0.4865170673076923
1 0.42811476442307694 0.5023895288461538 0.4253896298076923 0.48019509374999997 0.39716409855769236 0.4836607524038462 0.39988923317307695 0.5058551875 0.42811476442307694 0.5023895288461538
1 0.45781129086538463 0.5076988966346154 0.45527234615384615 0.48702085096153847 0.4315442908653846 0.48993429086538465 0.43408323557692313 0.5106123365384615 0.45781129086538463 0.5076988966346154
1 0.45837564423076926 0.4898582475961539 0.4603221682692308 0.5057114182692307 0.47683875721153846 0.5036834350961539 0.47489223317307694 0.48783026682692304 0.45837564423076926 0.4898582475961539
1 0.46606683894230766 0.5454463846153846 0.46352789423076923 0.5247683413461538 0.43537990625 0.5282244783653847 0.43791885096153843 0.5489025216346154 0.46606683894230766 0.5454463846153846
1 0.41220260576923073 0.5471624639423077 0.41015452403846153 0.5304821730769231 0.38154127884615385 0.5339954399038461 0.38358936057692306 0.5506757283653847 0.41220260576923073 0.5471624639423077
1 0.3521734399038462 0.5320040793269231 0.35489857211538467 0.5541985144230769 0.38358936057692306 0.5506757283653847 0.38086422596153846 0.5284812932692308 0.3521734399038462 0.5320040793269231
1 0.3732304663461538 0.46630930528846154 0.3706915216346154 0.4456312620192308 0.34293124759615384 0.44903979567307695 0.34547018990384615 0.46971783894230773 0.3732304663461538 0.46630930528846154
1 0.3984798629807692 0.4648882524038462 0.39573780288461535 0.44255596394230773 0.3675122716346154 0.446021625 0.3702543317307692 0.4683539134615385 0.3984798629807692 0.4648882524038462
1 0.42332302884615386 0.46015871153846155 0.42029322355769233 0.43548291105769227 0.39392871634615384 0.43872006730769236 0.3969585216346154 0.4633958653846154 0.42332302884615386 0.46015871153846155
1 0.4537741514423077 0.47097270432692306 0.45074434375 0.44629690384615384 0.42166584375 0.4498672956730769 0.4246956514423077 0.47454309375000003 0.4537741514423077 0.47097270432692306
1 0.4793616418269231 0.46461252163461536 0.47700888461538465 0.44545086538461537 0.4532808293269231 0.44836430528846155 0.45563358413461535 0.4675259591346154 0.4793616418269231 0.46461252163461536
1 0.4791985985576923 0.4485403701923077 0.4811451225961539 0.46439353605769235 0.4950252596153846 0.46268926923076925 0.4930787355769231 0.4468361033653846 0.4791985985576923 0.4485403701923077
1 0.49230634615384616 0.42580122115384617 0.48947965384615383 0.4027796634615385 0.46846559134615384 0.4053598653846154 0.4712922836538462 0.42838142307692306 0.49230634615384616 0.42580122115384617
1 0.47266172115384614 0.4363293269230769 0.4687517475961539 0.4044851394230769 0.44773768509615386 0.40706534375 0.45164765865384615 0.43890953125 0.47266172115384614 0.4363293269230769
1 0.44928868269230765 0.43444149278846156 0.44664818028846154 0.4129363269230769 0.41756968028846153 0.4165067163461539 0.4202101826923077 0.4380118822115385 0.44928868269230765 0.43444149278846156
1 0.4380400769230769 0.3986007548076923 0.4348071538461538 0.3722707139423077 0.4115443533653846 0.37512702644230767 0.4147772764423077 0.4014570697115385 0.4380400769230769 0.3986007548076923
1 0.46673086298076927 0.3950779711538462 0.46437810817307695 0.3759163149038462 0.43971953846153844 0.3789440072115384 0.44207229567307693 0.3981056610576923 0.46673086298076927 0.3950779711538462
1 0.4647315336538461 0.3678968028846154 0.4598398341346154 0.32805710096153845 0.4347935528846154 0.33113239903846153 0.43968525240384615 0.37097209855769225 0.4647315336538461 0.3678968028846154
1 0.4089526033653846 0.34312097836538463 0.4129641346153846 0.37579228846153845 0.4384756730769231 0.3726598653846154 0.4344641418269231 0.3399885552884615 0.4089526033653846 0.34312097836538463
1 0.41123345913461534 0.3873392740384615 0.40712036778846156 0.35384084134615384 0.38160883173076926 0.3569732644230769 0.3857219206730769 0.39047169711538465 0.41123345913461534 0.3873392740384615
1 0.35609729326923073 0.3601056875 0.3605996875 0.3967747548076923 0.3869641947115384 0.3935376009615385 0.3824618004807692 0.3568685336538462 0.35609729326923073 0.3601056875
1 0.3659245264423077 0.3920629230769231 0.3617268052884616 0.3578752211538462 0.33257076201923075 0.3614551322115384 0.3367684831730769 0.39564283413461543 0.3659245264423077 0.3920629230769231
1 0.3096972644230769 0.36748207932692306 0.3136072403846154 0.3993262668269231 0.3373352956730769 0.39641282932692307 0.3334253221153846 0.36456864182692306 0.3096972644230769 0.36748207932692306
1 0.3137616033653846 0.41148139182692306 0.3088699014423077 0.37164169230769234 0.28514184615384613 0.3745551298076923 0.29003354567307693 0.41439483173076924 0.3137616033653846 0.41148139182692306
1 0.26058483653846154 0.37840994471153844 0.2645794423076923 0.4109434014423077 0.28877275480769227 0.4079728341346154 0.28477814903846155 0.3754393798076923 0.26058483653846154 0.37840994471153844
1 0.2654596081730769 0.41811179086538464 0.26058483653846154 0.37840994471153844 0.23685677884615386 0.3813233846153846 0.2417315528846154 0.4210252283653846 0.2654596081730769 0.41811179086538464
1 0.210805625 0.3909589326923077 0.21490178846153848 0.4243195096153846 0.2417315528846154 0.4210252283653846 0.23763538942307694 0.3876646514423077 0.210805625 0.3909589326923077
1 0.2274942283653846 0.46405326923076917 0.2234826971153846 0.43138195913461536 0.19657538942307692 0.4346857596153846 0.20058692307692308 0.46735706971153845 0.2274942283653846 0.46405326923076917
1 0.22988286298076924 0.4944050721153846 0.2276316658653846 0.47607053846153846 0.20878879567307693 0.4783841514423077 0.21103999519230768 0.4967186875 0.22988286298076924 0.4944050721153846
1 0.24722840624999998 0.4914357163461539 0.24468946153846155 0.47075767067307694 0.2227448846153846 0.473452125 0.2252838293269231 0.49413017067307696 0.24722840624999998 0.4914357163461539
1 0.27017785096153846 0.4821810096153846 0.2678420240384615 0.46315720913461533 0.24271819951923077 0.46624202644230767 0.2450540264423077 0.48526582692307696 0.27017785096153846 0.4821810096153846
1 0.29467424519230767 0.4784735697115385 0.2925076802884615 0.4608283076923077 0.2661431730769231 0.4640654615384615 0.26830973798076924 0.48171072596153847 0.29467424519230767 0.4784735697115385
1 0.3220468076923077 0.4751126418269231 0.3199818004807692 0.4582945 0.2904380432692308 0.4619220168269231 0.29250305048076924 0.4787401586538461 0.3220468076923077 0.4751126418269231
1 0.3437866754807692 0.46754570673076923 0.3416370360576923 0.4500382932692307 0.31790898076923074 0.4529517331730769 0.3200586201923077 0.47045914423076923 0.3437866754807692 0.46754570673076923
1 0.3378141538461538 0.43749401682692307 0.33431040865384615 0.40895831490384615 0.3092641274038461 0.41203361298076924 0.31276787259615385 0.44056931490384615 0.3378141538461538 0.43749401682692307
1 0.3156346370192308 0.4491729639423077 0.31133535576923077 0.4141581394230769 0.2858238173076923 0.41729056249999996 0.2901230985576923 0.4523053870192308 0.3156346370192308 0.4491729639423077
1 0.2895306778846154 0.4474805072115385 0.28601000721153846 0.41880695432692305 0.26584891346153844 0.4212824254807692 0.2693695841346154 0.44995597836538465 0.2895306778846154 0.4474805072115385
1 0.26825447355769233 0.4517720817307692 0.26502155048076925 0.4254420360576923 0.23997526923076923 0.4285173317307692 0.24320819230769233 0.4548473774038462 0.26825447355769233 0.4517720817307692
1 0.2489479423076923 0.45736106009615385 0.2453257139423077 0.42786037980769226 0.22066714423076925 0.4308880721153846 0.22428937259615384 0.46038874999999996 0.2489479423076923 0.45736106009615385
1 0.37267565865384616 0.428455875 0.3694427355769231 0.4021258341346154 0.3402866923076923 0.40570574519230773 0.34351961538461534 0.43203578846153845 0.37267565865384616 0.428455875
1 0.39477922355769235 0.4200046923076923 0.3920540913461539 0.39781025721153845 0.36475907211538466 0.4011616634615385 0.36748420673076926 0.42335609855769235 0.39477922355769235 0.4200046923076923
1 0.4175783605769231 0.4204237427884615 0.41397306009615387 0.3910609206730769 0.39071025961538464 0.393917233173077 0.3943155600961538 0.4232800552884616 0.4175783605769231 0.4204237427884615
0 0.40751559615384614 0.13717770192307693 0.4956677524038462 0.8551194182692308 0.7262796490384615 0.8268038389423077 0.6381274903846154 0.10886212259615384 0.40751559615384614 0.13717770192307693
3 0.43600820673076923 0.6192430120192308 0.4316920024038462 0.5840903365384615 0.3947041490384615 0.588631875 0.3990203557692308 0.6237845504807692 0.43600820673076923 0.6192430120192308
3 0.43782018990384614 0.6493857572115385 0.43414718269230773 0.6194715168269231 0.3990203557692308 0.6237845504807692 0.4026933605769231 0.6536987884615384 0.43782018990384614 0.6493857572115385
3 0.4393782788461538 0.6774606947115385 0.43506207211538467 0.6423080192307692 0.40443271875 0.6460688317307692 0.40874892548076924 0.6812215072115385 0.4393782788461538 0.6774606947115385
3 0.44746571874999996 0.7093516826923078 0.4435557451923077 0.6775074927884616 0.40881662980769234 0.6817729206730768 0.4127266033653846 0.713617110576923 0.44746571874999996 0.7093516826923078
3 0.44314951442307693 0.6741990048076923 0.44746571874999996 0.7093516826923078 0.4825150048076923 0.7050481730769231 0.47819880048076924 0.6698954951923077 0.44314951442307693 0.6741990048076923
3 0.4337481875 0.644428391826923 0.43748889903846155 0.6748940408653846 0.47819880048076924 0.6698954951923077 0.4744580889423077 0.63942984375 0.4337481875 0.644428391826923
3 0.42926271875000005 0.6078971754807692 0.4337481875 0.644428391826923 0.47818013701923073 0.6389728341346154 0.4736946658653846 0.6024416201923077 0.42926271875000005 0.6078971754807692