2 0.4363905192307692 0.9151148365384615 0.46299681009615384 0.4074365480769231 0.32896200240384615 0.40041208173076925 0.3023557115384615 0.9080903701923078 0.4363905192307692 0.9151148365384615
2 0.500738079326923 0.951657608173077 0.5273443701923077 0.4439793197115385 0.39330956250000004 0.43695485336538464 0.3667032716346154 0.944633141826923 0.500738079326923 0.951657608173077
1 0.6888448509615385 0.7434670384615385 0.6909775408653847 0.7027728846153847 0.6729553990384616 0.7018283846153845 0.6708227067307693 0.7425225384615385 0.6888448509615385 0.7434670384615385
1 0.7117668701923077 0.7315253197115384 0.7141808653846154 0.68546353125 0.6928039519230769 0.6843432163461538 0.6903899567307692 0.7304050024038461 0.7117668701923077 0.7315253197115384
1 0.7124260048076922 0.6234116490384616 0.7142839326923076 0.5879603004807692 0.6937652163461538 0.5868849615384616 0.6919072884615385 0.6223363100961539 0.7124260048076922 0.6234116490384616
1 0.6682594086538463 0.5869251442307692 0.6663295192307692 0.6237496081730769 0.6983168725961538 0.6254259951923077 0.7002467596153846 0.58860153125 0.6682594086538463 0.5869251442307692
1 0.6682765649038462 0.6343660600961538 0.6708279447115385 0.5856828701923077 0.6379043774038462 0.5839574182692308 0.6353529975961538 0.6326406081730769 0.6682765649038462 0.6343660600961538
1 0.6412080841346154 0.5209189278846154 0.6458921514423076 0.43154158653846153 0.5966628365384615 0.42896158653846156 0.5919787692307692 0.5183389302884616 0.6412080841346154 0.5209189278846154
1 0.6741316514423077 0.5226443798076923 0.6781288100961539 0.4463740480769231 0.6329564278846154 0.4440066658653846 0.6289592692307693 0.5202769951923076 0.6741316514423077 0.5226443798076923
1 0.7033917788461538 0.5136634278846154 0.7055964302884615 0.47159615865384613 0.6735310600961538 0.46991568509615383 0.6713264086538462 0.5119829543269231 0.7033917788461538 0.5136634278846154
1 0.7170822235576922 0.5196381201923077 0.719286875 0.4775708509615385 0.6979099615384615 0.47645053365384615 0.6957053100961539 0.5185178028846154 0.7170822235576922 0.5196381201923077
1 0.7355504182692307 0.5284918028846154 0.7379578725961539 0.48255484375 0.7149425817307692 0.48134866346153843 0.7125351274038461 0.5272856225961539 0.7355504182692307 0.5284918028846154
1 0.6782420817307693 0.317328125 0.6748664134615385 0.3817397283653846 0.7069317836538461 0.3834202043269231 0.710307451923077 0.31900859855769226 0.6782420817307693 0.317328125
1 0.6456499879807692 0.2958429423076923 0.6426864639423078 0.3523903389423077 0.6837238966346154 0.35454101923076925 0.686687420673077 0.2979936225961538 0.6456499879807692 0.2958429423076923
1 0.6215839038461539 0.26691878125 0.6182082355769231 0.3313303846153846 0.6519119831730769 0.3330967235576923 0.6552876514423077 0.26868511778846155 0.6215839038461539 0.26691878125
1 0.48695149759615386 0.11754294951923076 0.4807562283653847 0.23575572115384616 0.5768743221153846 0.2407930576923077 0.5830695913461539 0.1225802860576923 0.48695149759615386 0.11754294951923076
1 0.38264111298076925 0.032967858173076924 0.37621687259615383 0.1555496346153846 0.4937118798076923 0.1617072860576923 0.5001361177884616 0.039125512019230764 0.38264111298076925 0.032967858173076924
1 0.37673701201923077 0.4770174158653846 0.3849210480769231 0.3208567235576923 0.014335870192307691 0.3014351778846154 0.006151834134615384 0.4575958701923077 0.37673701201923077 0.4770174158653846
1 0.46693497596153843 0.45320537980769227 0.47089942548076924 0.3775591923076923 0.37821412259615383 0.3727017620192308 0.37424967307692303 0.44834794951923074 0.46693497596153843 0.45320537980769227
1 0.5623632451923076 0.48036192788461535 0.5669884350961538 0.3921080408653846 0.4604939567307692 0.38652690144230767 0.45586876682692307 0.4747807884615384 0.5623632451923076 0.48036192788461535
1 0.6624469014423077 0.7679940913461538 0.6656197692307693 0.7074521754807692 0.6089007307692308 0.70447965625 0.6057278629807692 0.7650215721153846 0.6624469014423077 0.7679940913461538
1 0.9494706153846154 0.6756391826923077 0.9509556466346154 0.6473030697115385 0.89049175 0.6441342908653845 0.8890067163461539 0.6724704038461538 0.9494706153846154 0.6756391826923077
1 0.8780774399038461 0.6526212067307693 0.8791764951923077 0.6316499855769231 0.8272945697115385 0.62893096875 0.8261955144230769 0.6499021899038462 0.8780774399038461 0.6526212067307693
1 0.9758581346153845 0.6632532235576923 0.9776768076923077 0.6285508461538462 0.9497463870192308 0.6270870745192307 0.9479277139423077 0.6617894519230769 0.9758581346153845 0.6632532235576923
1 0.646116079326923 0.12125306490384614 0.6425572355769231 0.18915987259615383 0.6754027836538461 0.19088123557692308 0.6789616298076923 0.12297442788461538 0.646116079326923 0.12125306490384614
1 0.5821457884615385 0.06407675961538462 0.5779000336538462 0.14509058173076922 0.6570102163461539 0.14923656971153848 0.6612559711538462 0.06822275 0.5821457884615385 0.06407675961538462
1 0.7081346514423077 0.24254008653846154 0.711647704326923 0.17550707932692308 0.6664753197115385 0.17313969471153845 0.6629622692307693 0.24017270192307694 0.7081346514423077 0.24254008653846154
1 0.7238588725961539 0.2724039567307692 0.726475670673077 0.2224724783653846 0.7050987572115385 0.22135216346153846 0.7024819591346153 0.2712836394230769 0.7238588725961539 0.2724039567307692
1 0.7273551754807692 0.23703847115384613 0.7248757596153846 0.28434854567307694 0.7445362788461539 0.28537890865384613 0.7470156947115385 0.23806883413461538 0.7273551754807692 0.23703847115384613
3 0.9204392716346154 0.6205442932692308 0.9226112139423077 0.5791011682692307 0.8845384615384616 0.5771058581730769 0.8823665216346155 0.6185489855769231 0.9204392716346154 0.6205442932692308
3 0.9179068100961539 0.6509534278846154 0.9195750192307692 0.6191221129807692 0.8850130745192307 0.617310798076923 0.8833448653846154 0.6491421153846153 0.9179068100961539 0.6509534278846154
3 0.9255164927884615 0.622187266826923 0.9240641706730769 0.6498992355769231 0.9491859447115385 0.6512158125 0.950638266826923 0.6235038413461538 0.9255164927884615 0.622187266826923
3 0.9201090697115385 0.5760910889423078 0.9177146995192308 0.6217783918269231 0.9523546610576923 0.6235937956730768 0.95474903125 0.5779064927884615 0.9201090697115385 0.5760910889423078
3 0 0.973981596153846 0.23434313701923076 0.986263 0.24817945673076924 0.7222503173076924 0 0.7092437836538461 0 0.973981596153846