4 0.9973319110576924 0.7411533629807692 0.9034527764423077 0.3646247139423077 0.6946875865384615 0.4166757235576923 0.7885667211538461 0.7932043701923077 0.9973319110576924 0.7411533629807692
4 0.8006858173076924 0.7387951995192308 0.7286132524038462 0.44972793269230765 0.6628150721153846 0.4661332620192308 0.7348876370192308 0.7552005288461537 0.8006858173076924 0.7387951995192308
4 0.7324658822115384 0.7228819591346153 0.6842159038461539 0.5293618677884615 0.6085631586538461 0.5482242163461538 0.6568131370192307 0.7417443076923077 0.7324658822115384 0.7228819591346153
4 0.6347892908653846 0.5051844086538462 0.5858673052884615 0.3089690480769231 0.5525133894230769 0.3172851129807693 0.601435375 0.5135004735576923 0.6347892908653846 0.5051844086538462
4 0.49461950961538464 0.2591473028846154 0.4683105048076923 0.15362764423076924 0.4498900456730769 0.1582203798076923 0.4761990528846154 0.2637400408653846 0.49461950961538464 0.2591473028846154
4 0.5222937187500001 0.33655726923076923 0.49621991346153843 0.23198095432692306 0.4767381947115385 0.2368382908653846 0.502812 0.34141460817307695 0.5222937187500001 0.33655726923076923
4 0.4812308509615385 0.27035821634615387 0.5047510336538461 0.36469252163461535 0.5173345576923076 0.3615550961538462 0.49381437259615385 0.26722079086538464 0.4812308509615385 0.27035821634615387
4 0.561868125 0.4526541514423077 0.5346183125 0.3433611177884615 0.5161978533653846 0.34795385336538465 0.5434476682692307 0.4572468870192308 0.561868125 0.4526541514423077
4 0.51536328125 0.3759312475961538 0.5388834663461538 0.4702655528846154 0.5582893798076923 0.4654271153846154 0.5347691971153846 0.3710928100961538 0.51536328125 0.3759312475961538
4 0.59063121875 0.5793193365384616 0.5671446346153846 0.48511979326923077 0.5487241754807692 0.48971252884615385 0.5722107620192308 0.5839120721153847 0.59063121875 0.5793193365384616
4 0.5836826682692308 0.5940776153846155 0.5603976850961538 0.5006866538461539 0.5431142932692308 0.5049958870192308 0.5663992764423077 0.5983868509615384 0.5836826682692308 0.5940776153846155
1 0.5784480048076923 0.6951518894230768 0.5699135384615385 0.6609220120192307 0.4609068774038461 0.6881004230769231 0.46944134615384614 0.7223303028846153 0.5784480048076923 0.6951518894230768
1 0.5369719759615385 0.7096441057692308 0.53290634375 0.6933377475961537 0.49348807932692307 0.7031658245192307 0.49755371153846156 0.7194721826923077 0.5369719759615385 0.7096441057692308
1 0.6107811370192308 0.5432338461538462 0.6009026610576923 0.5036134375 0.5821031802884615 0.5083006754807692 0.5919816586538462 0.5479210841346154 0.6107811370192308 0.5432338461538462
1 0.6526548437499999 0.4725312908653846 0.6384755336538461 0.41566117788461543 0.6021652475961539 0.4247143509615385 0.6163445576923077 0.4815844615384615 0.6526548437499999 0.4725312908653846
1 0.6973740697115385 0.45651474759615385 0.6708298605769231 0.35005174519230764 0.6154168798076923 0.36386775480769235 0.6419610865384615 0.47033075721153844 0.6973740697115385 0.45651474759615385
1 0.7345601322115385 0.3676569471153846 0.7097295360576923 0.2680668725961538 0.6363509230769231 0.28636221634615383 0.661181516826923 0.38595229086538463 0.7345601322115385 0.3676569471153846
1 0.7986720456730769 0.31445544711538465 0.756268514423077 0.1443841706730769 0.6386201586538461 0.17371719951923079 0.6810236899038462 0.3437884783653846 0.7986720456730769 0.31445544711538465
1 0.7318639014423076 0 0.7706451682692308 0.15554316826923076 0.8898854158653846 0.1258132355769231 0.8585166538461538 0 0.7318639014423076 0
1 0.6813539807692308 0.23434656971153847 0.6564225865384615 0.13435220432692307 0.5248262283653846 0.16716286057692306 0.549757625 0.26715722596153846 0.6813539807692308 0.23434656971153847
1 0.6508981153846154 0.32081064182692304 0.6319811658653846 0.24493890625 0.5303275288461539 0.2702840048076923 0.5492444759615385 0.3461557403846154 0.6508981153846154 0.32081064182692304
1 0.5410393461538462 0 0.562025423076923 0.08417056009615384 0.7199258918269231 0.04480155048076923 0.708755610576923 0 0.5410393461538462 0
1 0.48739952403846154 0.10392201201923078 0.4743626225961538 0.05163385336538462 0.4228914663461539 0.06446705288461539 0.43592836778846156 0.11675521153846155 0.48739952403846154 0.10392201201923078
1 0.49683676201923077 0.16211759374999998 0.49055351201923075 0.13691685817307692 0.46008016105769234 0.14451471634615384 0.4663634110576923 0.1697154543269231 0.49683676201923077 0.16211759374999998
1 0 0.39220337259615384 0.0859689278846154 0.37076891105769233 0.04685822115384616 0.21390443509615384 0 0.22558750240384617 0 0.39220337259615384
1 0 0.38410107211538463 0.015879608173076924 0.4477907043269231 0.16081753365384616 0.41165362259615385 0.13195490625 0.29589195192307693 0 0.32879200480769233 0 0.38410107211538463
1 0.12578260096153845 0.24174911778846153 0.10343842548076923 0.1521315264423077 0.022479375 0.1723168846153846 0.044823550480769234 0.26193447596153846 0.12578260096153845 0.24174911778846153
1 0 0.19080429326923076 0.05158009855769231 0.17794393028846153 0.03279755048076923 0.10261124759615384 0 0.11078859615384616 0 0.19080429326923076
1 0.057867507211538466 0.10337450240384616 0.0776580625 0.18275008413461538 0.15558493990384617 0.16332073076923076 0.13579438461538462 0.08394515144230769 0.057867507211538466 0.10337450240384616
1 0.2058614326923077 0.20188665384615384 0.17793961298076924 0.08989835336538461 0.08288095192307693 0.11359913942307692 0.11080277163461538 0.22558743990384617 0.2058614326923077 0.20188665384615384
1 0.2647106971153846 0.21412435096153845 0.25073298798076926 0.1580628173076923 0.1483213076923077 0.18359691826923077 0.16229901682692308 0.23965844951923077 0.2647106971153846 0.21412435096153845
1 0.31026486057692304 0.27605450240384616 0.29326312740384614 0.2078642764423077 0.19668838221153845 0.23194306490384614 0.21369011538461538 0.3001332908653846 0.31026486057692304 0.27605450240384616
1 0.13886178846153846 0.08074696875 0.1514282860576923 0.13114843990384617 0.22283598798076923 0.11334450240384616 0.2102694903846154 0.06294302884615385 0.13886178846153846 0.08074696875
1 0.1883700144230769 0.36198492307692304 0.20164211778846156 0.4152164254807692 0.2935169951923077 0.39230944471153845 0.2802448894230769 0.33907794471153846 0.1883700144230769 0.36198492307692304
1 0.17124782692307694 0.29783267067307695 0.19080318028846152 0.3762649086538462 0.26327214182692305 0.35819636778846153 0.24371678846153846 0.27976412980769233 0.17124782692307694 0.29783267067307695
1 0.09258808173076923 0.25102742548076923 0.11657867067307692 0.34724841826923075 0.1985231778846154 0.3268173581730769 0.1745325889423077 0.2305963653846154 0.09258808173076923 0.25102742548076923
1 0.14018542788461538 0.23815808894230767 0.15345753125 0.2913895889423077 0.17915520673076923 0.28498243990384614 0.16588310336538464 0.23175093990384615 0.14018542788461538 0.23815808894230767
1 0.03952177884615385 0.3892202427884615 0.06512518028846154 0.49190987500000005 0.21847738701923078 0.453674875 0.19287398798076924 0.35098524278846155 0.03952177884615385 0.3892202427884615
1 0.19557314903846154 0.3840934903846154 0.21791732451923077 0.4737110817307692 0.26203545913461535 0.4627111971153846 0.23969128365384615 0.3730936057692308 0.19557314903846154 0.3840934903846154
1 0.24407869951923075 0.42653633653846157 0.2603748269230769 0.49189653365384617 0.29183363461538464 0.48405297355769233 0.27553750721153847 0.41869277403846156 0.24407869951923075 0.42653633653846157
1 0.26383175721153845 0.44537271634615383 0.278951875 0.5060161995192307 0.3204168581730769 0.49567781730769234 0.30529673798076923 0.4350343341346154 0.26383175721153845 0.44537271634615383
1 0.2878550384615385 0.5165359206730769 0.29595270192307693 0.549013875 0.3590219254807692 0.5332889519230769 0.3509242620192307 0.5008109975961539 0.2878550384615385 0.5165359206730769
1 0.3556910625 0.5402744831730769 0.3626463173076923 0.568170483173077 0.3947873629807692 0.5601568221153846 0.3878321081730769 0.5322608197115385 0.3556910625 0.5402744831730769
1 0.3872994855769231 0.5488548076923077 0.3932803317307692 0.572842673076923 0.40935085576923075 0.5688358413461538 0.40337000961538466 0.5448479759615384 0.3872994855769231 0.5488548076923077
1 0.25863303846153846 0.2766176538461539 0.2714011394230769 0.3278277067307692 0.3330300793269231 0.3124618870192308 0.3202619783653846 0.2612518317307692 0.25863303846153846 0.2766176538461539
1 0.5139633846153846 0.20594275 0.5055969182692308 0.1723866875 0.47474454807692307 0.1800790480769231 0.48311101201923073 0.21363511057692308 0.5139633846153846 0.20594275
1 0.27377281009615384 0.33281887259615384 0.2849280985576923 0.3775602860576923 0.35474390625 0.36015325000000004 0.3435886201923077 0.3154118365384615 0.27377281009615384 0.33281887259615384