1 0.5252650769230769 0.6641931177884615 0.5234049038461538 0.6375914110576922 0.4777351754807692 0.6407849495192307 0.4795953485576923 0.66738665625 0.5252650769230769 0.6641931177884615
1 0.47886145192307694 0.6759308894230769 0.4767881346153846 0.6462810673076922 0.43407992307692306 0.6492675144230768 0.4361532403846154 0.6789173365384615 0.47886145192307694 0.6759308894230769
1 0.5665131875 0.6582457524038462 0.5645561322115384 0.6302585408653846 0.5170939038461538 0.6335774230769231 0.5190509615384615 0.6615646346153846 0.5665131875 0.6582457524038462
1 0.6795098028846154 0.6222201971153846 0.6778046442307691 0.5978352980769231 0.6213799278846154 0.6017808966346154 0.6230850841346154 0.6261657956730768 0.6795098028846154 0.6222201971153846
1 0.7173772283653845 0.6172053725961538 0.715410483173077 0.5890796081730769 0.6734816201923077 0.5920115600961539 0.6754483653846154 0.6201373245192308 0.7173772283653845 0.6172053725961538
1 0.24437718509615386 0.8147090721153846 0.2392520216346154 0.7414158245192308 0.08049905528846153 0.7525169134615385 0.08562421875000001 0.8258101610576923 0.24437718509615386 0.8147090721153846
1 0 0.2133466298076923 0.02668967307692308 0.21148030528846154 0.020266264423076923 0.11962128365384615 0 0.12103843990384615 0 0.2133466298076923
1 0 0.24188837980769232 0.023142432692307695 0.24027010336538462 0.01701936298076923 0.15270614663461538 0 0.1538962548076923 0 0.24188837980769232
1 0 0.2693163028846154 0.019517682692307692 0.26795149278846153 0.01462504326923077 0.1979834591346154 0 0.19900614182692308 0 0.2693163028846154
1 0 0.30899629567307696 0.02103192307692308 0.30752560096153847 0.01636211298076923 0.24074422836538462 0 0.24188837980769232 0 0.30899629567307696
1 0 0.3407402884615385 0.021448379807692305 0.33924047115384615 0.016255396634615386 0.2649773701923077 0 0.26611405769230767 0 0.3407402884615385
1 0 0.3770788052884615 0.023977050480769233 0.3754021682692308 0.018696874999999998 0.29989211057692305 0 0.30119952403846156 0 0.3770788052884615
1 0 0.40562055288461535 0.02471621875 0.40389222836538463 0.019901084134615384 0.3350326009615384 0 0.33642421875 0 0.40562055288461535
1 0 0.44627514423076925 0.029337728365384615 0.44422365144230774 0.024755115384615386 0.378689235576923 0 0.38042028125000005 0 0.44627514423076925
1 0 0.47161464663461533 0.02743808653846154 0.4696959879807692 0.023843689903846152 0.41829373076923076 0 0.41996104567307696 0 0.47161464663461533
1 0.028164146634615382 0.5069583341346153 0.024879778846153847 0.4599896923076923 0.000953826923076923 0.46166275721153843 0.004238194711538462 0.5086313990384616 0.028164146634615382 0.5069583341346153
1 0.0026908990384615383 0.5044235264423077 0.0055199134615384615 0.5448802932692307 0.029523798076923076 0.5432017764423077 0.02669478365384615 0.5027450096153846 0.0026908990384615383 0.5044235264423077
1 0.029730100961538462 0.5640715552884615 0.027511459134615387 0.5323434759615384 0.004754528846153846 0.5339347956730769 0.006973173076923077 0.565662875 0.029730100961538462 0.5640715552884615
1 0.03194874519230769 0.5957996346153845 0.02949757932692308 0.56074634375 0.009156625 0.5621687211538462 0.011607790865384614 0.5972220120192308 0.03194874519230769 0.5957996346153845
1 0.03203821875 0.6418778605769231 0.02906387980769231 0.5993428365384615 0.009424336538461538 0.6007161682692308 0.01239867548076923 0.6432511899038461 0.03203821875 0.6418778605769231
1 0.035426310096153844 0.6724103389423076 0.032829817307692306 0.6352787884615385 0.009449411057692307 0.6369137043269231 0.012045901442307692 0.6740452572115385 0.035426310096153844 0.6724103389423076
1 0.04169584615384615 0.7083104495192308 0.038479298076923074 0.6623116610576923 0.010734548076923077 0.6642517620192308 0.013951096153846154 0.7102505504807692 0.04169584615384615 0.7083104495192308
1 0.04436984375 0.7465504038461539 0.04100797115384615 0.6984733581730769 0.015133651442307692 0.7002826658653846 0.018495526442307692 0.7483597115384615 0.04436984375 0.7465504038461539
1 0.050328925480769234 0.77913075 0.04757742067307692 0.7397823918269231 0.017416694711538463 0.7418914350961539 0.020168199519230767 0.7812397956730769 0.050328925480769234 0.77913075
1 0.054327387019230775 0.8183919158653846 0.051198033653846155 0.7736400817307693 0.019166875 0.7758799182692309 0.022296228365384616 0.8206317524038462 0.054327387019230775 0.8183919158653846
1 0.07659035096153846 0.7839773173076924 0.07451703365384615 0.7543274999999999 0.04934412980769231 0.7560877596153847 0.05141744711538462 0.785737579326923 0.07659035096153846 0.7839773173076924
1 0.05108533653846154 0.7373094447115385 0.05292613221153846 0.7636340504807693 0.0996869471153846 0.7603642163461538 0.0978461514423077 0.7340396081730769 0.05108533653846154 0.7373094447115385
1 0.045827240384615386 0.7057939038461538 0.048045884615384615 0.7375219831730769 0.10524994711538462 0.7335218846153846 0.10303130288461539 0.7017938076923076 0.045827240384615386 0.7057939038461538
1 0.04151533173076923 0.6710099567307692 0.04395680769230769 0.7059246971153846 0.10303130288461539 0.7017938076923076 0.10058982692307693 0.6668790649038462 0.04151533173076923 0.6710099567307692
1 0.039361086538461536 0.6491625649038462 0.04095967307692308 0.6720234086538461 0.10003416826923076 0.667892516826923 0.09843558173076923 0.645031673076923 0.039361086538461536 0.6491625649038462
1 0.03239099278846154 0.6110837956730769 0.035074677884615386 0.6494623004807691 0.09905906009615384 0.6449880745192308 0.09637537259615384 0.6066095721153846 0.03239099278846154 0.6110837956730769
1 0.033289307692307694 0.5802515817307692 0.03597299519230769 0.6186300865384615 0.10058085336538461 0.6141122644230769 0.09789716826923077 0.5757337596153846 0.033289307692307694 0.5802515817307692
1 0.028031211538461536 0.5487360408653846 0.030404870192307695 0.5826809278846153 0.09805218269230769 0.5779505673076923 0.09567852403846154 0.5440056802884615 0.028031211538461536 0.5487360408653846
1 0.02612259855769231 0.5214415817307693 0.028496254807692308 0.55538646875 0.0912336826923077 0.5509994399038461 0.08886002403846154 0.5170545528846154 0.02612259855769231 0.5214415817307693
1 0.02539653846153846 0.4841792355769231 0.02883592067307692 0.5333646850961539 0.08845595913461539 0.5291956466346154 0.08501657692307692 0.4800101971153846 0.02539653846153846 0.4841792355769231
1 0.08623731730769231 0.4974675673076923 0.08309827403846154 0.45257718509615386 0.024101713942307694 0.45670262740384615 0.027240754807692304 0.5015930096153846 0.08623731730769231 0.4974675673076923
1 0.028207605769230766 0.4191024014423077 0.03233486298076923 0.4781249399038462 0.07971915625 0.4748115072115385 0.07559189903846154 0.41578896875 0.028207605769230766 0.4191024014423077
1 0.08692975480769231 0.44465171875 0.08325785336538462 0.3921410576923077 0.020442490384615382 0.3965335360576923 0.024114394230769227 0.4490441971153846 0.08692975480769231 0.44465171875
1 0.020872771634615386 0.366847875 0.024544675480769232 0.4193585384615384 0.08174874038461538 0.41535843990384613 0.07807683653846155 0.36284777644230765 0.020872771634615386 0.366847875
1 0.0799079423076923 0.3890338317307692 0.07593569951923076 0.33222810096153843 0.02239456730769231 0.3359720625 0.026366810096153846 0.3927777932692308 0.0799079423076923 0.3890338317307692
1 0.020476264423076925 0.30853905048076924 0.024690716346153847 0.3688085456730769 0.08134923798076922 0.3648465961538462 0.07713478365384616 0.30457710096153845 0.020476264423076925 0.30853905048076924
1 0.0823928798076923 0.33609263942307693 0.0775777451923077 0.2672330120192308 0.014216841346153846 0.2716636394230769 0.019031975961538463 0.3405232668269231 0.0823928798076923 0.33609263942307693
1 0.016426512019230767 0.2506249158653846 0.020786293269230767 0.31297266826923076 0.08360165384615385 0.3085801923076923 0.07924187499999999 0.24623243749999998 0.016426512019230767 0.2506249158653846
1 0.08521406249999999 0.2700405 0.08085428365384616 0.20769274759615383 0.015622947115384615 0.2122541658653846 0.01998272596153846 0.2746019206730769 0.08521406249999999 0.2700405
1 0.16642614663461539 0.20282280528846153 0.1602255721153846 0.11415044471153846 0.059923625 0.12116424038461539 0.06612419951923078 0.20983660096153847 0.16642614663461539 0.20282280528846153
1 0.19784280048076924 0.2533933653846154 0.19225259375 0.1734496923076923 0.10792725961538462 0.17934629326923077 0.11351746394230769 0.25928996634615387 0.19784280048076924 0.2533933653846154
1 0.20723229086538464 0.2823923605769231 0.2038607283653846 0.23417676442307694 0.1614642548076923 0.23714141586538462 0.16483581971153846 0.28535701201923075 0.20723229086538464 0.2823923605769231
1 0.2325726033653846 0.326704875 0.2281353173076923 0.26324871875 0.19867600240384614 0.2653087139423077 0.20311329086538463 0.3287648701923077 0.2325726033653846 0.326704875
1 0.16595283413461537 0.31925054567307687 0.1583861923076923 0.21104255528846153 0.07834726442307692 0.21663942067307693 0.08591390624999999 0.3248474134615385 0.16595283413461537 0.31925054567307687
1 0.1847846754807692 0.34104554807692306 0.17989203365384615 0.2710775144230769 0.09252724278846153 0.27718665625 0.09741988461538462 0.3471546899038461 0.1847846754807692 0.34104554807692306
1 0.2039265432692308 0.36727417067307694 0.19925673557692306 0.3004928004807692 0.10448815144230769 0.30711966586538464 0.10915795913461539 0.3739010360576923 0.2039265432692308 0.36727417067307694
1 0.1751549543269231 0.5572439326923078 0.17193840624999998 0.5112451466346154 0.08207970673076924 0.5175286802884616 0.0852962548076923 0.5635274663461538 0.1751549543269231 0.5572439326923078
1 0.1911993846153846 0.5570965913461539 0.18844787980769231 0.5177482331730769 0.16444399278846153 0.5194267475961538 0.1671955 0.558775108173077 0.1911993846153846 0.5570965913461539
1 0.2150448341346154 0.5621121033653846 0.21267117788461537 0.5281672139423077 0.1856278389423077 0.5300582692307693 0.18800149759615387 0.5640031586538462 0.2150448341346154 0.5621121033653846
1 0.2304496875 0.578577625 0.22754316826923077 0.537012454326923 0.20657873557692305 0.5384784302884615 0.2094852548076923 0.5800436009615384 0.2304496875 0.578577625
1 0.24525685096153846 0.57865603125 0.24319322115384615 0.5491447596153847 0.22417715624999998 0.5504744927884615 0.22624078605769232 0.5799857644230769 0.24525685096153846 0.57865603125
1 0.25731321153846154 0.7152310456730769 0.2547845384615385 0.6790693485576923 0.22711772355769233 0.6810039999999999 0.22964639663461536 0.7171656971153847 0.25731321153846154 0.7152310456730769
1 0.16425680528846154 0.09340203124999999 0.15959668509615385 0.026759209134615384 0.06794548798076923 0.03316808653846154 0.07260560817307692 0.09981090625000001 0.16425680528846154 0.09340203124999999
1 0.1798776514423077 0.13087588221153845 0.1753628581730769 0.06631131971153846 0.0744374326923077 0.07336871394230769 0.07895222596153847 0.13793327644230768 0.1798776514423077 0.13087588221153845
1 0.15579625961538462 0.13144599519230768 0.15923564182692307 0.18063144471153844 0.20046309375 0.17774853846153846 0.19702371153846154 0.1285630889423077 0.15579625961538462 0.13144599519230768
1 0.2392524879807692 0.13104006009615385 0.2327515721153846 0.03807263221153846 0.1656498028846154 0.04276484375 0.17215071875000001 0.13573227163461538 0.2392524879807692 0.13104006009615385
1 0.1763948076923077 0.16954636778846155 0.18090960336538459 0.23411092788461538 0.22089009855769232 0.23131521875 0.21637530528846155 0.16675065865384614 0.1763948076923077 0.16954636778846155
1 0.7569344423076922 0.37204324278846157 0.7549386322115385 0.3435018245192308 0.7309347475961538 0.3451803389423077 0.7329305576923077 0.3737217572115385 0.7569344423076922 0.37204324278846157
1 0.7333084038461538 0.3791252283653846 0.7319326514423078 0.3594510480769231 0.7159560408653847 0.3605682403846154 0.7173317932692308 0.3802424206730769 0.7333084038461538 0.3791252283653846
1 0.7598878413461538 0.3168416418269231 0.7578242139423076 0.28733037259615385 0.720883170673077 0.28991354326923074 0.722946798076923 0.3194248100961538 0.7598878413461538 0.3168416418269231
1 0.7245716009615385 0.32474108894230774 0.7229730144230769 0.3018802451923077 0.7100358557692308 0.3027848990384615 0.7116344423076922 0.32564574278846153 0.7245716009615385 0.32474108894230774
1 0.7593460072115386 0.2564545625 0.7568173365384615 0.22029286538461537 0.7125504302884615 0.2233883076923077 0.7150791033653847 0.2595500048076923 0.7593460072115386 0.2564545625
1 0.7484085072115385 0.2758759447115385 0.7461898629807693 0.2441478653846154 0.7018450240384616 0.24724875721153847 0.7040636682692308 0.27897683653846156 0.7484085072115385 0.2758759447115385
1 0.691204016826923 0.28098989423076925 0.6892857115384616 0.2535568846153846 0.6308346947115384 0.2576441778846154 0.6327529975961539 0.2850771875 0.691204016826923 0.28098989423076925
1 0.6273484326923077 0.3052254951923077 0.6252072956730769 0.27460582211538465 0.5796934350961538 0.2777884591346154 0.5818345721153846 0.30840813461538463 0.6273484326923077 0.3052254951923077
1 0.5845478942307692 0.3203312379807692 0.5824067596153847 0.28971156490384614 0.5725869879807692 0.2903982283653846 0.574728125 0.32101790384615386 0.5845478942307692 0.3203312379807692
1 0.5806393341346154 0.3260344471153846 0.5788082283653846 0.2998483918269231 0.5658710697115384 0.3007530456730769 0.5677021754807693 0.32693910096153844 0.5806393341346154 0.3260344471153846
1 0.5704930072115384 0.33997061057692307 0.5686522115384616 0.31364600480769234 0.5600014591346154 0.3142509230769231 0.5618422548076923 0.34057553124999995 0.5704930072115384 0.33997061057692307
1 0.6094797331730769 0.2613651105769231 0.6077261346153846 0.23628745913461538 0.5664986826923077 0.23917036298076924 0.5682522812499999 0.2642480168269231 0.6094797331730769 0.2613651105769231
1 0.602062829326923 0.2706551177884615 0.6005320625 0.2487641298076923 0.5562651586538462 0.2518595721153846 0.5577959254807692 0.2737505625 0.602062829326923 0.2706551177884615
1 0.6361449302884616 0.38174271875 0.6326474182692308 0.33172596634615387 0.5842499759615385 0.3351102451923077 0.5877474879807691 0.3851269975961538 0.6361449302884616 0.38174271875
1 0.5950059567307693 0.3825310144230769 0.5932717331730769 0.35773046634615385 0.579399358173077 0.35870051682692305 0.5811335817307692 0.3835010673076923 0.5950059567307693 0.3825310144230769
1 0.5845971875 0.39495402163461535 0.5827467043269231 0.3684908653846154 0.5720696514423077 0.3692374783653846 0.5739201346153846 0.3957006346153846 0.5845971875 0.39495402163461535
1 0.5781749134615385 0.40166837259615384 0.576411625 0.3764521730769231 0.5675270697115384 0.3770734399038461 0.5692903581730769 0.40228964182692306 0.5781749134615385 0.40166837259615384
1 0.5698683870192307 0.3937563125 0.56806634375 0.3679859086538461 0.5555967932692307 0.3688578629807692 0.5573988341346154 0.3946282692307692 0.5698683870192307 0.3937563125
1 0.5612066634615385 0.3975642451923077 0.5596274543269231 0.3749805024038461 0.5501194230769231 0.3756453677884615 0.5516986322115385 0.39822911057692306 0.5612066634615385 0.3975642451923077
1 0.5548896802884615 0.4091442139423077 0.5529713774038462 0.38171120192307695 0.5428398653846154 0.3824196658653846 0.5447581682692307 0.4098526778846154 0.5548896802884615 0.4091442139423077
1 0.5471353918269231 0.4091295360576923 0.5454399206730769 0.38488318749999995 0.5347628677884615 0.3856297980769231 0.5364583389423078 0.40987614663461536 0.5471353918269231 0.4091295360576923
1 0.7001722019230769 0.31628361298076924 0.6983701610576923 0.29051320913461537 0.6808348533653846 0.2917393966346154 0.6826368966346154 0.3175098028846154 0.7001722019230769 0.31628361298076924
1 0.7066518918269231 0.3630288173076923 0.705285826923077 0.3434931875 0.689620954326923 0.34458858173076923 0.6909870192307692 0.36412421153846153 0.7066518918269231 0.3630288173076923
1 0.6938094783653846 0.37088824519230773 0.6925887403846154 0.353430875 0.6807426682692307 0.3542592331730769 0.68196340625 0.3717166033653846 0.6938094783653846 0.37088824519230773
1 0.6905122860576923 0.35733523076923074 0.6888458822115384 0.3335045360576923 0.6419291995192308 0.3367852716346154 0.6435956033653846 0.36061596634615384 0.6905122860576923 0.35733523076923074
1 0.7174567427884615 0.4100284831730769 0.7162360048076923 0.39257111298076924 0.7022856947115385 0.39354661298076926 0.7035064326923077 0.4110039855769231 0.7174567427884615 0.4100284831730769
1 0.7037144471153846 0.42741834855769234 0.7018348990384615 0.40053953846153845 0.6564769086538462 0.4037112788461539 0.6583564567307693 0.43059008894230766 0.7037144471153846 0.42741834855769234
1 0.6448518149038461 0.43793891586538464 0.6425265985576923 0.4046867788461539 0.5995066490384615 0.4076950264423077 0.6018318653846154 0.44094716346153845 0.6448518149038461 0.43793891586538464
1 0.5993063245192307 0.44738902884615384 0.5975430360576923 0.42217282451923077 0.5883467427884616 0.4228158918269231 0.59011003125 0.44803209615384615 0.5993063245192307 0.44738902884615384
1 0.5910624855769231 0.45381307211538463 0.5895123413461538 0.43164498076923075 0.5809395264423076 0.4322444495192308 0.582489670673077 0.45441254086538463 0.5910624855769231 0.45381307211538463
1 0.5831127211538462 0.45548279807692305 0.5819307355769231 0.43857962740384615 0.5766311754807693 0.43895020913461535 0.5778131610576923 0.4558533798076923 0.5831127211538462 0.45548279807692305
1 0.5753087067307692 0.4581169254807692 0.5742720480769231 0.4432920168269231 0.5653095600961539 0.4439187355769231 0.56634621875 0.45874364423076924 0.5753087067307692 0.4581169254807692
1 0.5760450264423077 0.4686467716346154 0.5749017956730769 0.45229780528846153 0.5650820240384615 0.45298446875000004 0.5662252548076923 0.46933343749999995 0.5760450264423077 0.4686467716346154
1 0.5670648701923077 0.4645409711538461 0.5662122908653846 0.45234852163461536 0.5591202331730769 0.4528444471153846 0.5599728125 0.4650368942307692 0.5670648701923077 0.4645409711538461
1 0.5697988533653846 0.47339961538461534 0.5686556201923076 0.45705064903846154 0.5582903076923077 0.45777546153846155 0.5594335384615385 0.4741244278846154 0.5697988533653846 0.47339961538461534
1 0.5533373942307692 0.4687031346153846 0.553812125 0.4754921105769231 0.5618393990384616 0.47493078846153847 0.5613646658653846 0.4681418125 0.5533373942307692 0.4687031346153846
1 0.5522505817307692 0.45764088942307696 0.5529869014423077 0.46817073076923077 0.5592216754807692 0.4677347524038461 0.5584853581730769 0.4572049110576923 0.5522505817307692 0.45764088942307696
1 0.5546521658653846 0.4695857908653846 0.5536251971153846 0.4548994326923077 0.54084390625 0.4557931875 0.5418708774038461 0.4704795456730769 0.5546521658653846 0.4695857908653846
1 0.6246128701923077 0.5035382860576922 0.622810826923077 0.4777678822115385 0.6062107379807693 0.4789286730769231 0.6080127788461538 0.5046990769230769 0.6246128701923077 0.5035382860576922
1 0.6089088149038462 0.5051933341346154 0.6074749326923077 0.4846878485576923 0.595628858173077 0.48551620673076923 0.5970627427884615 0.5060216923076923 0.6089088149038462 0.5051933341346154
1 0.6022624254807692 0.5120625841346154 0.6004894471153845 0.48670783173076926 0.5870846802884615 0.48764518509615384 0.5888576586538462 0.5129999350961538 0.6022624254807692 0.5120625841346154
1 0.5919922836538462 0.5186283197115384 0.5905874663461538 0.4985384879807692 0.58014421875 0.4992687524038461 0.5815490360576923 0.5193585841346153 0.5919922836538462 0.5186283197115384
1 0.5824454975961538 0.5187389855769231 0.5814088389423077 0.5039140745192308 0.5697965697115385 0.5047260841346154 0.5708332283653846 0.5195509927884616 0.5824454975961538 0.5187389855769231
1 0.5708719831730769 0.5201051947115385 0.5698353245192307 0.5052802860576923 0.5573657740384615 0.5061522427884616 0.5584024326923077 0.5209771514423077 0.5708719831730769 0.5201051947115385
1 0.5727209014423077 0.5252665721153846 0.5716164230769231 0.5094718076923077 0.5606276322115384 0.51024021875 0.5617321105769231 0.5260349855769231 0.5727209014423077 0.5252665721153846
1 0.5630856370192308 0.52747184375 0.5622427475961538 0.5154179447115385 0.5509422163461538 0.5162081538461538 0.5517851081730769 0.5282620528846154 0.5630856370192308 0.52747184375
1 0.5526553533653846 0.5451870216346154 0.5509986370192308 0.521494875 0.5388408245192308 0.52234503125 0.5404975408653846 0.5460371778846154 0.5526553533653846 0.5451870216346154
1 0.6646722956730768 0.5489099615384615 0.6627636802884616 0.5216155 0.6125737379807693 0.5251251225961538 0.6144823533653846 0.5524195841346153 0.6646722956730768 0.5489099615384615
1 0.6186908269230769 0.5521253004807692 0.6172666322115384 0.5317583653846154 0.6051867548076924 0.5326030721153846 0.6066109495192308 0.5529700072115384 0.6186908269230769 0.5521253004807692
1 0.6080137740384616 0.5528719110576923 0.6069868028846154 0.5381855504807692 0.5977905096153846 0.5388286177884616 0.5988174807692308 0.5535149807692308 0.6080137740384616 0.5528719110576923
1 0.6005206466346154 0.5577119519230769 0.599464610576923 0.5426099399038461 0.5937753774038461 0.5430077692307692 0.5948314134615384 0.55810978125 0.6005206466346154 0.5577119519230769
1 0.5945369134615385 0.5639779519230769 0.5934711899038462 0.548737391826923 0.5845086995192308 0.5493641081730769 0.5855744230769231 0.564604670673077 0.5945369134615385 0.5639779519230769
1 0.5870067403846154 0.5638083725961539 0.5859894591346154 0.5492605649038461 0.5778063173076923 0.5498327860576923 0.5788235985576923 0.56438059375 0.5870067403846154 0.5638083725961539
1 0.5812863052884615 0.5693598221153846 0.5799105528846155 0.5496856418269231 0.5688438269230769 0.5504595048076923 0.570219579326923 0.5701336826923077 0.5812863052884615 0.5693598221153846
1 0.5743703509615384 0.5678942403846153 0.5730817932692308 0.5494670168269231 0.5645869110576923 0.5500610360576923 0.5658754687499999 0.5684882596153846 0.5743703509615384 0.5678942403846153
1 0.5655245480769231 0.5690697091346154 0.5646429038461538 0.5564616105769231 0.5564597620192308 0.5570338317307693 0.5573414062500001 0.5696419302884616 0.5655245480769231 0.5690697091346154
1 0.6193342475961539 0.6016454879807692 0.6183169663461539 0.5870976802884615 0.608731 0.5877679975961538 0.60974828125 0.6023158052884615 0.6193342475961539 0.6016454879807692
1 0.6351752235576923 0.5985885889423077 0.6340707451923078 0.5827938245192308 0.6163016346153847 0.5840363605769231 0.6174061129807692 0.599831125 0.6351752235576923 0.5985885889423077
1 0.6119397139423077 0.6034156177884615 0.6109224302884615 0.5888678100961539 0.6027392884615385 0.58944003125 0.6037565697115385 0.6039878389423077 0.6119397139423077 0.6034156177884615
1 0.6030627091346153 0.6097447067307692 0.6017353990384615 0.59076328125 0.5882526971153846 0.5917060841346153 0.5895800072115385 0.6106875096153846 0.6030627091346153 0.6097447067307692
1 0.5940926682692308 0.6046636033653846 0.5932110240384616 0.5920555048076923 0.5847161442307692 0.5926495240384615 0.5855977884615384 0.6052576225961539 0.5940926682692308 0.6046636033653846
1 0.5839796802884616 0.6078768774038461 0.58304959375 0.5945760240384615 0.574866451923077 0.5951482451923077 0.5757965384615384 0.6084490985576922 0.5839796802884616 0.6078768774038461
1 0.5766647908653846 0.6051861418269231 0.5756087548076922 0.5900841298076923 0.5688284375 0.5905582548076923 0.5698844735576923 0.6056602668269231 0.5766647908653846 0.6051861418269231
1 0.5701073052884615 0.6088469278846154 0.5693128581730769 0.5974857836538462 0.5607400408653846 0.5980852548076923 0.5615344903846153 0.6094463990384615 0.5701073052884615 0.6088469278846154
1 0.70931434375 0.5075005745192308 0.706652170673077 0.46382989903846156 0.7205245456730769 0.46285984855769235 0.7188484519230769 0.4388905985576923 0.7084840096153846 0.44779704567307693 0.7055347740384617 0.4478503990384616 0.7049760769230768 0.4398606514423077 0.7015743798076923 0.45373468028846153 0.6670262379807692 0.4834228365384616 0.6680659471153846 0.4888045961538462 0.6635714230769231 0.4863916514423077 0.6640912788461539 0.48908253125 0.6601166105769232 0.48936046875000005 0.6616183125 0.5108358052884616 0.70931434375 0.5075005745192308
1 0.77717309375 0.4341160024038461 0.7755745096153847 0.4112551610576923 0.7385555312500001 0.4138437788461538 0.7401541153846154 0.4367046225961539 0.77717309375 0.4341160024038461
1 0.7312480432692308 0.5187758004807692 0.7294266225961539 0.4927282932692308 0.7098650168269232 0.49409617548076923 0.7116864350961538 0.5201436802884616 0.7312480432692308 0.5187758004807692
1 0.7116455432692308 0.52515875 0.7100566466346153 0.5024364591346153 0.6965739447115384 0.5033792596153847 0.6981628413461538 0.5261015504807692 0.7116455432692308 0.52515875
1 0.4956880913461538 0.46521605048076925 0.49329505528846157 0.4309940625 0.44583282932692303 0.4343129447115385 0.4482258629807693 0.46853493269230767 0.4956880913461538 0.46521605048076925
1 0.493912125 0.37150054086538464 0.49144158413461536 0.33617014423076924 0.44218685817307696 0.33961437019230767 0.44465740144230764 0.37494476682692307 0.493912125 0.37150054086538464
1 0.5353011442307692 0.4045271706730769 0.5344873173076923 0.3928889254807692 0.5232647235576923 0.3936736850961538 0.524078548076923 0.4053119302884615 0.5353011442307692 0.4045271706730769
1 0.539369704326923 0.41343172115384613 0.5383427355769231 0.3987453605769231 0.5239248173076922 0.39975356009615387 0.5249517860576923 0.4144399206730769 0.539369704326923 0.41343172115384613
3 0.9668064326923077 0.4748760288461539 0.9633186081730769 0.4249978269230769 0.9136742091346155 0.42846930048076926 0.9171620336538461 0.47834750240384616 0.9668064326923077 0.4748760288461539
3 0.9688682067307692 0.5345999110576923 0.9642371514423077 0.4683727451923077 0.9102284110576923 0.47214940384615384 0.9148594663461539 0.5383765721153846 0.9688682067307692 0.5345999110576923
3 0.9594765745192307 0.5873279254807693 0.9555818389423076 0.5316306009615385 0.9113149350961538 0.5347260456730769 0.9152096706730769 0.5904233701923076 0.9594765745192307 0.5873279254807693
3 0.9714289375 0.56338028125 0.9694815697115384 0.5355316201923077 0.9499978966346153 0.5368940504807692 0.9519452644230769 0.5647427115384616 0.9714289375 0.56338028125
3 0.985364 0.5767463341346154 0.9819439951923077 0.5278379879807692 0.9609016298076922 0.5293094134615385 0.9643216346153847 0.5782177596153846 0.985364 0.5767463341346154
3 0.9784773990384615 0.5241820096153846 0.9808898100961538 0.5586811009615384 0.9965546826923077 0.5575857067307692 0.9941422716346153 0.5230866153846153 0.9784773990384615 0.5241820096153846
3 0.9612877427884615 0.4877924567307692 0.9646399302884615 0.535730951923077 0.9803048028846154 0.5346355552884615 0.9769526153846153 0.4866970625 0.9612877427884615 0.4877924567307692
3 0.9925056442307691 0.5232010600961539 0.98927940625 0.47706372115384615 0.975796704326923 0.47800652403846156 0.9790229423076924 0.5241438629807692 0.9925056442307691 0.5232010600961539
3 0.9592755480769231 0.45117696153846154 0.9620270552884616 0.4905253197115385 0.9776139927884615 0.489435375 0.9748624879807692 0.4500870168269231 0.9592755480769231 0.45117696153846154
3 0.9709024927884615 0.46289444951923076 0.9671433942307692 0.4091368317307692 0.9217854038461539 0.41230856971153845 0.9255445024038462 0.46606618990384613 0.9709024927884615 0.46289444951923076
3 0.9823305432692307 0.4090494375 0.9802572259615385 0.37939961778846154 0.94573215625 0.38181384615384617 0.9478054735576923 0.4114636658653846 0.9823305432692307 0.4090494375
3 0.9869034663461539 0.4744453028846154 0.984084141826923 0.43412708894230767 0.9689648125 0.43518433653846156 0.9717841370192308 0.47550254807692305 0.9869034663461539 0.4744453028846154
3 0.9957398677884615 0.4216168870192308 0.9762561947115385 0.4229793173076923 0.9769343822115384 0.4326778557692308 0.9964180552884615 0.4313154254807693 0.9957398677884615 0.4216168870192308
3 0.9964180552884615 0.4313154254807693 0.9850395913461539 0.43211108413461535 0.9856402716346153 0.44070121875 0.9970187355769231 0.43990556009615384 0.9964180552884615 0.4313154254807693
3 0.9968674254807692 0.4534212620192308 0.9960632884615385 0.44192156490384615 0.9846848245192308 0.44271722355769233 0.9854889615384615 0.45421692067307695 0.9968674254807692 0.4534212620192308
3 0.9976037427884615 0.4639511033653846 0.9968674254807692 0.4534212620192308 0.9876711322115385 0.4540643293269231 0.9884074495192308 0.4645941706730769 0.9976037427884615 0.4639511033653846
3 0.9988826129807692 0.4822397788461539 0.9976715625 0.4649209567307692 0.9868386394230769 0.46567846874999996 0.9880496899038461 0.4829972908653846 0.9988826129807692 0.4822397788461539
3 0.9998902067307692 0.49664903846153846 0.9988826129807692 0.4822397788461539 0.9885952331730768 0.48295914182692307 0.989602826923077 0.4973684014423077 0.9998902067307692 0.49664903846153846
3 1 0.5060589399038462 0.9993446634615384 0.49668718509615384 0.989602826923077 0.4973684014423077 0.9919474182692307 0.5308976370192308 1 0.5303345456730769 1 0.5060589399038462
3 0.6703555432692307 0.5641060913461539 0.6692413774038461 0.5481727764423077 0.6534985697115385 0.5492736201923077 0.654612735576923 0.5652069350961538 0.6703555432692307 0.5641060913461539
3 0.6697230865384616 0.5875406274038462 0.6679888629807693 0.5627400769230769 0.6562986610576923 0.5635575360576923 0.6580328846153846 0.5883580841346154 0.6697230865384616 0.5875406274038462
3 0.675999608173077 0.5798618725961538 0.6777919615384616 0.6054937259615385 0.6997695456730769 0.6039569038461539 0.6979771923076924 0.5783250504807692 0.675999608173077 0.5798618725961538
3 0.6696870432692308 0.5545461009615384 0.6717022307692309 0.5833646201923077 0.6964075264423077 0.5816370576923077 0.6943923389423077 0.5528185384615385 0.6696870432692308 0.5545461009615384
3 0.6655641995192307 0.5347855600961539 0.6669593293269231 0.5547368413461539 0.6943923389423077 0.5528185384615385 0.6929972115384615 0.5328672572115385 0.6655641995192307 0.5347855600961539
3 0.6634689399038461 0.511541764423077 0.6654259975961538 0.5395289783653846 0.6884167307692307 0.5379213076923077 0.6864596730769231 0.5099340961538462 0.6634689399038461 0.511541764423077
3 0.7029530456730769 0.5330064471153846 0.7011606923076923 0.50737459375 0.6863531009615385 0.5084100408653847 0.6881454543269231 0.5340418942307692 0.7029530456730769 0.5330064471153846
3 0.7068289783653847 0.5615556201923076 0.7045425168269231 0.5288576875 0.6901245985576924 0.5298658846153846 0.6924110600961538 0.5625638197115385 0.7068289783653847 0.5615556201923076
3 0.7139647740384615 0.5740048437499999 0.7123952548076923 0.5515596538461538 0.6943923389423077 0.5528185384615385 0.695961860576923 0.5752637307692308 0.7139647740384615 0.5740048437499999
3 0.7156989975961537 0.5988053942307693 0.7139647740384615 0.5740048437499999 0.6905843677884616 0.5756397620192307 0.6923185913461538 0.6004403125000001 0.7156989975961537 0.5988053942307693
3 0.07510888701923077 0.6843936346153847 0.08147416346153845 0.7754213533653846 0.16377319951923075 0.7696664447115384 0.15740792067307693 0.6786387259615385 0.07510888701923077 0.6843936346153847
3 0.24544875480769232 0.7639551346153847 0.23900596875000002 0.6718190096153845 0.1443932548076923 0.6784349759615385 0.15083604086538463 0.7705710985576922 0.24544875480769232 0.7639551346153847
3 0.14353298557692307 0.6101341634615385 0.1491716346153846 0.6907705913461538 0.21136351682692306 0.6864217115384614 0.20572486778846155 0.6057852836538461 0.14353298557692307 0.6101341634615385