4 0.29758494471153846 0.8174174855769232 0.2839242908653846 0.5567566826923077 0.17433510096153848 0.5625000072115385 0.1879957548076923 0.8231608100961538 0.29758494471153846 0.8174174855769232
1 0.2699272451923077 0.884790641826923 0.26400552884615386 0.7717975600961539 0.1932692716346154 0.7755046899038462 0.19919098798076923 0.8884977716346154 0.2699272451923077 0.884790641826923
1 0.21581872596153848 0.95698065625 0.2089908221153846 0.8266964879807692 0.12332713221153847 0.8311859326923077 0.1301550360576923 0.9614700985576923 0.21581872596153848 0.95698065625
1 0.16617923798076922 1 0.16268089663461538 0.9332476682692307 0.07394850240384615 0.9378979375000001 0.07720313221153846 1 0.16617923798076922 1
1 0 0.4205034759615385 0.12794740384615386 0.41379803605769233 0.12107103846153847 0.28258921153846156 0 0.28893427403846156 0 0.4205034759615385
1 0 0.314058375 0.00008253365384615386 0.3156332115384615 0.09162357692307693 0.31083574759615384 0.087616 0.23436661778846152 0 0.2389583798076923 0 0.314058375
1 0.22137666346153845 0.3654160961538461 0.21926384134615384 0.32510105048076926 0.09859610576923077 0.33142497836538465 0.10149396634615385 0.38671946634615384 0.13004852884615387 0.385222985576923 0.13216619711538463 0.42563049278846155 0.23660620432692306 0.42015702403846156 0.23370349759615383 0.36477007451923077 0.22137666346153845 0.3654160961538461
1 0.26992810336538464 0.4230466802884615 0.26799457932692305 0.38615286778846153 0.22388843990384616 0.38846437259615385 0.2258219639423077 0.42535818509615386 0.26992810336538464 0.4230466802884615
1 0.25720840865384614 0.3972881875 0.25964106009615384 0.44370597115384613 0.30244689903846156 0.4414626105769231 0.30001424759615386 0.3950448293269231 0.25720840865384614 0.3972881875
1 0.2893527764423077 0.4075644110576923 0.2916206682692308 0.45083835817307694 0.3276649519230769 0.4489493557692308 0.3253970600961538 0.4056754086538461 0.2893527764423077 0.4075644110576923
1 0.36342362740384615 0.4157360793269231 0.3616209447115385 0.3813388389423077 0.34674552403846154 0.38211842548076924 0.34751810336538463 0.39686009855769233 0.33851367307692304 0.3929808004807693 0.33516882932692305 0.38513584615384616 0.33310931250000003 0.3458379254807692 0.2965969206730769 0.34775145913461536 0.2986564375 0.3870493798076923 0.33256080048076925 0.3852725264423077 0.34018609615384615 0.39690327884615384 0.3468757860576923 0.4125931875 0.3482906826923077 0.41160177644230767 0.3485482091346154 0.41651566586538463 0.36342362740384615 0.4157360793269231
1 0.3405688341346154 0.5230051394230769 0.33880492067307694 0.489347625 0.23072407451923077 0.49501190144230767 0.23248799038461537 0.5286694158653846 0.3405688341346154 0.5230051394230769
1 0.35370621634615385 0.5238928725961538 0.3521506754807693 0.4942113846153846 0.32786109375000005 0.4954843461538462 0.3294166346153846 0.5251658365384615 0.35370621634615385 0.5238928725961538
1 0.3488215841346154 0.49039890865384617 0.3501251370192308 0.5152721802884616 0.3663528653846154 0.5144217211538462 0.3650493125 0.48954844951923077 0.3488215841346154 0.49039890865384617
1 0.38168314903846157 0.5143600552884615 0.38046682211538463 0.4911511634615385 0.36288678125 0.49207249278846155 0.3641031081730769 0.5152813846153846 0.38168314903846157 0.5143600552884615
1 0.40288927403846153 0.6284065072115385 0.4015905673076923 0.603625701923077 0.38130590625 0.6046887764423077 0.38260461298076925 0.6294695817307693 0.40288927403846153 0.6284065072115385
1 0.6070614062499999 0.630130733173077 0.6055930913461538 0.6021136274038461 0.5778187091346154 0.6035692211538461 0.5792870216346153 0.6315863269230769 0.6070614062499999 0.630130733173077
1 0.5809123100961538 0.6267724471153847 0.5794779182692308 0.5994026009615385 0.5626260432692308 0.6002857692307693 0.5640604375 0.6276556177884616 0.5809123100961538 0.6267724471153847
1 0.5734626225961539 0.5990688125 0.5722753725961538 0.5764147163461538 0.5538631394230769 0.5773796610576923 0.5550503918269231 0.6000337572115385 0.5734626225961539 0.5990688125
1 0.5570106850961538 0.594646 0.5561335745192307 0.5779097091346154 0.5381374399038461 0.5788528461538461 0.5390145504807692 0.5955891370192308 0.5570106850961538 0.594646
1 0.6209016177884615 0.4842064086538462 0.6191861634615384 0.4514735528846154 0.596664985576923 0.4526538389423077 0.5983804423076923 0.48538669471153845 0.6209016177884615 0.4842064086538462
1 0.5845436129807692 0.45124925721153847 0.5862929903846154 0.484629375 0.5971634903846155 0.4840596754807692 0.5954141129807693 0.45067956009615384 0.5845436129807692 0.45124925721153847
1 0.5860694399038462 0.48732996153846153 0.5842861418269231 0.45330258653846156 0.5733636298076923 0.45387500961538463 0.5751469302884615 0.4879023846153846 0.5860694399038462 0.48732996153846153
1 0.56478715625 0.46239109375 0.566148860576923 0.4883739543269231 0.5751469302884615 0.4879023846153846 0.5737852259615385 0.4619195264423077 0.56478715625 0.46239109375
1 0.5662893918269231 0.49105545913461535 0.56478715625 0.46239109375 0.5531364783653846 0.46300168028846156 0.5546387139423077 0.4916660456730769 0.5662893918269231 0.49105545913461535
1 0.660711016826923 0.37502887740384616 0.6585061201923076 0.3329569855769231 0.5849092067307692 0.33681403605769233 0.5871141009615385 0.3788859278846154 0.660711016826923 0.37502887740384616
1 0.5929972764423077 0.39063116105769236 0.5909668365384616 0.35188803125 0.5770796442307693 0.3526158293269231 0.5791100841346154 0.3913589591346154 0.5929972764423077 0.39063116105769236
1 0.5809673365384616 0.39793743990384617 0.5793924134615385 0.36788608653846155 0.568886 0.36843670432692305 0.5704609230769231 0.39848805769230766 0.5809673365384616 0.39793743990384617
1 0.7915467331730769 0.1646524110576923 0.7868316514423076 0.07468328846153846 0.6226819230769232 0.08328601201923076 0.6273970048076923 0.1732551346153846 0.7915467331730769 0.1646524110576923
1 0.7675446947115384 0.19131549038461537 0.7637358004807692 0.11863745432692308 0.5912121442307693 0.12767903605769232 0.5950210408653847 0.20035707211538462 0.7675446947115384 0.19131549038461537
1 0.7453288389423077 0.22817684615384615 0.7424552091346153 0.17334468509615386 0.5889159182692307 0.1813913389423077 0.5917895480769231 0.23622349999999998 0.7453288389423077 0.22817684615384615
1 0.6628424399038462 0.2733891442307692 0.6601917211538461 0.22281040865384616 0.5810295264423077 0.22695912259615386 0.5836802451923077 0.2775378581730769 0.6628424399038462 0.2733891442307692
1 0.5844701322115384 0.2926097692307692 0.5823427716346153 0.25201732692307693 0.5676754014423077 0.2527860120192308 0.5698027596153846 0.29337845192307693 0.5844701322115384 0.2926097692307692
1 0.6242014663461538 0.3083297139423077 0.6224230120192308 0.2743948004807692 0.5598526298076923 0.2776739759615384 0.5616310841346154 0.31160888942307696 0.6242014663461538 0.3083297139423077
1 0.594676139423077 0.3311098701923077 0.5926941586538461 0.2932914014423077 0.5523328822115384 0.2954066466346154 0.5543148629807693 0.33322511538461536 0.594676139423077 0.3311098701923077
1 0.6020707620192307 0.20351096153846154 0.5990420624999999 0.14571989903846155 0.5593049278846154 0.14780243509615384 0.5623336298076923 0.20559349519230768 0.6020707620192307 0.20351096153846154
1 0.5672449519230769 0.10723870192307693 0.5702736538461538 0.16502976201923078 0.5993483341346153 0.1635060216346154 0.5963196346153846 0.10571496153846154 0.5672449519230769 0.10723870192307693
1 0.5737065 0.2245613173076923 0.5716954423076923 0.18618805288461537 0.5501104807692307 0.1873192716346154 0.5521215384615384 0.22569253605769232 0.5737065 0.2245613173076923
1 0.6376478076923077 0.09418435817307692 0.6343768100961539 0.03177001201923077 0.5424716850961538 0.03658655528846154 0.5457426826923076 0.09900090144230769 0.6376478076923077 0.09418435817307692
1 0.5676226129807692 0 0.5696161153846154 0.03803828605769231 0.6420687692307693 0.034241204326923076 0.6402742644230769 0 0.5676226129807692 0
1 0.3136718197115385 0.1311906682692308 0.31026029086538465 0.0660948173076923 0.25585578846153845 0.06894603605769231 0.2592673173076923 0.13404188701923078 0.3136718197115385 0.1311906682692308
1 0.28086583653846153 0.12122727884615385 0.28345840384615384 0.1706964278846154 0.32912489903846154 0.1683031466346154 0.32653233173076923 0.11883400000000001 0.28086583653846153 0.12122727884615385
1 0.1317956514423077 0.08119637019230769 0.13560454567307692 0.15387441105769228 0.25757257932692307 0.14748233653846154 0.2537636826923077 0.07480429807692307 0.1317956514423077 0.08119637019230769
1 0.04886430769230769 0.025367557692307693 0.05297364903846154 0.10377846875 0.22034812259615383 0.0950067451923077 0.21623877884615383 0.01659583173076923 0.04886430769230769 0.025367557692307693
1 0.19025977163461538 0.18466728846153846 0.1935356153846154 0.24717409855769232 0.30702570192307693 0.2412263341346154 0.3037498581730769 0.17871952403846156 0.19025977163461538 0.18466728846153846
1 0.2527669014423077 0.2508384543269231 0.2555872283653846 0.30465349038461537 0.3464521129807692 0.2998914639423077 0.34363178605769235 0.2460764278846154 0.2527669014423077 0.2508384543269231
2 0.519734173076923 0.4973895408653846 0.5237223677884615 0.5734888100961538 0.5380256538461539 0.5727392067307693 0.5340374615384615 0.4966399375 0.519734173076923 0.4973895408653846
2 0.5233582836538462 0.5735078918269231 0.5189872620192307 0.4901038317307692 0.5084808485576923 0.49065444951923076 0.5128518701923077 0.5740585096153846 0.5233582836538462 0.5735078918269231
3 0.66209784375 0.663221625 0.6587396201923077 0.5991428966346154 0.5952850336538462 0.6024684110576923 0.5986432572115384 0.666547139423077 0.66209784375 0.663221625