1 1 0.0901663653846154 0.7806328052884616 0.047525701923076924 0.7235093629807692 0.3414003413461538 1 0.39514467548076926 1 0.0901663653846154
1 0.713595875 0.4669190576923077 0.7772386250000001 0.13950549038461538 0.4605871682692308 0.07795468269230768 0.3969444182692307 0.40536825000000004 0.713595875 0.4669190576923077
1 0.40739990625 0.4555774014423077 0.4406523485576923 0.2845084134615385 0.26073849278846156 0.24953670192307692 0.22748605048076923 0.42060568990384617 0.40739990625 0.4555774014423077
1 0.2313712043269231 0.45998722836538464 0.25379126201923075 0.34464603365384616 0.17434081009615385 0.3292024302884615 0.1519207548076923 0.444543625 0.2313712043269231 0.45998722836538464
1 0.16838300721153845 0.48636990625 0.18970988701923078 0.37665261538461536 0.10182357932692308 0.35956924759615383 0.08049669711538462 0.46928653846153845 0.16838300721153845 0.48636990625
1 0.09263933894230769 0.4735569230769231 0.1067313798076923 0.4010596634615385 0.05511926201923077 0.39102728365384615 0.04102722355769231 0.46352454326923076 0.09263933894230769 0.4735569230769231
1 0.05246664903846154 0.48697140384615384 0.06548538942307693 0.41999580048076923 0.022232439903846154 0.41158827884615384 0.009213701923076923 0.47856388461538457 0.05246664903846154 0.48697140384615384
1 0 0.4748628269230769 0.02490939423076923 0.4797047235576923 0.03757036538461538 0.41456967067307693 0.009655341346153846 0.40914353846153845 0 0.45881596634615385 0 0.4748628269230769
1 0.14407073798076925 0.7305929711538461 0.16323114182692308 0.6320212403846154 0.05716939182692308 0.6114049254807692 0.03800898798076923 0.70997665625 0.14407073798076925 0.7305929711538461
1 0.18254256009615383 0.7709671947115384 0.2027961394230769 0.6667715600961538 0.08837522115384615 0.6445303846153846 0.06812164182692307 0.7487260216346154 0.18254256009615383 0.7709671947115384
1 0.3677346754807692 0.91308121875 0.4035312379807693 0.7289238677884615 0.17476609134615384 0.6844564278846155 0.13896952884615385 0.8686137788461538 0.3677346754807692 0.91308121875
1 0.9066766730769231 1 0.9304457860576923 0.8777185144230769 0.3250578966346154 0.7600430288461539 0.2867370913461538 0.9571864879807692 0.5069935168269231 1 0.9066766730769231 1
1 0.9110539711538461 1 0.9129790673076923 0.9900962355769232 0.6758547524038462 0.9440039375 0.66497021875 1 0.9110539711538461 1
1 0.07681226201923076 0.9202014230769231 0.08692911538461538 0.868154733173077 0.054796163461538455 0.8619087187500001 0.04467931009615385 0.9139554086538462 0.07681226201923076 0.9202014230769231
1 0.07199998317307693 0.9076993317307692 0.0828522451923077 0.8518692860576924 0.01866303125 0.8393921658653846 0.007810769230769231 0.8952222115384616 0.07199998317307693 0.9076993317307692
1 0.25106524038461536 0 0.22250709375 0.14691893028846154 0.7316495048076923 0.24588618990384617 0.7696125432692308 0.05058328125 0.5093841225961538 0 0.25106524038461536 0
1 0.4469282259615385 0.2645050576923077 0.48218813701923074 0.08310853125 0.18340536298076923 0.025031043269230772 0.1481454519230769 0.20642756971153847 0.4469282259615385 0.2645050576923077
1 0.3696697764423077 0.2832325264423077 0.39197057692307696 0.1685048485576923 0.12348020432692307 0.11631560817307693 0.10117940384615384 0.23104328365384616 0.3696697764423077 0.2832325264423077
1 0.25923656009615387 0.3051680576923077 0.281815625 0.18900884134615387 0.08886453124999999 0.15150294711538462 0.06628546634615384 0.2676621658653846 0.25923656009615387 0.3051680576923077
1 0.05585583653846154 0.22223327403846155 0.04200230769230769 0.29350349759615385 0.29653516826923076 0.3429796754807692 0.31038869711538464 0.27170945192307694 0.05585583653846154 0.22223327403846155
1 0.2794452716346154 0.16435356971153844 0.3005336394230769 0.055863317307692305 0.08779662499999999 0.01451143028846154 0.06670825480769231 0.1230016826923077 0.2794452716346154 0.16435356971153844
1 0.1280233653846154 0 0.11479719711538462 0.06804273317307692 0.2775325769230769 0.09967528846153846 0.2969074927884615 0 0.1280233653846154 0