1 0.18077054086538463 0.8209757475961539 0.17043505288461538 0.7678042740384616 0.12066348798076923 0.7774788870192307 0.1309989735576923 0.8306503581730769 0.18077054086538463 0.8209757475961539
1 0.21224401923076924 0.79250275 0.20697026923076922 0.7653716682692308 0.16678490625 0.7731829110576923 0.17205865625 0.8003139927884615 0.21224401923076924 0.79250275
1 0.2042765168269231 0.7683005817307692 0.2088877331730769 0.7920232379807692 0.24707916586538461 0.7845995769230769 0.24246794951923079 0.7608769206730769 0.2042765168269231 0.7683005817307692
1 0.17990777884615383 0.6871539086538461 0.17394499759615384 0.6564780600961538 0.12547715625 0.6658992548076923 0.1314399375 0.6965751033653846 0.17990777884615383 0.6871539086538461
1 0.04870217548076923 0.6525251105769231 0.043428427884615387 0.6253940264423077 0.016663747596153848 0.6305965528846154 0.021937497596153845 0.6577276370192308 0.04870217548076923 0.6525251105769231
1 0.073034125 0.6548698798076923 0.06688583653846154 0.6232396730769231 0.034369435096153846 0.6295602211538461 0.040517725961538464 0.6611904278846155 0.073034125 0.6548698798076923
1 0.10242759134615385 0.6562307908653846 0.09890292548076923 0.6380979567307693 0.07275176201923077 0.6431812283653847 0.07627642788461539 0.6613140625 0.10242759134615385 0.6562307908653846
1 0.5390860432692308 0.739158264423077 0.5324872331730769 0.7052103245192308 0.4356282379807693 0.7240378052884615 0.4422270480769231 0.7579857451923077 0.5390860432692308 0.739158264423077
1 0.13559116826923076 0.35025343750000004 0.1262627283653846 0.3022627788461538 0.06414413221153846 0.3143374086538462 0.07347257211538462 0.36232806971153847 0.13559116826923076 0.35025343750000004
1 0.1763204014423077 0.3202642836538461 0.16558739663461536 0.2650477548076923 0.11029417788461539 0.2757956658653846 0.1210271826923077 0.3310121947115385 0.1763204014423077 0.3202642836538461
1 0.16709983173076923 0.3039460625 0.17356613701923077 0.3372123149038462 0.19787674759615384 0.3324868100961539 0.1914104423076923 0.2992205576923077 0.16709983173076923 0.3039460625
1 0.13212323076923077 0.3946474639423077 0.13787400240384615 0.42423261538461543 0.19286046153846154 0.41354433173076927 0.1871096923076923 0.38395917788461537 0.13212323076923077 0.3946474639423077
1 0.13805295192307693 0.40877559375 0.13126863221153845 0.3738732932692308 0.08418120192307692 0.3830261634615385 0.09096552163461538 0.4179284615384615 0.13805295192307693 0.40877559375
1 0.051930502403846154 0.42551610096153847 0.054395120192307696 0.43819545192307696 0.07003980288461539 0.4351544326923077 0.0675751875 0.4224750817307692 0.051930502403846154 0.42551610096153847
1 0.012771663461538461 0.4144513341346154 0.017250375 0.43749230769230774 0.0633408389423077 0.4285332283653846 0.05886212740384615 0.4054922572115384 0.012771663461538461 0.4144513341346154
1 0 0.42146152644230767 0.040384382211538464 0.41361159615384613 0.03572016105769231 0.3896162644230769 0 0.39655956009615384 0 0.42146152644230767
1 0 0.3942957475961538 0.010372014423076923 0.39227963221153844 0.0035611923076923077 0.35724099519230773 0 0.3579332211538461 0 0.3942957475961538
1 0 0.3568013125 0.016233040865384615 0.35364593028846153 0.012204850961538461 0.3329226875 0 0.3352950697115385 0 0.3568013125
1 0.029157225961538462 0.3726399639423077 0.03681608653846154 0.41204138942307694 0.07132641826923078 0.40533325961538463 0.06366755769230768 0.3659318341346154 0.029157225961538462 0.3726399639423077
1 0.023928689903846154 0.4718492596153846 0.02936144471153846 0.4997983653846154 0.08404114663461539 0.4891697067307692 0.07860839182692307 0.4612206009615385 0.023928689903846154 0.4718492596153846
1 0.014696860576923078 0.45383536298076926 0.01904306730769231 0.47619464903846154 0.05685105048076923 0.4688455216346154 0.05250484615384616 0.4464862355769231 0.014696860576923078 0.45383536298076926
1 0 0.44414654807692305 0.0026678461538461535 0.4578714278846154 0.02483114903846154 0.45356331971153846 0.01982241105769231 0.4277956057692308 0 0.4316486923076923 0 0.44414654807692305
1 0.1565151706730769 0.5139915024038462 0.1623719471153846 0.5441220048076923 0.2276348173076923 0.5314361875 0.2217780408653846 0.5013056875 0.1565151706730769 0.5139915024038462
1 0.38748864423076923 0.37033588461538464 0.3783192115384616 0.3231632451923077 0.2978717980769231 0.3388006370192308 0.3070412283653846 0.3859732764423077 0.38748864423076923 0.37033588461538464
1 0.37265264182692304 0.27927139423076924 0.36252916346153846 0.22719061538461538 0.2892138846153846 0.24144166346153847 0.29933736057692306 0.29352243990384613 0.37265264182692304 0.27927139423076924
1 0.36884538942307693 0.22242565625 0.35869541105769226 0.17020854326923077 0.28284937259615384 0.18495152163461537 0.29299935096153845 0.23716863221153844 0.36884538942307693 0.22242565625
1 0.4101045360576923 0.4727635649038462 0.39982205048076924 0.41986476442307696 0.3301878725961539 0.43340027884615384 0.3404703557692308 0.48629907692307695 0.4101045360576923 0.4727635649038462
1 0.4920085865384615 0.44906116586538464 0.4831836706730769 0.40366090865384613 0.42106507692307693 0.4157355384615385 0.4298899927884615 0.46113579567307694 0.4920085865384615 0.44906116586538464
1 0.43537914423076923 0.21996294951923076 0.42864782692307696 0.1853333221153846 0.3689066105769231 0.1969458389423077 0.37563792788461536 0.23157546634615384 0.43537914423076923 0.21996294951923076
1 0.46172679086538465 0.329305625 0.45329939423076926 0.2859504230769231 0.3891101778846154 0.29842754326923077 0.3975375769230769 0.3417827451923077 0.46172679086538465 0.329305625
1 0.7969110600961538 0.9465511009615385 0.7850119975961539 0.8853357379807693 0.6911438990384616 0.9035818485576923 0.7030429591346153 0.9647972115384615 0.7969110600961538 0.9465511009615385
3 0.41817915865384614 0.6326323149038462 0.41200436778846156 0.600865766826923 0.3692882475961538 0.6091689399038461 0.37546303846153845 0.6409354879807693 0.41817915865384614 0.6326323149038462
3 0.33118828365384617 0.6072365865384616 0.34109975 0.6582266658653846 0.3780641490384615 0.651041514423077 0.36815268269230766 0.6000514350961539 0.33118828365384617 0.6072365865384616
3 0.3791774254807692 0.6837919206730769 0.3710150408653846 0.6418000913461538 0.34808484375 0.6462572716346154 0.35624722836538464 0.6882490985576923 0.3791774254807692 0.6837919206730769
3 0.3688154375 0.630484110576923 0.3791774254807692 0.6837919206730769 0.4161418245192308 0.6766067692307692 0.40577983653846156 0.6232989591346154 0.3688154375 0.630484110576923
3 0.43343989182692305 0.7144174999999999 0.42419095432692305 0.6668358485576923 0.38653634855769237 0.6741551610576924 0.3957852860576923 0.7217368125000001 0.43343989182692305 0.7144174999999999
3 0.34760569711538464 0.6781853028846154 0.35751716346153845 0.7291753822115384 0.3957852860576923 0.7217368125000001 0.38587381730769227 0.6707467355769231 0.34760569711538464 0.6781853028846154
3 0.40044551682692303 0.7489871514423078 0.39207112259615384 0.7059046274038461 0.3646162379807692 0.7112413173076924 0.3729906322115385 0.7543238413461538 0.40044551682692303 0.7489871514423078
3 0.37972081249999995 0.7000989543269232 0.39074533173076925 0.7568151923076923 0.4392131754807692 0.7473939975961539 0.4281886538461538 0.6906777596153847 0.37972081249999995 0.7000989543269232
3 0.6389244591346154 0 0.5053511129807693 0.025964028846153845 0.5784415576923077 0.4019817740384615 0.9651873293269231 0.32680601201923076 0.9016626778846154 0 0.6389244591346154 0
3 0.5082629399038462 0 0.5712698197115385 0.3241422980769231 0.8974307908653846 0.2607430264423077 0.8467474807692308 0 0.5082629399038462 0
3 0.5129986442307692 0 0.4820541274038461 0.006015004807692307 0.5315584615384615 0.2606927235576923 0.7177608677884616 0.22449864182692308 0.6741227524038462 0 0.5129986442307692 0
3 0.5028081081730769 0 0.4981713798076923 0.0009012884615384615 0.5301583870192308 0.16546018028846154 0.6403613774038461 0.1440388894230769 0.6123630528846153 0 0.5028081081730769 0
3 0.9963664038461538 0.48147627163461537 0.9399982475961538 0.19148723798076925 0.5686670889423077 0.2636667043269231 0.6250352475961538 0.553655735576923 0.9963664038461538 0.48147627163461537
3 0.5886769302884616 0.3899465408653846 0.6305489038461538 0.6053591730769231 0.9963584086538462 0.5342530096153847 0.9544864350961538 0.31884037740384613 0.5886769302884616 0.3899465408653846
3 1 0.47642192788461535 0.9916714711538461 0.43357536298076926 0.6258619663461539 0.5046815288461539 0.662036173076923 0.6907816826923077 1 0.6250881682692307 1 0.47642192788461535
3 1 0.5864618269230769 0.6470556802884615 0.6550672548076922 0.6832298846153846 0.84116740625 1 0.7795935336538461 1 0.5864618269230769
3 1 0.6596113485576923 0.6596831706730769 0.7257622379807693 0.6973679471153846 0.9196336057692308 1 0.8608078942307693 1 0.6596113485576923
3 1 0.7409671923076923 0.6914096586538462 0.8009510793269231 0.7222306105769231 0.9595111346153846 1 0.905518235576923 1 0.7409671923076923
3 0.26244621634615384 1 0.23240703365384616 0.8454618076923077 0.12550169951923076 0.8662420985576923 0.1515015985576923 1 0.26244621634615384 1