1 0.8567006514423077 0 0.7153675552884615 0.03523829807692307 0.7577542860576922 0.20524219471153846 0.9208852548076922 0.16456907451923078 0.879853576923077 0 0.8567006514423077 0
1 0.9317623028846154 0.2630934423076923 0.8917947884615385 0.10279250240384616 0.5484768701923077 0.1883912716346154 0.5884443846153846 0.3486922139423077 0.9317623028846154 0.2630934423076923
1 0.5358851370192308 0.36426588221153844 0.5182701995192308 0.29361622355769235 0.2838073341346154 0.3520743822115385 0.3014222716346154 0.4227240408653846 0.5358851370192308 0.36426588221153844
1 0.5258604855769231 0.35602975 0.5099339615384616 0.2921519471153846 0.3275486875 0.33762570432692307 0.3434752115384615 0.4015035072115385 0.5258604855769231 0.35602975
1 0.5672896009615385 0.2825752283653846 0.5452142283653847 0.19403574278846153 0.3637386057692308 0.2392826971153846 0.3858139783653846 0.32782218269230773 0.5672896009615385 0.2825752283653846
1 0.49022911298076927 0.4101103509615385 0.472639375 0.33956176682692313 0.2550050769230769 0.39382409134615387 0.2725948149038462 0.4643726754807692 0.49022911298076927 0.4101103509615385
1 0.6238324062499999 0.8390724663461538 0.5980022019230768 0.7354731802884615 0.20995971634615385 0.8322230384615386 0.23578991826923076 0.9358223245192308 0.6238324062499999 0.8390724663461538
1 0.23402536057692308 0.889669951923077 0.21935884615384615 0.8308457740384616 0.18918871153846156 0.8383680336538462 0.2038552283653846 0.8971922115384616 0.23402536057692308 0.889669951923077
1 0.1633096081730769 0.8120769639423078 0.17752251923076923 0.8690818365384616 0.1992025625 0.8636763942307693 0.1849896514423077 0.8066715216346154 0.1633096081730769 0.8120769639423078
1 0.18661075240384614 0.8399769903846154 0.17499346153846154 0.793382579326923 0.13997185096153847 0.8021144495192308 0.1515891418269231 0.848708858173077 0.18661075240384614 0.8399769903846154
1 0.19466361057692308 0.8900366490384616 0.17755267548076922 0.8214084375 0.1216848653846154 0.8353378461538461 0.13879580048076923 0.9039660576923076 0.19466361057692308 0.8900366490384616
1 0.13205111298076921 0.8627054615384615 0.1167041923076923 0.8011523245192307 0.18861676201923078 0.4760406658653846 0.2787280168269231 0.1634572235576923 0.28411726201923077 0.15607316346153846 0.33780291586538463 0.14268782692307694 0.31318232211538466 0.043940021634615384 0.28005318269230767 0.15886040624999997 0.2764478822115385 0.15798535576923076 0.06937464423076924 0.20961451201923076 0.02558060576923077 0.11564718509615385 0.050201197115384615 0.21439499038461537 0.06553995673076923 0.21057060817307693 0.18729159615384613 0.4806374831730769 0.09453000961538462 0.8024145576923077 0.0971214014423077 0.8060348629807692 0.09320484375 0.8070113701923076 0.10855176442307692 0.8685645072115384 0.13205111298076921 0.8627054615384615
1 0.3067242211538461 0.22859148317307693 0.27436716826923074 0.09881443028846154 0.01443403846153846 0.16362303846153844 0.04679109134615385 0.29340009134615386 0.3067242211538461 0.22859148317307693
1 0.6551333365384615 0.44178219711538463 0.6423820384615385 0.3906395288461538 0.583861076923077 0.4052304423076923 0.5966123750000001 0.4563731105769231 0.6551333365384615 0.44178219711538463
1 0.6951643533653846 0.42181727403846153 0.6834210600961538 0.37471750480769234 0.6138326634615384 0.3920678389423077 0.6255759567307693 0.43916761057692305 0.6951643533653846 0.42181727403846153
1 0.6824130528846154 0.3706746057692308 0.6951643533653846 0.42181727403846153 0.7506531394230769 0.4079823653846154 0.7379018389423078 0.3568396971153846 0.6824130528846154 0.3706746057692308
1 0.8208624375 0.36761048317307693 0.8081111370192308 0.3164678125 0.734505110576923 0.33481985817307697 0.7472564110576924 0.38596252644230766 0.8208624375 0.36761048317307693
1 0.8047595120192308 0.30302517307692306 0.8208624375 0.36761048317307693 0.9147082283653846 0.3442120985576923 0.8986053004807691 0.27962678846153843 0.8047595120192308 0.30302517307692306
1 0.9631436081730769 0.29788937019230766 0.9510727139423077 0.24947565625 0.89459846875 0.26355626682692307 0.9066693653846154 0.31196998076923077 0.9631436081730769 0.29788937019230766
1 0.997645326923077 0.43207005528846154 0.9872628461538462 0.39042819711538457 0.9257097115384615 0.40577511778846154 0.9360921923076924 0.44741697596153845 0.997645326923077 0.43207005528846154
1 0.937833858173077 0.4498813293269231 0.9267709711538461 0.4055105168269231 0.842021704326923 0.42664088221153845 0.8530845913461539 0.4710116947115385 0.937833858173077 0.4498813293269231
1 0.8523960360576923 0.4811674423076923 0.8409803461538462 0.4353816129807692 0.7663888605769231 0.45397935817307694 0.7778045504807692 0.49976518750000004 0.8523960360576923 0.4811674423076923
1 0.7814693798076923 0.4973484663461539 0.7717673028846155 0.4584355625 0.7253750384615384 0.47000245432692306 0.7350771153846154 0.5089153581730769 0.7814693798076923 0.4973484663461539
1 0.5391790384615385 0.6287202740384615 0.5317449807692308 0.5989038966346154 0.493918608173077 0.6083350697115384 0.5013526658653846 0.6381514495192308 0.5391790384615385 0.6287202740384615
1 0.52896175 0.6055023894230769 0.5350097980769231 0.6297597836538462 0.574882889423077 0.6198183052884616 0.5688348413461538 0.5955609134615385 0.52896175 0.6055023894230769
1 0.5795363004807692 0.6920893004807692 0.5718502403846154 0.6612621971153847 0.546607389423077 0.6675559447115386 0.5542934519230769 0.6983830504807693 0.5795363004807692 0.6920893004807692
1 0.5608353798076923 0.7007241201923077 0.5515113076923077 0.6633273052884616 0.5200525 0.6711708677884616 0.5293765745192307 0.7085676802884616 0.5608353798076923 0.7007241201923077
1 0.5265559855769231 0.6943485072115384 0.5207347403846154 0.6710007668269231 0.49761441105769233 0.6767653100961539 0.5034356586538462 0.7001130528846153 0.5265559855769231 0.6943485072115384