1 0.9938180889423076 0.4082656706730769 0.9878657860576923 0.23781401201923075 0.8919867283653846 0.2411621826923077 0.8979390312500001 0.41161384134615386 0.9938180889423076 0.4082656706730769
1 0.9129462379807692 0.43842124278846156 0.9081055480769231 0.29980203125 0.7764670384615384 0.3043989495192308 0.7813077283653846 0.4430181610576923 0.9129462379807692 0.43842124278846156
1 0.7882138293269231 0.45871262740384616 0.7847206490384615 0.3586810096153846 0.7080486322115385 0.3613584543269231 0.7115418149038462 0.4613900721153846 0.7882138293269231 0.45871262740384616
1 0.7156295288461538 0.4680107067307692 0.7129312812499999 0.39074299038461535 0.6681668990384615 0.3923061971153846 0.6708651466346154 0.4695739134615385 0.7156295288461538 0.4680107067307692
1 0.6775841754807692 0.4784188846153846 0.6751250528846153 0.40799884615384613 0.6329632524038461 0.40947116826923075 0.635422375 0.4798912067307692 0.6775841754807692 0.4784188846153846
1 0.6468740096153845 0.5197936346153846 0.6462244903846154 0.5011938629807692 0.6144209615384615 0.5023044663461539 0.6150704783653846 0.5209042379807692 0.6468740096153845 0.5197936346153846
1 0.6430418341346154 0.5055668581730769 0.6422727524038462 0.4835432475961538 0.61525796875 0.4844866225961538 0.6160270504807692 0.5065102355769231 0.6430418341346154 0.5055668581730769
1 0.6123105793269231 0.4567948389423077 0.6132347692307692 0.4832601875 0.6486819110576924 0.48202234615384615 0.6477577211538462 0.4555569975961538 0.6123105793269231 0.4567948389423077
1 0.6447643245192308 0.4713192163461538 0.6432358581730769 0.4275495985576923 0.6037807379807693 0.4289274038461538 0.6053092067307693 0.47269701923076923 0.6447643245192308 0.4713192163461538
1 0.6095770649038461 0.4188115432692308 0.610265360576923 0.43852175 0.6435783894230769 0.43735843269230773 0.64289009375 0.41764822596153844 0.6095770649038461 0.4188115432692308
1 0.6403528389423077 0.4166250408653846 0.6393187788461538 0.38701346153846156 0.6078796105769231 0.3881113413461538 0.6089136682692308 0.4177229206730769 0.6403528389423077 0.4166250408653846
1 0.6095379134615384 0.3639646826923077 0.6106850721153847 0.39681502884615383 0.6396257668269231 0.39580439903846154 0.6384786057692308 0.3629540528846154 0.6095379134615384 0.3639646826923077
1 0.6432978317307693 0.3576900649038462 0.6422508461538462 0.32770834134615384 0.6165373533653846 0.32860627644230767 0.6175843365384615 0.358588 0.6432978317307693 0.3576900649038462
1 0.6152097692307692 0.31595971875 0.616037016826923 0.3396489807692307 0.6302471057692307 0.3391527524038462 0.6294198581730769 0.31546349038461535 0.6152097692307692 0.31595971875
1 0.6357788004807693 0.31996653125 0.6349547860576923 0.2963698052884615 0.623399329326923 0.2967733293269231 0.62422334375 0.3203700576923077 0.6357788004807693 0.31996653125
1 0.6309149423076923 0.3075361129807692 0.6297580865384614 0.27440815865384616 0.5924891370192308 0.27570961778846154 0.5936459903846154 0.3088375721153846 0.6309149423076923 0.3075361129807692
1 0.628928141826923 0.27601217548076923 0.6279360913461538 0.2476035625 0.6101864951923077 0.24822339182692307 0.611178545673077 0.2766320048076923 0.628928141826923 0.27601217548076923
1 0.7899439399038461 0.2814146129807692 0.7867480504807692 0.18989632451923077 0.6340806899038461 0.19522758653846153 0.637276579326923 0.28674587259615386 0.7899439399038461 0.2814146129807692
1 0.8148881634615385 0.23162485336538463 0.81081009375 0.11484418269230769 0.6518965408653846 0.1203935673076923 0.6559746129807693 0.23717423798076925 0.8148881634615385 0.23162485336538463
1 0.6808893269230769 0.022377579326923077 0.6856524615384616 0.15877592307692306 0.8351967259615385 0.15355372115384616 0.8304335913461538 0.017155379807692307 0.6808893269230769 0.022377579326923077
1 0.9899003317307693 0.7855766899038461 0.9841289903846153 0.6203070600961538 0.7985129663461539 0.6267889134615385 0.8042843076923076 0.7920585456730769 0.9899003317307693 0.7855766899038461
1 1 0.6861821875 0.9148749735576923 0.6891548197115385 0.9207981923076923 0.8587736514423077 1 0.8560078629807693 1 0.6861821875
1 0.9646096322115384 0.9806522331730769 0.9623250072115385 0.9152291466346154 0.853745358173077 0.9190208317307692 0.8560299831730769 0.9844439182692307 0.9646096322115384 0.9806522331730769
0 0.33887866346153844 0.5975343197115385 0.3332462740384615 0.4362437475961538 0.24507085336538464 0.43932289903846156 0.2507032451923077 0.6006134735576923 0.33887866346153844 0.5975343197115385
1 0.5113958413461538 0.5696447163461539 0.5109175889423077 0.5559493605769231 0.48437127163461535 0.5568763774038461 0.48484952403846154 0.5705717355769231 0.5113958413461538 0.5696447163461539
1 0.48155541346153846 0.550859875 0.4817977716346154 0.5578000889423077 0.5088125552884615 0.5568567115384615 0.5085701971153846 0.5499164975961539 0.48155541346153846 0.550859875
1 0.48204282692307693 0.5394470216346154 0.48244029326923077 0.5508289735576923 0.5085701971153846 0.5499164975961539 0.5081727307692308 0.5385345456730769 0.48204282692307693 0.5394470216346154
1 0.6585071394230769 0.59026390625 0.6574536923076924 0.560097110576923 0.6225270649038461 0.5613167740384616 0.6235805120192308 0.5914835721153846 0.6585071394230769 0.59026390625
2 0.6958431682692308 0.7878775745192308 0.6853183846153846 0.4864872139423077 0.5947485913461539 0.4896499807692308 0.605273375 0.7910403413461539 0.6958431682692308 0.7878775745192308
2 0.7080612572115386 0.8333121826923077 0.6947800600961538 0.4529884495192308 0.645122826923077 0.45472251923076923 0.6584040240384615 0.83504625 0.7080612572115386 0.8333121826923077
2 0.8192410048076924 0.9368099278846154 0.8019399014423076 0.4413711778846154 0.6749860360576924 0.44580450480769235 0.6922871370192307 0.9412432548076922 0.8192410048076924 0.9368099278846154
3 0.6009331394230769 0.7100313557692307 0.597788954326923 0.6199936466346153 0.5401157764423077 0.6220076370192308 0.5432599639423077 0.7120453461538462 0.6009331394230769 0.7100313557692307
3 0.48703387980769236 0.6196920889423077 0.49012959375 0.7083417596153846 0.5392142572115385 0.7066276850961538 0.5361185408653847 0.617978016826923 0.48703387980769236 0.6196920889423077
3 0.5966688798076923 0.6103046105769231 0.5946395384615385 0.5521918846153846 0.5136472403846154 0.5550201995192308 0.5156765817307692 0.6131329230769231 0.5966688798076923 0.6103046105769231