1 0.7853432067307692 0.6682691706730769 0.7833931995192308 0.6124282091346154 0.6957122692307693 0.61549009375 0.6976622788461538 0.6713310552884616 0.7853432067307692 0.6682691706730769
1 0.8597583629807691 0.6591665745192308 0.8584190961538462 0.620814951923077 0.7837770937499999 0.6234215072115384 0.7851163605769231 0.6617731298076923 0.8597583629807691 0.6591665745192308
1 0.2627394423076923 0.7236665264423077 0.26092030528846155 0.6715732788461538 0.1908848701923077 0.6740189711538461 0.19270400721153846 0.7261122163461539 0.2627394423076923 0.7236665264423077
1 0.2779861442307692 0.6789822019230769 0.27726634134615386 0.658369766826923 0.24275612740384614 0.6595748894230768 0.24347593028846154 0.6801873269230769 0.2779861442307692 0.6789822019230769
1 0.39920013942307697 0.5594290673076923 0.39793067067307697 0.5230762259615385 0.3012708389423077 0.5264516610576924 0.3025403076923077 0.5628045024038462 0.39920013942307697 0.5594290673076923
1 0.7282606995192308 0.3678283004807692 0.726550625 0.3188581514423077 0.6446474230769231 0.32171827403846154 0.6463574975961539 0.3706884230769231 0.7282606995192308 0.3678283004807692
1 0.6484220649038461 0.3917542043269231 0.6469301129807692 0.3490302451923077 0.6113268149038462 0.35027354086538465 0.612818766826923 0.3929974975961539 0.6484220649038461 0.3917542043269231
1 0.7258778149038462 0.27272853124999996 0.72384928125 0.21463893750000002 0.6320302475961538 0.21784532932692308 0.63405878125 0.2759349206730769 0.7258778149038462 0.27272853124999996
1 0.6432257139423078 0.2832444519230769 0.6418122860576924 0.242769125 0.6014462644230769 0.24417873798076922 0.6028596947115384 0.28465406490384615 0.6432257139423078 0.2832444519230769
1 0.8136075216346155 0.2531548846153846 0.8117316730769232 0.19943762740384616 0.7151499182692308 0.20281033653846153 0.7170257668269231 0.25652759375 0.8136075216346155 0.2531548846153846
1 0.8268315216346154 0.3766435985576923 0.8250341971153846 0.32517497115384614 0.7367286466346153 0.3282586682692308 0.7385259711538462 0.37972729567307695 0.8268315216346154 0.3766435985576923
1 0.9312943870192308 0.3930078653846154 0.9296017596153846 0.3445374110576923 0.8736202596153846 0.34649232932692303 0.8753128846153846 0.3949627836538462 0.9312943870192308 0.3930078653846154
1 0.8789707740384615 0.4012139326923077 0.8773435865384616 0.35461733653846156 0.8351037067307693 0.3560923846153846 0.8367308966346154 0.40268898076923076 0.8789707740384615 0.4012139326923077
1 0.9832214615384616 0.37568508413461543 0.9816248100961539 0.3299629543269231 0.9336852812499999 0.3316370408653846 0.9352819326923077 0.3773591706730769 0.9832214615384616 0.37568508413461543
1 0.9544890408653846 0.4863802644230769 0.9534027932692308 0.4552742259615385 0.87641846875 0.4579625769230769 0.8775047163461539 0.4890686153846154 0.9544890408653846 0.4863802644230769
1 0.8658952259615386 0.5013562668269231 0.8648438798076923 0.47124961778846153 0.812375860576923 0.47308184134615383 0.8134272091346154 0.5031884903846154 0.8658952259615386 0.5013562668269231
1 0.8896434639423076 0.6083426394230769 0.8887840649038462 0.5837326394230768 0.8591146490384615 0.58476871875 0.8599740480769231 0.6093787163461538 0.8896434639423076 0.6083426394230769
1 0.9246273990384615 0.6117487908653846 0.9234146394230769 0.5770199615384615 0.8828924663461539 0.5784350264423077 0.8841052235576924 0.613163858173077 0.9246273990384615 0.6117487908653846
1 0.9490171947115384 0.6072698725961538 0.9477084615384614 0.5697927163461538 0.9249098581730769 0.5705888605769232 0.9262185913461539 0.6080660168269231 0.9490171947115384 0.6072698725961538
1 0.9865977091346154 0.6022052451923077 0.9857077716346154 0.5767207788461538 0.9451855961538461 0.5781358461538462 0.9460755336538462 0.6036203100961539 0.9865977091346154 0.6022052451923077
1 0.7580103485576923 0.5526526442307692 0.7564136971153845 0.5069305120192308 0.6496818798076922 0.510657670673077 0.65127853125 0.5563798004807692 0.7580103485576923 0.5526526442307692
1 0.6936811971153846 0.4789778173076923 0.6919623966346153 0.4297578197115385 0.6394943774038461 0.4315900432692308 0.6412131778846154 0.4808100408653846 0.6936811971153846 0.4789778173076923
1 0.94194253125 0.19201381009615387 0.9402193677884616 0.14266888942307693 0.8557396129807693 0.14561898798076925 0.8574627764423077 0.19496390865384614 0.94194253125 0.19201381009615387
1 0.8627716947115385 0.21491578365384617 0.8613669903846154 0.17469030288461537 0.8277156274038462 0.17586543509615385 0.8291203317307693 0.21609091586538462 0.8627716947115385 0.21491578365384617
1 0.9271305673076923 0.11035599759615386 0.9246832403846154 0.04027371634615384 0.85207125 0.04280938221153847 0.854518576923077 0.11289166346153846 0.9271305673076923 0.11035599759615386
1 0.9187663221153847 0.1260324543269231 0.9173528918269231 0.08555712740384616 0.82217653125 0.08888075961538461 0.8235899615384615 0.12935608653846153 0.9187663221153847 0.1260324543269231
1 0.8041775408653845 0.1442926706730769 0.8020355841346153 0.0829550576923077 0.7095919326923077 0.08618326201923078 0.7117338894230769 0.14752087259615385 0.8041775408653845 0.1442926706730769
1 0.7302248028846154 0.16663719471153846 0.7280828461538462 0.10529958173076923 0.6363418918269231 0.10850324759615385 0.6384838485576924 0.16984086057692308 0.7302248028846154 0.16663719471153846
1 0.7081184879807693 0.18054216346153848 0.7069362668269231 0.14668780048076924 0.6206607307692308 0.14970060817307693 0.6218429519230769 0.1835549735576923 0.7081184879807693 0.18054216346153848
1 0.6945229927884615 0.08670948076923077 0.6929176153846155 0.04073750240384615 0.6080474711538462 0.04370123317307692 0.6096528485576923 0.08967321153846154 0.6945229927884615 0.08670948076923077
1 0.6712032307692308 0.10616017788461538 0.6702871177884616 0.07992616826923077 0.5860415961538462 0.08286808653846153 0.5869577067307692 0.10910209615384615 0.6712032307692308 0.10616017788461538
1 0.38541978846153846 0.10213142067307693 0.38346977884615385 0.04629045913461538 0.2957888485576923 0.04935234375 0.29773885817307694 0.10519330528846155 0.38541978846153846 0.10213142067307693
1 0.3905122307692308 0.18975707692307694 0.3884095360576923 0.12954377884615384 0.29393587259615384 0.13284287259615385 0.2960385673076923 0.19305616826923078 0.3905122307692308 0.18975707692307694
3 0.8549327163461539 0.5388867163461538 0.8530481442307691 0.4849196105769231 0.8193187043269231 0.48609746875 0.8212032764423077 0.5400645745192307 0.8549327163461539 0.5388867163461538
3 0.7608845817307692 0.5006456538461539 0.7623329110576923 0.5421203725961539 0.8177678701923077 0.5401845408653846 0.8163195408653846 0.4987098221153846 0.7608845817307692 0.5006456538461539
3 0.8215048341346154 0.5733243100961538 0.8196202596153845 0.5193572067307692 0.7702753389423077 0.5210803677884616 0.7721599110576923 0.5750474735576924 0.8215048341346154 0.5733243100961538
3 0.8218063894230769 0.6065840480769231 0.8198738317307692 0.5512427788461538 0.7731054639423077 0.5528759663461538 0.7750380216346154 0.6082172355769231 0.8218063894230769 0.6065840480769231
3 0.8257396634615385 0.645345389423077 0.8238507283653846 0.5912533605769231 0.7745058052884615 0.5929765240384616 0.7763947403846154 0.6470685528846154 0.8257396634615385 0.645345389423077
3 0.8213221586538462 0.5927175 0.8231631081730769 0.6454353653846153 0.8482259567307693 0.6445601514423077 0.8463850072115384 0.5918422860576923 0.8213221586538462 0.5927175
3 0.8123060240384615 0.5583862451923077 0.8135144182692307 0.5929901514423077 0.8463850072115384 0.5918422860576923 0.8451766129807693 0.5572383774038461 0.8123060240384615 0.5583862451923077
3 0.8132859254807693 0.512574139423077 0.8150309014423077 0.5625436802884616 0.8401718269230769 0.5616657403846154 0.8384268509615385 0.5116961971153846 0.8132859254807693 0.512574139423077
3 0.2210463485576923 0.6825965745192307 0.21983795192307692 0.6479926682692307 0.18954391826923075 0.6490505576923078 0.19075231250000002 0.6836544663461539 0.2210463485576923 0.6825965745192307
3 0.22312939903846155 0.6437502139423077 0.22501397115384617 0.6977173173076923 0.2553080048076923 0.6966594278846153 0.2534234326923077 0.6426923221153846 0.22312939903846155 0.6437502139423077
3 0.22672958173076924 0.6214860072115385 0.22750173317307693 0.643597528846154 0.25428228365384614 0.6426623317307693 0.25351013221153845 0.6205508076923076 0.22672958173076924 0.6214860072115385
3 0.22740575961538462 0.6408492043269232 0.2266292451923077 0.6186127572115385 0.19547636057692308 0.6197006394230768 0.19625287259615384 0.6419370865384615 0.22740575961538462 0.6408492043269232