2 0.6026665216346154 0.8884595216346154 0.7294067139423077 0.38013237019230767 0.596900704326923 0.3470949110576923 0.4701605096153846 0.8554220625 0.6026665216346154 0.8884595216346154
2 0.6830672235576922 0.9845134230769231 0.8401820552884616 0.35436025480769234 0.6734124759615384 0.31277992788461534 0.5162976442307692 0.9429330961538462 0.6830672235576922 0.9845134230769231
2 1 0.24519778846153845 0.8007200528846153 0.19551171634615386 0.6001385961538461 1 0.8532025528846153 1 1 0.4112275961538462 1 0.24519778846153845
1 1 0.11393769230769231 0.856622735576923 0.07818972596153848 0.8016191057692308 0.29879723798076924 1 0.34825915144230774 1 0.11393769230769231
1 1 0.27339652163461536 0.7360346658653847 0.2075825721153846 0.6749829879807692 0.4524474807692308 0.9740311634615384 0.5270085673076923 1 0.42285324999999996 1 0.27339652163461536
1 0.8965704326923076 0.55221221875 0.9378315552884615 0.3867228918269231 0.6462122067307692 0.31401402163461534 0.6049510841346154 0.4795033485576923 0.8965704326923076 0.55221221875
1 0.7157094158653846 0.04076583413461539 0.6788499278846154 0.18860117067307694 0.9009566826923077 0.24397860576923075 0.9378161730769231 0.09614326923076924 0.7157094158653846 0.04076583413461539
1 0.6562073341346154 0.3123550048076923 0.66867303125 0.2623578221153846 0.6435817908653847 0.25610187259615386 0.6311160913461538 0.30609905528846154 0.6562073341346154 0.3123550048076923
1 0.6449099471153846 0.33215449519230766 0.6499499879807692 0.31194 0.6296344206730768 0.3068747596153846 0.6245943798076923 0.3270892548076923 0.6449099471153846 0.33215449519230766
1 0.6335194591346155 0.37783925 0.6449099471153846 0.33215449519230766 0.6198187067307692 0.3258985456730769 0.6084282187500001 0.37158330048076926 0.6335194591346155 0.37783925
1 0.6273066706730769 0.40792434134615385 0.6395035649038461 0.35900526442307695 0.6023594326923077 0.3497441923076923 0.5901625360576923 0.3986632692307692 0.6273066706730769 0.40792434134615385
1 0.6257339783653847 0.4245659783653846 0.6366204639423076 0.3809026706730769 0.5940942211538461 0.3702996875 0.5832077355769231 0.4139629951923077 0.6257339783653847 0.4245659783653846
1 0.6191478725961539 0.46357586057692307 0.6316135697115384 0.4135786778846154 0.5903001971153846 0.40327809615384613 0.5778345 0.45327528125000005 0.6191478725961539 0.46357586057692307
1 0.6165335721153846 0.48439515865384614 0.6271512548076923 0.4418099591346154 0.584018579326923 0.4310557740384615 0.5734008966346154 0.47364097355769236 0.6165335721153846 0.48439515865384614
1 0.6109890769230769 0.5192273774038462 0.62268196875 0.47232975 0.5759864855769231 0.46068725961538465 0.56429359375 0.5075848870192308 0.6109890769230769 0.5192273774038462
1 0.6085103533653846 0.5546808413461538 0.6196320408653846 0.5100741899038461 0.5735429927884615 0.49858290144230766 0.5624213076923077 0.5431895504807692 0.6085103533653846 0.5546808413461538
1 0.6830515697115385 0.65356803125 0.6931316490384615 0.6131390432692307 0.58837003125 0.5870190384615385 0.5782899543269231 0.6274480264423077 0.6830515697115385 0.65356803125
1 0.580473516826923 0.6312846875000001 0.5902847932692308 0.5919338052884615 0.5400265072115384 0.5794030072115385 0.5302152307692307 0.6187538894230769 0.580473516826923 0.6312846875000001
1 0.6609300096153846 0.7090304807692308 0.669430875 0.6749353677884616 0.5395780168269231 0.6425594134615384 0.5310771514423077 0.6766545264423077 0.6609300096153846 0.7090304807692308
1 0.41053555048076923 0.6398725120192308 0.4139963774038461 0.6259918942307692 0.3889051370192308 0.6197359447115385 0.3854443100961538 0.6336165625000001 0.41053555048076923 0.6398725120192308
1 0.41077564182692305 0.6466599927884615 0.4123548557692308 0.6403261153846154 0.3854443100961538 0.6336165625000001 0.3838650961538462 0.6399504399038461 0.41077564182692305 0.6466599927884615
1 0.40605276682692304 0.6623730600961538 0.4101856009615385 0.6457971730769232 0.38289603365384617 0.6389931201923077 0.37876319951923076 0.6555690072115384 0.40605276682692304 0.6623730600961538
1 0 0.5879000600961539 0.022642858173076923 0.5935455576923077 0.031110125000000002 0.5595852091346154 0 0.5518285841346153 0 0.5879000600961539
0 0.23505689182692308 0.6493691418269231 0.28203006009615383 0.4609700528846154 0.19841785817307694 0.4401231899038462 0.15144468990384616 0.6285222788461537 0.23505689182692308 0.6493691418269231
3 0.4815321682692308 0.6867746778846153 0.5086811802884615 0.5778859326923077 0.42173358653846155 0.5562074639423077 0.3945845745192308 0.6650962067307693 0.4815321682692308 0.6867746778846153
3 0.4822087884615385 0.771253298076923 0.5077113870192307 0.6689679591346154 0.42220407692307693 0.6476485913461538 0.3967014759615385 0.7499339302884616 0.4822087884615385 0.771253298076923
3 0.3718167331730769 0.630791389423077 0.3459781298076923 0.7344243629807692 0.3981315264423077 0.7474276658653847 0.4239701274038462 0.6437946923076924 0.3718167331730769 0.630791389423077