1 0.60359375 0.626296295673077 0.60359375 0.59740740625 0.5540104158653846 0.59740740625 0.5540104158653846 0.626296295673077 0.60359375 0.626296295673077
1 0.6546875000000001 0.626296295673077 0.6546875000000001 0.5841666658653846 0.60734375 0.5841666658653846 0.60734375 0.626296295673077 0.6546875000000001 0.626296295673077
1 0.77015625 0.37759259375 0.77015625 0.3355555552884616 0.7139062500000001 0.3355555552884616 0.7139062500000001 0.37759259375 0.77015625 0.37759259375
1 0.7123958341346154 0.3802777788461539 0.7123958341346154 0.3487037043269231 0.6961458341346154 0.3487037043269231 0.6961458341346154 0.3802777788461539 0.7123958341346154 0.3802777788461539
1 0.6976041658653845 0.3868518509615385 0.6976041658653845 0.3631481490384615 0.6842708341346154 0.3631481490384615 0.6842708341346154 0.3868518509615385 0.6976041658653845 0.3868518509615385
1 0.76765625 0.2904629639423077 0.76765625 0.25759259375 0.7064583341346153 0.25759259375 0.7064583341346153 0.2904629639423077 0.76765625 0.2904629639423077
1 0.7100520841346154 0.3033333341346154 0.7100520841346154 0.27407407451923077 0.6977604158653846 0.27407407451923077 0.6977604158653846 0.3033333341346154 0.7100520841346154 0.3033333341346154
1 0.6967187499999999 0.3114814807692308 0.6967187499999999 0.28500000000000003 0.6869270841346153 0.28500000000000003 0.6869270841346153 0.3114814807692308 0.6967187499999999 0.3114814807692308
1 0.6859375000000001 0.31879629567307693 0.6859375000000001 0.2868518509615385 0.6771874999999999 0.2868518509615385 0.6771874999999999 0.31879629567307693 0.6859375000000001 0.31879629567307693
1 0.7655729158653847 0.21555555528846154 0.7655729158653847 0.16620370432692308 0.7075 0.16620370432692308 0.7075 0.21555555528846154 0.7655729158653847 0.21555555528846154
1 0.7075 0.22657407451923076 0.7075 0.1982407403846154 0.693125 0.1982407403846154 0.693125 0.22657407451923076 0.7075 0.22657407451923076
1 0.6941145841346154 0.2375 0.6941145841346154 0.20185185096153846 0.684375 0.20185185096153846 0.684375 0.2375 0.6941145841346154 0.2375
1 0.6859375000000001 0.24481481490384616 0.6859375000000001 0.22740740625000003 0.67359375 0.22740740625000003 0.67359375 0.24481481490384616 0.6859375000000001 0.24481481490384616
1 0.8313541658653846 0.1862962956730769 0.8313541658653846 0.14342592548076924 0.7707291658653846 0.14342592548076924 0.7707291658653846 0.1862962956730769 0.8313541658653846 0.1862962956730769
1 0.8339583341346154 0.27222222115384614 0.8339583341346154 0.2375 0.7763541658653845 0.2375 0.7763541658653845 0.27222222115384614 0.8339583341346154 0.27222222115384614
1 0.83546875 0.36546296394230765 0.83546875 0.3407407403846153 0.7809895841346154 0.3407407403846153 0.7809895841346154 0.36546296394230765 0.83546875 0.36546296394230765
1 0.9621875 0.13851851923076922 0.9621875 0.08981481490384616 0.8885416658653846 0.08981481490384616 0.8885416658653846 0.13851851923076922 0.9621875 0.13851851923076922
1 0.9403645841346153 0.1537037043269231 0.9403645841346153 0.1225 0.8739583341346153 0.1225 0.8739583341346153 0.1537037043269231 0.9403645841346153 0.1537037043269231
1 0.9480729158653846 0.2162037043269231 0.9480729158653846 0.17509259375000003 0.8928125 0.17509259375000003 0.8928125 0.2162037043269231 0.9480729158653846 0.2162037043269231
1 0.9411979158653847 0.22379629567307693 0.9411979158653847 0.19787037019230772 0.8709895841346154 0.19787037019230772 0.8709895841346154 0.22379629567307693 0.9411979158653847 0.22379629567307693
1 0.94421875 0.2908333341346154 0.94421875 0.25879629567307694 0.8941145841346153 0.25879629567307694 0.8941145841346153 0.2908333341346154 0.94421875 0.2908333341346154
1 0.8936979158653846 0.2961111105769231 0.8936979158653846 0.27555555528846154 0.8778125 0.27555555528846154 0.8778125 0.2961111105769231 0.8936979158653846 0.2961111105769231
1 0.9056770841346153 0.27555555528846154 0.9056770841346153 0.23370370432692308 0.8585416658653846 0.23370370432692308 0.8585416658653846 0.27555555528846154 0.9056770841346153 0.27555555528846154
1 0.8572916658653846 0.2732407403846154 0.8572916658653846 0.2458333341346154 0.8440104158653846 0.2458333341346154 0.8440104158653846 0.2732407403846154 0.8572916658653846 0.2732407403846154
1 0.92578125 0.33648148076923073 0.92578125 0.30759259375 0.8529687499999999 0.30759259375 0.8529687499999999 0.33648148076923073 0.92578125 0.33648148076923073
1 0.8577083341346154 0.33648148076923073 0.8577083341346154 0.32351851923076924 0.8473958341346154 0.32351851923076924 0.8473958341346154 0.33648148076923073 0.8577083341346154 0.33648148076923073
1 0.9600520841346154 0.37833333413461534 0.9600520841346154 0.3471296298076923 0.8970833341346154 0.3471296298076923 0.8970833341346154 0.37833333413461534 0.9600520841346154 0.37833333413461534
1 0.8975520841346154 0.3791666658653846 0.8975520841346154 0.3570370360576923 0.87953125 0.3570370360576923 0.87953125 0.3791666658653846 0.8975520841346154 0.3791666658653846
1 0.8700520841346153 0.4018518509615384 0.8700520841346153 0.3690740745192308 0.8434895841346154 0.3690740745192308 0.8434895841346154 0.4018518509615384 0.8700520841346153 0.4018518509615384
1 0.7377083341346153 0.4444444447115385 0.7377083341346153 0.42009259375 0.7107291658653847 0.42009259375 0.7107291658653847 0.4444444447115385 0.7377083341346153 0.4444444447115385
1 0.7038541658653846 0.4489814807692308 0.7038541658653846 0.4246296298076923 0.6893229158653846 0.4246296298076923 0.6893229158653846 0.4489814807692308 0.7038541658653846 0.4489814807692308
1 0.6880208341346153 0.4520370360576923 0.6880208341346153 0.42925925961538464 0.6773437499999999 0.42925925961538464 0.6773437499999999 0.4520370360576923 0.6880208341346153 0.4520370360576923
1 0.6760416658653846 0.4528703701923077 0.6760416658653846 0.4352777788461539 0.6670312500000001 0.4352777788461539 0.6670312500000001 0.4528703701923077 0.6760416658653846 0.4528703701923077
1 0.6653125 0.4413888894230769 0.6653125 0.43 0.6533333341346155 0.43 0.6533333341346155 0.4413888894230769 0.6653125 0.4413888894230769
1 0.6666145841346154 0.45129629567307694 0.6666145841346154 0.4421296298076923 0.6525 0.4421296298076923 0.6525 0.45129629567307694 0.6666145841346154 0.45129629567307694
1 0.6803125 0.3804629639423077 0.6803125 0.3645370360576923 0.6670312500000001 0.3645370360576923 0.6670312500000001 0.3804629639423077 0.6803125 0.3804629639423077
1 0.66578125 0.38731481490384617 0.66578125 0.3705555552884615 0.6597395841346153 0.3705555552884615 0.6597395841346153 0.38731481490384617 0.66578125 0.38731481490384617
1 0.65890625 0.39342592548076927 0.65890625 0.3804629639423077 0.6511979158653846 0.3804629639423077 0.6511979158653846 0.39342592548076927 0.65890625 0.39342592548076927
1 0.6593229158653846 0.4018518509615384 0.6593229158653846 0.38962962980769233 0.6511979158653846 0.38962962980769233 0.6511979158653846 0.4018518509615384 0.6593229158653846 0.4018518509615384
1 0.6670312500000001 0.39574074038461543 0.6670312500000001 0.3835185192307692 0.6602083341346153 0.3835185192307692 0.6602083341346153 0.39574074038461543 0.6670312500000001 0.39574074038461543
1 0.6807291658653847 0.38509259375 0.6807291658653847 0.36981481490384616 0.6648958341346154 0.36981481490384616 0.6648958341346154 0.38509259375 0.6807291658653847 0.38509259375
1 0.6773437499999999 0.3066666658653846 0.6773437499999999 0.27694444471153845 0.6627604158653846 0.27694444471153845 0.6627604158653846 0.3066666658653846 0.6773437499999999 0.3066666658653846
1 0.6644791658653847 0.31046296394230766 0.6644791658653847 0.2913888894230769 0.6571874999999999 0.2913888894230769 0.6571874999999999 0.31046296394230766 0.6644791658653847 0.31046296394230766
1 0.65890625 0.3036111105769231 0.65890625 0.28990740625 0.64734375 0.28990740625 0.64734375 0.3036111105769231 0.65890625 0.3036111105769231
1 0.6567708341346153 0.31879629567307693 0.6567708341346153 0.29898148076923076 0.6503645841346154 0.29898148076923076 0.6503645841346154 0.31879629567307693 0.6567708341346153 0.31879629567307693
1 0.6511979158653846 0.3043518509615385 0.6511979158653846 0.2913888894230769 0.6417708341346154 0.2913888894230769 0.6417708341346154 0.3043518509615385 0.6511979158653846 0.3043518509615385
1 0.6413541658653846 0.3066666658653846 0.6413541658653846 0.29444444471153847 0.6327604158653847 0.29444444471153847 0.6327604158653847 0.3066666658653846 0.6413541658653846 0.3066666658653846
1 0.6344791658653846 0.3180555552884616 0.6344791658653846 0.30277777884615387 0.62765625 0.30277777884615387 0.62765625 0.3180555552884616 0.6344791658653846 0.3180555552884616
1 0.6409374999999999 0.32037037019230774 0.6409374999999999 0.3066666658653846 0.6327604158653847 0.3066666658653846 0.6327604158653847 0.32037037019230774 0.6409374999999999 0.32037037019230774
1 0.79234375 0.5972222211538462 0.79234375 0.5712037043269231 0.71953125 0.5712037043269231 0.71953125 0.5972222211538462 0.79234375 0.5972222211538462
1 0.8316145841346153 0.5927777788461538 0.8316145841346153 0.56740740625 0.7794791658653846 0.56740740625 0.7794791658653846 0.5927777788461538 0.8316145841346153 0.5927777788461538
1 0.7780729158653846 0.5007407403846154 0.7780729158653846 0.4697222211538462 0.7123958341346154 0.4697222211538462 0.7123958341346154 0.5007407403846154 0.7780729158653846 0.5007407403846154
1 0.7141666658653846 0.5007407403846154 0.7141666658653846 0.4811111105769231 0.7009375 0.4811111105769231 0.7009375 0.5007407403846154 0.7141666658653846 0.5007407403846154
1 0.6991666658653847 0.5001851850961538 0.6991666658653847 0.4811111105769231 0.6891666658653846 0.4811111105769231 0.6891666658653846 0.5001851850961538 0.6991666658653847 0.5001851850961538
1 0.6888020841346154 0.4988888894230769 0.6888020841346154 0.48425925961538463 0.6809895841346154 0.48425925961538463 0.6809895841346154 0.4988888894230769 0.6888020841346154 0.4988888894230769
1 0.6777604158653846 0.5026851850961539 0.6777604158653846 0.4868518509615385 0.6688541658653846 0.4868518509615385 0.6688541658653846 0.5026851850961539 0.6777604158653846 0.5026851850961539
1 0.6684895841346153 0.5026851850961539 0.6684895841346153 0.48750000000000004 0.6617187499999999 0.48750000000000004 0.6617187499999999 0.5026851850961539 0.6684895841346153 0.5026851850961539
1 0.6598958341346154 0.5001851850961538 0.6598958341346154 0.48935185096153844 0.65453125 0.48935185096153844 0.65453125 0.5001851850961538 0.6598958341346154 0.5001851850961538
1 0.7145312500000001 0.5566666658653846 0.7145312500000001 0.5344444447115385 0.7006249999999999 0.5344444447115385 0.7006249999999999 0.5566666658653846 0.7145312500000001 0.5566666658653846
1 0.7309375 0.5566666658653846 0.7309375 0.5420370360576923 0.7138020841346153 0.5420370360576923 0.7138020841346153 0.5566666658653846 0.7309375 0.5566666658653846
1 0.7016666658653846 0.5572222211538461 0.7016666658653846 0.5356481490384616 0.6909895841346153 0.5356481490384616 0.6909895841346153 0.5572222211538461 0.7016666658653846 0.5572222211538461
1 0.6902604158653846 0.5502777788461539 0.6902604158653846 0.533796295673077 0.6816666658653846 0.533796295673077 0.6816666658653846 0.5502777788461539 0.6902604158653846 0.5502777788461539
1 0.67703125 0.5547222211538462 0.67703125 0.5331481490384615 0.6698958341346154 0.5331481490384615 0.6698958341346154 0.5547222211538462 0.67703125 0.5547222211538462
1 0.6709895841346154 0.5502777788461539 0.6709895841346154 0.5312037043269231 0.6623958341346154 0.5312037043269231 0.6623958341346154 0.5502777788461539 0.6709895841346154 0.5502777788461539
1 0.6627604158653846 0.5477777788461539 0.6627604158653846 0.5331481490384615 0.6563541658653846 0.5331481490384615 0.6563541658653846 0.5477777788461539 0.6627604158653846 0.5477777788461539
1 0.6559895841346154 0.5515740745192308 0.6559895841346154 0.5318518509615384 0.6509895841346154 0.5318518509615384 0.6509895841346154 0.5515740745192308 0.6559895841346154 0.5515740745192308
1 0.653125 0.46268518509615386 0.653125 0.44240740625 0.6384895841346154 0.44240740625 0.6384895841346154 0.46268518509615386 0.653125 0.46268518509615386
1 0.31901041586538464 0.8691666658653846 0.31901041586538464 0.74759259375 0.10494791586538461 0.74759259375 0.10494791586538461 0.8691666658653846 0.31901041586538464 0.8691666658653846
1 0.06588541586538461 0.9117592596153846 0.06588541586538461 0.8280555552884615 0.0019270841346153847 0.8280555552884615 0.0019270841346153847 0.9117592596153846 0.06588541586538461 0.9117592596153846
1 0.055208334134615386 0.8754629639423077 0.055208334134615386 0.7964814807692308 0.00015625 0.7964814807692308 0.00015625 0.8754629639423077 0.055208334134615386 0.8754629639423077
1 0.0028125 0.7601851850961538 0.0028125 0.83759259375 0.055208334134615386 0.83759259375 0.055208334134615386 0.7601851850961538 0.0028125 0.7601851850961538
1 0.056093750000000005 0.8043518509615384 0.056093750000000005 0.7160185192307692 0.00015625 0.7160185192307692 0.00015625 0.8043518509615384 0.056093750000000005 0.8043518509615384
1 0.0019270841346153847 0.6780555552884615 0.0019270841346153847 0.7601851850961538 0.061458334134615385 0.7601851850961538 0.061458334134615385 0.6780555552884615 0.0019270841346153847 0.6780555552884615
1 0.061458334134615385 0.7112037043269231 0.061458334134615385 0.64490740625 0.00546875 0.64490740625 0.00546875 0.7112037043269231 0.061458334134615385 0.7112037043269231
1 0.0019270841346153847 0.5896296298076923 0.0019270841346153847 0.6654629639423076 0.0596875 0.6654629639423076 0.0596875 0.5896296298076923 0.0019270841346153847 0.5896296298076923
1 0.05791666586538462 0.61490740625 0.05791666586538462 0.5564814807692308 0.0019270841346153847 0.5564814807692308 0.0019270841346153847 0.61490740625 0.05791666586538462 0.61490740625
1 0.0019270841346153847 0.5264814807692308 0.0019270841346153847 0.5770370360576923 0.05166666586538461 0.5770370360576923 0.05166666586538461 0.5264814807692308 0.0019270841346153847 0.5264814807692308
1 0.003697915865384615 0.47601851923076927 0.003697915865384615 0.5264814807692308 0.05255208413461539 0.5264814807692308 0.05255208413461539 0.47601851923076927 0.003697915865384615 0.47601851923076927
1 0.0045833341346153845 0.4364814807692308 0.0045833341346153845 0.47601851923076927 0.055208334134615386 0.47601851923076927 0.055208334134615386 0.4364814807692308 0.0045833341346153845 0.4364814807692308
1 0.0010416658653846155 0.3812037043269231 0.0010416658653846155 0.44435185096153845 0.05791666586538462 0.44435185096153845 0.05791666586538462 0.3812037043269231 0.0010416658653846155 0.3812037043269231
1 0.055208334134615386 0.40018518509615386 0.055208334134615386 0.34648148076923074 0.0010416658653846155 0.34648148076923074 0.0010416658653846155 0.40018518509615386 0.055208334134615386 0.40018518509615386
1 0.0010416658653846155 0.3086111105769231 0.0010416658653846155 0.36231481490384615 0.062343749999999996 0.36231481490384615 0.062343749999999996 0.3086111105769231 0.0010416658653846155 0.3086111105769231
1 0.05078125 0.3180555552884616 0.05078125 0.2707407403846154 0.0028125 0.2707407403846154 0.0028125 0.3180555552884616 0.05078125 0.3180555552884616
1 0.003697915865384615 0.22333333413461537 0.003697915865384615 0.28648148076923075 0.048125 0.28648148076923075 0.048125 0.22333333413461537 0.003697915865384615 0.22333333413461537
1 0.0045833341346153845 0.18074074038461538 0.0045833341346153845 0.2407407403846154 0.05166666586538461 0.2407407403846154 0.05166666586538461 0.18074074038461538 0.0045833341346153845 0.18074074038461538
1 0.0045833341346153845 0.1396296298076923 0.0045833341346153845 0.20435185096153846 0.044583334134615384 0.20435185096153846 0.044583334134615384 0.1396296298076923 0.0045833341346153845 0.1396296298076923
1 0.00015625 0.09231481490384616 0.00015625 0.16175925961538462 0.056093750000000005 0.16175925961538462 0.056093750000000005 0.09231481490384616 0.00015625 0.09231481490384616
1 0.1422916658653846 0.23120370432692308 0.1422916658653846 0.1570370360576923 0.041927084134615385 0.1570370360576923 0.041927084134615385 0.23120370432692308 0.1422916658653846 0.23120370432692308
1 0.04989583413461539 0.1917592596153846 0.04989583413461539 0.2564814807692308 0.13692708413461538 0.2564814807692308 0.13692708413461538 0.1917592596153846 0.04989583413461539 0.1917592596153846
1 0.12718749999999998 0.29759259375 0.12718749999999998 0.22018518509615384 0.048125 0.22018518509615384 0.048125 0.29759259375 0.12718749999999998 0.29759259375
1 0.05166666586538461 0.2770370360576923 0.05166666586538461 0.32759259375 0.12630208413461538 0.32759259375 0.12630208413461538 0.2770370360576923 0.05166666586538461 0.2770370360576923
1 0.13161458413461538 0.3543518509615385 0.13161458413461538 0.30231481490384615 0.05166666586538461 0.30231481490384615 0.05166666586538461 0.3543518509615385 0.13161458413461538 0.3543518509615385
1 0.05078125 0.34648148076923074 0.05078125 0.38601851923076924 0.1307291658653846 0.38601851923076924 0.1307291658653846 0.34648148076923074 0.05078125 0.34648148076923074
1 0.13692708413461538 0.4254629639423077 0.13692708413461538 0.3796296298076923 0.04901041586538461 0.3796296298076923 0.04901041586538461 0.4254629639423077 0.13692708413461538 0.4254629639423077
1 0.044583334134615384 0.40648148076923074 0.044583334134615384 0.46018518509615386 0.12895833413461538 0.46018518509615386 0.12895833413461538 0.40648148076923074 0.044583334134615384 0.40648148076923074
1 0.1307291658653846 0.4870370360576923 0.1307291658653846 0.44759259375 0.05166666586538461 0.44759259375 0.05166666586538461 0.4870370360576923 0.1307291658653846 0.4870370360576923
1 0.13161458413461538 0.52490740625 0.13161458413461538 0.4870370360576923 0.05880208413461538 0.4870370360576923 0.05880208413461538 0.52490740625 0.13161458413461538 0.52490740625
1 0.1333854158653846 0.5580555552884615 0.1333854158653846 0.5201851850961539 0.05166666586538461 0.5201851850961539 0.05166666586538461 0.5580555552884615 0.1333854158653846 0.5580555552884615
1 0.12807291586538463 0.5960185192307692 0.12807291586538463 0.5454629639423076 0.05432291586538462 0.5454629639423076 0.05432291586538462 0.5960185192307692 0.12807291586538463 0.5960185192307692
1 0.13515625 0.633888889423077 0.13515625 0.5833333341346154 0.05166666586538461 0.5833333341346154 0.05166666586538461 0.633888889423077 0.13515625 0.633888889423077
1 0.13515625 0.6717592596153845 0.13515625 0.6023148149038462 0.05432291586538462 0.6023148149038462 0.05432291586538462 0.6717592596153845 0.13515625 0.6717592596153845
1 0.13604166586538463 0.6954629639423077 0.13604166586538463 0.6543518509615385 0.0534375 0.6543518509615385 0.0534375 0.6954629639423077 0.13604166586538463 0.6954629639423077
1 0.13692708413461538 0.73490740625 0.13692708413461538 0.6780555552884615 0.055208334134615386 0.6780555552884615 0.055208334134615386 0.73490740625 0.13692708413461538 0.73490740625
1 0.1307291658653846 0.76490740625 0.1307291658653846 0.7064814807692308 0.055208334134615386 0.7064814807692308 0.055208334134615386 0.76490740625 0.1307291658653846 0.76490740625
1 0.13515625 0.8027777788461539 0.13515625 0.7523148149038461 0.056093750000000005 0.7523148149038461 0.056093750000000005 0.8027777788461539 0.13515625 0.8027777788461539
1 0.24223958413461538 0.5209259254807692 0.24223958413461538 0.47925925961538457 0.13369791586538463 0.47925925961538457 0.13369791586538463 0.5209259254807692 0.24223958413461538 0.5209259254807692
1 0.2533854158653846 0.5087962956730769 0.2533854158653846 0.48138888942307695 0.23177083413461538 0.48138888942307695 0.23177083413461538 0.5087962956730769 0.2533854158653846 0.5087962956730769
1 0.28052083413461537 0.5187037043269231 0.28052083413461537 0.4836111105769231 0.25088541586538465 0.4836111105769231 0.25088541586538465 0.5187037043269231 0.28052083413461537 0.5187037043269231
1 0.29343749999999996 0.51759259375 0.29343749999999996 0.47925925961538457 0.2730729158653846 0.47925925961538457 0.2730729158653846 0.51759259375 0.29343749999999996 0.51759259375
1 0.30578125 0.5209259254807692 0.30578125 0.4879629639423077 0.2885416658653846 0.4879629639423077 0.2885416658653846 0.5209259254807692 0.30578125 0.5209259254807692
1 0.5901562499999999 0.2936111105769231 0.5901562499999999 0.24101851923076925 0.5360937499999999 0.24101851923076925 0.5360937499999999 0.2936111105769231 0.5901562499999999 0.2936111105769231
1 0.5834895841346154 0.20157407451923076 0.5834895841346154 0.14101851923076925 0.5346354158653847 0.14101851923076925 0.5346354158653847 0.20157407451923076 0.5834895841346154 0.20157407451923076
1 0.5286979158653846 0.20944444471153847 0.5286979158653846 0.14629629567307692 0.4769270841346154 0.14629629567307692 0.4769270841346154 0.20944444471153847 0.5286979158653846 0.20944444471153847
1 0.5383333341346154 0.2620370360576923 0.5383333341346154 0.21342592548076922 0.4769270841346154 0.21342592548076922 0.4769270841346154 0.2620370360576923 0.5383333341346154 0.2620370360576923
1 0.5886458341346154 0.39361111057692305 0.5886458341346154 0.35685185096153843 0.5376041658653846 0.35685185096153843 0.5376041658653846 0.39361111057692305 0.5886458341346154 0.39361111057692305
1 0.5435416658653847 0.5186111105769231 0.5435416658653847 0.4751851850961539 0.4828125 0.4751851850961539 0.4828125 0.5186111105769231 0.5435416658653847 0.5186111105769231
1 0.1460416658653846 0.23444444471153847 0.1460416658653846 0.2712962956730769 0.26890625 0.2712962956730769 0.26890625 0.23444444471153847 0.1460416658653846 0.23444444471153847
1 0.11052083413461539 0.19361111057692307 0.11052083413461539 0.24629629567307693 0.25708333413461537 0.24629629567307693 0.25708333413461537 0.19361111057692307 0.11052083413461539 0.19361111057692307
1 0.09427083413461539 0.15685185096153847 0.09427083413461539 0.20944444471153847 0.2348958341346154 0.20944444471153847 0.2348958341346154 0.15685185096153847 0.09427083413461539 0.15685185096153847
1 0.16828125 0.08314814903846154 0.16828125 0.13185185096153845 0.2674479158653846 0.13185185096153845 0.2674479158653846 0.08314814903846154 0.16828125 0.08314814903846154
1 0.2852083341346154 0.3094444447115385 0.2852083341346154 0.25944444471153844 0.2644791658653846 0.25944444471153844 0.2644791658653846 0.3094444447115385 0.2852083341346154 0.3094444447115385
1 0.4636979158653846 0.60009259375 0.4636979158653846 0.57490740625 0.42666666586538465 0.57490740625 0.42666666586538465 0.60009259375 0.4636979158653846 0.60009259375
1 0.07234375 0.0034259254807692307 0.07234375 0.08870370432692307 0.2375520841346154 0.08870370432692307 0.2375520841346154 0.0034259254807692307 0.07234375 0.0034259254807692307
3 0.8320833341346153 0.5013888894230769 0.8320833341346153 0.4681481490384615 0.8086979158653846 0.4681481490384615 0.8086979158653846 0.5013888894230769 0.8320833341346153 0.5013888894230769
3 0.77515625 0.4681481490384615 0.77515625 0.5013888894230769 0.8086979158653846 0.5013888894230769 0.8086979158653846 0.4681481490384615 0.77515625 0.4681481490384615
3 0.8126041658653846 0.5290740745192308 0.8126041658653846 0.4986111105769231 0.7743749999999999 0.4986111105769231 0.7743749999999999 0.5290740745192308 0.8126041658653846 0.5290740745192308
3 0.8079166658653846 0.5568518509615384 0.8079166658653846 0.5262962956730769 0.7782812499999999 0.5262962956730769 0.7782812499999999 0.5568518509615384 0.8079166658653846 0.5568518509615384
3 0.8094791658653846 0.5789814807692307 0.8094791658653846 0.5457407403846154 0.78140625 0.5457407403846154 0.78140625 0.5789814807692307 0.8094791658653846 0.5789814807692307
3 0.8094791658653846 0.5471296298076923 0.8094791658653846 0.5789814807692307 0.8305208341346154 0.5789814807692307 0.8305208341346154 0.5471296298076923 0.8094791658653846 0.5471296298076923
3 0.8094791658653846 0.5276851850961538 0.8094791658653846 0.5485185192307692 0.8313020841346154 0.5485185192307692 0.8313020841346154 0.5276851850961538 0.8094791658653846 0.5276851850961538
3 0.8094791658653846 0.4958333341346154 0.8094791658653846 0.5290740745192308 0.8336458341346155 0.5290740745192308 0.8336458341346155 0.4958333341346154 0.8094791658653846 0.4958333341346154
3 0.78140625 0.5304629639423077 0.78140625 0.5055555552884615 0.7595833341346154 0.5055555552884615 0.7595833341346154 0.5304629639423077 0.78140625 0.5304629639423077
3 0.3261458341346154 0.80490740625 0.3261458341346154 0.6801851850961539 0.22874999999999998 0.6801851850961539 0.22874999999999998 0.80490740625 0.3261458341346154 0.80490740625
3 0.12583333413461537 0.7175925937500001 0.12583333413461537 0.8062962956730769 0.22874999999999998 0.8062962956730769 0.22874999999999998 0.7175925937500001 0.12583333413461537 0.7175925937500001
3 0.2903125 0.7106481490384616 0.2903125 0.6122222211538462 0.2146875 0.6122222211538462 0.2146875 0.7106481490384616 0.2903125 0.7106481490384616
3 0.44 0.5568518509615384 0.44 0.538796295673077 0.4166145841346154 0.538796295673077 0.4166145841346154 0.5568518509615384 0.44 0.5568518509615384
3 0.44078125 0.5748148149038461 0.44078125 0.5568518509615384 0.4196875 0.5568518509615384 0.4196875 0.5748148149038461 0.44078125 0.5748148149038461
3 0.46026041586538463 0.56240740625 0.46026041586538463 0.5346296298076922 0.4290625 0.5346296298076922 0.4290625 0.56240740625 0.46026041586538463 0.56240740625
3 0.4610416658653846 0.5845370360576922 0.4610416658653846 0.5582407403846154 0.43609375 0.5582407403846154 0.43609375 0.5845370360576922 0.4610416658653846 0.5845370360576922
3 0.9731770841346153 0.5125 0.9731770841346153 0.43759259375000004 0.8913020841346154 0.43759259375000004 0.8913020841346154 0.5125 0.9731770841346153 0.5125