1 0.5357176394230769 0.619573733173077 0.5382340673076923 0.5956315384615385 0.511247298076923 0.5927951153846154 0.5087308725961539 0.6167373100961538 0.5357176394230769 0.619573733173077
1 0.515256875 0.642840235576923 0.51996065625 0.59808675 0.43656585096153844 0.5893216033653846 0.43186206971153845 0.6340750889423077 0.515256875 0.642840235576923
1 0.4042758173076923 0.5308110336538461 0.40725681490384613 0.5024487403846154 0.38083982692307694 0.4996722043269231 0.37785882932692305 0.5280344951923077 0.4042758173076923 0.5308110336538461
1 0.4559468317307692 0.7766328341346154 0.4631670384615385 0.7079371586538462 0.34724308173076923 0.6957530576923077 0.34002287499999995 0.764448735576923 0.4559468317307692 0.7766328341346154
1 0.7095685889423078 0.7293660793269231 0.7159854759615385 0.6683134831730769 0.6724751418269231 0.6637403629807692 0.6660582572115386 0.7247929591346154 0.7095685889423078 0.7293660793269231
1 0.7720351899038461 0.7668416514423076 0.7806297524038462 0.6850698509615385 0.7088377019230769 0.6775242019230769 0.7002431394230769 0.7592960024038462 0.7720351899038461 0.7668416514423076
1 0.8414498774038462 0.8428471634615384 0.8513897596153845 0.7482754951923076 0.7329794975961538 0.7358300745192307 0.7230396129807691 0.8304017427884616 0.8414498774038462 0.8428471634615384
1 0.9407663846153846 0.8630615216346154 0.9573070480769231 0.7056876418269231 0.8443873725961539 0.6938193052884615 0.8278467115384616 0.8511931850961538 0.9407663846153846 0.8630615216346154
1 0.9583208846153847 0.8868787908653846 0.9703029423076923 0.7728771153846155 0.9321796033653846 0.7688701899038463 0.9201975432692309 0.8828718677884615 0.9583208846153847 0.8868787908653846
1 1 0.31150943990384616 0.9677236346153847 0.3081170576923077 0.9626327115384616 0.3565539543269231 0.9957316418269231 0.36003279326923077 1 0.3194220769230769 1 0.31150943990384616
1 0.9691273581730768 0.3585400072115385 0.9727084254807692 0.32446842307692303 0.9402828677884615 0.3210603605769231 0.9367017980769231 0.35513194471153847 0.9691273581730768 0.3585400072115385
1 0.9365585889423076 0.3709443365384616 0.94054615625 0.33300516826923077 0.9052199086538462 0.32929222836538463 0.9012323413461538 0.3672313990384615 0.9365585889423076 0.3709443365384616
1 0.8840507908653846 0.4170974975961539 0.8861220024038462 0.3973912307692308 0.8478432692307692 0.39336797596153844 0.8457720576923078 0.4130742403846154 0.8840507908653846 0.4170974975961539
1 0.8820964423076922 0.4287161201923077 0.8837417980769231 0.4130616081730769 0.8543205240384615 0.4099693076923077 0.8526751682692308 0.42562381971153845 0.8820964423076922 0.4287161201923077
1 0.8804794014423076 0.45107699759615383 0.8833636129807693 0.4236355576923077 0.8517150264423077 0.42030915625000004 0.8488308149038463 0.44775059615384616 0.8804794014423076 0.45107699759615383
1 0.9414732740384615 0.4442671370192308 0.9453253413461538 0.4076171658653846 0.9019186057692308 0.4030549326923077 0.8980665384615385 0.43970490624999997 0.9414732740384615 0.4442671370192308
1 0.957287266826923 0.4353155576923077 0.96085865625 0.40133606009615386 0.9336646971153846 0.398477860576923 0.9300933100961538 0.43245735817307696 0.957287266826923 0.4353155576923077
1 0.9868958365384616 0.4371241081730769 0.9906124038461539 0.40176332932692305 0.9611393341346154 0.3986655841346154 0.9574227668269231 0.43402636298076924 0.9868958365384616 0.4371241081730769
1 0.9794031923076923 0.5223634182692307 0.9824325817307693 0.49354069951923074 0.9537364783653846 0.49052461778846157 0.9507070889423077 0.5193473365384615 0.9794031923076923 0.5223634182692307
1 0.9564765625 0.5212571682692307 0.959370451923077 0.49372364423076925 0.9232672379807692 0.48992904567307693 0.9203733485576924 0.5174625673076924 0.9564765625 0.5212571682692307
1 0.9201023485576924 0.5200409591346153 0.9227155600961539 0.4951779110576923 0.8976971177884615 0.49254836778846156 0.8950839062499999 0.5174114134615384 0.9201023485576924 0.5200409591346153
1 1 0.09420792548076923 0.9319888317307693 0.08705966346153846 0.9243911610576923 0.1593466730769231 1 0.16729348076923076 1 0.09420792548076923
1 1 0.060877189903846156 0.9575197115384615 0.05641233173076923 0.9507543990384615 0.12077999759615385 1 0.12595591826923075 1 0.060877189903846156
1 1 0.13238 0.9810099927884616 0.13038406971153846 0.9760642475961538 0.17743968990384615 1 0.17995543990384616 1 0.13238
1 0.9901466682692307 0.19642310336538463 0.9947730192307692 0.15240630288461537 0.950641110576923 0.14776785096153847 0.9460147572115385 0.1917846514423077 0.9901466682692307 0.19642310336538463
1 0 0.5273299302884615 0.10528260096153846 0.5383955769230769 0.12167808413461538 0.38240297596153844 0.011037521634615384 0.37077418509615384 0 0.4757891875 0 0.5273299302884615
1 0.20901538701923078 0.5425018413461539 0.22565283413461537 0.38420710576923073 0.1035649110576923 0.3713751490384615 0.08692746394230769 0.5296698822115384 0.20901538701923078 0.5425018413461539
1 0.2839662235576923 0.5389278677884616 0.29537724759615386 0.4303592283653846 0.21524571875 0.4219370649038462 0.20383469471153845 0.530505704326923 0.2839662235576923 0.5389278677884616
1 0.3448037980769231 0.5475566177884615 0.35478239663461536 0.4526166105769231 0.3013786418269231 0.4470036514423077 0.2914000456730769 0.5419436586538462 0.3448037980769231 0.5475566177884615
1 0.05513974038461538 0 0.04724965865384615 0.07506910817307692 0.2685825793269231 0.09833213461538462 0.2789177019230769 0 0.05513974038461538 0
1 0.06027202163461538 0 0.03806934375 0.211244375 0.3230102283653846 0.2411928701923077 0.34534834615384613 0.028659855769230767 0.07266802644230769 0 0.06027202163461538 0
1 0.35574028846153843 0.27209820913461535 0.3704710576923077 0.13194429086538462 0.11101479807692308 0.1046743389423077 0.0962840264423077 0.24482825721153847 0.35574028846153843 0.27209820913461535
1 0.30329680288461536 0.8198950408653847 0.3147078269230769 0.7113263990384616 0.2752895384615385 0.7071833677884616 0.2638785144230769 0.8157520096153846 0.30329680288461536 0.8198950408653847
1 0.2643987788461538 0.9209195480769231 0.28007804807692305 0.771741264423077 0.18088484855769232 0.761315639423077 0.16520557692307694 0.910493923076923 0.2643987788461538 0.9209195480769231
1 0.19178313701923078 0.96356275 0.2027102331730769 0.8595983798076923 0.09838902884615384 0.8486337788461539 0.08746193509615385 0.9525981514423076 0.19178313701923078 0.96356275
1 0.663603579326923 0.5249229471153846 0.6644069014423077 0.5172798605769231 0.6358661947115384 0.5142801129807693 0.6350628749999999 0.5219231971153846 0.663603579326923 0.5249229471153846
1 0.6621535913461538 0.5347325288461539 0.6631891971153846 0.5248793918269231 0.6355290576923077 0.5219721947115384 0.6344934495192308 0.5318253293269231 0.6621535913461538 0.5347325288461539
1 0.6616969038461539 0.5430637620192308 0.6625679735576924 0.5347760817307692 0.6400358365384615 0.5324078581730769 0.639164766826923 0.5406955384615384 0.6616969038461539 0.5430637620192308
1 0.6612226538461539 0.5475759471153846 0.6616969038461539 0.5430637620192308 0.6386985841346154 0.5406465408653847 0.6382243341346154 0.5451587259615385 0.6612226538461539 0.5475759471153846
1 0.6606612980769231 0.5529168966346154 0.6612226538461539 0.5475759471153846 0.6378099519230769 0.545115173076923 0.6372485961538461 0.5504561225961538 0.6606612980769231 0.5529168966346154
1 0.6616719807692307 0.563729923076923 0.6628624447115385 0.5524034254807693 0.6382065889423078 0.5498119903846154 0.6370161274038462 0.5611384879807693 0.6616719807692307 0.563729923076923