1 0.042539415865384615 0.19623621153846155 0.06831478125 0.4061597235576923 0.40686606971153844 0.3645908509615384 0.3810907043269231 0.15466734134615387 0.042539415865384615 0.19623621153846155
1 0 0.35044491105769227 0.26085355528846155 0.3184161225961538 0.22759845913461538 0.04757509134615385 0 0.07552066826923078 0 0.35044491105769227
1 0 0.13735658173076923 0.04184186057692307 0.13221904807692308 0.03325007211538462 0.06224454567307692 0 0.06632714182692308 0 0.13735658173076923
1 0.36463448798076925 0.20718933894230768 0.3851390048076923 0.37418523076923077 0.4909072043269231 0.36119852884615383 0.4704026875 0.19420263701923077 0.36463448798076925 0.20718933894230768
1 0.44454468509615386 0.2637473100961538 0.45702105769230766 0.36535922355769235 0.5656583365384615 0.3520202427884615 0.5531819615384616 0.2504083317307692 0.44454468509615386 0.2637473100961538
1 0.5032664182692308 0 0.2696720528846154 0.02868178125 0.28463151442307694 0.1505168221153846 0.6273701081730769 0.1084338125 0.6140561105769231 0 0.5032664182692308 0
1 0.2983925072115384 0.5658103125 0.2820315480769231 0.4325609927884615 0.07049514903846153 0.45853439663461537 0.08685610817307692 0.5917837163461539 0.2983925072115384 0.5658103125
1 0 0.5023748677884615 0.010718713942307693 0.5896717884615384 0.09105291826923077 0.5798079879807692 0.07691607451923077 0.46467263461538466 0 0.4741167403846154 0 0.5023748677884615
1 0.4385857620192307 0.5645909639423077 0.42472312259615386 0.4516888389423077 0.28506877884615384 0.46883623798076923 0.29893141586538463 0.5817383605769231 0.4385857620192307 0.5645909639423077
1 0.5229106057692308 0.5519702788461539 0.5115462884615385 0.4594153485576923 0.42834300721153845 0.46963142788461537 0.43970732211538466 0.5621863557692308 0.5229106057692308 0.5519702788461539
1 0.8544106057692308 0.23180915865384616 0.8355665600961538 0.07833670913461538 0.6493866129807693 0.10119673317307692 0.6682306610576922 0.2546691802884615 0.8544106057692308 0.23180915865384616
1 0.6725328629807692 0.3365048653846153 0.6841713870192307 0.4312930216346154 0.8577118774038461 0.40998493028846156 0.8460733557692308 0.3151967716346154 0.6725328629807692 0.3365048653846153
1 0.8338512812500001 0.8573524134615386 0.816667704326923 0.71740340625 0.6953909711538462 0.7322943173076923 0.7125745480769231 0.8722433245192308 0.8338512812500001 0.8573524134615386
1 0.8548807908653846 0.7837408725961539 0.8415818004807692 0.6754292740384616 0.7752828173076923 0.6835697644230769 0.7885818100961538 0.7918813629807692 0.8548807908653846 0.7837408725961539
1 0.8083653533653846 0.6497861995192308 0.816667704326923 0.71740340625 0.8829666850961538 0.7092629158653847 0.8746643365384615 0.6416457091346154 0.8083653533653846 0.6497861995192308
1 0.8841294759615385 0.6879624375 0.8781731129807693 0.6394517427884616 0.8497924951923077 0.6429364447115385 0.8557488605769231 0.6914471370192307 0.8841294759615385 0.6879624375
1 0.9057054639423078 0.6694449591346154 0.8997338653846154 0.6208101971153847 0.8595667620192308 0.6257420961538462 0.8655383605769231 0.6743768581730769 0.9057054639423078 0.6694449591346154
1 0.7963831899038462 0.9611926346153846 0.775223625 0.7888618100961539 0.5959449759615384 0.8108744591346154 0.6171045408653846 0.9832052860576923 0.7963831899038462 0.9611926346153846
1 0.9172453076923077 0.4896988052884615 0.9126142740384615 0.4519820504807692 0.8107232067307693 0.4644926995192308 0.8153542427884616 0.5022094543269231 0.9172453076923077 0.4896988052884615
1 0.8666104903846155 0.36065778365384615 0.8735418076923077 0.41710884615384614 0.8960291826923077 0.4143477451923077 0.8890978629807692 0.3578966826923077 0.8666104903846155 0.36065778365384615
1 0.744353420673077 0.3771803293269231 0.7491672596153846 0.4163859038461538 0.8764923197115385 0.40075235096153844 0.8716784807692307 0.3615467788461538 0.744353420673077 0.3771803293269231
1 0.6716029495192307 0.45714240625 0.6651286418269231 0.4044133918269231 0.6087551225961538 0.41133518990384615 0.6152294302884616 0.4640642043269231 0.6716029495192307 0.45714240625