1 0.6117697740384616 0.6988858124999999 0.6062660504807693 0.6359779615384615 0.5310325985576922 0.6425600360576923 0.5365363221153846 0.7054678870192308 0.6117697740384616 0.6988858124999999
1 0.5273083076923076 0.6507863052884615 0.52329753125 0.6049429014423077 0.4481159615384615 0.6115204350961538 0.45212674038461537 0.6573638413461539 0.5273083076923076 0.6507863052884615
1 0.6140532860576923 0.6484950408653846 0.6100425096153846 0.6026516346153846 0.5701947211538462 0.6061378653846154 0.5742054999999999 0.6519812692307692 0.6140532860576923 0.6484950408653846
1 0.8501845384615384 0.45216775961538463 0.8465207692307692 0.4102906875 0.6887380552884615 0.42409488701923076 0.6924018245192307 0.46597195913461537 0.8501845384615384 0.45216775961538463
1 0.7019277572115384 0.48103236298076923 0.6967629735576922 0.42199860336538464 0.6650611538461538 0.42477215384615385 0.6702259374999999 0.48380591346153845 0.7019277572115384 0.48103236298076923
1 0.674636173076923 0.48342006730769227 0.6705043461538461 0.4361930576923077 0.6520851225961538 0.43780453125 0.6562169495192307 0.48503154086538464 0.674636173076923 0.48342006730769227
1 0.6595825048076923 0.4900350288461538 0.6551036682692307 0.4388416923076923 0.6337269903846153 0.44071190865384613 0.6382058269230769 0.4919052451923077 0.6595825048076923 0.4900350288461538
1 0.6528115120192308 0.43774098076923074 0.6485667067307692 0.3892226105769231 0.6146338245192308 0.3921913533653846 0.6188786298076923 0.4407097235576923 0.6528115120192308 0.43774098076923074
1 0.6202703197115385 0.43928671875 0.6172924975961538 0.4052500673076923 0.6098729230769231 0.40589919471153846 0.6128507451923076 0.4399358461538462 0.6202703197115385 0.43928671875
1 0.6115109399038462 0.4413543125 0.6086460985576922 0.40860902403846155 0.5960898966346154 0.4097075480769231 0.5989547379807691 0.4424528389423077 0.6115109399038462 0.4413543125
1 0.7385882716346154 0.30606025721153846 0.7321726418269231 0.2327292548076923 0.6658115456730769 0.23853509855769228 0.6722271754807692 0.3118661009615385 0.7385882716346154 0.30606025721153846
1 0.6815879615384616 0.35073519951923077 0.6741313052884615 0.2655052067307692 0.6439341514423076 0.2681471153846154 0.6513908100961537 0.35337710576923076 0.6815879615384616 0.35073519951923077
1 0.6549095096153846 0.3768635096153846 0.6496317451923077 0.31653838701923076 0.6083311730769231 0.32015171875 0.6136089375 0.38047684134615384 0.6549095096153846 0.3768635096153846
1 0.7527336754807692 0.17014353124999998 0.743098125 0.06000867307692308 0.6133333870192308 0.07136161538461538 0.6229689375 0.1814964735576923 0.7527336754807692 0.17014353124999998
1 0.8180704591346154 0.2040224182692308 0.8098148725961539 0.10966064423076924 0.6299290913461538 0.1253986105769231 0.6381846778846154 0.21976038461538464 0.8180704591346154 0.2040224182692308
1 0.6375391730769231 0.20401599278846155 0.635247298076923 0.17781976201923078 0.6005880264423077 0.18085205528846154 0.6028798990384615 0.2070482860576923 0.5888709110576923 0.20827391346153845 0.5950605817307693 0.27902218509615384 0.707910764423077 0.26914907451923076 0.7017210913461539 0.1984008028846154 0.6375391730769231 0.20401599278846155
1 0 0.4704378004807692 0.006534242788461538 0.54512453125 0.112743125 0.5358324591346154 0.09738596153846155 0.36029926201923074 0 0.3688194302884616 0 0.4704378004807692
1 0.20744053125 0.5180669879807692 0.19554538461538462 0.3821048605769231 0.07875193509615384 0.3923229639423077 0.09064708173076924 0.5282850913461539 0.20744053125 0.5180669879807692
1 0.2769400360576923 0.5176562932692308 0.26835358173076923 0.4195126658653846 0.19721905528846154 0.4257361322115385 0.20580550961538463 0.5238797572115385 0.2769400360576923 0.5176562932692308
1 0.3221260144230769 0.5327570192307692 0.3138704278846154 0.43839524278846154 0.2671738028846154 0.44248066826923077 0.27542938701923075 0.5368424447115385 0.3221260144230769 0.5327570192307692
1 0.3415739206730769 0.51302396875 0.33607019711538466 0.45011612019230773 0.3080522211538461 0.452567375 0.3135559447115384 0.5154752235576923 0.3415739206730769 0.51302396875
1 0.36045313461538464 0.5166701899038462 0.35563535817307695 0.4616027596153846 0.32834377403846154 0.4639904639423077 0.33316155048076923 0.5190578942307693 0.36045313461538464 0.5166701899038462
1 0.3771936153846154 0.5126030913461539 0.37283582932692305 0.4627933557692308 0.3521855432692308 0.4646000216346154 0.35654333173076924 0.5144097572115385 0.3771936153846154 0.5126030913461539
1 0.3163008028846154 0.7595908557692308 0.3056403653846154 0.637741485576923 0.12798564182692307 0.6532842596153846 0.13864608173076923 0.7751336298076923 0.3163008028846154 0.7595908557692308
1 0.25225973557692305 0.8510760865384616 0.23907339423076923 0.7003555168269231 0.030391360576923078 0.718612829326923 0.043577701923076924 0.8693333990384615 0.25225973557692305 0.8510760865384616
1 0.14939486538461538 0.9356409206730769 0.1348043485576923 0.7688705504807692 0.02511916346153846 0.7784667620192308 0.039709680288461544 0.9452371322115384 0.14939486538461538 0.9356409206730769
1 0.30041352884615385 0.9700169975961538 0.2911895456730769 0.8645863918269231 0.15582121153846154 0.8764295865384616 0.16504519471153845 0.9818601923076924 0.30041352884615385 0.9700169975961538
1 0.2468332451923077 1 0.2450485697115385 0.9796010625 0.15305621634615385 0.9876493509615384 0.15413675721153847 1 0.2468332451923077 1
1 0 0.20569870673076923 0.17635698076923076 0.19026947115384615 0.16231522115384617 0.029771435096153844 0 0.04397217788461538 0 0.20569870673076923
1 0 0.2848889375 0.2548859783653846 0.2625893052884615 0.24194980528846152 0.11472818509615385 0 0.13589605048076922 0 0.2848889375
1 0.29790018990384615 0.33652913942307694 0.2867555528846154 0.20914535336538462 0.051404555288461544 0.22973589903846153 0.0625491923076923 0.3571196826923077 0.29790018990384615 0.33652913942307694
1 0.32551206009615385 0.35632757451923075 0.3182168004807692 0.27294239182692304 0.29165161057692307 0.2752665432692308 0.2989468677884615 0.3586517283653846 0.32551206009615385 0.35632757451923075
1 0.3485141730769231 0.3808048413461539 0.34278449038461534 0.315314264423077 0.3188654423076923 0.31740691105769236 0.32459512500000004 0.3828974879807693 0.3485141730769231 0.3808048413461539
1 0.3614311057692308 0.39398848317307694 0.3555077451923077 0.32628413942307694 0.33096607451923077 0.32843125721153843 0.3368894350961539 0.39613560096153844 0.3614311057692308 0.39398848317307694
1 0.37392156490384615 0.3951264206730769 0.3701932355769231 0.35251142548076925 0.35177401201923075 0.3541228990384615 0.3555023413461538 0.3967378942307693 0.37392156490384615 0.3951264206730769
1 0.38263133894230766 0.3954797716346154 0.3840597235576923 0.4118062932692308 0.39142741586538465 0.4111617043269231 0.38999902884615384 0.3948351802884615 0.38263133894230766 0.3954797716346154
1 0.3027434951923077 0.27476086057692306 0.30781143990384613 0.3326877379807692 0.3815402235576923 0.32623730528846157 0.37647227884615386 0.2683104278846154 0.3027434951923077 0.27476086057692306
1 0.3458558173076923 0.2368777355769231 0.35063324519230765 0.2914839639423077 0.3739815576923077 0.28944125 0.36920413221153847 0.23483502403846154 0.3458558173076923 0.2368777355769231
1 0.3326589038461538 0.2061517403846154 0.33867910576923077 0.27496296875000004 0.35460784375 0.2735693846153846 0.3485876418269231 0.20475815625000002 0.3326589038461538 0.2061517403846154
1 0.2172567548076923 0.14681724999999998 0.22567374038461538 0.24302383173076925 0.3381088389423077 0.23318703365384616 0.32969185336538465 0.13698045432692307 0.2172567548076923 0.14681724999999998
1 0.14222518028846154 0.041567286057692304 0.15165091346153844 0.14930389663461538 0.2918964471153846 0.13703400240384614 0.28247071634615384 0.02929738942307692 0.14222518028846154 0.041567286057692304
1 0.23089351442307693 0.026002322115384616 0.23672003846153847 0.09259978365384615 0.31906175480769233 0.0853958173076923 0.31323523317307694 0.01879835576923077 0.23089351442307693 0.026002322115384616
1 0.33837841586538464 0.15081304326923076 0.3310266682692308 0.06678217548076923 0.2438077451923077 0.07441284375 0.2511594951923077 0.1584437091346154 0.33837841586538464 0.15081304326923076
1 0.34445343990384614 0.16347992067307693 0.3479961610576923 0.2039733870192308 0.36641538701923076 0.20236191346153848 0.3628726658653846 0.1618684471153846 0.34445343990384614 0.16347992067307693
1 0.794480860576923 0.7459182451923076 0.7856442355769231 0.6449151706730769 0.71855675 0.6507845649038462 0.7273933725961539 0.7517876394230769 0.794480860576923 0.7459182451923076
1 0.7328847884615384 0.678902048076923 0.7293824182692308 0.63886978125 0.6899497115384615 0.6423196947115385 0.6934520793269231 0.6823519639423077 0.7328847884615384 0.678902048076923
1 0.8282278509615384 0.7659234951923076 0.8215378389423077 0.689456329326923 0.7831428341346154 0.6928154567307693 0.7898328437500001 0.769282625 0.8282278509615384 0.7659234951923076
1 0.95090146875 0.8707231706730769 0.9370453197115385 0.7123466634615384 0.8146482740384615 0.7230550168269231 0.8285044230769232 0.8814315264423077 0.95090146875 0.8707231706730769
1 1 0.8096374278846153 0.942234983173077 0.8146912115384615 0.9539364495192307 0.9484395745192308 1 0.9444095360576923 1 0.8096374278846153
1 0.9956496322115385 0.4469698629807692 0.9925346201923078 0.4113651274038462 0.9617667331730769 0.41405696875000003 0.9648817427884615 0.4496617043269231 0.9956496322115385 0.4469698629807692
1 0.9641691177884616 0.4558585048076923 0.9605214903846153 0.41416591346153847 0.9246688557692307 0.417302610576923 0.9283164855769231 0.4589952043269231 0.9641691177884616 0.4558585048076923
1 0.9675971346153845 0.3408628798076923 0.9652084206730769 0.3135597668269231 0.9131676249999999 0.3181127475961538 0.9155563365384616 0.34541586057692303 0.9675971346153845 0.3408628798076923
1 0.9560288389423076 0.3610219110576923 0.9531075072115385 0.32763094230769235 0.9151794711538461 0.3309492139423077 0.9181008028846154 0.3643401826923077 0.9560288389423076 0.3610219110576923
1 0.9873605793269231 0.3552135096153846 0.9832448918269231 0.3081709855769231 0.9435527596153845 0.3116435961538461 0.9476684471153847 0.35868612259615384 0.9873605793269231 0.3552135096153846
1 0.9207537331730768 0.3755404759615385 0.9180987115384615 0.34519343269230773 0.884010173076923 0.34817579326923076 0.8866651947115384 0.3785228365384615 0.9207537331730768 0.3755404759615385
1 0.7945290048076923 0.3610234783653846 0.7920757307692308 0.3329824447115385 0.7673265192307692 0.3351477211538461 0.7697797908653846 0.3631887548076923 0.7945290048076923 0.3610234783653846
1 0.756795735576923 0.37194630769230774 0.7708566105769231 0.3707161418269231 0.7685324567307692 0.3441509495192308 0.7544715841346155 0.3453811177884616 0.7554012451923077 0.35600719471153847 0.753007125 0.35852171875 0.7521436370192307 0.348652014423077 0.7402100552884616 0.3496960673076923 0.7405409230769231 0.3534779158653846 0.7336920865384615 0.3540771129807692 0.7356208100961539 0.37612253125 0.7424696490384615 0.3755233365384615 0.7428005168269232 0.37930518509615385 0.7547340985576922 0.37826113221153845 0.7543023557692308 0.3733262788461538 0.756795735576923 0.37194630769230774
1 0.9162284519230769 0.14812505048076924 0.9096272115384616 0.07267252644230769 0.7885791802884616 0.08326285576923077 0.7951804206730769 0.15871537980769232 0.9162284519230769 0.14812505048076924
1 0.9030629711538462 0.19305457932692308 0.8972848677884616 0.12701056009615386 0.7709445504807693 0.13806390625 0.7767226538461538 0.20410792307692308 0.9030629711538462 0.19305457932692308
1 0.9308596274038461 0.08289794711538462 0.9259288725961539 0.026539156249999998 0.8885715721153846 0.02980749519230769 0.893502326923077 0.0861662860576923 0.9308596274038461 0.08289794711538462
1 0.9314716658653845 0.10124776442307692 0.9272510697115385 0.05300611298076923 0.8821628798076924 0.05695081971153847 0.8863834783653846 0.10519246875 0.9314716658653845 0.10124776442307692
1 0.9593608052884615 0.07222514423076923 0.95434128125 0.014851709134615384 0.923106423076923 0.017584403846153847 0.9281259495192308 0.07495784134615385 0.9593608052884615 0.07222514423076923
1 0.9004664254807693 0.08927485817307691 0.8976742139423077 0.057359733173076924 0.8674770625 0.06000164182692307 0.8702692740384615 0.09191676682692308 0.9004664254807693 0.08927485817307691
1 0.6885209375 0 0.5994588774038461 0.007791920673076923 0.6069155336538462 0.0930219110576923 0.7426989471153846 0.08114240384615384 0.7355999086538462 0 0.6885209375 0
1 0.7018315456730769 0.11659841105769231 0.6954320552884615 0.04345189182692308 0.5897420240384615 0.05269857211538461 0.596141514423077 0.12584509134615385 0.7018315456730769 0.11659841105769231
1 0.6034148317307693 0.10977967548076924 0.5984437259615384 0.05295968028846154 0.5781566370192308 0.054734572115384614 0.5831277427884616 0.11155456730769231 0.6034148317307693 0.10977967548076924
1 0.5859925841346154 0.14429985576923077 0.5819011057692308 0.09753404807692309 0.5541944399038461 0.0999580673076923 0.5582859182692308 0.146723875 0.5859925841346154 0.14429985576923077
1 0.5941048485576923 0.16710553365384614 0.5905137091346154 0.12605862019230768 0.5627551610576923 0.12848718028846154 0.5663463004807693 0.16953409134615385 0.5941048485576923 0.16710553365384614
1 0.5922178124999999 0.23158945432692307 0.589401389423077 0.19939760576923077 0.5460254134615384 0.20319251201923078 0.5488418341346154 0.23538436057692308 0.5922178124999999 0.23158945432692307
1 0.5983025745192307 0.3011386033653846 0.5957040408653846 0.27143724278846154 0.5793602235576923 0.27286714182692307 0.5819587548076923 0.30256850240384614 0.5983025745192307 0.3011386033653846
1 0.6428277668269231 0.32661417548076926 0.6394545168269231 0.2880577524038462 0.5686831826923077 0.29424944230769234 0.5720564326923077 0.3328058653846154 0.6428277668269231 0.32661417548076926
1 0.6080515649038462 0.2691486706730769 0.6046702451923077 0.23050000721153846 0.541370375 0.23603802884615385 0.5447516947115385 0.2746866923076923 0.6080515649038462 0.2691486706730769
1 0.5976319375 0.059815781250000005 0.5941457067307693 0.01996799519230769 0.5408077836538461 0.024634459134615386 0.5442940120192308 0.06448224519230769 0.5976319375 0.059815781250000005
1 0.5921924350961538 0.43746768509615386 0.590998079326923 0.42381612740384617 0.5833190793269231 0.42448795432692304 0.5845134375 0.4381395120192308 0.5921924350961538 0.43746768509615386
1 0.5897236923076923 0.4522762403846154 0.5875690072115385 0.42764809134615384 0.5717959278846154 0.4290280576923077 0.5739506105769231 0.45365620673076923 0.5897236923076923 0.4522762403846154
1 0.6033902283653846 0.4519170889423077 0.6012758942307692 0.4277501418269231 0.5852433870192308 0.42915280528846156 0.5873577211538461 0.45331975 0.6033902283653846 0.4519170889423077
3 0.6014790384615385 0.6135319879807692 0.5958058461538461 0.5486870913461538 0.5538826538461539 0.5523548942307692 0.5595558461538461 0.6171997908653846 0.6014790384615385 0.6135319879807692
3 0.6089418653846154 0.6629771201923076 0.6032606009615384 0.5980399831730769 0.5605591322115384 0.6017758774038462 0.5662403942307692 0.666713014423077 0.6089418653846154 0.6629771201923076
3 0.5224234591346154 0.6134774831730769 0.5270152740384615 0.6659621850961539 0.5751646850961538 0.6617496562499999 0.5705728701923077 0.6092649543269231 0.5224234591346154 0.6134774831730769
3 0.5178397115384615 0.5610850192307693 0.5224234591346154 0.6134774831730769 0.5636202620192308 0.6098732307692308 0.5590365144230769 0.557480766826923 0.5178397115384615 0.5610850192307693
3 0.41324013701923074 0.6981303822115384 0.40793009375 0.637436298076923 0.38157243990384615 0.6397422932692307 0.3868824855769231 0.7004363774038461 0.41324013701923074 0.6981303822115384