1 1 0.18560031249999998 0.9499570841346153 0.1758729543269231 0.9362824399038462 0.24622290384615386 1 0.25860834374999997 1 0.18560031249999998
1 0.9134017596153845 0.32298970673076927 0.9206896033653845 0.2854970024038461 0.8709947283653846 0.2758372980769231 0.8637068846153846 0.3133300024038462 0.9134017596153845 0.32298970673076927
1 0.7923025072115385 0.28883876682692305 0.8017899567307692 0.24003007932692308 0.7291648822115384 0.22591319471153845 0.7196774350961538 0.2747218822115384 0.7923025072115385 0.28883876682692305
1 0.7490645625 0.2627481081730769 0.7574389567307692 0.21966558173076922 0.7013788437499999 0.2087685985576923 0.6930044471153847 0.251851125 0.7490645625 0.2627481081730769
1 0.6916303701923077 0.26219566346153844 0.7066300793269231 0.18502886057692305 0.6307840408653846 0.1702858846153846 0.6157843341346154 0.24745268750000002 0.6916303701923077 0.26219566346153844
1 0.6337883365384616 0.24982040384615384 0.6492385649038461 0.17033586778846152 0.5689445288461539 0.15472828846153847 0.5534943004807692 0.23421282451923078 0.6337883365384616 0.24982040384615384
1 0.5711936514423077 0.22463629326923076 0.5848417932692308 0.1544226826923077 0.48667907451923076 0.13534178365384616 0.47303093269230767 0.20555539423076924 0.5711936514423077 0.22463629326923076
1 0.5694085072115385 0.37016386778846155 0.5751327764423076 0.34071505288461534 0.5343338966346154 0.3327845528846154 0.5286096274038461 0.3622333677884615 0.5694085072115385 0.37016386778846155
1 0.6227258533653846 0.3816596177884615 0.6288741442307693 0.35002940865384613 0.5715103052884616 0.33887900721153846 0.5653620168269231 0.37050921634615386 0.6227258533653846 0.3816596177884615
1 0.5193886466346154 0.5251335240384616 0.5281870625 0.4798696033653846 0.3994251826923077 0.4548408293269231 0.3906267692307692 0.50010475 0.5193886466346154 0.5251335240384616
1 0.9037601538461538 0.7574658870192308 0.9297578798076922 0.6237191826923076 0.6727709495192309 0.573765985576923 0.6467732259615384 0.7075126899038462 0.9037601538461538 0.7574658870192308
1 0.6512153341346154 0.6437159326923076 0.6712767788461539 0.5405087451923077 0.5481899326923076 0.5165830841346154 0.5281284879807692 0.6197902740384615 0.6512153341346154 0.6437159326923076
1 0.9092731033653846 0.6943017499999999 0.96878425 0.7058695456730769 0.9886071850961538 0.6038893870192308 0.9330634471153847 0.5930927788461539 0.7338610072115385 0.36278329326923076 0.4824219519230769 0.06716578846153846 0.47184795432692306 0.12156429567307692 0.44039498317307696 0.1154504591346154 0.42344763221153847 0.055702341346153844 0.4128736346153846 0.1101008485576923 0.4364633605769231 0.11468622836538461 0.7368191129807692 0.36626114663461534 0.9290960384615385 0.5923215913461538 0.9092731033653846 0.6943017499999999
1 0.4098736634615384 0.28439741346153846 0.4183275625 0.240905875 0.36518165384615386 0.23057535817307692 0.35672775480769225 0.27406689423076924 0.4098736634615384 0.28439741346153846
1 0.3547333581730769 0.2814610865384615 0.36170318749999997 0.24560442548076925 0.31070458653846156 0.2356913028846154 0.3037347572115384 0.2715479639423077 0.3547333581730769 0.2814610865384615
1 0.17328052644230768 0.19299057932692307 0.1884392403846154 0.1150057548076923 0.0941110048076923 0.09667020192307693 0.0789522908653846 0.1746550264423077 0.17328052644230768 0.19299057932692307
1 0.15348756009615386 0.16707102163461537 0.17015684615384613 0.08131498076923077 0.07720902163461538 0.0632477548076923 0.060539735576923076 0.14900379567307692 0.15348756009615386 0.16707102163461537
1 0.08303929567307693 0.03325359134615385 0.07156425480769231 0.09228755769230769 0.16412862980769233 0.11028025 0.17560367067307692 0.051246281250000005 0.08303929567307693 0.03325359134615385
1 0.08748188942307691 0.007941783653846153 0.07751742067307693 0.059204536057692304 0.17268924278846154 0.0777040625 0.18265371153846152 0.0264413125 0.08748188942307691 0.007941783653846153
1 0.09634764182692307 0 0.08825653846153846 0.041625117788461535 0.17552933173076923 0.05858922836538461 0.18668635576923076 0.0011913076923076925 0.18055760817307692 0 0.09634764182692307 0
1 0.16304174999999999 0 0.15726616826923076 0.029712800480769234 0.1877886370192308 0.03564576923076923 0.1947174735576923 0 0.16304174999999999 0
1 0.1942399495192308 0 0.18549991346153846 0.04496358894230769 0.2528334038461538 0.05805189182692308 0.26411754807692306 0 0.1942399495192308 0
1 0.2022978317307692 0.2328711730769231 0.20871113221153845 0.19987759134615385 0.12949075240384617 0.1844787091346154 0.12307744951923076 0.2174722908653846 0.2022978317307692 0.2328711730769231
1 0.25379835336538464 0.3368301778846154 0.25761453125 0.31719763221153846 0.21420820432692309 0.3087602980769231 0.2103920264423077 0.3283928413461539 0.25379835336538464 0.3368301778846154
1 0.25249533653846157 0.34803745913461537 0.25602000240384615 0.32990462499999995 0.21084981490384613 0.32112443028846155 0.20732514903846155 0.3392572644230769 0.25249533653846157 0.34803745913461537
1 0.2593783942307692 0.3175404927884615 0.2540251418269231 0.3450805889423077 0.29827505528846154 0.3536819014423077 0.3036283052884615 0.32614180528846154 0.2593783942307692 0.3175404927884615
1 0.34304256009615386 0.35757321634615385 0.34932335817307697 0.32526131971153843 0.30284944471153846 0.3162277067307692 0.29656864903846153 0.34853960336538464 0.34304256009615386 0.35757321634615385
1 0.35407013701923074 0.31967553605769233 0.34919390865384614 0.34476156249999995 0.3957445096153846 0.35381008413461534 0.40062073798076925 0.32872405528846155 0.35407013701923074 0.31967553605769233
1 0.4470425985576923 0.3687335168269231 0.45332339423076917 0.3364216225961538 0.39925721153846155 0.32591222115384616 0.39297641346153844 0.3582241153846154 0.4470425985576923 0.3687335168269231
1 0.49876631009615385 0.2848392716346154 0.5044375793269231 0.2556631298076923 0.44768725721153846 0.2446319831730769 0.44201599038461536 0.27380812740384614 0.49876631009615385 0.2848392716346154
1 0.3770698125 0.46789846394230766 0.38168103125 0.44417580769230774 0.3352071177884615 0.4351421947115384 0.3305959014423077 0.45886485096153845 0.3770698125 0.46789846394230766
1 0.32551094230769234 0.4768358822115385 0.3316327307692308 0.44534200961538467 0.2751891682692308 0.43437049278846157 0.2690673774038462 0.4658643653846154 0.32551094230769234 0.4768358822115385
1 0.2774474206730769 0.4682007235576923 0.2826681658653846 0.4413423125 0.23619425480769232 0.4323086995192308 0.23097350721153848 0.4591671105769231 0.2774474206730769 0.4682007235576923
1 0.23679863942307694 0.46850573076923074 0.24151586298076924 0.4442377259615385 0.19243450240384613 0.4346972764423077 0.18771728125 0.45896527884615385 0.23679863942307694 0.46850573076923074
1 0 0.5348185528846154 0.08814511298076924 0.5519522259615385 0.1003886923076923 0.48896448076923077 0 0.46945089423076924 0 0.5348185528846154
1 0.11506104567307693 0.5228024639423077 0.12470750240384615 0.4731757572115385 0.09525868509615384 0.46745148798076924 0.08561223076923077 0.5170781947115385 0.11506104567307693 0.5228024639423077
1 0.13415089182692308 0.5081196586538461 0.14149173798076922 0.4703542788461539 0.1161074735576923 0.46542007692307696 0.10876662740384616 0.5031854567307692 0.13415089182692308 0.5081196586538461
1 0.14955682211538462 0.4931452379807692 0.1561026298076923 0.4594699711538462 0.13946098317307692 0.4562351634615384 0.13291517307692308 0.4899104278846154 0.14955682211538462 0.4931452379807692
1 0.1655441394230769 0.47927424278846154 0.17060587740384614 0.45323385817307693 0.15496119471153846 0.4501928389423077 0.14989945673076924 0.47623322596153844 0.1655441394230769 0.47927424278846154
1 0.17272974278846157 0.4726061442307692 0.17742046394230768 0.44847447596153844 0.16791094951923077 0.4466260120192308 0.1632202283653846 0.47075768269230767 0.17272974278846157 0.4726061442307692
1 0.18190247355769232 0.4634945336538462 0.18561264903846153 0.4444073365384615 0.1758730673076923 0.4425141538461539 0.1721628918269231 0.4616013509615385 0.18190247355769232 0.4634945336538462
1 0.9344484879807692 0.32198719230769235 0.9388476947115384 0.29935523317307694 0.9191384615384616 0.2955241466346154 0.9147392548076922 0.31815610576923076 0.9344484879807692 0.32198719230769235