2 0.37494216105769235 0.9426727572115384 0.4006352379807692 0.45241962740384617 0.08450657692307692 0.4358520264423077 0.05881349759615385 0.92610515625 0.37494216105769235 0.9426727572115384
2 0.4367810480769231 0.7061405504807692 0.4517161778846154 0.42116126923076924 0.3552860144230769 0.41610757932692305 0.3403508822115385 0.7010868581730769 0.4367810480769231 0.7061405504807692
2 0.41656219471153844 0.4629898870192308 0.40870695673076923 0.6128767860576922 0.46711637980769233 0.6159378942307693 0.47497161778846153 0.4660509951923077 0.41656219471153844 0.4629898870192308
0 0.46883356971153844 0.45877534134615383 0.4633334471153846 0.5637239086538461 0.5061392884615384 0.5659672668269231 0.5116394086538462 0.4610187019230769 0.46883356971153844 0.45877534134615383
1 0.7737232740384615 0.6609350144230769 0.7767422836538462 0.6033288846153846 0.6820285144230769 0.5983651466346154 0.6790095048076924 0.6559712764423077 0.7737232740384615 0.6609350144230769
1 0.7491031298076922 0.39826799999999996 0.7521221370192308 0.3406618701923077 0.6911641274038461 0.33746719711538464 0.6881451177884615 0.39507332692307695 0.7491031298076922 0.39826799999999996
1 0.84970946875 0.3654327740384616 0.8517641394230769 0.32622731730769233 0.7628757091346153 0.32156887259615385 0.7608210384615385 0.3607743293269231 0.84970946875 0.3654327740384616
1 0.9258953581730769 0.36367688942307697 0.9282553221153846 0.31864609374999997 0.840043048076923 0.3140230841346154 0.8376830817307692 0.35905387980769227 0.9258953581730769 0.36367688942307697
1 1 0.3281546923076923 0.92020509375 0.32397281730769234 0.9180874254807693 0.3643803293269231 1 0.3686731850961538 1 0.3281546923076923
1 0.9773589879807693 0.8137463509615385 0.9831934783653846 0.7024176490384615 0.7543408774038463 0.6904239927884616 0.7485063870192307 0.8017526947115384 0.9773589879807693 0.8137463509615385
1 1 0.12482047355769231 0.9020175769230769 0.1196854326923077 0.8946953894230769 0.25940110336538463 1 0.2649198846153846 1 0.12482047355769231
1 0.7785912908653846 0.09235501201923077 0.7818525961538462 0.03012559855769231 0.7304647836538462 0.027432475961538465 0.7272034783653846 0.08966189182692307 0.7785912908653846 0.09235501201923077
1 0.7307409302884615 0.09680125721153846 0.7345837451923077 0.02347595673076923 0.6769545024038461 0.020455735576923078 0.6731116850961538 0.09378103605769231 0.7307409302884615 0.09680125721153846
1 0.35104325721153845 0.14477293509615385 0.35600063701923074 0.05018052884615384 0.2651877620192308 0.04542122596153846 0.2602303846153846 0.1400136346153846 0.35104325721153845 0.14477293509615385
1 0.20893409134615387 0.03904246634615384 0.20379741346153846 0.13705610817307692 0.28098315384615385 0.14110124038461538 0.28611983173076927 0.04308760096153846 0.20893409134615387 0.03904246634615384
1 0.021346879807692308 0.1552174591346154 0.013307495192307691 0.30861805048076923 0.14370146634615383 0.3154517091346154 0.15174085096153847 0.16205111778846154 0.021346879807692308 0.1552174591346154
1 0.10647277403846153 0.4048295048076923 0.10931248317307693 0.3506446033653846 0.03602763942307692 0.34680390865384614 0.03318793028846154 0.40098880769230766 0.10647277403846153 0.4048295048076923
1 0.18877831009615387 0.3987583533653846 0.19113342788461538 0.3538200240384616 0.10614589423076923 0.3493660144230769 0.10379077644230769 0.39430434375 0.18877831009615387 0.3987583533653846
1 0.2880171201923077 0.4039592379807692 0.29061453365384615 0.3543976225961538 0.18617452884615385 0.34892415384615383 0.18357711298076923 0.3984857692307692 0.2880171201923077 0.4039592379807692
1 0.4122146899038462 0.2742629735576923 0.4147491081730769 0.22590341346153847 0.3680423701923077 0.22345561778846154 0.36550795432692307 0.2718151754807692 0.4122146899038462 0.2742629735576923
1 0 0.8464364326923076 0.049241110576923076 0.8490170480769231 0.054028879807692304 0.7576609399038462 0 0.75482940625 0 0.8464364326923076