1 1 0.2236676442307692 0.8960130240384616 0.20533193509615386 0.8875838533653847 0.25313614663461537 1 0.2729581466346154 1 0.2236676442307692
1 0.8832192235576923 0.27204043509615383 0.8926070793269231 0.21879926682692308 0.8055900817307692 0.2034558221153846 0.7962022259615384 0.2566969903846154 0.8832192235576923 0.27204043509615383
1 0.793703201923077 0.2830170673076923 0.8030910576923076 0.22977589903846155 0.7149969254807692 0.2142425264423077 0.7056090721153846 0.2674836947115385 0.793703201923077 0.2830170673076923
1 0.4689814783653846 0.27505036538461536 0.47379297836538464 0.24776298557692306 0.44101734615384613 0.24198375721153847 0.43620584615384617 0.2692711370192308 0.4689814783653846 0.27505036538461536
1 0.4400899278846154 0.2769370649038462 0.44466628125 0.25098327644230767 0.4027350144230769 0.24358966346153846 0.3981586610576923 0.26954344951923076 0.4400899278846154 0.2769370649038462
1 0.5340238629807692 0.3371846514423077 0.5410059663461538 0.29758717067307694 0.4519116394230769 0.2818774375 0.4449295360576923 0.32147491826923075 0.5340238629807692 0.3371846514423077
1 0.2985082307692308 0.2700596778846154 0.30198119471153845 0.2503635216346154 0.25635689663461536 0.24231872836538462 0.2528839326923077 0.26201488221153846 0.2985082307692308 0.2700596778846154
1 0.41335973557692307 0.29760947596153847 0.41712211298076923 0.2762719735576923 0.3608034182692308 0.26634146875 0.3570410432692308 0.28767896875 0.41335973557692307 0.29760947596153847
1 0.07538213701923077 0.22310082692307692 0.07932539663461538 0.20073748557692309 0.04624201201923077 0.19490399278846154 0.04229875240384616 0.21726733413461538 0.07538213701923077 0.22310082692307692
1 0.17399594471153845 0.22081521153846154 0.16934723798076926 0.24717933653846155 0.22412717067307691 0.2568385168269231 0.22877587740384617 0.2304743918269231 0.17399594471153845 0.22081521153846154
1 0.11606944711538461 0 0.09998788221153847 0.09120308173076924 0.3311099519230769 0.13195613701923076 0.35357568509615384 0.004546634615384616 0.32779043990384615 0 0.11606944711538461 0
1 0.3144388076923077 0.1419209471153846 0.32887331249999996 0.06005880048076923 0.08828785817307692 0.01763709375 0.07385335336538462 0.09949923798076923 0.3144388076923077 0.1419209471153846
1 0.23413777163461538 0.1582245048076923 0.24837330528846155 0.07749078365384615 0.07264667307692307 0.046505437499999996 0.05841113942307692 0.12723915865384613 0.23413777163461538 0.1582245048076923
1 0.1969862548076923 0 0.19510603365384613 0.010663259615384614 0.5550224927884615 0.07412624278846154 0.5668522740384615 0.0070362139423076914 0.5269479230769231 0 0.1969862548076923 0
1 0.6879392932692308 0.15848865625 0.7007639326923076 0.08575650240384616 0.45425424278846155 0.042290192307692306 0.4414296009615385 0.1150223485576923 0.6879392932692308 0.15848865625
1 0 0.50407109375 0.009057216346153847 0.505668125 0.0161659375 0.4653525576923077 0.0007783173076923078 0.46263930528846153 0 0.4670533629807692 0 0.50407109375
1 0 0.5358031754807693 0.14458131971153845 0.5612967644230769 0.1561397764423077 0.4957454975961539 0.0068798509615384616 0.46942694471153845 0 0.5084445192307693 0 0.5358031754807693
1 0.22615472596153846 0.6147108173076923 0.24008275721153846 0.5357210264423077 0.02150159855769231 0.49717927163461534 0.007573567307692307 0.5761690600961539 0.22615472596153846 0.6147108173076923
1 0.25183621875 0.6355282908653846 0.26645160576923077 0.5526403052884615 0.038945627403846154 0.5125248629807693 0.024330240384615384 0.5954128485576923 0.25183621875 0.6355282908653846
1 0.32644320192307696 0.7761407091346153 0.3565241298076923 0.60554328125 0.10485958653846154 0.5611680336538462 0.07477865625 0.7317654615384614 0.32644320192307696 0.7761407091346153
1 0.4656487572115384 0.8792761923076923 0.4989494134615385 0.6904187908653847 0.15011204086538463 0.6289093509615384 0.11681138701923076 0.8177667524038461 0.4656487572115384 0.8792761923076923
1 0.6046882355769231 1 0.6379990120192307 0.8110851947115385 0.23561272115384616 0.7401336346153846 0.19818792067307692 0.9523802211538462 0.4682531081730769 1 0.6046882355769231 1