1 0.3142811225961539 0.23665309375000002 0.3033709975961539 0.18939614423076925 0.2105774735576923 0.21081921875 0.22148759855769232 0.2580761658653846 0.3142811225961539 0.23665309375000002
1 0.11174365624999999 0.18732482932692307 0.1265623076923077 0.25151145673076925 0.2025327235576923 0.23397230528846155 0.18771407211538463 0.16978567788461538 0.11174365624999999 0.18732482932692307
1 0.11704787259615385 0.21342560096153845 0.10144189423076923 0.14582867788461537 0.025471478365384617 0.16336783173076921 0.04107745673076923 0.23096475480769232 0.11704787259615385 0.21342560096153845
1 0.44692193509615386 0 0.3451687379807692 0.023491576923076924 0.36440205288461536 0.10680021634615386 0.66615228125 0.0371356875 0.6575788317307693 0 0.44692193509615386 0
1 0.7164412932692308 0.08825839182692308 0.6995699639423076 0.01518063701923077 0.5216713028846154 0.056251778846153844 0.5385426322115385 0.12932953365384614 0.7164412932692308 0.08825839182692308
1 0.7681531658653846 0.12609551442307693 0.7582834375 0.08334502884615384 0.6211104014423078 0.11501391826923077 0.6309801298076922 0.15776440625 0.7681531658653846 0.12609551442307693
1 0.8186788629807692 0.47761410576923075 0.8084154711538462 0.4331584711538462 0.6877610528846153 0.4610137379807692 0.6980244447115385 0.5054693725961539 0.8186788629807692 0.47761410576923075
1 0.8265281802884614 0.45604559375 0.8180643966346154 0.41938491826923074 0.7980441370192307 0.4240069591346154 0.806507920673077 0.46066763461538457 0.8265281802884614 0.45604559375
1 0.8338309735576923 0.4387084735576923 0.8262669927884615 0.40594527884615383 0.8126410360576923 0.4090910793269231 0.820205016826923 0.4418542716346154 0.8338309735576923 0.4387084735576923
1 0.7968739471153847 0.5213911466346154 0.7793840024038462 0.445633875 0.6269864326923076 0.48081762499999997 0.6444763774038461 0.5565748966346153 0.7968739471153847 0.5213911466346154
1 0.7813626754807692 0.5768005625 0.7591768774038462 0.48070331490384616 0.6229173125 0.5121613149038462 0.645103110576923 0.6082585625 0.7813626754807692 0.5768005625
1 0.7636962163461539 0.6541316418269231 0.73195 0.5166236658653847 0.5942441057692307 0.548415576923077 0.6259903221153846 0.6859235528846154 0.7636962163461539 0.6541316418269231
1 0.7177832692307693 0.7223328004807693 0.68856775 0.5957864879807693 0.58991278125 0.61856278125 0.6191283004807692 0.7451090937499999 0.7177832692307693 0.7223328004807693
1 0.6879888221153846 0.8784103485576923 0.6385839471153846 0.6644143221153846 0.19501719951923077 0.7668197764423077 0.24442207692307694 0.9808158004807692 0.6879888221153846 0.8784103485576923