1 0.9388652475961539 0.5026980192307693 0.9247933004807692 0.4025709158653846 0.7364102740384616 0.4290464230769231 0.7504822211538461 0.5291735264423078 0.9388652475961539 0.5026980192307693
1 0.5553757596153847 0.2338698894230769 0.5470833629807692 0.17486641826923074 0.46182747115384615 0.1868483533653846 0.47011986778846154 0.24585182451923077 0.5553757596153847 0.2338698894230769
1 0.6062070024038462 0.1947481514423077 0.60164521875 0.16228936538461539 0.546406826923077 0.17005261298076924 0.5509686129807693 0.2025114014423077 0.6062070024038462 0.1947481514423077
1 0.666221701923077 0.19795470432692308 0.6616599182692308 0.16549591826923077 0.6000002572115385 0.17416161778846154 0.6045620432692307 0.20662040625 0.666221701923077 0.19795470432692308
1 0.7067023028846153 0.1980159326923077 0.7013480048076922 0.1599181201923077 0.6616599182692308 0.16549591826923077 0.6670142163461539 0.2035937283653846 0.7067023028846153 0.1980159326923077
1 0.7390992427884615 0.18771243509615385 0.7350786874999999 0.15910468990384616 0.7024307860576923 0.1636930528846154 0.70645134375 0.19230079807692307 0.7390992427884615 0.18771243509615385
1 0.7760009975961538 0.19711262740384614 0.7711685985576923 0.16272831971153845 0.7357355697115384 0.1677081081730769 0.74056796875 0.20209241586538462 0.7760009975961538 0.19711262740384614
1 0.8024785889423077 0.19914185096153847 0.7983420552884616 0.1697088846153846 0.7704907668269231 0.1736231298076923 0.7746273004807692 0.20305609615384615 0.8024785889423077 0.19914185096153847
1 0.5954044182692309 0 0.6105078966346154 0.10746683413461539 0.8408225889423077 0.07509821394230769 0.8302682235576923 0 0.5954044182692309 0
1 0.6688535961538461 0 0.6820511875 0.09390573557692307 0.8879186346153846 0.06497295192307692 0.87878728125 0 0.6688535961538461 0
1 0.7462474134615384 0 0.7655038221153846 0.1370164783653846 0.9302132548076922 0.11386807692307693 0.9142101394230769 0 0.7462474134615384 0
1 0.9521051466346153 0.13884213942307694 0.9355396826923077 0.020972730769230768 0.8081200336538461 0.038880394230769236 0.8246854975961538 0.1567498028846154 0.9521051466346153 0.13884213942307694
1 0.9940503725961538 0.43729793028846153 0.9852167475961539 0.3744434182692308 0.9144280528846154 0.3843921201923077 0.9232616778846154 0.44724663221153843 0.9940503725961538 0.43729793028846153
1 0.3625258629807692 0.01524846875 0.3685760264423077 0.05829762019230769 0.4285336634615385 0.049871122596153845 0.4224835 0.006821971153846154 0.3625258629807692 0.01524846875
1 0.43918831971153843 0.31092887740384617 0.4343365913461538 0.27640703365384617 0.39078026923076925 0.28252847596153846 0.39563199759615386 0.31705031971153846 0.43918831971153843 0.31092887740384617
1 0.4899208317307692 0.2963654350961539 0.4860935721153846 0.26913306490384614 0.43023626201923076 0.27698329807692307 0.43406352403846155 0.3042156682692308 0.4899208317307692 0.2963654350961539
1 0.5480060649038461 0.4778252644230769 0.5411827163461539 0.4292746225961538 0.4474167091346154 0.44245257692307693 0.4542400576923077 0.49100321875 0.5480060649038461 0.4778252644230769
1 0 0.39677643028846155 0.049345641826923074 0.3898413533653846 0.04020274278846154 0.3247862427884615 0 0.3304363677884616 0 0.39677643028846155
1 0 0.1538567980769231 0.03149444711538461 0.14943054326923078 0.019896689903846153 0.06690820192307692 0 0.0697045 0 0.1538567980769231
1 0.08416186298076923 0.12505790625 0.07443907451923076 0.05587667788461538 0.0007105240384615385 0.06623855048076924 0.010433310096153846 0.13541977884615386 0.08416186298076923 0.12505790625
1 0.153953125 0.24891128365384615 0.1457960360576923 0.1908705721153846 0.10425119471153846 0.1967093173076923 0.11240828605769232 0.25475002884615383 0.153953125 0.24891128365384615
1 0.1775561370192308 0.3977695024038462 0.17297502403846154 0.3651731754807692 0.12121804326923077 0.3724471442307692 0.12579915865384617 0.40504347115384615 0.1775561370192308 0.3977695024038462
2 0 0.5097026033653846 0.047992379807692304 0.8511861322115385 0.1475607403846154 0.8371927115384616 0.07484279567307692 0.3197776466346154 0 0.3302961129807693 0 0.5097026033653846
2 0.11224096153846154 0.4073697115384615 0.13845189423076923 0.5938701995192308 0.2443641610576923 0.5789851995192308 0.21815322596153844 0.39248471394230766 0.11224096153846154 0.4073697115384615
2 0.25181244471153846 0.5545160216346153 0.2282689951923077 0.38699567548076924 0.18092180288461537 0.39364988942307694 0.20446525240384616 0.5611702355769231 0.25181244471153846 0.5545160216346153
2 0.22996921153846153 0.4086363221153846 0.24425378605769232 0.5102763365384615 0.28309086057692306 0.5048181418269231 0.2688062884615384 0.4031781274038462 0.22996921153846153 0.4086363221153846
2 0.4409303677884615 0.5287787548076923 0.4033149711538462 0.26113130048076927 0.31171517307692304 0.2740048125 0.3493305697115385 0.5416522668269231 0.4409303677884615 0.5287787548076923
2 0.37702953846153847 0.5085866346153846 0.3560375961538461 0.35922119951923076 0.30776202644230766 0.36600588942307694 0.32875397115384614 0.5153713221153846 0.37702953846153847 0.5085866346153846