1 0.8717437956730769 0.237697875 0.8723328149038461 0.20395301442307692 0.816247608173077 0.20297404326923077 0.8156585889423076 0.23671890384615385 0.8717437956730769 0.237697875
1 0.8340140360576923 0.2952981706730769 0.833466466346154 0.3266683942307692 0.8468238076923077 0.3269015456730769 0.847371377403846 0.29553132451923075 0.8340140360576923 0.2952981706730769
1 0.8221159350961538 0.2830886610576923 0.8213698437500001 0.3258321514423077 0.8401169879807693 0.32615938221153845 0.8408630793269231 0.28341589423076924 0.8221159350961538 0.2830886610576923
1 0.8104687788461539 0.27888475 0.8096070673076923 0.32825223076923077 0.8284323245192307 0.32858082692307694 0.8292940360576923 0.2792133461538462 0.8104687788461539 0.27888475
1 0.7902474807692308 0.26452965384615384 0.7891174375 0.32926979086538466 0.8150509855769231 0.3297224639423077 0.816181028846154 0.26498232451923076 0.7902474807692308 0.26452965384615384
1 0.7679891177884616 0.24601337259615383 0.7668110817307692 0.31350309134615384 0.7952442500000001 0.3139993942307692 0.7964222884615384 0.2465096754807692 0.7679891177884616 0.24601337259615383
1 0.731485389423077 0.23337436778846155 0.7302615408653845 0.3034886875 0.7703335600961538 0.30418814903846153 0.7715574110576923 0.23407382932692308 0.731485389423077 0.23337436778846155
1 0.6883577403846155 0.21524392548076923 0.6870989855769231 0.2873579423076923 0.7422468365384615 0.2883205504807692 0.7435055913461538 0.2162065360576923 0.6883577403846155 0.21524392548076923
1 0.6246561610576923 0.17162553605769232 0.6230439951923077 0.26398646875 0.6938144639423077 0.26522177163461536 0.6954266298076923 0.1728608389423077 0.6246561610576923 0.17162553605769232
1 0.5344165360576923 0.0950389735576923 0.53180521875 0.24464118509615387 0.6460846875 0.24663593990384614 0.6486960024038461 0.09703372836538461 0.5344165360576923 0.0950389735576923
1 0.34170687980769227 0.002411620192307692 0.33800042548076925 0.21475427403846153 0.5446876923076923 0.21836201201923075 0.5483941466346154 0.006019358173076922 0.34170687980769227 0.002411620192307692
1 0.012401939903846155 0 0.010372415865384614 0.11627137740384616 0.3383693269230769 0.1219965841346154 0.3404570721153846 0.0023898028846153847 0.2035453389423077 0 0.012401939903846155 0
1 0.3156148846153846 0.9958575576923077 0.3169739903846154 0.9179944182692308 0.19355529086538462 0.9158401370192307 0.19219618509615385 0.9937032764423077 0.3156148846153846 0.9958575576923077
1 0.5090146201923077 0.9952327524038461 0.51326428125 0.7517698389423076 0.2426023846153846 0.7470454182692308 0.2383527235576923 0.9905083317307692 0.5090146201923077 0.9952327524038461
1 0.6066563653846153 0.8312868677884615 0.6097563509615385 0.6536889206730769 0.49875763221153846 0.6517514302884616 0.49565764903846155 0.8293493774038462 0.6066563653846153 0.8312868677884615
1 0.68086959375 0.7248158509615384 0.6832038533653846 0.5910862211538461 0.6071216947115384 0.5897582019230769 0.6047874350961538 0.7234878317307692 0.68086959375 0.7248158509615384
1 0.7258385408653846 0.6598407716346154 0.7274725216346154 0.56623003125 0.6733401418269231 0.5652851466346154 0.6717061610576922 0.6588958870192307 0.7258385408653846 0.6598407716346154
1 0.759963766826923 0.6073033365384616 0.7613141466346154 0.5299401201923077 0.7071817692307693 0.5289952355769231 0.7058313870192308 0.6063584519230769 0.759963766826923 0.6073033365384616
1 0.7799593173076923 0.5763975985576922 0.7809671947115385 0.5186563942307691 0.740582721153846 0.5179514807692308 0.73957484375 0.5756926850961539 0.7799593173076923 0.5763975985576922
1 0.7854402548076924 0.5533647475961538 0.78616453125 0.5118710673076923 0.7637460697115385 0.5114797524038461 0.7630217956730768 0.5529734302884616 0.7854402548076924 0.5533647475961538
1 0.8081012908653846 0.5353824975961539 0.8087273966346153 0.49951296153846153 0.7741232908653846 0.49890894471153846 0.7734971875000001 0.5347784807692307 0.8081012908653846 0.5353824975961539
1 0.8171912379807692 0.11310182451923077 0.8186725120192307 0.02823975 0.6264361706730769 0.024884252403846154 0.6249548966346155 0.10974632692307693 0.8171912379807692 0.11310182451923077
1 0.6007735552884615 0.0044332644230769234 0.5998442139423077 0.05767515384615385 0.7796605745192308 0.060813860576923076 0.7805899134615385 0.007571971153846154 0.6007735552884615 0.0044332644230769234
1 0.8531561923076924 0.17898953365384618 0.8538281105769231 0.14049539663461538 0.7606391802884616 0.13886877884615384 0.7599672620192308 0.1773629158653846 0.8531561923076924 0.17898953365384618