1 1 0.6560992620192307 0.8364016826923077 0.6790915072115384 0.867406358173077 0.8997012283653846 1 0.88106640625 1 0.6560992620192307
1 0.8360391899038462 0.6186930528846154 0.8150472475961539 0.4693276177884615 0.5416404230769231 0.5077524399038462 0.5626323653846154 0.6571178750000001 0.8360391899038462 0.6186930528846154
1 0.5560657668269231 0.5441546418269231 0.5480246538461538 0.4869391538461538 0.43344754326923074 0.5030419158653846 0.44148865625 0.5602574038461539 0.5560657668269231 0.5441546418269231
1 0.45953627403846153 0.5298104639423077 0.4543752716346154 0.4930880240384615 0.4035466682692308 0.500231516826923 0.4087076706730769 0.5369539591346154 0.45953627403846153 0.5298104639423077
1 0.41037274759615383 0.5156818725961538 0.4068354326923077 0.49051256009615385 0.3874942596153846 0.4932307836538462 0.3910315745192308 0.5184000961538462 0.41037274759615383 0.5156818725961538
1 0.3814991201923077 0.4864996394230769 0.3852104038461538 0.5129067884615385 0.39341106009615384 0.5117542596153846 0.3896997788461538 0.48534711298076927 0.3814991201923077 0.4864996394230769
1 0.38876973557692307 0.5056743725961538 0.3856190096153846 0.4832558028846154 0.36960451923076926 0.48550649278846153 0.37275524278846156 0.5079250625 0.38876973557692307 0.5056743725961538
1 0.48033543509615384 0.20290098557692307 0.47204303846153844 0.1438975144230769 0.34547439903846155 0.16168557451923077 0.3537667980769231 0.22068904807692308 0.48033543509615384 0.20290098557692307
1 0.46155162499999997 0.24831829567307692 0.45312392067307694 0.18835206249999997 0.33622587019230765 0.20478101442307692 0.3446535745192308 0.2647472451923077 0.46155162499999997 0.24831829567307692
1 0.3508376802884615 0.09094515384615386 0.3614109711538462 0.16617802163461537 0.5244183798076923 0.1432688245192308 0.5138450889423077 0.06803595673076923 0.3508376802884615 0.09094515384615386
1 0.5239161033653846 0 0.3698942355769231 0.021646362980769232 0.3835795913461538 0.1190227235576923 0.5696416778846154 0.09287340384615385 0.556589170673077 0 0.5239161033653846 0
1 0.5139365216346155 0 0.3982485120192308 0.016258889423076923 0.40422135576923074 0.05875789423076923 0.56475309375 0.03619662980769231 0.5596659903846154 0 0.5139365216346155 0
1 0.6824775024038462 0.08402805048076924 0.6713049951923077 0.00453153125 0.53545259375 0.023624341346153845 0.5466251009615385 0.10312086057692307 0.6824775024038462 0.08402805048076924
1 0.6064774783653847 0.19835673798076922 0.5956722331730769 0.12147342548076923 0.4427996009615385 0.14295827163461539 0.4536048461538461 0.21984158653846153 0.6064774783653847 0.19835673798076922
1 0.5335006971153846 0.23932854567307693 0.5257881875 0.18445118990384615 0.42080429807692304 0.19920571153846153 0.4285168076923077 0.25408306971153843 0.5335006971153846 0.23932854567307693
1 0 0.27798143509615386 0.10546418990384615 0.2631594110576923 0.08559336538461539 0.12177113701923077 0 0.13380050000000002 0 0.27798143509615386
1 0.16780969471153848 0.14654212740384615 0.15779696153846154 0.07529784134615385 0.05977589663461538 0.08907380288461539 0.06978862740384616 0.16031808894230767 0.16780969471153848 0.14654212740384615
1 0.1756274855769231 0.33184074759615384 0.16725776923076924 0.27228712740384614 0.07790154807692308 0.2848453245192308 0.08627126442307692 0.3443989471153846 0.1756274855769231 0.33184074759615384
1 0.1845241466346154 0.3339564951923077 0.17860928846153845 0.2918701009615385 0.11029626442307693 0.3014708701923077 0.11621112259615383 0.34355726442307694 0.1845241466346154 0.3339564951923077
1 0.1987381153846154 0.35369819711538464 0.19282325721153845 0.3116118028846154 0.13069940865384616 0.3203427403846154 0.13661426682692307 0.3624291346153846 0.1987381153846154 0.35369819711538464
1 0.38911454326923073 0.3116548653846154 0.3847653846153846 0.28070898798076926 0.32449828846153844 0.28917897596153846 0.3288474471153846 0.32012485336538465 0.38911454326923073 0.3116548653846154
1 0.1365615985576923 0.7662273100961539 0.12136853365384616 0.658123048076923 0.06326764903846153 0.66628859375 0.07846071394230769 0.7743928581730769 0.1365615985576923 0.7662273100961539
1 0.09928725480769231 0.8187314182692307 0.08361095192307692 0.7071887235576924 0.02883675 0.7148867355769231 0.044513052884615385 0.8264294302884616 0.09928725480769231 0.8187314182692307
1 0.1637995721153846 0.6945164110576924 0.15428941105769228 0.6268480913461538 0.115142875 0.6323497788461538 0.12465303846153845 0.7000180961538462 0.1637995721153846 0.6945164110576924
1 0.18498136298076923 0.6526891923076923 0.1778100841346154 0.6016628798076923 0.14694156971153846 0.6060011658653847 0.15411285096153846 0.6570274783653847 0.18498136298076923 0.6526891923076923
1 0.20055284855769231 0.6282004038461538 0.19413542307692305 0.5825380432692308 0.1662067692307692 0.5864631586538461 0.17262419471153848 0.6321255216346154 0.20055284855769231 0.6282004038461538
1 0.20976086778846154 0.607270766826923 0.20400064663461537 0.5662846706730769 0.18164225240384616 0.5694269375000001 0.18740247115384617 0.6104130336538461 0.20976086778846154 0.607270766826923
1 0.22113514423076924 0.5854756634615385 0.21667000721153845 0.5537045625 0.1980251153846154 0.5563249302884615 0.2024902548076923 0.5880960336538462 0.22113514423076924 0.5854756634615385
1 0.23467517067307692 0.5689863389423077 0.23067394230769228 0.5405161322115385 0.2048341346153846 0.5441476802884615 0.20883536298076924 0.5726178870192308 0.23467517067307692 0.5689863389423077
1 0.24103969951923077 0.5525236850961538 0.23833355769230768 0.5332684759615385 0.22727040625 0.5348233004807692 0.2299765504807692 0.5540785096153846 0.24103969951923077 0.5525236850961538
1 0.2461848004807692 0.5475929759615384 0.24353664423076923 0.528750375 0.23502652884615383 0.5299463942307692 0.2376746826923077 0.5487889951923077 0.2461848004807692 0.5475929759615384
1 0.25078881009615384 0.53712815625 0.2487205432692308 0.5224116706730769 0.24067461538461538 0.5235424519230769 0.24274288221153845 0.5382589375 0.25078881009615384 0.53712815625
1 0.2246536201923077 0.37025256009615387 0.2204397668269231 0.34026944471153847 0.17781182211538463 0.3462604110576923 0.18202567307692308 0.37624352884615386 0.2246536201923077 0.37025256009615387