1 0.9170905793269231 1 0.9598474254807693 0.7575138822115384 0.6879481586538462 0.7095707043269232 0.644970235576923 0.9533106250000001 0.9097588437499999 1 0.9170905793269231 1
1 0.7555317548076924 0.7883364350961538 0.7849795913461539 0.6213294543269231 0.5574736129807693 0.5812140120192308 0.5280257764423077 0.7482209927884615 0.7555317548076924 0.7883364350961538
1 0.5832840168269231 0.6719353124999999 0.6012035456730769 0.5703086225961539 0.4869504591346154 0.5501627211538461 0.46903093028846154 0.6517894110576923 0.5832840168269231 0.6719353124999999
1 0.5060779951923077 0.6193971225961538 0.5262887139423077 0.5047764423076923 0.4488889807692308 0.49112878125 0.4286782620192308 0.6057494615384615 0.5060779951923077 0.6193971225961538
1 0.4617498581730769 0.5702586538461538 0.4716140384615385 0.5143161009615385 0.4108329350961538 0.5035987548076923 0.4009687548076923 0.5595413052884616 0.4617498581730769 0.5702586538461538
1 0.4157229158653846 0.5415522644230769 0.4242365 0.4932693317307692 0.3911531153846154 0.48743583894230774 0.38263953125 0.5357187716346153 0.4157229158653846 0.5415522644230769
1 0.3778107307692308 0.4821215528846154 0.370623625 0.5228816514423077 0.3892426466346154 0.5261646875 0.39642975240384615 0.4854045889423077 0.3778107307692308 0.4821215528846154
1 0.3822269086538462 0.4975675168269231 0.3885940072115384 0.4614579014423077 0.36674358653846156 0.4576050817307692 0.3603764855769231 0.49371469951923075 0.3822269086538462 0.4975675168269231
1 0 0.6394613076923077 0.032451680288461536 0.6451834134615384 0.052493574519230764 0.5315201875000001 0 0.5222641538461539 0 0.6394613076923077
1 0 0.6578126346153846 0.015679519230769233 0.5688896634615385 0 0.5661249423076924 0 0.6578126346153846
1 0.1035121298076923 0.5697096490384616 0.11653574278846154 0.49584906971153847 0.035519918269230774 0.48156379326923077 0.02249630528846154 0.5554243750000001 0.1035121298076923 0.5697096490384616
1 0.1308777451923077 0.5296869375 0.13874014903846155 0.48509703125 0.11527402644230769 0.4809593197115385 0.10741162259615386 0.5255492283653846 0.1308777451923077 0.5296869375
1 0.1498955985576923 0.5154113629807692 0.15691387740384616 0.47560871634615387 0.1276004591346154 0.4704399711538461 0.12058218028846154 0.5102426153846154 0.1498955985576923 0.5154113629807692
1 0.16131372115384618 0.5037446346153847 0.16833199999999998 0.46394198798076924 0.14271161057692308 0.4594244230769231 0.13569333173076922 0.4992270673076923 0.16131372115384618 0.5037446346153847
1 0.17440733653846152 0.48842445913461535 0.17925501682692307 0.46093190624999997 0.16171312740384616 0.45783879807692307 0.1568654495192308 0.48533135096153845 0.17440733653846152 0.48842445913461535
1 0.18430303365384615 0.46379644951923077 0.18982601201923074 0.43247409134615383 0.17651571875 0.4301271298076923 0.17099274278846155 0.46144948557692306 0.18430303365384615 0.46379644951923077
1 0.18066922115384615 0.48755415625 0.1866745528846154 0.45349622115384614 0.17490302403846153 0.45142058173076927 0.16889768990384615 0.48547851923076923 0.18066922115384615 0.48755415625
1 0.26024371875 0.45377561778846154 0.2654290456730769 0.4243681634615385 0.23342279326923077 0.41872459855769234 0.22823746634615386 0.4481320504807692 0.26024371875 0.45377561778846154
1 0.26675552403846153 0.4168453269230769 0.26275196875 0.43955061538461543 0.2920653870192308 0.4447193629807692 0.2960689423076923 0.4220140721153846 0.26675552403846153 0.4168453269230769
1 0.28032606490384615 0.3272856586538462 0.28399197115384617 0.3064952716346154 0.2579099543269231 0.30189631009615386 0.2542440480769231 0.32268669471153844 0.28032606490384615 0.3272856586538462
1 0.6150150673076923 0.2071903870192308 0.6243727740384616 0.1541201923076923 0.4223333100961538 0.11849518509615384 0.41297560336538464 0.17156537740384614 0.6150150673076923 0.2071903870192308
1 0.43519888701923076 0.07972357211538461 0.4243217572115385 0.14141083653846154 0.6168208966346154 0.17535362740384614 0.6276980264423078 0.11366636538461537 0.43519888701923076 0.07972357211538461
1 0.6525199471153846 0.13665929326923076 0.6679312235576924 0.04925760576923077 0.4713543629807692 0.01459580048076923 0.45594308653846155 0.10199749038461539 0.6525199471153846 0.13665929326923076
1 0.07868369230769232 0.07750386057692307 0.06293476923076922 0.1668204519230769 0.18157332692307693 0.18773962980769232 0.19732225240384615 0.09842303846153846 0.07868369230769232 0.07750386057692307
1 0.19081888461538463 0.2284355889423077 0.2048795625 0.14869351682692306 0.10716816826923077 0.13146436298076922 0.0931074903846154 0.21120643509615386 0.19081888461538463 0.2284355889423077
1 0.20114535096153846 0.2531035216346154 0.21453073076923077 0.17719125721153844 0.12528252884615385 0.16145439182692306 0.11189714663461539 0.23736665625 0.20114535096153846 0.2531035216346154
1 0.21795333894230767 0.26170848317307693 0.2262980985576923 0.21438300000000002 0.13835784375 0.19887675961538462 0.13001308413461538 0.24620224278846156 0.21795333894230767 0.26170848317307693
1 0.32162918990384615 0.22216642788461538 0.3267903990384615 0.19289575480769233 0.3014008245192308 0.18841888701923076 0.2962396153846154 0.21768956009615387 0.32162918990384615 0.22216642788461538
1 0.4272289543269231 0.27294169471153845 0.43294487499999995 0.2405251033653846 0.3626234471153846 0.22812553846153844 0.3569075264423077 0.26054212740384614 0.4272289543269231 0.27294169471153845
1 0.3857162043269231 0.1835415576923077 0.3789391009615385 0.22197641346153846 0.45980105048076925 0.2362345576923077 0.4665781538461538 0.19779969951923076 0.3857162043269231 0.1835415576923077
1 0.48007780528846156 0.20582131250000002 0.48654137499999994 0.16916457932692308 0.4097571466346154 0.1556254495192308 0.40329357451923076 0.19228218028846153 0.48007780528846156 0.20582131250000002
1 0.35893037980769227 0.45467605528846156 0.3529009302884616 0.48887077163461534 0.36367226442307693 0.49077004807692304 0.3697017163461539 0.45657533173076925 0.35893037980769227 0.45467605528846156
1 0.3602469206730769 0.48410171153846154 0.3653598942307692 0.45510459375 0.35089553125 0.45255413701923075 0.34578255769230765 0.4815512548076923 0.3602469206730769 0.48410171153846154
1 0.3398864086538461 0.45470284615384615 0.33559343990384616 0.47904948076923076 0.3481343509615385 0.48126078125 0.3524273197115385 0.45691414663461544 0.3398864086538461 0.45470284615384615
1 0.346730125 0.47212819471153844 0.3518430985576923 0.4431310793269231 0.3373787355769231 0.4405806201923077 0.3322657596153846 0.4695777379807692 0.346730125 0.47212819471153844
1 0.3321698677884615 0.4417776298076923 0.3284557259615385 0.46284157451923075 0.3351493413461538 0.4640218389423077 0.3388634807692308 0.44295789423076926 0.3321698677884615 0.4417776298076923
1 0.18879056490384613 0.4716392956730769 0.19402412740384617 0.44195828365384615 0.18179096875 0.43980124759615385 0.17655740625 0.4694822596153846 0.18879056490384613 0.4716392956730769