1 0.9807877403846154 0.5800785048076923 0.9902054038461539 0.47243413461538464 0.7083134350961539 0.4477717836538462 0.6988957716346154 0.5554161538461538 0.9807877403846154 0.5800785048076923
1 0.9854922908653846 0.6069797908653846 0.9904472572115384 0.5503442764423077 0.7101118437499999 0.5258181057692307 0.7051568774038461 0.5824536201923076 0.9854922908653846 0.6069797908653846
1 0.9806493557692307 0.6802624903846154 0.9895828173076923 0.5781525336538461 0.7131387884615384 0.5539668149038461 0.7042053269230769 0.6560767716346153 0.9806493557692307 0.6802624903846154
1 0.978219341346154 0.7259653533653846 0.9870398245192308 0.6251467596153847 0.7121523509615385 0.6010972211538461 0.7033318653846153 0.7019158149038461 0.978219341346154 0.7259653533653846
1 0.9726671971153846 0.7894266466346154 0.9817217115384616 0.6859330865384615 0.710673735576923 0.6622194591346153 0.7016192211538462 0.7657130216346153 0.9726671971153846 0.7894266466346154
1 0.9686896490384616 0.8169625384615385 0.9770259350961539 0.7216783629807693 0.7044732932692307 0.6978330961538461 0.6961370072115384 0.7931172716346153 0.9686896490384616 0.8169625384615385
1 0.96305134375 0.9083001778846154 0.9742847524038462 0.77990175 0.705571608173077 0.7563923966346154 0.6943382019230769 0.8847908245192309 0.96305134375 0.9083001778846154
1 0.9379902019230768 0.9533243221153846 0.9500628846153846 0.8153329086538462 0.7015330600961539 0.7935893653846153 0.6894603774038461 0.93158078125 0.9379902019230768 0.9533243221153846
1 0.7348001754807693 0.7533727884615384 0.7428943629807693 0.6608558173076923 0.64815209375 0.6525669447115384 0.6400579086538462 0.7450839134615385 0.7348001754807693 0.7533727884615384
1 0.7378871730769231 0.78979896875 0.7433263365384615 0.7276290408653847 0.6384664663461539 0.7184549903846154 0.6330273004807693 0.7806249206730769 0.7378871730769231 0.78979896875
1 0.04586014903846154 0 0.03336800480769231 0.1427858485576923 0.2253430264423077 0.1595814879807692 0.23930459615384617 0 0.04586014903846154 0
1 0.042148105769230775 0 0.03954567067307692 0.02974596875 0.14108489182692308 0.0386295 0.14446453605769233 0 0.042148105769230775 0
1 0.13040060096153847 0 0.12494889423076924 0.06231327884615385 0.2218703389423077 0.07079280528846153 0.22806390625 0 0.13040060096153847 0
1 0.17640900961538464 0 0.17423123798076923 0.024892045673076922 0.23478119711538462 0.030189480769230767 0.23742243509615385 0 0.17640900961538464 0
1 0.23083486778846155 0 0.22476550961538463 0.06937306730769231 0.2704763173076923 0.07337224519230769 0.27689555769230767 0 0.23083486778846155 0
1 0.23554027163461538 0 0.23378488942307693 0.020064117788461535 0.27482603365384617 0.023654752403846156 0.27689555769230767 0 0.23554027163461538 0
1 0.2701009663461539 0.12009138701923076 0.2782193629807692 0.02729769471153846 0.22607479567307692 0.022735637019230766 0.21795639903846153 0.11552932692307692 0.2701009663461539 0.12009138701923076
1 0.23001621153846155 0.06314031249999999 0.22160729567307694 0.15925465384615387 0.27006801682692305 0.16349441586538463 0.2784769326923077 0.06738007692307692 0.23001621153846155 0.06314031249999999
1 0.04390235576923077 0.0869173076923077 0.03433943269230769 0.1962220048076923 0.26543585096153843 0.2164403221153846 0.2749987740384615 0.10713562259615385 0.04390235576923077 0.0869173076923077
1 0.134158 0.17158728125 0.12691116105769232 0.2544190264423077 0.30207539423076923 0.2697439110576923 0.3093222331730769 0.18691216586538462 0.134158 0.17158728125
1 0.2688016995192308 0.13494206490384617 0.26228115865384616 0.2094721875 0.3051901706730769 0.2132262403846154 0.3117107115384616 0.13869611778846153 0.2688016995192308 0.13494206490384617
1 0.2724251201923077 0.09352619230769231 0.26575931971153843 0.1697166418269231 0.30586653125 0.1732255673076923 0.3125323317307692 0.0970351201923077 0.2724251201923077 0.09352619230769231
1 0.2786221923076923 0.06571975 0.27152061298076924 0.14689117307692307 0.30789209615384616 0.15007326442307692 0.3149936754807693 0.06890184375 0.2786221923076923 0.06571975
1 0.2828890240384615 0.02770623798076923 0.2754969278846154 0.11219830528846154 0.31186840865384613 0.11538039903846155 0.3192605072115385 0.030888329326923078 0.2828890240384615 0.02770623798076923
1 0.27689555769230767 0 0.2710573557692308 0.06673094951923077 0.3139144831730769 0.07048046153846153 0.31985398557692307 0.0025916370192307697 0.2902314519230769 0 0.27689555769230767 0
1 0.2843719254807692 0 0.28210035096153846 0.025964204326923077 0.31567003605769234 0.028901170673076924 0.3181985625 0 0.2843719254807692 0
1 0.5154558581730769 0.2833002379807692 0.5171989735576923 0.26337634375 0.48165765384615383 0.2602668822115385 0.4799145384615385 0.28019077403846154 0.5154558581730769 0.2833002379807692
1 0.49381067788461536 0.3968458100961539 0.49567484134615386 0.3755383125 0.4571241826923077 0.3721655673076923 0.45526001923076925 0.39347306490384615 0.49381067788461536 0.3968458100961539
1 0.5363264927884616 0.39852064423076927 0.5382471466346154 0.37656746394230767 0.5056632764423077 0.3737167451923077 0.5037426225961539 0.3956699230769231 0.5363264927884616 0.39852064423076927
1 0.4799145384615385 0.28019077403846154 0.4813671346153846 0.26358752884615383 0.44089672596153845 0.2600468269230769 0.4394441298076923 0.2766500721153846 0.4799145384615385 0.28019077403846154
1 0.4451326995192308 0.24628959134615383 0.4437930817307692 0.26160147115384613 0.4827069375 0.26500599278846154 0.4840465528846154 0.2496941129807692 0.4451326995192308 0.24628959134615383
1 0.48009649278846156 0.26078092067307695 0.48219468749999994 0.23679845432692306 0.44623828605769233 0.23365267788461536 0.44414009134615384 0.2576351418269231 0.48009649278846156 0.26078092067307695
1 0.4452016754807693 0.22817110096153848 0.4440315288461539 0.2415459375 0.4814925985576923 0.24482335576923075 0.4826627451923077 0.23144851923076923 0.4452016754807693 0.22817110096153848
1 0.4797825745192308 0.23389198076923076 0.4812351706730769 0.2172887355769231 0.4460570456730769 0.21421104807692307 0.4446044495192308 0.23081429326923075 0.4797825745192308 0.23389198076923076
1 0.4475903894230769 0.2008679879807692 0.44601674278846154 0.21885483653846152 0.48197314423076926 0.22200061538461538 0.4835467908653846 0.20401376682692307 0.4475903894230769 0.2008679879807692
1 0.48391810336538466 0.20813588942307693 0.48554823798076924 0.18950335817307692 0.44663438221153845 0.18609883653846152 0.44500424759615387 0.20473136778846154 0.48391810336538466 0.20813588942307693
1 0.7135096995192308 0.3172650865384616 0.7180369567307692 0.26551830528846154 0.6047716923076923 0.2556088798076923 0.6002444375 0.3073556586538462 0.7135096995192308 0.3172650865384616
1 0.722175891826923 0.33772789182692303 0.7267031490384616 0.2859811105769231 0.6037353653846154 0.27522282451923075 0.5992081105769231 0.3269696033653846 0.722175891826923 0.33772789182692303
1 0.7249536201923077 0.3507975 0.7282784519230769 0.31279451442307693 0.5988250264423077 0.30146880769230766 0.5955001971153846 0.33947179086538465 0.7249536201923077 0.3507975
1 0.7607353269230769 0.40374719951923077 0.7638584086538462 0.36805022115384617 0.6143773197115384 0.3549723221153846 0.6112542379807693 0.3906692980769231 0.7607353269230769 0.40374719951923077
1 0.7583224038461539 0.43132703365384617 0.7625510721153846 0.38299314182692307 0.6201782475961538 0.3705371346153846 0.6159495793269231 0.4188710264423077 0.7583224038461539 0.43132703365384617
1 0.7514404302884615 0.45740052163461536 0.7548621009615384 0.41829065625 0.6099469014423077 0.40561221875 0.6065252331730769 0.44472208653846157 0.7514404302884615 0.45740052163461536
1 0.7482826033653847 0.4791525168269231 0.7521077716346153 0.43543063942307697 0.6142489519230769 0.42336955528846154 0.61042378125 0.4670914326923077 0.7482826033653847 0.4791525168269231
1 0.7173154783653846 0.49726321153846154 0.7193249014423077 0.4742953894230769 0.61062553125 0.4647854278846154 0.608616108173077 0.48775324999999997 0.7173154783653846 0.49726321153846154
1 0.7133680264423077 0.5352117211538462 0.7163861971153846 0.5007138677884615 0.6115263293269231 0.49153981730769225 0.6085081586538462 0.5260376706730769 0.7133680264423077 0.5352117211538462
1 0.7250769302884615 0.5501780600961539 0.7271912644230769 0.5260111129807693 0.6094119951923077 0.515706764423077 0.6072976610576923 0.5398737091346154 0.7250769302884615 0.5501780600961539
1 0.7194369206730769 0.592532858173077 0.7235606778846153 0.5453980913461538 0.6238893245192307 0.5366779783653846 0.6197655673076923 0.5838127451923077 0.7194369206730769 0.592532858173077
1 0.7299179543269231 0.6143627451923077 0.7322340360576922 0.5878897908653846 0.6202659038461539 0.5780938509615384 0.6179498221153845 0.6045668028846154 0.7299179543269231 0.6143627451923077
1 0.72750503125 0.6419425793269231 0.7306281105769231 0.6062456009615385 0.619334485576923 0.5965086706730769 0.6162114038461539 0.6322056490384615 0.72750503125 0.6419425793269231
1 0.7042748197115384 0.6839667355769231 0.708196829326923 0.6391379759615384 0.6150111177884615 0.63098528125 0.6110891081730769 0.6758140432692308 0.7042748197115384 0.6839667355769231
1 0.6304839423076923 0.6925681682692308 0.633800704326923 0.6546574230769231 0.6208294182692308 0.6535225841346153 0.61751265625 0.691433329326923 0.6304839423076923 0.6925681682692308
1 0.6062063485576923 0.693976110576923 0.6030913389423077 0.7295808485576922 0.6406561778846154 0.7328673461538462 0.6437711899038461 0.6972626081730768 0.6062063485576923 0.693976110576923
1 0.6006254471153846 0.6609566490384615 0.5979058653846153 0.6920416129807693 0.6212022932692308 0.6940797860576923 0.623921875 0.6629948221153845 0.6006254471153846 0.6609566490384615
1 0.6181107379807693 0.6624864134615385 0.6202250721153846 0.63831946875 0.6021171610576923 0.6367352307692309 0.6000028269230769 0.6609021754807693 0.6181107379807693 0.6624864134615385
1 0.6053268725961538 0.6149877740384615 0.6025023798076923 0.6472718629807692 0.61734153125 0.6485701201923076 0.6201660216346153 0.6162860336538463 0.6053268725961538 0.6149877740384615
1 0.6225585288461539 0.6188190072115384 0.6246728629807692 0.5946520600961539 0.605942329326923 0.5930133509615385 0.6038279951923077 0.6171802980769231 0.6225585288461539 0.6188190072115384
1 0.6077500024038461 0.5723515360576923 0.605740579326923 0.5953193581730769 0.621876858173077 0.5967310985576924 0.62388628125 0.5737632764423076 0.6077500024038461 0.5723515360576923
1 0.6334665192307691 0.5688387716346154 0.635484014423077 0.5457787067307692 0.6082961995192308 0.5434000817307691 0.6062787043269231 0.5664601442307693 0.6334665192307691 0.5688387716346154
1 0.6179763774038461 0.4028756947115385 0.6200907115384615 0.37870875000000004 0.601982795673077 0.37712451201923075 0.5998684615384615 0.4012914591346154 0.6179763774038461 0.4028756947115385
1 0.6118288629807692 0.42892049278846156 0.6140400384615384 0.4036466658653846 0.5997716225961539 0.4023983413461538 0.5975604495192308 0.42767216826923077 0.6118288629807692 0.42892049278846156
1 0.6098113701923077 0.45198055769230766 0.6118288629807692 0.42892049278846156 0.5975604495192308 0.42767216826923077 0.5955429543269231 0.45073223317307687 0.6098113701923077 0.45198055769230766
1 0.6093457788461538 0.47164443269230766 0.6110566129807693 0.45208950240384616 0.5955429543269231 0.45073223317307687 0.5938321201923077 0.4702871634615385 0.6093457788461538 0.47164443269230766
1 0.6078366923076923 0.48889335817307694 0.6093457788461538 0.47164443269230766 0.5964263774038462 0.4705141322115385 0.5949172932692307 0.4877630576923077 0.6078366923076923 0.48889335817307694
1 0.6136100408653846 0.5125420865384616 0.6156194639423076 0.4895742644230769 0.5949172932692307 0.4877630576923077 0.5929078677884616 0.5107308822115384 0.6136100408653846 0.5125420865384616
1 0.6110922067307692 0.5413210432692307 0.6136100408653846 0.5125420865384616 0.5929078677884616 0.5107308822115384 0.5903900360576924 0.5395098389423076 0.6110922067307692 0.5413210432692307
1 0.6068563725961538 0.5676260384615385 0.6091724567307693 0.5411530865384615 0.5903900360576924 0.5395098389423076 0.588073951923077 0.5659827908653846 0.6068563725961538 0.5676260384615385
1 0.5887760408653846 0.5579578894230769 0.5861613677884615 0.5878437307692308 0.60426928125 0.5894279663461538 0.6068839543269231 0.559542125 0.5887760408653846 0.5579578894230769
1 0.604950954326923 0.611515875 0.6076705384615384 0.5804309110576923 0.5882654927884615 0.5787331875 0.5855459110576923 0.6098181538461538 0.604950954326923 0.611515875
1 0.5845473725961539 0.6062917812499999 0.5821344495192308 0.6338716153846153 0.602214 0.6356283485576923 0.6046269230769231 0.608048514423077 0.5845473725961539 0.6062917812499999
1 0.5985315288461538 0.6550107860576924 0.601049360576923 0.626231826923077 0.5848611971153846 0.624815545673077 0.5823433629807693 0.6535945048076923 0.5985315288461538 0.6550107860576924
1 0.5826419543269231 0.6501816129807693 0.57982553125 0.6823734615384616 0.5999050817307693 0.6841301947115385 0.6027215024038461 0.6519383461538462 0.5826419543269231 0.6501816129807693
1 0.8680450048076923 0.3843222307692308 0.8700624975961537 0.3612621682692308 0.8021448485576923 0.3553201442307692 0.8001273533653847 0.3783802067307693 0.8680450048076923 0.3843222307692308
1 0.8434004086538462 0.45745259615384615 0.8450063341346153 0.4390967884615385 0.7938994711538462 0.4346255168269231 0.7922935456730769 0.45298132692307697 0.8434004086538462 0.45745259615384615
1 0.8935087331730769 0.45839749519230766 0.89551815625 0.4354296730769231 0.8398972884615384 0.4305634783653846 0.8378878629807692 0.4535313004807692 0.8935087331730769 0.45839749519230766
1 0.6719489014423077 0.24252508413461538 0.6765729975961539 0.18967142067307693 0.5976038149038462 0.18276251201923077 0.59297971875 0.23561617548076924 0.6719489014423077 0.24252508413461538
1 0.6667145288461539 0.2653037043269231 0.6718470336538461 0.20663890625 0.5999861153846153 0.20035189182692306 0.5948536105769231 0.2590166875 0.6667145288461539 0.2653037043269231
1 0.6725328293269232 0.2878410096153846 0.6775684951923077 0.23028309374999997 0.5992738173076924 0.22343319711538462 0.5942381538461539 0.28099111298076923 0.6725328293269232 0.2878410096153846
1 0.32677959615384616 0.37042830769230767 0.33136334134615386 0.31803584375 0.13876569951923076 0.30118573317307695 0.13418195192307694 0.3535781971153846 0.32677959615384616 0.37042830769230767
1 0.13119891586538462 0.3338914399038462 0.12733339663461538 0.37807452163461536 0.32460070192307694 0.39533317307692306 0.32846622115384616 0.35115009375 0.13119891586538462 0.3338914399038462
1 0.3256641298076923 0.42739973317307695 0.32916650000000003 0.3873674639423077 0.13350763461538462 0.37024953125000004 0.13000526442307692 0.41028180048076923 0.3256641298076923 0.42739973317307695
1 0.3209512644230769 0.4812680384615385 0.32554307932692306 0.4287833365384615 0.12210144471153847 0.4109845 0.11750962740384616 0.46346920192307695 0.3209512644230769 0.4812680384615385
1 0.32052711538461537 0.49507992548076923 0.32306108653846155 0.4661164855769231 0.12740222115384617 0.4489985528846154 0.12486825 0.4779619927884615 0.32052711538461537 0.49507992548076923
1 0.3176129014423077 0.5463172043269231 0.3220836682692308 0.49521610576923075 0.12720308173076925 0.47816626442307697 0.12273231490384616 0.5292673629807692 0.3176129014423077 0.5463172043269231
1 0.3193944639423077 0.5618092091346154 0.3227757836538461 0.5231605432692308 0.12633864182692306 0.5059745216346154 0.12295732211538463 0.5446231850961538 0.3193944639423077 0.5618092091346154
1 0.31630722355769236 0.6060603774038461 0.3205358894230769 0.5577264879807692 0.1349427403846154 0.5414891923076923 0.13071407451923076 0.5898230817307692 0.31630722355769236 0.6060603774038461
1 0.3193850552884615 0.6479695889423076 0.3242189711538461 0.5927176778846154 0.13317788461538463 0.5760037475961538 0.12834396875 0.6312556586538461 0.3193850552884615 0.6479695889423076
1 0.3150524302884615 0.6795640528846154 0.31975722596153844 0.6257879879807693 0.12638130769230768 0.6088697860576923 0.1216765096153846 0.6626458509615384 0.3150524302884615 0.6795640528846154
1 0.30669027884615385 0.7303246971153846 0.31321081971153847 0.6557945769230769 0.13228733413461538 0.6399658221153846 0.12576679326923076 0.7144959447115385 0.30669027884615385 0.7303246971153846
1 0.3130204543269231 0.7476088485576924 0.31700702163461536 0.7020421634615384 0.11823504807692307 0.6846518701923077 0.11424848076923078 0.7302185552884615 0.3130204543269231 0.7476088485576924
1 0.30659509615384617 0.7762318341346154 0.31106586298076927 0.7251307355769231 0.12158132692307692 0.7085529879807692 0.11711056249999999 0.7596540841346153 0.30659509615384617 0.7762318341346154
1 0.33309981490384616 0.7326352331730769 0.33744953125 0.6829177403846154 0.3141531033653846 0.6808795673076923 0.30980338701923077 0.7305970600961539 0.33309981490384616 0.7326352331730769
1 0.3142311947115385 0.6530954615384614 0.3104867259615384 0.6958949350961539 0.3384528173076923 0.6983416514423078 0.34219728605769234 0.6555421754807692 0.3142311947115385 0.6530954615384614
1 0.3325467908653846 0.6672456153846155 0.3361702091346154 0.6258297427884615 0.3214348293269231 0.6245405649038461 0.3178114110576923 0.6659564375 0.3325467908653846 0.6672456153846155
1 0.3219880985576923 0.6092528317307692 0.31945412740384616 0.6382162716346154 0.341194 0.6401182620192307 0.3437279735576923 0.6111548245192308 0.3219880985576923 0.6092528317307692
1 0.33750175480769234 0.6106101009615384 0.3395515288461538 0.5871810793269231 0.3124156033653846 0.5848069927884615 0.3103658293269231 0.608236014423077 0.33750175480769234 0.6106101009615384
1 0.31603902163461534 0.5433911201923076 0.31157632451923073 0.5943999783653846 0.34260363701923074 0.5971145168269231 0.34706633413461535 0.5461056586538462 0.31603902163461534 0.5433911201923076
1 0.3440652548076923 0.562480483173077 0.34659922596153847 0.5335170432692308 0.31557191346153846 0.5308025048076923 0.3130379423076923 0.5597659447115384 0.3440652548076923 0.562480483173077
1 0.32116701682692306 0.4937417139423077 0.3175435961538462 0.5351575865384615 0.3377269158653846 0.5369233990384615 0.34135033413461535 0.4955075264423077 0.32116701682692306 0.4937417139423077
1 0.3204058293269231 0.47555059615384615 0.31726660817307695 0.5114320528846154 0.3459590913461538 0.5139423197115385 0.34909831009615383 0.4780608629807693 0.3204058293269231 0.47555059615384615
1 0.3463401875 0.4653647572115384 0.35032675721153844 0.4197980745192308 0.31846928124999996 0.41701090625000004 0.31448271394230765 0.4625775889423077 0.3463401875 0.4653647572115384
1 0.32901910336538465 0.4039919519230769 0.3264851298076923 0.43295539182692305 0.3497815576923077 0.43499356490384616 0.35231553125000004 0.40603012740384614 0.32901910336538465 0.4039919519230769
1 0.3377532740384615 0.4200922283653846 0.3410216129807692 0.3827349278846154 0.32628623557692304 0.38144575000000003 0.3230178942307692 0.41880305048076927 0.3377532740384615 0.4200922283653846
1 0.33290171153846154 0.3416858413461539 0.32794674759615383 0.3983213581730769 0.34346040384615384 0.3996786274038462 0.34841536778846155 0.3430431105769231 0.33290171153846154 0.3416858413461539
1 0.2995314591346154 0.23308640384615384 0.29409229567307693 0.2952563293269231 0.32906287980769233 0.29831586057692305 0.3345020432692308 0.2361459326923077 0.2995314591346154 0.23308640384615384
1 0.3070462644230769 0.19201098317307694 0.3010018533653846 0.26109892788461536 0.32689253846153843 0.2633640697115385 0.33293694951923075 0.194276125 0.3070462644230769 0.19201098317307694
1 0.2996343822115385 0.15780892067307692 0.2937997884615385 0.22449862019230768 0.3365012596153846 0.22823451442307693 0.3423358533653846 0.16154481490384615 0.2996343822115385 0.15780892067307692
1 0.31128513942307695 0.1286206875 0.3055473846153846 0.1942035048076923 0.33340970673076925 0.1966411418269231 0.33914745913461536 0.13105832451923077 0.31128513942307695 0.1286206875
1 0.3084748028846154 0.0866419326923077 0.3015265528846154 0.16606078846153846 0.33774237980769234 0.1692292644230769 0.3446906298076923 0.08981040865384617 0.3084748028846154 0.0866419326923077
1 0.31812131490384615 0.028372060096153846 0.3111730649038461 0.10779091346153846 0.3409551346153846 0.11039650721153847 0.3479033822115385 0.030977653846153846 0.31812131490384615 0.028372060096153846
1 0.32955605288461537 0.27056806971153846 0.3246252980769231 0.32692686298076923 0.3511386033653846 0.32924647596153844 0.35606935817307694 0.2728876826923077 0.32955605288461537 0.27056806971153846
1 0.33357276201923075 0.23959659134615385 0.3294490048076923 0.28673135576923076 0.3572594423076923 0.28916445432692306 0.36138319951923076 0.24202968749999998 0.33357276201923075 0.23959659134615385
1 0.3523797235576923 0.2702412235576923 0.35691505048076927 0.2184022043269231 0.33559025721153846 0.2165365264423077 0.33105493028846156 0.2683755456730769 0.3523797235576923 0.2702412235576923
1 0.33673363221153846 0.18075929567307694 0.3323112860576923 0.23130695192307693 0.3523908365384615 0.23306368509615386 0.35681318269230766 0.18251602884615387 0.33673363221153846 0.18075929567307694
1 0.3611326057692308 0.20724585576923077 0.36526443509615386 0.16001884615384615 0.3361568701923077 0.1574722644230769 0.33202504326923077 0.20469927403846155 0.3611326057692308 0.20724585576923077
1 0.3475467139423077 0.30337199759615385 0.3442218822115385 0.34137498076923073 0.3720323173076923 0.34380807932692303 0.3753571466346154 0.30580509615384616 0.3475467139423077 0.30337199759615385
1 0.35520117307692306 0.2750424375 0.35197318269230765 0.31193853846153846 0.37272723798076923 0.31375428125 0.37595522836538464 0.2768581826923077 0.35520117307692306 0.2750424375
1 0.38525831971153846 0.4388409495192308 0.38817965144230765 0.4054499783653846 0.34739793028846155 0.4018820408653846 0.3444765985576923 0.4352730120192308 0.38525831971153846 0.4388409495192308
1 0.38275069471153844 0.45256350240384613 0.38496993749999997 0.4271974326923077 0.34678247355769226 0.4238564639423077 0.34456323076923073 0.4492225336538462 0.38275069471153844 0.45256350240384613
1 0.38183664903846154 0.47795081490384617 0.38404782451923075 0.4526769879807692 0.34456323076923073 0.4492225336538462 0.3423520552884615 0.4744963605769231 0.38183664903846154 0.47795081490384617
1 0.37945130769230767 0.4974467379807692 0.38125898317307694 0.47678491826923075 0.3443686466346154 0.47355743269230766 0.3425609735576923 0.49421925000000005 0.37945130769230767 0.4974467379807692
1 0.38024719230769227 0.52540025 0.38266818509615386 0.4977281778846154 0.3425609735576923 0.49421925000000005 0.3401399807692308 0.5218913245192307 0.38024719230769227 0.52540025
1 0.37619573557692304 0.54242675 0.3786167283653846 0.5147546754807693 0.33394362259615384 0.5108462860576923 0.33152262980769226 0.5385183581730769 0.37619573557692304 0.54242675
1 0.3785261514423077 0.5600115889423077 0.38084223317307697 0.5335386370192308 0.3414095264423077 0.5300887211538462 0.3390934423076923 0.5565616730769231 0.3785261514423077 0.5600115889423077
1 0.37761210576923077 0.5853989014423078 0.38053343749999996 0.5520079302884615 0.34561473798076925 0.5489529399038461 0.34269340625000005 0.5823439110576923 0.37761210576923077 0.5853989014423078
1 0.3755772379807692 0.6014864735576924 0.3775947331730769 0.5784264110576923 0.3387846466346154 0.5750309663461539 0.33676715384615385 0.59809103125 0.3755772379807692 0.6014864735576924
1 0.37656556971153843 0.62006925 0.3793819927884616 0.5878774038461538 0.3392228918269231 0.5843639374999999 0.33640647115384614 0.6165557836538462 0.37656556971153843 0.62006925
1 0.3717520697115385 0.6452083533653846 0.37397131490384616 0.6198422836538462 0.3377036009615385 0.6166692692307693 0.335484358173077 0.6420353389423077 0.3717520697115385 0.6452083533653846
1 0.3716450216346154 0.661371639423077 0.37416285336538463 0.6325926802884615 0.3372725192307692 0.6293651947115385 0.3347546875 0.6581441538461538 0.3716450216346154 0.661371639423077