1 1 0.09414642788461539 0.7576145961538461 0.05575635096153846 0.7309483149038462 0.22412063221153847 1 0.26673423317307693 1 0.09414642788461539
1 1 0.1895806394230769 0.7028472475961538 0.14251626682692306 0.6842054735576923 0.2602157932692308 1 0.3102327331730769 1 0.1895806394230769
1 0.6510553221153846 0.8760376850961538 0.6691611634615384 0.7617219038461538 0.6114945649038461 0.7525884110576923 0.5933887259615385 0.8669041947115385 0.6510553221153846 0.8760376850961538
1 0.7007649326923077 1 0.724321735576923 0.8512681971153846 0.6478273317307692 0.8391526730769231 0.6231599350961539 0.9948964927884615 0.6553822163461539 1 0.7007649326923077 1
1 0.7666806322115385 1 0.7730098870192308 0.9600386610576923 0.7009395024038461 0.9486238341346154 0.6928023173076923 1 0.7666806322115385 1
1 0.12726879086538462 0.17416186538461537 0.11763648317307693 0.23497786057692308 0.3366255072115385 0.2696623149038462 0.34625781490384616 0.20884631971153847 0.12726879086538462 0.17416186538461537
1 0.09973179326923076 0.12095836538461538 0.08620310817307691 0.20637511538461537 0.2931546826923077 0.23915302644230768 0.3066833653846154 0.15373627403846155 0.09973179326923076 0.12095836538461538
1 0.07775832211538461 0 0.06025876442307692 0.11048784855769231 0.24210659134615384 0.13928971394230769 0.26416791346153845 0 0.07775832211538461 0
1 0.15464661538461538 0.3092748341346154 0.14294300000000001 0.38316855528846155 0.3239163125 0.41183191105769235 0.33561992788461537 0.33793818990384616 0.15464661538461538 0.3092748341346154
1 0.3613360168269231 0.5790968004807693 0.3669705528846154 0.5435217307692308 0.2568844591346154 0.5260858052884616 0.2512499206730769 0.5616608774038462 0.3613360168269231 0.5790968004807693
1 0.3615005817307692 0.6030282932692308 0.3686560096153846 0.5578506971153846 0.25085360096153847 0.5391926274038462 0.24369817307692307 0.5843702235576923 0.3615005817307692 0.6030282932692308
1 0.3560609423076923 0.6273846201923077 0.36278182932692304 0.5849506009615385 0.26113224038461536 0.5688508894230769 0.25441135096153844 0.61128490625 0.3560609423076923 0.6273846201923077
1 0.35821779567307693 0.6487255096153847 0.36472141346153847 0.60766328125 0.25844203365384616 0.5908302812499999 0.2519384158653846 0.6318925096153846 0.35821779567307693 0.6487255096153847
1 0.34748207211538457 0.6765553701923076 0.3548547716346154 0.630005983173077 0.2847906298076923 0.6189089134615385 0.27741793028846157 0.6654583004807691 0.34748207211538457 0.6765553701923076