1 0.9054907884615384 0.23510508653846152 0.9033868052884616 0.11456789182692308 0.6360316947115384 0.11923459374999999 0.6381356802884616 0.2397717860576923 0.9054907884615384 0.23510508653846152
1 0.7672586514423076 0.31373325 0.7659287139423078 0.2375411514423077 0.5991832788461539 0.24045170432692306 0.60051321875 0.3166438028846154 0.7672586514423076 0.31373325
1 0.7589606802884615 0.32776909615384614 0.7581623942307693 0.2820353221153846 0.5835535745192307 0.2850831298076923 0.5843518605769231 0.33081690384615386 0.7589606802884615 0.32776909615384614
1 0.05423474759615384 0.21532891346153848 0.05612865625 0.32383090144230764 0.27890722115384614 0.31994228846153844 0.2770133100961539 0.21144029807692308 0.05423474759615384 0.21532891346153848
1 0.15542054086538462 0.2794060697115385 0.15656949038461537 0.345229375 0.3157119158653846 0.3424515336538461 0.3145629663461538 0.2766282283653846 0.15542054086538462 0.2794060697115385
1 0.19487712019230768 0.30761064182692305 0.19588386538461539 0.3652870408653846 0.3316444350961539 0.36291733173076923 0.3306376899038461 0.3052409326923077 0.19487712019230768 0.30761064182692305
1 0.253697375 0.006723444711538461 0.25462332211538463 0.05977092067307692 0.3306013317307693 0.05844471875 0.3296753846153846 0.0053972451923076925 0.253697375 0.006723444711538461
1 0.29581798798076925 0.07414675721153846 0.2967035360576923 0.12487976923076924 0.3609645817307693 0.12375808894230769 0.36007903365384614 0.07302507692307693 0.29581798798076925 0.07414675721153846
1 0.3136772980769231 0.09457892067307692 0.3148456394230769 0.16151317067307694 0.3694206610576923 0.16056056009615385 0.36825231971153843 0.09362631009615385 0.3136772980769231 0.09457892067307692
1 0.5357050600961538 0.002912262019230769 0.5369816730769231 0.07604927163461538 0.6211355192307693 0.07458036057692308 0.6198589086538462 0.0014433509615384616 0.5357050600961538 0.002912262019230769
1 0 0.3760381610576923 0.00011606971153846154 0.38268779086538457 0.08730070432692308 0.3811659783653846 0.08777398557692308 0.4178299711538462 0.04423894951923077 0.4185898774038461 0.044983908653846154 0.46126856009615386 0.08609124038461538 0.43184492548076925 0.08802230528846154 0.4320561971153846 0.08851894471153846 0.4605086538461538 0.0885093173076923 0.43011412019230766 0.08793953125 0.42731412259615387 0.09092739663461538 0.4283833197115384 0.15379743028846155 0.38338246394230774 0.15334967067307692 0.3800130889423077 0.1562155096153846 0.38165166105769227 0.1559916298076923 0.3799669735576923 0.1586335889423077 0.3799208581730769 0.15728425961538461 0.30261781730769227 0 0.3053632259615385 0 0.3760381610576923
1 0.007111533653846153 0.4134037163461538 0.007837100961538461 0.45497145913461534 0.051372137019230775 0.4542115504807693 0.05064656971153846 0.4126438076923077 0.007111533653846153 0.4134037163461538
1 0.17112757692307692 0.46601221634615386 0.17064440384615384 0.43833125 0.1258074831730769 0.4391138798076923 0.12629065625 0.4667948485576923 0.17112757692307692 0.46601221634615386
1 0.19517473557692308 0.4679076394230769 0.19469156250000003 0.4402266682692308 0.16808103125 0.4406911586538461 0.16856420432692307 0.4683721298076923 0.19517473557692308 0.4679076394230769
1 0.2775961730769231 0.9103328677884615 0.2753322067307692 0.7806304014423078 0.21830964423076923 0.7816257331730768 0.22057360817307695 0.9113281995192307 0.2775961730769231 0.9103328677884615
1 0.22317547355769232 1 0.23123489903846156 0.9998593221153846 0.2287689375 0.858584545673077 0.15242639903846153 0.859917108173077 0.15487155288461538 1 0.22317547355769232 1
1 0.15872631009615384 1 0.15811732932692307 0.9651115889423078 0.11994606009615386 0.9657778701923078 0.12054340865384615 1 0.15872631009615384 1
1 0.31021939663461534 0.8335481153846154 0.3086002019230769 0.7407844663461538 0.26730440865384614 0.7415052860576924 0.2689236033653846 0.8342689350961539 0.31021939663461534 0.8335481153846154
1 0.3293891826923077 0.7708891971153846 0.32826931971153844 0.7067323052884615 0.27234034134615387 0.707708548076923 0.2734602019230769 0.7718654423076923 0.3293891826923077 0.7708891971153846
1 0.35381348076923075 0.7496263629807692 0.35269361778846153 0.68546946875 0.31525140625000003 0.6861230240384616 0.3163712692307692 0.7502799182692308 0.35381348076923075 0.7496263629807692
1 0.36442706009615383 0.7100832548076923 0.36367240384615385 0.6668491009615385 0.34247771875 0.6672190552884616 0.34323237259615386 0.7104532115384615 0.36442706009615383 0.7100832548076923
1 0.37615053846153845 0.683393108173077 0.3755914158653846 0.6513609471153846 0.3530427644230769 0.6517545360576923 0.3536018894230769 0.6837866947115384 0.37615053846153845 0.683393108173077
1 0.3890824903846154 0.6752032019230769 0.3883682331730769 0.6342835096153846 0.3680588269230769 0.6346380120192308 0.3687730841346154 0.6755577043269232 0.3890824903846154 0.6752032019230769
1 0.40155066346153845 0.6404432716346153 0.4011030408653846 0.6147990288461538 0.3776691105769231 0.6152080697115385 0.3781167331730769 0.6408523125 0.40155066346153845 0.6404432716346153
1 0.40895365624999996 0.6258674086538462 0.40860460817307687 0.6058704543269231 0.3788695528846154 0.6063894807692308 0.3792186009615385 0.6263864350961538 0.40895365624999996 0.6258674086538462
1 0.8536613509615385 0.94843309375 0.8506152596153846 0.7739226394230769 0.7134486538461539 0.7763168918269231 0.7164947451923077 0.9508273461538461 0.8536613509615385 0.94843309375
1 0.8762549903846154 0.992397329326923 0.8746842740384615 0.9024110360576922 0.7874059014423077 0.903934485576923 0.7889766177884615 0.9939207788461538 0.8762549903846154 0.992397329326923
1 0.7300825024038461 0.8369617524038462 0.7283663485576923 0.7386433990384614 0.6668132259615385 0.7397178124999999 0.6685293774038462 0.8380361658653845 0.7300825024038461 0.8369617524038462
1 0.6750211274038461 0.7831922956730769 0.6735522163461538 0.6990384471153847 0.6392345264423077 0.6996374639423077 0.6407034374999999 0.7837913125 0.6750211274038461 0.7831922956730769
1 0.6216815697115384 0.6758661129807693 0.6227739615384615 0.7384491706730769 0.6530297668269232 0.7379210552884616 0.651937377403846 0.6753379951923077 0.6216815697115384 0.6758661129807693
1 0.6406579735576923 0.7035947067307693 0.6398467620192307 0.6571203028846154 0.6042271875 0.6577420456730769 0.6050384014423077 0.7042164495192308 0.6406579735576923 0.7035947067307693
1 0.5953652427884616 0.639468 0.5959809254807692 0.67474040625 0.6131137331730769 0.6744413509615386 0.6124980504807692 0.6391689447115384 0.5953652427884616 0.639468
1 0.6019879447115385 0.6577811322115384 0.6015112355769231 0.6304704759615384 0.5803165480769231 0.6308404326923077 0.5807932572115384 0.6581510865384614 0.6019879447115385 0.6577811322115384
1 0.5741944783653846 0.617334108173077 0.5746711875 0.6446447644230768 0.5823262716346154 0.6445111442307693 0.5818495625 0.6172004879807692 0.5741944783653846 0.617334108173077
1 0.5926153076923076 0.6371082259615384 0.5920270985576923 0.60340965625 0.5658331682692308 0.6038668725961538 0.5664213798076922 0.6375654423076923 0.5926153076923076 0.6371082259615384