1 0.9831974543269231 0.8936309158653846 0.9936430673076924 0.5945076875 0.6234780745192308 0.5815812403846153 0.6130324615384615 0.8807044687500001 0.9831974543269231 0.8936309158653846
1 0.7647825192307691 0.7481419374999999 0.7714667427884615 0.5567308317307693 0.5213067259615385 0.5479950528846154 0.5146225024038462 0.7394061586538462 0.7647825192307691 0.7481419374999999
1 0.41957565384615386 0.0003610865384615385 0.41681762499999997 0.07934072355769231 0.6170080985576922 0.08633152884615385 0.6197661298076922 0.007351891826923077 0.41957565384615386 0.0003610865384615385
1 0.5626411826923077 0.12320661298076924 0.5653458942307692 0.045753824519230775 0.40958146634615383 0.040314411057692304 0.4068767548076923 0.11776719951923077 0.5626411826923077 0.12320661298076924
1 0.5168006754807692 0.18678442307692308 0.5194617620192308 0.11058087259615385 0.3838413028846154 0.10584490144230768 0.38118021634615384 0.18204845192307692 0.5168006754807692 0.18678442307692308
1 0.6956821923076923 0.15703695192307693 0.6990218798076923 0.061400802884615385 0.5626206466346153 0.05663756490384615 0.5592809591346154 0.15227371634615386 0.6956821923076923 0.15703695192307693
1 0.6763134831730769 0.17442714182692307 0.6784462307692307 0.11335325961538462 0.5257268197115385 0.10802018028846153 0.5235940745192308 0.1690940625 0.6763134831730769 0.17442714182692307
1 0.9519078076923078 0.04132527644230769 0.9527318221153845 0.017728548076923076 0.8904260504807693 0.01555278125 0.8896020360576924 0.039149512019230774 0.9519078076923078 0.04132527644230769
1 1 0.09748232451923076 0.9733528677884615 0.09655178605769231 0.9716612115384616 0.14499447836538462 1 0.14598409134615384 1 0.09748232451923076
1 1 0.4482515600961538 0.9899292187500001 0.4478998798076923 0.988523545673077 0.48815312019230767 1 0.48855388701923075 1 0.4482515600961538
1 0.14049413701923077 0.2243688533653846 0.14329094471153844 0.14427878125 0.029297927884615386 0.1402980576923077 0.026501120192307694 0.2203881298076923 0.14049413701923077 0.2243688533653846
1 0.15799027403846155 0.25388632692307694 0.16020057692307693 0.19059157692307693 0.05518646153846153 0.18692440384615386 0.05297616105769231 0.25021915384615384 0.15799027403846155 0.25388632692307694
1 0.14584277884615385 0.06001095192307693 0.14390876442307693 0.11539385817307692 0.16912776682692307 0.11627452644230768 0.17106178125 0.060891617788461534 0.14584277884615385 0.06001095192307693
1 0.22764819471153847 0.18655411538461536 0.2290199375 0.14727250480769233 0.18029963461538462 0.14557115384615385 0.1789278918269231 0.1848527668269231 0.22764819471153847 0.18655411538461536
1 0.01879723798076923 0 0.015933093750000002 0.08201835096153845 0.07363229807692308 0.08403325240384615 0.07656680528846153 0 0.01879723798076923 0
1 0.3543922980769231 0 0.35366416346153845 0.02085106730769231 0.41526723798076925 0.023002295673076927 0.4160704951923077 0 0.3543922980769231 0
1 0.40944731490384617 0.050871716346153846 0.4104749110576923 0.02144520673076923 0.35035530528846154 0.019345783653846153 0.34932770913461536 0.048772293269230764 0.40944731490384617 0.050871716346153846
1 0.41014069951923077 0.07354861778846154 0.4114445817307692 0.036210266826923077 0.3434391610576923 0.03383546394230769 0.3421352764423077 0.07117381490384615 0.41014069951923077 0.07354861778846154
2 0.30797456490384617 0.37336015384615384 0.3049208581730769 0.46080685096153845 0.33419988701923076 0.46182929567307696 0.33725359374999997 0.3743825985576923 0.30797456490384617 0.37336015384615384
2 0.19757781730769233 0.38951720432692305 0.1948488701923077 0.4676640144230769 0.24146108173076924 0.46929175 0.24419002884615384 0.3911449375 0.19757781730769233 0.38951720432692305
1 0.2168981923076923 0.35336389663461537 0.21601116346153845 0.37876507932692305 0.2520829278846154 0.38002473317307695 0.2529699567307692 0.3546235504807692 0.2168981923076923 0.35336389663461537
1 0.22471130528846153 0.3557213389423077 0.22617999038461536 0.3136636418269231 0.16606038701923076 0.31156421875 0.16459169951923075 0.3536219158653846 0.22471130528846153 0.3557213389423077
1 0.14875220432692307 0.3550144182692308 0.15012879326923076 0.31559400240384616 0.09680192548076924 0.31373178605769236 0.09542533413461539 0.35315220192307695 0.14875220432692307 0.3550144182692308
1 0.42395101201923074 0.26234004086538465 0.4252985192307692 0.2237524519230769 0.34058453125 0.2207941754807692 0.33923702403846157 0.2593817644230769 0.42395101201923074 0.26234004086538465
1 0.3957609855769231 0.3062440793269231 0.3967691923076923 0.27737278846153846 0.3350099615384616 0.27521610817307696 0.3340017548076923 0.30408739903846155 0.3957609855769231 0.3062440793269231
1 0.34324756971153847 0.17363616346153846 0.3440521971153846 0.1505946514423077 0.3110254519230769 0.14944133173076923 0.3102208245192308 0.17248284375 0.34324756971153847 0.17363616346153846
1 0.5361024783653846 0.652602920673077 0.5397960072115384 0.5468340576923076 0.46046936057692306 0.5440639086538461 0.4567758317307692 0.6498327716346155 0.5361024783653846 0.652602920673077
1 0.42885024278846157 0.5317028870192307 0.4267805096153846 0.5909723149038462 0.46597536778846155 0.59234103125 0.46804510096153845 0.5330716033653846 0.42885024278846157 0.5317028870192307
1 0.43980346634615386 0.5650221153846154 0.44148542788461537 0.5168570288461539 0.40361788461538467 0.5155346658653847 0.40193592307692305 0.5636997524038462 0.43980346634615386 0.5650221153846154
1 0.38801328365384613 0.49900778124999995 0.3866415384615385 0.538289391826923 0.40686358894230773 0.5389955625 0.4082353317307692 0.4997139519230769 0.38801328365384613 0.49900778124999995
1 0.39250874999999996 0.5247358990384615 0.3938514110576923 0.4862871129807692 0.3712870384615385 0.48549914903846153 0.36994437740384617 0.5239479326923078 0.39250874999999996 0.5247358990384615
1 0.3821843293269231 0.5092272475961539 0.38344458894230765 0.4731381322115385 0.35549287500000004 0.4721620360576923 0.3542326153846154 0.5082511514423077 0.3821843293269231 0.5092272475961539
1 0 0.7062870264423077 0.04926294711538462 0.7080073269230769 0.05281590865384615 0.6062637884615385 0 0.6044194158653846 0 0.7062870264423077
1 0.08701667067307692 0.6611018942307693 0.08989587980769231 0.5786521514423076 0.037584016826923076 0.5768253798076923 0.034704807692307695 0.659275125 0.08701667067307692 0.6611018942307693
1 0.11565040384615385 0.6156846442307693 0.1176959014423077 0.557109235576923 0.08209260336538461 0.5558659399038461 0.08004710576923077 0.6144413485576923 0.11565040384615385 0.6156846442307693
1 0.1392089639423077 0.590241326923077 0.14113328365384617 0.5351360264423077 0.11138579086538461 0.5340972211538462 0.10946147115384616 0.5892025216346154 0.1392089639423077 0.590241326923077
1 0.1562036514423077 0.5624841899038462 0.1576044783653846 0.52236975 0.13628934615384616 0.5216254110576923 0.13488851923076922 0.5617398485576923 0.1562036514423077 0.5624841899038462
1 0.16912258653846154 0.5507056538461538 0.17040708173076924 0.5139225192307693 0.14284575721153844 0.5129600576923077 0.14156126201923078 0.5497431923076923 0.16912258653846154 0.5507056538461538
1 0.18255308653846153 0.5354706490384615 0.18367762740384613 0.5032680552884615 0.1595517067307692 0.5024255576923077 0.15842716826923078 0.5346281538461539 0.18255308653846153 0.5354706490384615
1 0.18860120913461537 0.5234521802884615 0.18939614182692305 0.5006882788461539 0.1790899254807692 0.5003283798076923 0.17829499278846153 0.5230922788461538 0.18860120913461537 0.5234521802884615
1 0.19699270192307694 0.5159626995192308 0.19782641105769233 0.4920883629807692 0.18439709615384617 0.49161940144230765 0.18356338701923078 0.5154937379807693 0.19699270192307694 0.5159626995192308
1 0.20438909615384615 0.5101061514423078 0.2052228076923077 0.48623181490384615 0.1921058028846154 0.4857737596153846 0.19127209375 0.50964809375 0.20438909615384615 0.5101061514423078
1 0.17945054086538462 0.2907688605769231 0.1809046875 0.2491275745192308 0.10516960096153846 0.2464828485576923 0.10371545432692307 0.2881241346153846 0.17945054086538462 0.2907688605769231