1 0.5322267884615385 1 0.6172520336538461 0.9850077548076922 0.5694336682692308 0.7138163197115385 0.31761524759615384 0.7582187019230768 0.36024781490384616 1 0.5322267884615385 1
1 0.3944391322115385 1 0.3837036081730769 0.9391158125 0.2264421201923077 0.9668452548076923 0.23228819471153847 1 0.3944391322115385 1
1 0.6902980745192308 0.79595125 0.6622104831730768 0.6366585961538462 0.5504194158653847 0.6563703774038461 0.5785070072115385 0.8156630312500001 0.6902980745192308 0.79595125
1 0.7344788028846154 0.7090846490384616 0.7119479519230769 0.5813058437499999 0.6419342764423077 0.5936511418269231 0.6644651274038461 0.7214299495192308 0.7344788028846154 0.7090846490384616
1 0.769173798076923 0.6543534350961538 0.7449064639423076 0.5167265528846154 0.6564276442307692 0.5323277572115385 0.6806949759615384 0.6699546394230769 0.769173798076923 0.6543534350961538
1 0.7942225120192308 0.5692102572115385 0.7821973750000001 0.5010123197115385 0.7352651298076923 0.5092877403846153 0.747290266826923 0.5774856778846154 0.7942225120192308 0.5692102572115385
1 0.8214259302884616 0.5390278942307692 0.810594625 0.47760051201923076 0.7654319567307692 0.48556390865384613 0.7762632620192308 0.5469912908653846 0.8214259302884616 0.5390278942307692
1 0.8426176442307691 0.4945472307692308 0.8341957067307693 0.44678405528846155 0.7830318653846154 0.4558056201923077 0.7914538028846153 0.503568795673077 0.8426176442307691 0.4945472307692308
1 0.8531869591346154 0.4744058966346154 0.8450037884615385 0.42799683173076924 0.8168444423076924 0.43296208413461534 0.8250276129807692 0.4793711490384615 0.8531869591346154 0.4744058966346154
1 0.3954189326923077 0.23577108173076924 0.38415350721153846 0.1718816778846154 0.34122204567307696 0.17945165384615386 0.3524874711538461 0.24334105528846153 0.3954189326923077 0.23577108173076924
1 0.2937035216346154 0.17945318028846155 0.3043828846153846 0.24001885817307694 0.3504688100961539 0.23189266586538462 0.3397894471153846 0.17132698798076923 0.2937035216346154 0.17945318028846155
1 0.4713724423076923 0 0.2281339639423077 0.04288950721153846 0.24087539903846153 0.11514977403846155 0.5113128413461538 0.06746435817307693 0.49941705528846153 0 0.4713724423076923 0
1 0.5354387620192308 0 0.48728431490384616 0.008490927884615385 0.4878161466346154 0.013519615384615383 0.48378715625 0.012522548076923077 0.4834325985576923 0.009170088942307694 0.4795808846153846 0.00984925 0.4797581634615385 0.011525480769230769 0.4757291730769231 0.010528411057692309 0.48918690625 0.08685101201923076 0.6471071754807693 0.05900540865384615 0.6449468100961538 0.05240528125 0.6489758004807692 0.05340235096153846 0.6509588918269231 0.05832624759615384 0.6530047932692308 0.054399418269230775 0.6548106057692308 0.05764708653846154 0.6570337836538461 0.055396485576923074 0.6586623173076924 0.05696792548076923 0.66251403125 0.05628876442307692 0.6650917668269231 0.057390622596153844 0.6663657475961539 0.05560960336538461 0.6702174615384616 0.05493044230769231 0.6691207596153846 0.05838768990384616 0.6731497500000001 0.059384759615384614 0.674069173076923 0.05425128125 0.6771787403846155 0.06038182932692308 0.7186073221153847 0.11113144951923076 0.7272897307692308 0.16037183653846154 0.8228468581730769 0.14352253846153845 0.8141644495192307 0.09428214903846154 0.6812077331730768 0.061378894230769226 0.6779208870192307 0.05357212019230769 0.7356965961538461 0.04338470432692308 0.728046701923077 0 0.5354387620192308 0
1 0.48925806490384616 0.22582498317307692 0.49359926923076924 0.2504451778846154 0.5481483846153846 0.24082669471153845 0.5438071802884615 0.21620650240384617 0.48925806490384616 0.22582498317307692
1 0.5979795673076923 0.25349100240384614 0.5928135336538461 0.22419297115384615 0.5561140576923077 0.23066407932692307 0.5612800889423076 0.2599621081730769 0.5979795673076923 0.25349100240384614
1 0.4307128894230769 0.2087315576923077 0.43689910576923074 0.24381533413461537 0.47421408653846153 0.23723569711538461 0.4680278701923077 0.2021519206730769 0.4307128894230769 0.2087315576923077
1 0.4331325745192308 0.23280206971153847 0.42577423317307694 0.19107084134615387 0.37122511538461533 0.2006893221153846 0.3785834567307692 0.24242055048076921 0.4331325745192308 0.23280206971153847
1 0.9531108221153846 0.20788017548076926 0.9496378581730769 0.18818401923076924 0.9276335600961538 0.19206397115384616 0.9311065240384615 0.21176012740384614 0.9531108221153846 0.20788017548076926