1 0.6196680673076924 0 0.6413680745192308 0.08098552884615384 0.8771143461538462 0.017817504807692307 0.8723401610576923 0 0.6196680673076924 0
1 0.6549056947115385 0 0.5845486057692308 0.018852125 0.6135698894230769 0.12716102884615385 0.8383991899038462 0.06691819951923077 0.8204685120192308 0 0.6549056947115385 0
1 0.8702943798076923 0.1921909423076923 0.8279007764423076 0.03397586778846154 0.5296711778846154 0.11388624759615386 0.5720647788461538 0.2721013221153846 0.8702943798076923 0.1921909423076923
1 0.4760305408653846 0 0.42958909855769234 0.012443947115384614 0.4498392932692308 0.08801869951923078 0.5772207596153847 0.053886937499999996 0.5627818004807692 0 0.4760305408653846 0
1 0.2927833173076923 0.4416431634615385 0.25535041586538465 0.30194166826923075 0.042142413461538464 0.35907057932692305 0.07957531490384614 0.4987720745192308 0.2927833173076923 0.4416431634615385
1 0 0.42959046634615383 0.0011056129807692308 0.4337166706730769 0.2432410841346154 0.3688366658653846 0.21009786778846154 0.24514449759615384 0 0.3014400528846154 0 0.42959046634615383
1 0 0.4271110793269231 0.19996068749999998 0.37353177403846155 0.14961079807692307 0.18562342548076924 0 0.22571151923076924 0 0.4271110793269231
1 0 0.31006735336538466 0.09931180288461539 0.28345683653846154 0.051118737980769234 0.10359787019230769 0 0.11729509615384615 0 0.31006735336538466
1 0 0.5595879759615385 0.004769007211538462 0.57738615625 0.036362831730769235 0.5689206177884615 0.026034033653846156 0.5303730192307692 0 0.5373488197115385 0 0.5595879759615385
1 0.08455954326923076 0.5680845673076923 0.07121118990384614 0.5182678365384615 0.0224118125 0.5313435913461538 0.03576016346153846 0.5811603221153846 0.08455954326923076 0.5680845673076923
1 0.19794876442307693 0.5463293197115384 0.18972886298076921 0.5156522307692307 0.12593751201923079 0.5327450721153846 0.13415741346153845 0.5634221610576924 0.19794876442307693 0.5463293197115384
1 0.12483748076923076 0.3885804543269231 0.14029472836538462 0.44626768990384613 0.29715705769230766 0.4042365576923077 0.28169981009615386 0.34654931971153846 0.12483748076923076 0.3885804543269231
1 0.23225104567307692 0.38577683894230774 0.24468873798076923 0.43219493990384616 0.32729552163461534 0.4100605192307692 0.314857829326923 0.36364241826923077 0.23225104567307692 0.38577683894230774
1 0.27622866586538464 0.4098443028846154 0.2856947331730769 0.44517214663461535 0.3589441081730769 0.42554503365384616 0.34947804086538464 0.3902171923076923 0.27622866586538464 0.4098443028846154
1 0.273605 0.4334575889423077 0.2818249014423077 0.4641346778846154 0.37383939903846153 0.43947946875000005 0.36561949759615386 0.4088023798076923 0.273605 0.4334575889423077
1 0.2963985769230769 0.44326264663461534 0.3021261466346154 0.4646382283653846 0.38267027403846154 0.44305649519230766 0.37694270432692306 0.42168091346153846 0.2963985769230769 0.44326264663461534
1 0.18358604807692308 0.12245536057692306 0.19882761298076923 0.1793376610576923 0.2697627908653846 0.16033063701923078 0.2545212259615385 0.10344833653846154 0.18358604807692308 0.12245536057692306
1 0.16293342548076922 0.07536267788461538 0.17788741346153847 0.1311717235576923 0.2475145673076923 0.1125151826923077 0.23256057932692306 0.05670613701923077 0.16293342548076922 0.07536267788461538
1 0.3831897235576923 1 0.3555946754807692 0.8970138774038462 0.2876277091346154 0.9152255721153846 0.31034294951923075 1 0.3831897235576923 1
1 0.40790008413461537 0.9247931682692307 0.37801606971153845 0.8132645120192308 0.32987070432692306 0.8261650240384615 0.35975471875 0.9376936802884616 0.40790008413461537 0.9247931682692307
1 0.4207399086538462 0.8555935408653846 0.3968470769230769 0.7664242764423077 0.36077578365384616 0.7760895504807692 0.3846686153846154 0.8652588149038463 0.4207399086538462 0.8555935408653846
1 0.4301630264423077 0.8092611033653847 0.40998472596153845 0.7339546634615384 0.3770325697115385 0.7427841682692308 0.39721086778846154 0.8180906081730769 0.4301630264423077 0.8092611033653847
1 0.44239144951923076 0.7063871057692308 0.4331650288461538 0.6719536370192307 0.41118015625000004 0.6778444663461538 0.4204065769230769 0.7122779326923077 0.44239144951923076 0.7063871057692308
1 0.4392145625 0.7321616658653846 0.4269925528846154 0.6865485 0.41340922115384615 0.6901881418269231 0.42563123076923076 0.7358013076923077 0.4392145625 0.7321616658653846
1 0.43296798557692306 0.7486935600961538 0.42151284615384615 0.7059423990384615 0.39957828125000006 0.7118197475961539 0.4110334206730769 0.7545709086538461 0.43296798557692306 0.7486935600961538
1 0.4486546826923077 0.6885087211538461 0.43914068509615384 0.6530020024038462 0.4206774158653846 0.6579492211538462 0.4301914110576923 0.6934559399038461 0.4486546826923077 0.6885087211538461
1 0.45333948557692305 0.6746000576923077 0.4445444302884616 0.6417764663461539 0.42914998798076925 0.6459013966346153 0.4379450432692308 0.6787249855769232 0.45333948557692305 0.6746000576923077
1 0.4501728966346154 0.6529216995192308 0.4441337860576923 0.6303834278846154 0.4362353317307692 0.6324998125 0.4422744423076923 0.6550380841346153 0.4501728966346154 0.6529216995192308
1 0.5179429206730769 0.5452305576923077 0.5143242451923077 0.5317254831730769 0.4946535673076923 0.5369962259615385 0.4982722427884615 0.5505013004807693 0.5179429206730769 0.5452305576923077
1 0.5134616875 0.5305187235576923 0.5166010673076923 0.5422350456730769 0.5344606346153846 0.5374495889423077 0.5313212548076923 0.5257332668269231 0.5134616875 0.5305187235576923
1 0.49811673076923074 0.5529394423076923 0.49464184615384615 0.5399709927884616 0.4752227115384615 0.5451743341346154 0.47869759855769234 0.5581427836538462 0.49811673076923074 0.5529394423076923
1 0.4820755865384615 0.5586755360576923 0.47872052644230767 0.5461542764423076 0.4665961442307692 0.5494029951923077 0.46995120432692306 0.5619242548076924 0.4820755865384615 0.5586755360576923
1 0.4749892548076923 0.4768894903846154 0.46921375721153846 0.45533503365384614 0.4495430817307692 0.46060577644230766 0.4553185793269231 0.48216023076923076 0.4749892548076923 0.4768894903846154
1 0.6549184302884616 0.30703266105769234 0.643223641826923 0.263387125 0.5318403221153847 0.2932321947115385 0.5435351081730769 0.3368777331730769 0.6549184302884616 0.30703266105769234
1 0.6604801033653847 0.32155085096153846 0.6530031105769231 0.2936463293269231 0.5332685552884615 0.32572910576923075 0.5407455504807692 0.3536336274038462 0.6604801033653847 0.32155085096153846
1 0.6486382379807692 0.35060577403846155 0.6381656538461539 0.3115215552884615 0.5226067139423077 0.3424854783653846 0.5330792980769231 0.38156969951923075 0.6486382379807692 0.35060577403846155
1 1 0.8253737091346154 0.9790327572115385 0.7471228918269232 0.8796731971153846 0.7737462067307692 0.9145179110576923 0.9037884423076924 1 0.8808835865384614 1 0.8253737091346154
1 0.7881446634615384 0.7104644447115385 0.8285971225961538 0.8614350745192307 0.9098958798076923 0.8396511370192308 0.8694434230769231 0.6886805096153845 0.7881446634615384 0.7104644447115385
1 0.8146059206730769 0.7744056201923077 0.7825890480769231 0.6549170216346153 0.7292115817307692 0.66921946875 0.7612284567307692 0.7887080697115384 0.8146059206730769 0.7744056201923077
1 0.6970643221153847 0.6494590649038462 0.7160923149038462 0.7204725000000001 0.7447682379807692 0.7127888100961539 0.7257402451923076 0.641775375 0.6970643221153847 0.6494590649038462
1 0.7110501658653846 0.6740858052884615 0.6972225192307693 0.6224803221153846 0.6692509158653847 0.6299752908653846 0.6830785625 0.6815807740384615 0.7110501658653846 0.6740858052884615
1 0.6476146129807692 0.6218731802884616 0.6586863149038462 0.6631933413461539 0.6783066850961539 0.6579360793269231 0.6672349807692307 0.6166159182692308 0.6476146129807692 0.6218731802884616
1 0.6583675961538462 0.6342334951923078 0.6504113052884615 0.6045402163461538 0.6311430985576922 0.6097031177884615 0.6390993894230769 0.6393963942307692 0.6583675961538462 0.6342334951923078
1 0.8411784711538461 0.34895726442307695 0.8312331105769231 0.3118406706730769 0.7941053365384616 0.3217890264423077 0.8040506971153847 0.35890562019230765 0.8411784711538461 0.34895726442307695
1 0.8243095096153846 0.28378786538461537 0.8178390336538462 0.25963972115384615 0.7885594086538461 0.2674851730769231 0.7950298846153847 0.2916333173076923 0.8243095096153846 0.28378786538461537
1 0.2510109879807692 0.20887510817307692 0.2624181995192308 0.2514473966346154 0.32384504326923075 0.23498812259615384 0.3124378341346154 0.1924158341346154 0.2510109879807692 0.20887510817307692
1 0.3117425528846154 0.21417038942307692 0.2978430096153846 0.16229659615384615 0.24511956009615382 0.17642380048076925 0.25901910336538464 0.22829759615384615 0.3117425528846154 0.21417038942307692