4 0.27667014423076924 0.6046625552884616 0.24952224759615385 0.43325747596153846 0.07798856009615385 0.4604257427884615 0.10513645913461539 0.6318308221153845 0.27667014423076924 0.6046625552884616
0 0 0.5128821057692308 0.025008978365384613 0.6707825841346153 0.05301920432692308 0.6663461995192308 0 0.33159612259615384 0 0.5128821057692308
1 0.18609136298076923 0.28447347596153844 0.18126796634615383 0.25401975 0.03512095673076923 0.27716716346153847 0.03994435336538461 0.30762088701923074 0.18609136298076923 0.28447347596153844
1 0.041935774038461535 0.25077617307692307 0.047802064903846156 0.2878144855769231 0.17257488221153847 0.26805241346153846 0.1667085889423077 0.23101410096153846 0.041935774038461535 0.25077617307692307
1 0.1676541875 0.24647316826923077 0.1614782860576923 0.2074800576923077 0.028911990384615387 0.2284764951923077 0.035087891826923075 0.2674696081730769 0.1676541875 0.24647316826923077
1 0.017880069711538462 0.20976354807692307 0.024805552884615386 0.2534893341346154 0.1687919951923077 0.23068412259615384 0.1618665096153846 0.18695833413461538 0.017880069711538462 0.20976354807692307
1 0.15213052884615383 0.19440641105769232 0.14745379086538463 0.16487864423076923 0.01766537019230769 0.18543511057692308 0.02234210817307692 0.21496287740384615 0.15213052884615383 0.19440641105769232
1 0.027188564903846153 0.15766596875 0.033804439903846156 0.19943695673076922 0.1521727139423077 0.18068926442307692 0.14555684134615385 0.1389182764423077 0.027188564903846153 0.15766596875
1 0.1433047283653846 0.1431771875 0.14058342067307691 0.12599552403846154 0.026459120192307693 0.14407103846153846 0.029180427884615386 0.16125270192307692 0.1433047283653846 0.1431771875
1 0.031738341346153845 0.11697407692307693 0.03610547115384615 0.1445470432692308 0.14374806730769232 0.12749812980769232 0.1393809375 0.09992516586538461 0.031738341346153845 0.11697407692307693
1 0.14497741826923077 0.107792375 0.13971405048076924 0.07456077644230769 0.02705584855769231 0.09240408413461537 0.032319216346153846 0.12563568028846153 0.14497741826923077 0.107792375
1 0.016279382211538462 0.07280695432692308 0.022308625000000002 0.11087410817307693 0.1470814423076923 0.09111203605769232 0.1410521971153846 0.05304488221153846 0.016279382211538462 0.07280695432692308
1 0.27724741826923077 0.24873181971153846 0.2743957475961538 0.23072708413461537 0.19098237980769234 0.2439384639423077 0.1938340504807692 0.2619431971153846 0.27724741826923077 0.24873181971153846
1 0.2843780384615385 0.2797693004807692 0.2801575673076923 0.25312229326923075 0.18532405528846155 0.2681424471153846 0.18954452644230768 0.29478945432692305 0.2843780384615385 0.2797693004807692
1 0.3816596802884616 0.27121663461538464 0.3781887908653846 0.24930230048076923 0.2798057740384615 0.26488463942307694 0.28327666346153846 0.28679897596153847 0.3816596802884616 0.27121663461538464
1 0.27713718990384617 0.23904648798076922 0.28044512740384614 0.2599319783653846 0.37242360336538466 0.24536401923076923 0.3691156682692308 0.22447852884615382 0.27713718990384617 0.23904648798076922
1 0.45009046875000003 0.2418164014423077 0.44543002403846155 0.2123915216346154 0.3691156682692308 0.22447852884615382 0.37377611057692306 0.25390340865384614 0.45009046875000003 0.2418164014423077
1 0.4553701322115385 0.2751508846153846 0.45009046875000003 0.2418164014423077 0.365211 0.2552599903846154 0.3704906634615384 0.2885944711538462 0.4553701322115385 0.2751508846153846
1 0.5296025360576923 0.24092955528846155 0.5246324807692307 0.20954987259615385 0.44901259375 0.2215268870192308 0.4539826466346154 0.25290656971153846 0.5296025360576923 0.24092955528846155
1 0.5327638149038462 0.26088909134615385 0.5293092211538462 0.23907763942307694 0.4558498990384615 0.2507124543269231 0.4593044951923077 0.27252390625 0.5327638149038462 0.26088909134615385
1 0.5900840649038461 0.23525243028846152 0.5854236225961539 0.20582755048076923 0.5233844471153846 0.21565359134615386 0.528044891826923 0.24507847115384618 0.5900840649038461 0.23525243028846152
1 0.5937016129807693 0.2580927235576923 0.5902307235576922 0.23617838942307692 0.5239475745192308 0.24667660817307693 0.5274184639423077 0.2685909423076923 0.5937016129807693 0.2580927235576923
1 0.47446543990384615 0.16898159855769232 0.45210834855769233 0.027824473557692304 0.23404528125 0.062362271634615385 0.256402375 0.20351939663461538 0.47446543990384615 0.16898159855769232
1 0.6298485480769231 0.13772703125000002 0.6124126225961539 0.027640932692307694 0.4153379326923077 0.05885449759615385 0.43277385817307695 0.16894059374999998 0.6298485480769231 0.13772703125000002
1 0.7695033125 0.1105455625 0.7559782475961538 0.02515167548076923 0.6008031514423077 0.049728995192307696 0.6143282139423077 0.13512288461538463 0.7695033125 0.1105455625