2 0.6216162019230769 0.3219101875 0.6113855384615385 0.908024608173077 0.8506720024038461 0.9122013701923077 0.8609026682692308 0.32608694711538466 0.6216162019230769 0.3219101875
2 0.6445644759615384 0.6605104086538461 0.6488451634615384 0.41526998557692313 0.5600045288461538 0.41371926682692306 0.5557238413461538 0.6589596899038461 0.6445644759615384 0.6605104086538461
2 0.535309889423077 0.44375582451923073 0.5326726370192307 0.5948439206730769 0.5747495625 0.5955783774038461 0.5773868149038461 0.44449028125 0.535309889423077 0.44375582451923073
2 0.5439199903846154 0.5742037355769231 0.5461209326923077 0.4481118341346154 0.5164900264423077 0.447594625 0.5142890841346154 0.5736865264423077 0.5439199903846154 0.5742037355769231
2 0.3401215432692308 0.4140484951923077 0.3351395288461539 0.6994679831730769 0.43798844471153847 0.7012632163461539 0.4429704591346154 0.41584373076923076 0.3401215432692308 0.4140484951923077
2 0.12279302403846154 0.35756180288461537 0.11227148317307692 0.9603403533653846 0.37025301923076925 0.9648434375 0.3807745576923077 0.36206488701923073 0.12279302403846154 0.35756180288461537
1 0.16012112259615385 0.40951747836538466 0.16106484615384617 0.35545163942307695 0.07607779086538462 0.35396818509615385 0.07513406730769231 0.40803402403846156 0.16012112259615385 0.40951747836538466
1 0 0.9455083149038461 0.058441836538461536 0.946528420673077 0.05966027403846154 0.8767242403846154 0 0.8756828653846154 0 0.9455083149038461
1 0.0846310264423077 0.4190347764423077 0.08538568028846154 0.3758006225961538 0.009615971153846156 0.37447805528846156 0.008861317307692308 0.41771221153846155 0.0846310264423077 0.4190347764423077
1 0.80743021875 0.1336429326923077 0.8082285048076923 0.08790915865384616 0.7045463822115384 0.08609938221153847 0.7037480961538461 0.13183315625 0.80743021875 0.1336429326923077
1 0.8965001899038462 0.3458778894230769 0.8972984759615384 0.3001441153846154 0.836526483173077 0.29908333653846153 0.8357281971153847 0.34481711057692305 0.8965001899038462 0.3458778894230769
1 0.9675965625 0.3373951802884615 0.9683932331730769 0.29175398317307694 0.902934454326923 0.2906113966346154 0.9021377836538461 0.3362525913461539 0.9675965625 0.3373951802884615
1 1 0.2909165793269231 0.9684174711538461 0.29036530528846155 0.9675965625 0.3373951802884615 1 0.3379607836538462 1 0.2909165793269231
1 0.9919745192307693 0.8417863437499999 0.9930830721153847 0.7782775 0.9008575360576923 0.7766676971153846 0.8997489855769231 0.8401765408653846 0.9919745192307693 0.8417863437499999
0 0.41264543269230775 0.36854802644230766 0.40915656730769234 0.5684249855769231 0.4546183918269231 0.5692185240384615 0.45810725721153844 0.3693415649038462 0.41264543269230775 0.36854802644230766
0 0.47728281730769234 0.5450733581730769 0.4792559086538462 0.43203502163461543 0.4416574711538462 0.4313787379807692 0.4396843798076923 0.544417076923077 0.47728281730769234 0.5450733581730769
1 0.6337908485576923 0.2988784158653846 0.634211 0.2748080072115385 0.6074963173076923 0.27434169951923076 0.6070761682692308 0.29841210817307695 0.6337908485576923 0.2988784158653846
1 0.6612927620192307 0.2960246201923077 0.6616418100961539 0.27602766586538463 0.6337814687500001 0.27554136298076926 0.6334324206730769 0.2955383173076923 0.6612927620192307 0.2960246201923077
1 0.6044255360576923 0.30105143509615384 0.6047875120192308 0.2803138533653846 0.5664079423076923 0.2796439375 0.5660459663461539 0.30038151682692305 0.6044255360576923 0.30105143509615384
1 1 0.07847681971153847 0.8935427139423078 0.0766185985576923 0.8919170528846153 0.16975256249999998 1 0.17163915624999998 1 0.07847681971153847