1 0.6975300216346153 0 0.7048804975961538 0.10511671394230769 0.9713651850961539 0.08648228846153846 0.9653177548076923 0 0.6975300216346153 0
1 0.9405793149038462 0.16066235336538462 0.9315303509615384 0.03125612740384615 0.64036634375 0.05161629807692308 0.6494153076923077 0.18102252403846153 0.9405793149038462 0.16066235336538462
1 0.8562047740384616 0.22708018509615385 0.8489578509615385 0.1234443653846154 0.6047624855769231 0.14052016826923078 0.61200940625 0.24415599038461538 0.8562047740384616 0.22708018509615385
1 0.75040859375 0.26789290384615383 0.7447053557692308 0.18633280528846155 0.5845235865384615 0.19753380528846154 0.5902268245192308 0.27909390384615385 0.75040859375 0.26789290384615383
1 0.7610052403846154 0.3074352283653846 0.7557799639423077 0.2327102908653846 0.5714903966346154 0.2455970745192308 0.5767156730769231 0.3203220096153846 0.7610052403846154 0.3074352283653846
1 0.6949984975961538 0.3356268173076923 0.690360983173077 0.26930728125000003 0.5535076658653846 0.27887699759615386 0.5581451778846154 0.3451965336538461 0.6949984975961538 0.3356268173076923
1 0.5722284182692308 0.3532151514423077 0.5696642211538461 0.3165454350961538 0.5509079399038461 0.3178570024038461 0.5534721370192307 0.35452671634615385 0.5722284182692308 0.3532151514423077
1 0.5583303966346154 0.37024462980769235 0.55618603125 0.33957877163461536 0.5385727908653846 0.34081040865384615 0.5407171562499999 0.3714762668269231 0.5583303966346154 0.37024462980769235
1 0.6618385889423077 0.3683901153846154 0.6599719567307692 0.34169604086538463 0.6352406826923077 0.34342541826923073 0.6371073149038462 0.3701194951923077 0.6618385889423077 0.3683901153846154
1 0.9865340841346154 0.3116207355769231 0.9834402548076924 0.2673769206730769 0.9538770264423077 0.2694441826923077 0.9569708557692308 0.31368799759615384 0.9865340841346154 0.3116207355769231
1 0.962518891826923 0.32583056490384615 0.9596188317307692 0.28435776201923074 0.9121825841346154 0.28767482692307694 0.9150826466346154 0.3291476298076923 0.962518891826923 0.32583056490384615
1 0.9149750288461539 0.33880830048076926 0.9115970048076923 0.2905003341346154 0.8820337788461539 0.29256759615384614 0.8854118004807692 0.3408755625 0.9149750288461539 0.33880830048076926
1 0.8892999855769231 0.36288015865384615 0.8851404326923077 0.3033957836538462 0.8532391658653846 0.3056265384615385 0.85739871875 0.3651109134615385 0.8892999855769231 0.36288015865384615
1 0.8593492235576924 0.3594053990384615 0.8570304663461539 0.32624563221153846 0.8251811538461538 0.32847275240384616 0.8274999110576923 0.3616325192307693 0.8593492235576924 0.3594053990384615
1 0.8301735336538462 0.3670146826923077 0.8283327379807692 0.3406900769230769 0.8027182019230769 0.34248121875 0.8045589975961539 0.36880582692307695 0.8301735336538462 0.3670146826923077
1 0.034551336538461534 0.2701488918269231 0.04122341586538462 0.3655640480769231 0.27606661778846153 0.34914221153846153 0.2693945408653846 0.2537270552884615 0.034551336538461534 0.2701488918269231
1 0 0.28091863942307693 0.20076983894230768 0.26687944471153846 0.19226342307692307 0.14523205048076923 0 0.15867641826923076 0 0.28091863942307693
1 0 0.1975674519230769 0.11100807692307693 0.18980501201923075 0.09979537019230769 0.029455826923076925 0 0.03643419711538461 0 0.1975674519230769
1 0.3135817620192308 0.1367486466346154 0.3078785240384615 0.055188548076923076 0.21690276201923078 0.061550194711538456 0.22260599759615385 0.14311029086538463 0.3135817620192308 0.1367486466346154
1 0.5409438653846154 0 0.5127902475961539 0.0019686923076923076 0.5172339951923077 0.06551721875 0.5887780408653847 0.060514370192307695 0.5845464639423077 0 0.5409438653846154 0
1 0.3029086971153846 0.9054768557692309 0.2955778076923077 0.8006402644230769 0.1322786514423077 0.8120592548076923 0.1396095408653846 0.9168958461538461 0.3029086971153846 0.9054768557692309
1 0.1258864735576923 1 0.26586468750000003 0.9902117692307691 0.25700303125 0.8634841899038462 0.05868521875 0.8773519230769231 0.06726160817307693 1 0.1258864735576923 1
1 0.20467968509615383 1 0.20301095192307692 0.9761360120192308 0.03773744951923077 0.9876930600961539 0.03859803365384615 1 0.20467968509615383 1
1 0.34253524278846154 0.7927157451923077 0.33745852163461537 0.72011525 0.20465780769230768 0.7294015817307693 0.20973452884615387 0.8020020769230769 0.34253524278846154 0.7927157451923077
1 0.3531147019230769 0.7416682259615384 0.34942019230769233 0.6888342764423078 0.3120634951923077 0.6914465120192308 0.31575800480769234 0.7442804615384616 0.3531147019230769 0.7416682259615384
1 0.36808338701923077 0.7100841634615385 0.3658485985576923 0.6781251658653846 0.34516992788461537 0.6795711610576922 0.3474047163461539 0.71153015625 0.36808338701923077 0.7100841634615385
1 0.716480704326923 0.8294980048076923 0.7089431298076924 0.7217056682692308 0.67065121875 0.7243833004807693 0.6781887932692308 0.8321756370192308 0.716480704326923 0.8294980048076923
1 0.8961911682692307 0.8519240745192308 0.8848234471153845 0.6893580793269231 0.7093664759615385 0.7016272259615385 0.7207341971153846 0.8641932211538462 0.8961911682692307 0.8519240745192308
1 0.7853824711538462 0.8897458317307693 0.77748965625 0.7768733052884615 0.7205453749999999 0.7808552379807693 0.7284381899038461 0.8937277620192308 0.7853824711538462 0.8897458317307693
1 1 0.8301853365384615 0.790127610576923 0.844861045673077 0.7994543100961539 0.9782390528846154 1 0.964215533653846 1 0.8301853365384615
1 0.7008067716346154 0.6680685 0.696976625 0.6132948461538461 0.5808539326923077 0.6214149350961539 0.5846840817307692 0.6761885889423076 0.7008067716346154 0.6680685
1 0.5720289326923077 0.6191546586538461 0.5745156225961539 0.65471596875 0.5923366899038461 0.6534697980769231 0.58985 0.6179084903846154 0.5720289326923077 0.6191546586538461
1 0.560414625 0.6083644735576923 0.5624298125 0.6371829927884616 0.5738082764423077 0.6363873317307692 0.5717930889423077 0.6075688149038462 0.560414625 0.6083644735576923
1 0.1843558653846154 0.35843262980769236 0.18717196153846152 0.3987046610576923 0.335715483173077 0.3883174855769231 0.3328993870192308 0.3480454543269231 0.1843558653846154 0.35843262980769236
1 0.21079932932692308 0.3796953774038462 0.21307933173076923 0.4123009423076923 0.34972482451923076 0.4027457596153846 0.34744482211538463 0.3701401947115385 0.21079932932692308 0.3796953774038462
1 0.5357869975961539 0.255426375 0.5333842740384616 0.2210658365384615 0.4906241081730769 0.22405591826923077 0.4930268317307692 0.25841645673076924 0.5357869975961539 0.255426375
1 0.49282537740384613 0.12337934375 0.49465971634615385 0.1496115841346154 0.5903115600961539 0.14292295673076924 0.5884772211538462 0.11669071394230769 0.49282537740384613 0.12337934375
1 0.5014217524038462 0.07831807211538461 0.5044186971153846 0.12117637740384615 0.5883803389423077 0.11530520913461538 0.5853833942307692 0.07244690144230768 0.5014217524038462 0.07831807211538461