1 0.9710907259615384 0.9006431298076923 0.9903028221153847 0.6258973653846154 0.6530014783653846 0.6023109567307693 0.6337893822115385 0.8770567211538461 0.9710907259615384 0.9006431298076923
1 0.7455505673076923 0.7145959302884616 0.7585427115384615 0.5287996274038462 0.5205301634615385 0.5121561682692307 0.5075380216346154 0.6979524735576923 0.7455505673076923 0.7145959302884616
1 0.45839527163461535 0.5293916177884616 0.4520106177884615 0.6206964399038462 0.5173198894230769 0.6252633100961538 0.5237045432692308 0.5339584879807693 0.45839527163461535 0.5293916177884616
1 0.46472465384615386 0.5732733629807693 0.46983043990384615 0.5002572139423077 0.42314756009615384 0.4969928293269231 0.41804177403846154 0.5700089759615385 0.46472465384615386 0.5732733629807693
1 0.4045114807692308 0.49582889663461543 0.4009849038461538 0.5462613004807693 0.4280282427884616 0.5481523557692308 0.4315548197115385 0.49771995192307694 0.4045114807692308 0.49582889663461543
1 0.41054337259615387 0.5260454879807692 0.4134498918269231 0.4844803197115385 0.3882769855769231 0.4827200576923077 0.3853704663461538 0.5242852259615385 0.41054337259615387 0.5260454879807692
1 0.3723475336538461 0.47756855048076924 0.36978010817307694 0.5142844495192308 0.38778302163461537 0.5155433365384615 0.3903504471153846 0.4788274375 0.3723475336538461 0.47756855048076924
1 0.3763079567307692 0.49148983894230774 0.37804218028846154 0.46668928846153845 0.35333688221153847 0.4649617259615385 0.35160265865384616 0.4897622764423077 0.3763079567307692 0.49148983894230774
1 0.3473632668269231 0.45967102644230773 0.3457937451923077 0.48211621634615387 0.35436656250000004 0.48271568750000005 0.35593608173076924 0.46027049519230767 0.3473632668269231 0.45967102644230773
1 0.5688373966346154 0.12820172836538463 0.5739431826923077 0.05518558173076923 0.4135535865384616 0.04397004807692308 0.40844780048076923 0.11698619471153847 0.5688373966346154 0.12820172836538463
1 0.56166384375 0.16919006009615384 0.5650935384615384 0.12014316346153847 0.3938710216346154 0.10817011778846154 0.390441326923077 0.15721701682692307 0.56166384375 0.16919006009615384
1 0.1376800360576923 0.19133505528846154 0.14322179807692306 0.11208413221153846 0.03247660336538462 0.10434007451923076 0.026934838942307693 0.18359099759615385 0.1376800360576923 0.19133505528846154
1 0.15389059374999997 0.21822579567307693 0.1583085048076923 0.15504673798076923 0.04171820673076923 0.14689394951923077 0.037300295673076925 0.21007300721153846 0.15389059374999997 0.21822579567307693
1 0.16583996394230768 0.23437646394230768 0.1693665408653846 0.1839440576923077 0.06540166346153846 0.17667412500000002 0.061875086538461535 0.22710653125 0.16583996394230768 0.23437646394230768
1 0 0.7021419495192307 0.010748817307692308 0.7028935793269231 0.016765314903846154 0.6168536802884615 0 0.6156813365384616 0 0.7021419495192307
1 0 0.6726256057692308 0.053718471153846155 0.6763819663461538 0.060054685096153845 0.5857698966346153 0.005266596153846155 0.5819387403846153 0 0.6572545937500001 0 0.6726256057692308
1 0.09369611538461539 0.6209801538461538 0.09798807692307691 0.5596022548076923 0.05450051923076923 0.5565613076923077 0.05020855769230769 0.6179392067307692 0.09369611538461539 0.6209801538461538
1 0.12262441586538463 0.5847153052884615 0.12611224038461538 0.5348371033653846 0.08979467307692308 0.53229753125 0.08630685096153846 0.582175735576923 0.12262441586538463 0.5847153052884615
1 0.14214627163461538 0.5586524807692308 0.1448977764423077 0.5193041225961539 0.11793237259615384 0.5174185192307692 0.11518086778846154 0.5567668774038462 0.14214627163461538 0.5586524807692308
1 0.16966334134615385 0.5257696538461538 0.17173665865384613 0.4961198341346154 0.14788864423076922 0.49445221875 0.14581532692307692 0.5241020384615385 0.16966334134615385 0.5257696538461538
1 0.1805994158653846 0.5160922764423077 0.18286650240384614 0.4836714447115385 0.16291522115384616 0.48227631490384615 0.1606481346153846 0.5146971466346154 0.1805994158653846 0.5160922764423077
1 0.18845600240384613 0.5034149975961538 0.1900739639423077 0.48027705288461536 0.17448702644230768 0.4791871081730769 0.17286906249999998 0.5023250528846154 0.18845600240384613 0.5034149975961538
1 0.19460899519230768 0.4938208365384616 0.19598474759615386 0.47414665625 0.18468421634615384 0.4733564471153846 0.18330846394230768 0.4930306274038462 0.19460899519230768 0.4938208365384616
1 0.20202205048076924 0.49308615625 0.2034462451923077 0.4727192235576923 0.19128843509615387 0.4718690649038461 0.18986423798076923 0.492236 0.20202205048076924 0.49308615625
1 0.2983688413461538 0.3729866346153846 0.2992795504807692 0.3599628822115385 0.281588375 0.35872579326923076 0.2806776658653846 0.3717495456730769 0.2983688413461538 0.3729866346153846
1 0.29666140625000004 0.44220280528846156 0.2977658846153846 0.4264080384615384 0.28007470913461535 0.4251709519230769 0.2789702307692308 0.44096571634615384 0.29666140625000004 0.44220280528846156
1 0.2831007692307692 0.44125455288461535 0.2838177115384615 0.43100181009615385 0.2666720793269231 0.4298028701923077 0.2659551370192308 0.44005561298076923 0.2831007692307692 0.44125455288461535
1 0.2673588173076923 0.4423814158653846 0.2679401201923077 0.43406837980769236 0.2522752475961539 0.43297298557692304 0.25169394471153844 0.4412860216346154 0.2673588173076923 0.4423814158653846
1 0.1801854903846154 0.021386098557692308 0.17606792067307692 0.08027008894230768 0.2179967860576923 0.08320204086538462 0.22211435576923078 0.02431805048076923 0.1801854903846154 0.021386098557692308
1 0.1794097956730769 0 0.1774409639423077 0.028155584134615386 0.21898015624999997 0.031060288461538462 0.2211521033653846 0 0.1794097956730769 0