1 0.9169463100961538 0.920743375 0.9770963173076923 0.6377598413461538 0.8530702596153846 0.6113972884615385 0.7929202524038461 0.8943808221153847 0.9169463100961538 0.920743375
1 0.9035342211538461 1 0.9430448076923077 0.8141173004807692 0.8245208293269232 0.7889242524038462 0.7796552932692309 1 0.9035342211538461 1
1 0.6381018533653846 0.6615487740384616 0.5874811322115385 0.8997005456730769 0.8048897187499999 0.9459121658653846 0.8555104399038461 0.7077603942307692 0.6381018533653846 0.6615487740384616
1 0.707162735576923 0.3073335504807692 0.7144973966346153 0.2728266802884615 0.6827840168269231 0.26608579326923076 0.6754493557692308 0.30059266346153846 0.707162735576923 0.3073335504807692
1 0.6779214951923076 0.30850170673076927 0.6842743533653847 0.27861386298076923 0.657298875 0.27288004807692307 0.6509460192307692 0.3027678918269231 0.6779214951923076 0.30850170673076927
1 0.6505526802884615 0.32227914663461543 0.6578873437499999 0.28777227403846156 0.6203662115384615 0.27979691105769233 0.6130315504807693 0.31430378365384615 0.6505526802884615 0.32227914663461543
1 0.6882917235576923 0.2574590600961538 0.7061374759615385 0.1735013918269231 0.57064875 0.144702375 0.5528029975961538 0.22866004086538463 0.6882917235576923 0.2574590600961538
1 0.6024234326923077 0.1797126466346154 0.6142339711538461 0.12414843028846154 0.459105875 0.09117493509615385 0.44729533653846154 0.14673915384615385 0.6024234326923077 0.1797126466346154
1 0.493356125 0.03938648557692308 0.4779360072115385 0.11193243028846153 0.6330641033653847 0.14490592548076922 0.6484842211538461 0.07235997836538462 0.493356125 0.03938648557692308
1 0.5053221466346154 0 0.49162600961538466 0.06443525961538461 0.6803015120192307 0.10453947596153847 0.6954039855769231 0.033487920673076925 0.5378557067307692 0 0.5053221466346154 0
1 0.5389484951923077 0.5858062548076923 0.5554948004807693 0.5079620072115385 0.4132048918269231 0.4777173533653846 0.39665858653846153 0.5555616009615385 0.5389484951923077 0.5858062548076923
1 0.39789176682692307 0.48738369711538465 0.38827585096153844 0.5326230240384615 0.40157254567307693 0.5354493245192308 0.4111884615384615 0.49020999759615386 0.39789176682692307 0.48738369711538465
1 0.3955467596153846 0.4837614326923077 0.38705703125 0.5237024591346153 0.3925591129807692 0.5248719615384615 0.4010488389423077 0.4849309350961538 0.3955467596153846 0.4837614326923077
1 0.3869326658653846 0.4682992427884616 0.3777498990384615 0.5115007596153845 0.3935683798076923 0.5148630817307692 0.40275114663461536 0.47166156249999996 0.3869326658653846 0.4682992427884616
1 0.3885068341346154 0.5007239783653846 0.39474418509615383 0.4713795480769231 0.3675394543269231 0.46559700480769234 0.3613021033653846 0.49494143269230767 0.3885068341346154 0.5007239783653846
1 0.37291930528846157 0.43465039182692305 0.36515149278846154 0.4711950721153846 0.3927383125 0.4770588317307692 0.4005061225961538 0.44051415144230766 0.37291930528846157 0.43465039182692305
1 0 0.6419232980769232 0.011420521634615386 0.6443508052884616 0.035070475961538464 0.533086514423077 0 0.5256320552884616 0 0.6419232980769232
1 0.06176569951923077 0.6025150552884615 0.08249911778846154 0.5049720024038462 0.039781576923076926 0.49589210817307694 0.019048161057692307 0.5934351610576922 0.06176569951923077 0.6025150552884615
1 0.09574550240384615 0.5587626466346154 0.11073247115384616 0.48825450721153846 0.05204361538461539 0.47577980528846153 0.03705664663461539 0.5462879471153846 0.09574550240384615 0.5587626466346154
1 0.1289368389423077 0.5243560913461539 0.13944793028846153 0.4749052956730769 0.11163185817307693 0.4689928076923077 0.10112076682692309 0.5184436033653846 0.1289368389423077 0.5243560913461539
1 0.1483258076923077 0.5112963413461539 0.15733531490384617 0.46890994711538464 0.12470492307692307 0.4619741442307692 0.11569541586538461 0.5043605384615385 0.1483258076923077 0.5112963413461539
1 0.09171070673076923 0.054686264423076926 0.07091953605769231 0.15250102403846155 0.19693245913461538 0.1792858966346154 0.21772362740384615 0.08147113701923077 0.09171070673076923 0.054686264423076926
1 0.1818259951923077 0.13574926201923077 0.20123108653846153 0.04445548798076923 0.09539245913461537 0.021958793269230767 0.0759873701923077 0.1132525673076923 0.1818259951923077 0.13574926201923077
1 0.09782357451923077 0 0.08684215144230768 0.05166353605769231 0.1953554014423077 0.07472874038461538 0.20956269951923076 0.007888656249999999 0.1724494903846154 0 0.09782357451923077 0
1 0.15091239423076924 0.16169448557692306 0.14031467307692308 0.21155284375 0.2218524471153846 0.22888423076923076 0.23245016826923076 0.17902587259615382 0.15091239423076924 0.16169448557692306
1 0.21579209615384617 0 0.21383188461538463 0.009222072115384615 0.28107953125 0.023516002403846156 0.2860780120192308 0 0.21579209615384617 0
1 0.43516300480769227 0.2804724254807692 0.4423532836538462 0.24664482211538463 0.37930861538461536 0.23324426201923076 0.37211833653846155 0.26707186778846154 0.43516300480769227 0.2804724254807692
2 0.24764972836538462 0.35364068269230764 0.22945745673076923 0.4392285961538462 0.27225141346153847 0.4483247331730769 0.2904436875 0.3627368173076923 0.24764972836538462 0.35364068269230764