1 1 0.24868792548076923 0.9861830072115385 0.24844675 0.9859495817307693 0.2618197139423077 1 0.2620649639423077 1 0.24868792548076923
1 1 0.2625650408653846 0.9873468918269231 0.2623441802884615 0.9871330985576924 0.27459231490384617 1 0.27481690625 1 0.2625650408653846
1 1 0.27044124038461537 0.987209454326923 0.27021798076923076 0.9869673004807692 0.28409086778846154 1 0.28431835336538464 1 0.27044124038461537
1 1 0.28156793509615385 0.9852968076923077 0.28131129086538464 0.9850830144230769 0.29355942307692307 1 0.2938198004807692 1 0.28156793509615385
1 1 0.2926946298076923 0.9851026490384616 0.29243459615384615 0.9847928701923077 0.3101818918269231 1 0.3104473341346154 1 0.2926946298076923
1 1 0.43471626201923075 0.9731727211538461 0.43424798798076925 0.9727538653846154 0.45824433413461535 1 0.45871991586538463 1 0.43471626201923075
1 0.7980678725961539 0.23728698798076925 0.7977842692307693 0.25353451442307695 0.9004248846153846 0.25532611298076924 0.9007084855769231 0.23907858894230768 0.7980678725961539 0.23728698798076925
1 0.7739277596153846 0.20123519471153847 0.7731205865384615 0.2474781514423077 0.8862283581730769 0.2494524543269231 0.88703553125 0.20320949759615384 0.7739277596153846 0.20123519471153847
1 0.662149889423077 0.13202386057692309 0.6614954254807692 0.16951814903846152 0.8395151826923077 0.1726254951923077 0.8401696490384616 0.13513120673076923 0.662149889423077 0.13202386057692309
1 0.6485668004807692 0.086529875 0.6474083966346154 0.15289476442307692 0.8428473774038461 0.15630616586538462 0.84400578125 0.08994127403846154 0.6485668004807692 0.086529875
1 0.8268018221153847 0.13102228124999998 0.8281587475961539 0.053284122596153845 0.54257725 0.04829927884615385 0.5412203245192307 0.1260374375 0.8268018221153847 0.13102228124999998
1 0.5719162524038461 0.014806213942307692 0.570661860576923 0.08667026682692308 0.8000800384615385 0.09067477644230769 0.8013344302884615 0.018810723557692307 0.5719162524038461 0.014806213942307692
1 0.47561014903846155 0.9975251129807692 0.47916389663461534 0.7939311274038462 0.14999528846153848 0.78818546875 0.1464415408653846 0.9917794543269232 0.47561014903846155 0.9975251129807692
1 0.5876500408653846 0.8413316899038462 0.5905318677884616 0.6762318389423078 0.4663320384615384 0.6740639230769231 0.4634502091346154 0.8391637740384615 0.5876500408653846 0.8413316899038462
1 0.6531801153846154 0.7533369471153846 0.6553093100961539 0.6313555264423076 0.5539966177884615 0.6295871081730768 0.5518674230769232 0.7515685264423078 0.6531801153846154 0.7533369471153846
1 0.705596829326923 0.6779902692307692 0.7070715576923077 0.5935031370192307 0.6447373028846154 0.5924150889423078 0.6432625745192309 0.67690221875 0.705596829326923 0.6779902692307692
1 0.7619109639423077 0.6210894182692308 0.7628861177884616 0.5652229302884615 0.6913345168269232 0.5639739903846154 0.6903593629807693 0.6198404807692307 0.7619109639423077 0.6210894182692308
1 0.7887119927884616 0.6031794326923077 0.7898202211538461 0.5396891057692308 0.7447489615384615 0.5389023822115384 0.7436407331730769 0.6023927115384615 0.7887119927884616 0.6031794326923077
1 0.8043572067307692 0.5708225528846154 0.8051818317307693 0.5235797475961539 0.7702652764423077 0.5229702788461539 0.7694406490384615 0.5702130817307692 0.8043572067307692 0.5708225528846154
1 0.8274367427884616 0.555723045673077 0.8281915600961539 0.5124796322115385 0.8029610288461538 0.5120392331730769 0.8022062115384615 0.5552826466346154 0.8274367427884616 0.555723045673077
1 0.8385955192307691 0.5386651947115385 0.8392848894230769 0.49917121153846156 0.8188192572115385 0.49881398317307696 0.8181298870192308 0.5383079663461539 0.8385955192307691 0.5386651947115385
1 0.8526571442307692 0.5254085865384616 0.8531938076923077 0.49466326923076925 0.8321032692307693 0.4942951322115385 0.8315666081730769 0.5250404495192308 0.8526571442307692 0.5254085865384616