1 0.43221978125 0.21162019230769233 0.4355970673076923 0.17301764903846154 0.38033939182692306 0.16818322836538463 0.3769621081730769 0.20678577163461537 0.43221978125 0.21162019230769233
1 0.4875258052884615 0.22486583413461536 0.4889747692307692 0.20830409615384615 0.45706540625 0.20551238942307692 0.4556164423076923 0.22207412740384613 0.4875258052884615 0.22486583413461536
1 0.8335563581730769 0.18512315144230768 0.839188798076923 0.1207440673076923 0.6615859615384616 0.10520583413461539 0.6559535216346154 0.16958491586538463 0.8335563581730769 0.18512315144230768
1 0.8574854230769231 0.2011446730769231 0.8618105264423076 0.15170851201923077 0.72304371875 0.13956798798076922 0.7187186153846153 0.18900414903846155 0.8574854230769231 0.2011446730769231
1 0.659294201923077 0.19773318750000002 0.6642293942307693 0.14132366346153846 0.6052359903846154 0.13616240865384616 0.6003007956730769 0.1925719326923077 0.659294201923077 0.19773318750000002
1 0.54890134375 0.007387492788461538 0.5434758990384615 0.06940061298076923 0.7671527379807692 0.08896980048076923 0.7725781850961538 0.02695668028846154 0.54890134375 0.007387492788461538
1 0.17844801923076922 0 0.17332132211538462 0.058598411057692305 0.46859965625 0.08443191826923077 0.4759864927884615 0 0.17844801923076922 0
1 0 0.9497585961538462 0.28102794951923077 0.9743453557692308 0.29460245432692306 0.81918803125 0 0.79341365625 0 0.9497585961538462
1 0.44783922115384617 0.9913235240384615 0.46850602644230765 0.7551008557692308 0.09874657211538462 0.7227510937499999 0.07807976682692308 0.9589737620192308 0.44783922115384617 0.9913235240384615
1 0.5864583605769231 0.8832436995192308 0.605240423076923 0.6685637427884615 0.4829730889423077 0.6578667379807693 0.4641910264423077 0.8725466947115385 0.5864583605769231 0.8832436995192308
1 0.6510862788461539 0.7316746298076923 0.6606516225961538 0.6223422596153847 0.5985451081730769 0.6169086442307693 0.5889797668269231 0.7262410120192307 0.6510862788461539 0.7316746298076923
1 0.7026279519230769 0.6911375264423077 0.7108859591346154 0.5967480769230769 0.6518147259615384 0.591580014423077 0.6435567211538462 0.6859694615384615 0.7026279519230769 0.6911375264423077
1 0.7480973557692308 0.636643076923077 0.7546122475961539 0.5621775240384616 0.710094798076923 0.5582827524038462 0.70357990625 0.6327483052884616 0.7480973557692308 0.636643076923077
1 0.7879834591346154 0.5868047307692308 0.7935178485576924 0.5235463677884615 0.723395079326923 0.517411420673077 0.7178606899038461 0.5806697836538461 0.7879834591346154 0.5868047307692308
1 0.8060656225961539 0.5594014158653846 0.8092468076923077 0.5230403100961538 0.78465325 0.5208886538461539 0.7814720649038461 0.5572497596153846 0.8060656225961539 0.5594014158653846
1 0.8178859663461538 0.5488916346153846 0.8212414615384614 0.5105381394230769 0.7972705264423077 0.508440954326923 0.79391503125 0.5467944495192307 0.8178859663461538 0.5488916346153846
1 0.8281761706730768 0.5343581802884615 0.8304422211538461 0.5084571201923077 0.8184567524038461 0.5074085264423077 0.816190704326923 0.5333095889423076 0.8281761706730768 0.5343581802884615