1 0.6188496394230769 0 0.6382379158653847 0.09121467067307693 0.9061586562499999 0.034266358173076925 0.8988751177884615 0 0.6188496394230769 0
1 0.84583496875 0.17156798798076922 0.8159572884615385 0.03100455528846154 0.5776866466346153 0.08165054326923077 0.6075643269230769 0.22221397596153844 0.84583496875 0.17156798798076922
1 0.7096450745192308 0.22474930048076924 0.6949565 0.15564498557692305 0.560766875 0.18416787019230768 0.5754554519230769 0.25327218509615385 0.7096450745192308 0.22474930048076924
1 0.7115309278846154 0.28247040865384615 0.6985749495192307 0.2215173221153846 0.5392184038461538 0.25538960096153845 0.5521743822115385 0.3163426875 0.7115309278846154 0.28247040865384615
1 0.6930709038461539 0.31185806009615386 0.6798261586538461 0.24954643509615385 0.5326964567307693 0.2808198173076923 0.5459412019230769 0.3431314423076923 0.6930709038461539 0.31185806009615386
1 0.4998833557692308 0.22740063461538462 0.4926834519230769 0.1935277451923077 0.45457644951923076 0.20162763942307693 0.46177635576923076 0.23550052884615386 0.4998833557692308 0.22740063461538462
1 0.04582423317307693 0.25159275 0.06932980528846154 0.3621777716346154 0.22593531009615386 0.3288902427884616 0.20242973798076921 0.2183052235576923 0.04582423317307693 0.25159275
1 0.1270218701923077 0.06820331490384615 0.13826450240384616 0.12109573798076924 0.2572215144230769 0.09581064423076922 0.24597888461538464 0.04291822115384615 0.1270218701923077 0.06820331490384615
1 0.06445371153846154 0.5083297836538462 0.07096057692307692 0.5389421802884615 0.09256133653846153 0.5343507980769231 0.08605447115384615 0.5037384014423076 0.06445371153846154 0.5083297836538462
1 0.016919274038461538 0.5126592091346154 0.024099927884615385 0.5464415288461538 0.07529984134615385 0.5355586514423076 0.0681191875 0.5017763317307693 0.016919274038461538 0.5126592091346154
1 0.08499612259615384 0.5072765 0.09048268028846153 0.5330887283653847 0.11738174038461538 0.52737115625 0.11189518269230768 0.5015589302884615 0.08499612259615384 0.5072765
1 0.13460121394230767 0.5237110432692308 0.12926866346153848 0.4986233701923077 0.10675088942307692 0.5034096706730768 0.11208343990384616 0.52849734375 0.13460121394230767 0.5237110432692308
1 0.14614456730769232 0.3595761586538462 0.16048662259615384 0.42705022836538464 0.3105202019230769 0.39515960576923076 0.2961781466346154 0.3276855360576923 0.14614456730769232 0.3595761586538462
1 0.20295568269230768 1 0.36789446875 0.9649411802884615 0.3381515456730769 0.8250117307692307 0.08469923798076924 0.8788846826923076 0.11044309134615383 1 0.20295568269230768 1
1 0.3740948629807692 0.8553308725961538 0.3585977403846154 0.7824226466346154 0.3250248629807692 0.78955878125 0.3405219855769231 0.8624670072115385 0.3740948629807692 0.8553308725961538
1 0.3865321081730769 0.8076285384615385 0.37386489663461536 0.7480339903846154 0.34385818028846155 0.7544121153846154 0.35652539182692305 0.8140066634615385 0.3865321081730769 0.8076285384615385
1 0.3962399086538462 0.7621156057692308 0.3869031322115385 0.71818953125 0.3555718413461539 0.724849204326923 0.36490861778846156 0.7687752764423077 0.3962399086538462 0.7621156057692308
1 0.4091469086538462 0.7339082836538461 0.39998339423076923 0.6907973365384615 0.3739504014423077 0.6963308197115385 0.3831139158653846 0.7394417668269231 0.4091469086538462 0.7339082836538461
1 0.41702960576923076 0.6863220985576923 0.41004146394230767 0.6534454735576923 0.3857406081730769 0.6586107788461538 0.39272875240384614 0.69148740625 0.41702960576923076 0.6863220985576923
1 0.9863297668269231 0.9026860120192308 0.95210134375 0.7416539326923076 0.7983487668269231 0.7743350528846153 0.8325771923076922 0.9353671298076923 0.9863297668269231 0.9026860120192308
1 0.7250884951923078 0.7069838221153847 0.7458989158653846 0.8048891514423077 0.8019895673076923 0.7929667139423077 0.7811791466346154 0.6950613870192307 0.7250884951923078 0.7069838221153847
1 0.7465166682692307 0.7348979038461538 0.7319243461538462 0.6662464350961539 0.6863793485576923 0.6759273221153846 0.7009716682692309 0.7445787932692307 0.7465166682692307 0.7348979038461538
1 0.7142623100961539 0.6926246346153846 0.7032506899038461 0.6408190384615384 0.6566867884615385 0.6507165024038462 0.6676984086538462 0.7025220985576923 0.7142623100961539 0.6926246346153846
1 0.6339460048076924 0.6349140697115385 0.641954454326923 0.6725908677884616 0.6625872548076923 0.6682052307692307 0.6545788052884615 0.6305284326923076 0.6339460048076924 0.6349140697115385
1 0.6432731850961539 0.6479826418269231 0.6370165817307692 0.6185476466346155 0.6207650673076923 0.6220020120192308 0.6270216682692307 0.6514370072115384 0.6432731850961539 0.6479826418269231
1 0.5979916466346153 0.609803641826923 0.6049412884615385 0.6424991322115384 0.6248608557692308 0.6382650961538462 0.6179112139423076 0.6055696081730769 0.5979916466346153 0.609803641826923
1 0.6049307500000001 0.6151442932692308 0.5997329567307692 0.5906906033653846 0.5810360745192308 0.59466475 0.5862338677884615 0.6191184399038462 0.6049307500000001 0.6151442932692308
1 0.5918711875 0.6065608509615384 0.5859611033653847 0.5787560985576923 0.5687925745192308 0.5824053798076924 0.5747026586538462 0.6102101346153846 0.5918711875 0.6065608509615384
1 0.5003316899038461 0.5413910889423077 0.4981563173076923 0.5311567668269231 0.4826180360576923 0.53445953125 0.4847934086538462 0.5446938509615384 0.5003316899038461 0.5413910889423077
1 0.4851511947115385 0.5453750913461538 0.48322608653846155 0.5363181682692308 0.46682173798076926 0.5398050192307692 0.4687468461538461 0.5488619423076924 0.4851511947115385 0.5453750913461538
1 0.47063299038461537 0.5492183197115384 0.4687078822115385 0.5401613990384615 0.4499600552884615 0.5441463725961538 0.45188516105769233 0.5532032932692308 0.47063299038461537 0.5492183197115384
1 0.48537125240384615 0.4695047235576923 0.48334988701923076 0.45999495192307693 0.4657737980769231 0.4637308653846154 0.4677951634615385 0.47324063461538457 0.48537125240384615 0.4695047235576923
1 0.6123758221153847 0.3468066298076923 0.6055416874999999 0.31465455528846153 0.52250103125 0.3323053918269231 0.5293351658653846 0.36445746634615384 0.6123758221153847 0.3468066298076923
1 0.6126547235576922 0.3541309182692308 0.6076879423076923 0.3307640576923077 0.5181772475961538 0.3497901442307692 0.5231440264423077 0.3731570024038462 0.6126547235576922 0.3541309182692308
1 0.48551743990384616 0.07464192548076923 0.4785100456730769 0.04167472836538462 0.41442099759615386 0.05529727403846153 0.4214283918269231 0.08826447115384616 0.48551743990384616 0.07464192548076923