1 0.5293489663461538 0.8637495721153846 0.5548002475961538 0.6826543004807692 0.15428323317307693 0.6263653028846154 0.12883195192307692 0.8074605769230769 0.5293489663461538 0.8637495721153846
1 0.6169600360576923 0.7753322043269232 0.6402889254807692 0.6093385192307692 0.5237003341346154 0.5929530625 0.5003714423076923 0.7589467475961539 0.6169600360576923 0.7753322043269232
1 0.6864414110576923 0.7165551298076923 0.699941201923077 0.6204991274038462 0.6210292163461539 0.6094087692307693 0.6075294254807692 0.7054647716346154 0.6864414110576923 0.7165551298076923
1 0.7284298822115385 0.6608567427884615 0.7407814951923076 0.5729704519230769 0.6652735552884615 0.5623585024038461 0.6529219423076923 0.6502447932692307 0.7284298822115385 0.6608567427884615
1 0.7697974230769231 0.6275397524038462 0.776756076923077 0.5780263485576923 0.7313430024038462 0.5716439567307693 0.7243843485576923 0.6211573605769231 0.7697974230769231 0.6275397524038462
1 0.8133133605769232 0.5896017908653847 0.8198892884615384 0.542811625 0.7733931081730769 0.5362770120192308 0.7668171802884616 0.5830671778846154 0.8133133605769232 0.5896017908653847
1 0.8325836971153847 0.5776675600961538 0.8379418605769231 0.5395422379807692 0.8129530649038461 0.5360302932692307 0.8075949014423076 0.5741556129807692 0.8325836971153847 0.5776675600961538
1 0.8522144326923077 0.5502578798076923 0.8560938822115385 0.5226541586538461 0.8346638605769231 0.5196423653846154 0.8307844110576923 0.5472460889423076 0.8522144326923077 0.5502578798076923
1 1 0.4812793629807692 0.9758338701923077 0.47788303365384616 0.9739724278846154 0.4911278701923077 1 0.49478580528846156 1 0.4812793629807692
1 0.9462938557692309 0.4708282019230769 0.9439627067307692 0.4874151923076923 0.9759916899038461 0.4919165721153846 0.9783228389423078 0.4753295817307693 0.9462938557692309 0.4708282019230769
1 0.8293279855769231 0.12480724759615384 0.8407227836538461 0.04372904807692308 0.6004280480769231 0.009957826923076923 0.5890332500000001 0.09103602403846155 0.8293279855769231 0.12480724759615384
1 0.8508337740384615 0.15534749038461537 0.8612195673076923 0.08144873557692309 0.701384110576923 0.058985326923076925 0.6909983173076923 0.13288408173076924 0.8508337740384615 0.15534749038461537
1 0.8652723581730769 0.18565187259615384 0.8734139855769231 0.12772118990384615 0.7364784783653846 0.10847616105769231 0.7283368533653847 0.16640684134615386 0.8652723581730769 0.18565187259615384
1 0.8743856634615385 0.20725544471153848 0.8824229086538461 0.1500674639423077 0.7563958245192308 0.13235551201923076 0.7483585793269231 0.18954349278846155 0.8743856634615385 0.20725544471153848
1 0.06788119951923077 0 0.062419389423076926 0.03886279326923077 0.1589705264423077 0.05243217067307692 0.1663393870192308 0 0.06788119951923077 0
1 0.2371529326923077 0.10520160817307692 0.2471907908653846 0.03377852403846154 0.16680887500000002 0.02248158173076923 0.15677101682692307 0.09390466586538461 0.2371529326923077 0.10520160817307692
1 0.30694039903846154 0.12283575961538462 0.31337715384615383 0.07703586298076924 0.24552831971153846 0.06750032932692308 0.23909156250000002 0.11330022836538461 0.30694039903846154 0.12283575961538462
1 0.3683677908653846 0.15280142548076922 0.37532644711538465 0.10328802163461538 0.3062397764423077 0.09357852403846154 0.2992811201923077 0.14309192548076924 0.3683677908653846 0.15280142548076922
1 0.4237433413461539 0.1820427860576923 0.43111951682692307 0.12955857932692308 0.3644311514423077 0.12018613942307692 0.3570549759615385 0.1726703485576923 0.4237433413461539 0.1820427860576923
1 0.3436903557692308 0 0.33834890144230767 0.038006425480769226 0.515049860576923 0.062840125 0.5238814615384615 0 0.3436903557692308 0