1 0.00033277403846153846 0.010127266826923078 0.003693978365384615 0.2026905264423077 0.20892313221153846 0.1991082379807692 0.2055619278846154 0.006544978365384615 0.00033277403846153846 0.010127266826923078
1 0.08250927403846155 0.5519237548076923 0.08005139423076923 0.41111187019230766 0.0008967860576923076 0.41249351923076927 0.0033546658653846153 0.5533054038461539 0.08250927403846155 0.5519237548076923
1 0.21176240144230768 0.546796826923077 0.209755375 0.4318143413461539 0.07560913942307693 0.43415587259615385 0.07761616826923076 0.5491383581730769 0.21176240144230768 0.546796826923077
1 0.2629707091346154 0.5171023004807692 0.2617183389423077 0.44535396875 0.18579240384615386 0.44667926201923075 0.1870447764423077 0.5184275913461538 0.2629707091346154 0.5171023004807692
1 0.3214912115384615 0.5362690817307693 0.32008693750000006 0.4558183725961538 0.24900401682692308 0.4570591298076923 0.25040828846153845 0.5375098389423077 0.3214912115384615 0.5362690817307693
1 0.09951496394230769 0.24889562740384616 0.10106305528846155 0.33758582211538457 0.33175708173076923 0.33355904326923075 0.33020898798076925 0.2448688485576923 0.09951496394230769 0.24889562740384616
1 0.3294001298076923 0.28507427403846153 0.3303923317307692 0.34191746634615383 0.3670013365384615 0.34127845432692305 0.36600913461538465 0.28443526201923075 0.3294001298076923 0.28507427403846153
1 0.33765559375000004 0.5371908149038462 0.3361091153846154 0.4485932019230769 0.29871897836538464 0.4492458485576923 0.3002654543269231 0.5378434639423078 0.33765559375000004 0.5371908149038462
1 0.37727313942307694 0.5268681923076923 0.3761112620192308 0.4603042596153846 0.3285664206730769 0.4611341586538461 0.32972829807692305 0.5276980913461539 0.37727313942307694 0.5268681923076923
1 0.37589768028846154 0.7942477355769231 0.37395206009615384 0.6827832331730769 0.34400870432692304 0.6833058966346154 0.3459543245192308 0.7947703990384615 0.37589768028846154 0.7942477355769231
1 0.34990574999999996 0.8062772644230769 0.3485709639423077 0.7298074326923077 0.32425174999999995 0.7302319254807692 0.3255865360576923 0.8067017572115385 0.34990574999999996 0.8062772644230769
1 0.3331644759615384 0.8648190961538462 0.33110412259615385 0.7467815216346154 0.2777789158653846 0.7477123173076923 0.27983926923076924 0.8657498918269231 0.3331644759615384 0.8648190961538462
1 0.2925386899038461 0.9486890360576923 0.2901874639423077 0.8139873341346154 0.22285397115384614 0.8151626442307692 0.22520519711538461 0.9498643461538462 0.2925386899038461 0.9486890360576923
1 0.23540465384615386 1 0.2339174735576923 0.9147995504807693 0.15726248557692307 0.9161375673076922 0.15872631009615384 1 0.23540465384615386 1
1 0.8891632259615385 0.9918015889423076 0.8864548725961539 0.8366400384615384 0.7773048293269231 0.8385452596153846 0.7800131850961538 0.9937068100961538 0.8891632259615385 0.9918015889423076
1 0.7324811442307693 0.771446951923077 0.7345124110576923 0.8878181105769231 0.7999711899038461 0.8866755240384615 0.7979399230769231 0.7703043629807692 0.7324811442307693 0.771446951923077
1 0.6864814110576922 0.7265021682692308 0.6878113485576923 0.8026942668269231 0.729107141826923 0.8019734471153845 0.727777204326923 0.7257813485576924 0.6864814110576922 0.7265021682692308
1 0.718150920673077 0.7562317668269232 0.7170084350961539 0.6907787740384616 0.6585798341346153 0.6917986490384614 0.6597223197115384 0.7572516418269231 0.718150920673077 0.7562317668269232
1 0.6407022259615385 0.6613652788461538 0.6417429062500001 0.7209858269230769 0.6617919350961539 0.7206358701923077 0.6607512548076924 0.6610153221153846 0.6407022259615385 0.6613652788461538
1 0.6516175264423077 0.6958096586538461 0.6506931947115385 0.6428547620192308 0.6279362427884615 0.6432519855769231 0.6288605745192307 0.6962068822115385 0.6516175264423077 0.6958096586538461
1 0.6093354711538461 0.6310747596153846 0.60993984375 0.6656991153846155 0.6310303798076924 0.6653309783653847 0.6304260096153846 0.630706622596154 0.6093354711538461 0.6310747596153846
1 0.6081917932692308 0.6282239158653845 0.6076536778846153 0.5973952764423077 0.5924997355769231 0.5976597908653847 0.5930378533653846 0.6284884278846155 0.6081917932692308 0.6282239158653845
1 0.9668792019230769 0.35590396153846154 0.9660582908653846 0.3088740889423077 0.9301783413461538 0.30950037500000005 0.93099925 0.35653025 0.9668792019230769 0.35590396153846154
1 0.8436653173076922 0.39963507692307687 0.8429639879807692 0.3594560120192308 0.7891700985576923 0.36039498798076924 0.7898714278846154 0.40057405288461534 0.8436653173076922 0.39963507692307687
1 0.7917003221153845 0.41582223317307687 0.7909989951923078 0.3756431682692308 0.7715227956730769 0.37598312500000003 0.7722241225961538 0.4161621899038461 0.7917003221153845 0.41582223317307687
1 0.7722241225961538 0.4161621899038461 0.7716439927884615 0.3829265120192308 0.7607602331730768 0.3831164903846154 0.7613403629807693 0.41635216826923077 0.7722241225961538 0.4161621899038461
1 0.7599720168269232 0.4274888557692308 0.7592706899038462 0.3873097908653846 0.7382322283653846 0.38767701682692307 0.7389335552884616 0.4278560817307693 0.7599720168269232 0.4274888557692308
1 0.95254 0.24169237740384614 0.9491044615384615 0.044870507211538464 0.686436141826923 0.04945539903846154 0.6898716802884616 0.24627726923076926 0.95254 0.24169237740384614
1 0.8746784663461539 0.24851525000000002 0.8729138341346154 0.1474195360576923 0.6616960096153846 0.1511063581730769 0.663460641826923 0.2522020721153846 0.8746784663461539 0.24851525000000002
1 0.877458170673077 0.27347053846153846 0.8761039927884616 0.19588976201923075 0.6508778846153846 0.1998210985576923 0.6522320625 0.277401875 0.877458170673077 0.27347053846153846
1 0.7838509495192307 0.31529576442307694 0.7826906875 0.24882440865384614 0.6182365721153846 0.2516949639423077 0.6193968341346154 0.31816632211538465 0.7838509495192307 0.31529576442307694
1 0.7476523966346154 0.3394497139423077 0.7466375697115384 0.2813104230769231 0.5985351298076923 0.28389556009615385 0.5995499567307692 0.34203485096153846 0.7476523966346154 0.3394497139423077
1 0.6718395288461539 0.3741114423076923 0.6712093028846154 0.3380058317307692 0.5761196225961538 0.3396656298076923 0.5767498485576923 0.3757712403846154 0.6718395288461539 0.3741114423076923
1 0.6395223942307692 0.3968085408653846 0.6388937860576923 0.36079550721153847 0.5609369110576923 0.36215625 0.5615655192307693 0.39816928365384613 0.6395223942307692 0.3968085408653846
1 0.5993986177884616 0.22294527884615387 0.598614875 0.17804471153846152 0.5548715384615385 0.17880825480769233 0.55565528125 0.22370882211538462 0.5993986177884616 0.22294527884615387
1 0.5918065072115385 0.25354540384615387 0.5911908245192308 0.21827299759615387 0.5393237259615384 0.21917834134615385 0.5399394086538462 0.2544507475961538 0.5918065072115385 0.25354540384615387
0 0.5271098413461538 0.34311408413461536 0.5310010817307692 0.5660430889423077 0.5689119735576923 0.5653813533653846 0.5650207331730769 0.3424523461538461 0.5271098413461538 0.34311408413461536
1 0.9959958629807691 0.3289102139423077 0.9952541370192307 0.2864166875 0.9627590865384617 0.2869838918269231 0.9635008149038462 0.3294774182692307 0.9959958629807691 0.3289102139423077