1 0.6078709471153846 0.8552062451923077 0.6295436370192308 0.7183702548076922 0.5505285697115384 0.705855497596154 0.5288558798076923 0.8426914879807692 0.6078709471153846 0.8552062451923077
1 0.5575154615384615 0.7546323461538461 0.5735499927884615 0.6533942932692308 0.5191499711538461 0.6447781754807692 0.5031154399038461 0.7460162307692308 0.5575154615384615 0.7546323461538461
1 0.4921332644230769 0.6095978677884616 0.48172059375000004 0.675340875 0.5145149326923076 0.6805349879807692 0.5249276033653846 0.6147919807692308 0.4921332644230769 0.6095978677884616
1 0.7695977572115384 0.18169299278846152 0.7817377235576923 0.10504426442307692 0.5527946514423077 0.06878324278846154 0.5406546850961539 0.1454319735576923 0.7695977572115384 0.18169299278846152
1 0.7698321514423078 0.22665825721153846 0.7811084687500001 0.1554623894230769 0.5306368774038461 0.11579158653846154 0.5193605600961538 0.1869874543269231 0.7698321514423078 0.22665825721153846
1 0.8857551802884616 0.2628422668269231 0.8976181274038461 0.1879425673076923 0.714355641826923 0.15891664182692308 0.7024926947115385 0.2338163389423077 0.8857551802884616 0.2628422668269231
1 0.6675170552884615 1 0.6959088004807692 0.8207415841346154 0.5879575504807693 0.8036437860576923 0.55685778125 1 0.6675170552884615 1
1 0.8235790624999999 1 0.8397270504807692 0.8980456225961538 0.6741349254807693 0.8718184062500001 0.6538329567307692 1 0.8235790624999999 1
1 0.7387060096153846 1 0.7391365673076924 0.9972815625 0.6622820697115385 0.9851090048076923 0.6599235673076923 1 0.7387060096153846 1
1 0 0.5754196418269231 0.012669264423076922 0.5774262572115385 0.022788620192307693 0.5135351682692307 0 0.5099258052884615 0 0.5754196418269231
1 0.05204929807692308 0.5615157668269231 0.06181015625 0.4998881298076923 0.020682197115384618 0.4933741009615385 0.010921336538461538 0.5550017379807692 0.05204929807692308 0.5615157668269231
1 0.09852641346153845 0.5337571346153847 0.1061200048076923 0.48581309615384616 0.055655302884615385 0.4778202716346154 0.048061713942307696 0.5257643125 0.09852641346153845 0.5337571346153847
1 0.12660228125 0.5113103100961538 0.13256634615384616 0.47365469230769236 0.09491072836538463 0.4676906298076923 0.08894666346153847 0.5053462475961539 0.12660228125 0.5113103100961538
1 0.14661676201923077 0.49581296634615385 0.1518638341346154 0.4626842524038462 0.12277332692307692 0.45807676923076923 0.11752625480769231 0.4912054831730769 0.14661676201923077 0.49581296634615385
1 0.15330156009615384 0.30977661538461543 0.16017815865384616 0.2663594831730769 0.13363403365384616 0.26215530769230766 0.12675743509615384 0.30557243990384614 0.15330156009615384 0.30977661538461543
1 0.09808194471153847 0.24840359615384616 0.09068389903846154 0.2951130216346154 0.1308859014423077 0.3014803942307692 0.1382839471153846 0.25477096634615387 0.09808194471153847 0.24840359615384616
1 0.09104239423076922 0.29284956971153847 0.0987989375 0.24387668990384614 0.07657594951923077 0.24035691346153848 0.06881940624999999 0.28932979567307693 0.09104239423076922 0.29284956971153847
1 0.03965361778846154 0.22976306009615385 0.031701533653846155 0.27997055288461536 0.07444991826923077 0.28674123076923075 0.08240200480769232 0.2365337403846154 0.03965361778846154 0.22976306009615385
1 0.06972223798076924 0.0998465096153846 0.061900516826923074 0.14923092548076922 0.19593291105769228 0.1704595721153846 0.20375463221153847 0.12107515625000001 0.06972223798076924 0.0998465096153846
1 0.07290264182692308 0.005853490384615385 0.06100710576923077 0.08095895673076922 0.10730499759615385 0.08829182211538462 0.11920053365384614 0.01318635576923077 0.07290264182692308 0.005853490384615385
1 0.17499715865384616 0 0.17294681971153844 0.012945324519230769 0.31623879326923077 0.035640543269230766 0.3218837019230769 0 0.17499715865384616 0
2 0.402773375 0.33378569711538464 0.3887431586538461 0.4223689951923077 0.42794203846153844 0.4285774879807692 0.4419722548076923 0.3399941899038461 0.402773375 0.33378569711538464