1 0.4463093245192308 0.7318277235576923 0.4560961875 0.6199633605769231 0.15070025 0.5932446802884616 0.14091338701923076 0.7051090408653846 0.4463093245192308 0.7318277235576923
1 0.6080348822115385 0.7083336322115384 0.6146714302884615 0.6324775576923076 0.4282740625 0.6161698990384615 0.42163751442307695 0.6920259759615385 0.6080348822115385 0.7083336322115384
1 0.7474007451923076 0.7010775576923076 0.7533200721153845 0.6334193341346155 0.6115179831730769 0.6210132596153847 0.60559865625 0.6886714807692308 0.7474007451923076 0.7010775576923076
1 0.2927130769230769 0.19807650961538462 0.2964535096153846 0.15532315625 0.19496617548076925 0.14644416346153846 0.19122574278846155 0.18919751923076925 0.2927130769230769 0.19807650961538462
1 0.07147930528846154 0.11472754807692308 0.06567800240384615 0.18103675721153845 0.18996885576923078 0.19191079807692307 0.19577016105769232 0.1256015889423077 0.07147930528846154 0.11472754807692308
1 0.06761176923076923 0.1589336875 0.07147930528846154 0.11472754807692308 0.0321763125 0.11128898317307692 0.02830877644230769 0.15549512259615383 0.06761176923076923 0.1589336875
1 0 0.5244317644230769 0.04781657932692308 0.5286151730769231 0.050349543269230766 0.4996632644230769 0.0006176346153846154 0.49531228605769234 0 0.5023718822115385 0 0.5244317644230769
1 0.20307297355769233 0 0.1982494735576923 0.05513285576923077 0.4788961995192308 0.07968626201923076 0.48586784615384615 0 0.20307297355769233 0
1 0.3763103197115385 0 0.3686002692307693 0.08812628846153846 0.6595202524038462 0.11357849038461539 0.6683356923076923 0.012817545673076924 0.52183046875 0 0.3763103197115385 0
1 0.9525537884615385 0.18658335096153847 0.9623406538461539 0.07471898557692308 0.6983490576923077 0.05162271394230769 0.6885621947115385 0.16348707932692308 0.9525537884615385 0.18658335096153847
1 0.8864145360576923 0.298954875 0.8889475 0.27000296634615384 0.8175016610576923 0.2637522644230769 0.8149686971153846 0.2927041730769231 0.8864145360576923 0.298954875
1 0.9193734302884615 0.31574549278846153 0.923477014423077 0.26884132451923076 0.8861975408653847 0.26557979326923076 0.8820939567307692 0.31248396153846153 0.9193734302884615 0.31574549278846153