2 0.35637372115384613 0.2189125216346154 0.3314859158653846 0.5033814519230769 0.46970793028846153 0.5154743125 0.49459573557692305 0.2310053822115385 0.35637372115384613 0.2189125216346154
2 0 0.5811754711538462 0.12235195192307692 0.5918798798076923 0.15336487019230768 0.23740059855769233 0.024793490384615386 0.22615206009615385 0 0.5095429543269231 0 0.5811754711538462
1 0.04343677403846154 0.004990899038461538 0.0354838125 0.09589366586538461 0.09175324759615384 0.10081660336538462 0.09970620913461539 0.009913836538461538 0.04343677403846154 0.004990899038461538
1 0.04708878125 0 0.04410987740384616 0.03404902884615384 0.0680808125 0.036146213942307694 0.07124319711538461 0 0.04708878125 0
1 0.11751301682692308 0 0.11198973798076922 0.06313137019230769 0.19876763701923078 0.07072345432692308 0.20450538942307692 0.005140637019230769 0.14574763461538462 0 0.11751301682692308 0
1 0.4089491658653846 0.09036672836538462 0.41318590384615383 0.04194059855769231 0.3432966201923077 0.035826079326923076 0.3390598822115385 0.08425220913461538 0.4089491658653846 0.09036672836538462
1 0.10513575721153846 0.22035451201923079 0.10088691586538462 0.2689190048076923 0.17653544951923078 0.27553739423076923 0.18078429326923076 0.2269729014423077 0.10513575721153846 0.22035451201923079
1 0.10554056009615385 0.22917335096153846 0.10118277403846153 0.27898308653846154 0.18282404086538462 0.2861257716346154 0.1871818293269231 0.23631603605769233 0.10554056009615385 0.22917335096153846
1 0.16350807932692307 0.5158720841346154 0.16590486057692308 0.48847673076923076 0.15088411298076923 0.4871625841346154 0.14848732932692307 0.5145579399038461 0.16350807932692307 0.5158720841346154
1 0.1718632019230769 0.5064254447115385 0.1740663052884615 0.48124385576923073 0.1628591153846154 0.4802633533653846 0.1606560096153846 0.5054449423076923 0.1718632019230769 0.5064254447115385
1 0.04746003846153846 0.6590805600961538 0.05527984615384615 0.5696997572115385 0.01263026201923077 0.5659684038461539 0.004810454326923077 0.6553492043269231 0.04746003846153846 0.6590805600961538
1 0 0.6711010000000001 0.021384478365384617 0.6729718990384614 0.028163259615384614 0.5954900865384615 0 0.5930261225961538 0 0.6711010000000001
1 0.1776073966346154 0.09117928125 0.17504114423076922 0.12051168028846154 0.21123103124999998 0.12367788461538462 0.21379728365384618 0.09434548557692309 0.1776073966346154 0.09117928125
1 0.9538522980769231 1 0.9895195625 0.5923213076923077 0.8333193461538462 0.5786555576923077 0.7964564855769231 1 0.9538522980769231 1
1 0.9564256634615386 0.9123213461538462 0.9862886105769231 0.5709863028846154 0.628436795673077 0.5396783269230769 0.5985738509615385 0.8810133701923076 0.9564256634615386 0.9123213461538462
1 0.4989426586538462 0.5990347043269231 0.4861840264423077 0.7448665384615385 0.6048712860576922 0.7552503293269232 0.6176299182692309 0.6094184927884615 0.4989426586538462 0.5990347043269231
1 0.5025821129807693 0.6506594615384615 0.5115639975961538 0.5479960625 0.44688916826923075 0.54233775 0.4379072860576923 0.6450011466346154 0.5025821129807693 0.6506594615384615
1 0.3981480192307692 0.5159057620192308 0.3903524230769231 0.60500984375 0.4452987860576923 0.6098170288461539 0.45309438221153847 0.5207129471153846 0.3981480192307692 0.5159057620192308
1 1 0.14026452403846154 0.9883781826923077 0.13924774759615383 0.9835483004807692 0.19445353605769233 1 0.19589287259615384 1 0.14026452403846154
1 0.9955581899038461 0.21404705048076922 0.9992744134615384 0.17157041346153848 0.9268168149038462 0.16523119471153846 0.9231005913461539 0.20770783173076923 0.9955581899038461 0.21404705048076922
1 0.9332285192307693 0.2039930673076923 0.9360489759615385 0.17175510096153845 0.8972129471153847 0.16835738942307693 0.8943924927884616 0.20059535576923077 0.9332285192307693 0.2039930673076923