1 0.7922500528846155 0.5314795552884616 0.7787706129807692 0.4550338533653846 0.6994474254807692 0.469020673076923 0.7129268653846155 0.5454663750000001 0.7922500528846155 0.5314795552884616
1 0.806573 0.4979835216346154 0.7959804615384616 0.43791024999999995 0.7218121274038461 0.4509881274038462 0.7324046658653847 0.5110614014423077 0.806573 0.4979835216346154
1 0.8207306826923078 0.47479782451923075 0.814218875 0.4378675336538462 0.7833666947115384 0.4433076057692308 0.7898785024038462 0.48023789663461536 0.8207306826923078 0.47479782451923075
1 0.8302566057692308 0.4595368149038462 0.8245696298076923 0.4272843605769231 0.8050273509615384 0.43073019230769233 0.8107143269230769 0.4629826466346154 0.8302566057692308 0.4595368149038462
1 0.8193984399038462 0.4155033485576923 0.8247381225961538 0.44578618750000004 0.8372020961538461 0.4435884519230769 0.8318624134615384 0.41330561298076923 0.8193984399038462 0.4155033485576923
1 0.7447682908653845 0.6054738173076923 0.7298996658653846 0.5211496538461539 0.6778125697115385 0.5303340144230769 0.6926811947115384 0.6146581778846154 0.7447682908653845 0.6054738173076923
1 0.7078087812499999 0.6658083846153846 0.6890764831730769 0.55957225 0.6250639807692308 0.5708593798076923 0.6437962764423077 0.6770955168269231 0.7078087812499999 0.6658083846153846
1 0.6696275072115385 0.7574558245192308 0.6432329855769231 0.607765045673077 0.5294415264423077 0.6278295504807693 0.5558360504807692 0.7775203293269232 0.6696275072115385 0.7574558245192308
1 0.5922338125000001 0.9097081538461539 0.553835860576923 0.6919425384615384 0.24062083173076923 0.7471708004807692 0.27901878365384614 0.9649364134615385 0.5922338125000001 0.9097081538461539
1 0.4456071153846154 1 0.4054147403846154 0.7720577259615384 0.05126863942307692 0.8345032379807692 0.08045018509615386 1 0.4456071153846154 1
1 0.18729511538461538 0.21979366826923077 0.17546533413461537 0.1527036418269231 0.07521498317307693 0.1703804831730769 0.08704476442307693 0.23747051201923078 0.18729511538461538 0.21979366826923077
1 0.24995647596153844 0.2134411298076923 0.2403407091346154 0.15890739903846154 0.16070976923076924 0.17294848317307693 0.17032553605769232 0.22748221153846154 0.24995647596153844 0.2134411298076923
1 0 0.2980053365384615 0.03229836778846154 0.29231026201923077 0.022660891826923078 0.23765343269230768 0 0.24164915865384615 0 0.2980053365384615
1 0.5001662884615384 0 0.3889565264423077 0.01960928125 0.3995490673076923 0.07968255528846153 0.6631390168269231 0.03320453605769231 0.6572841610576923 0 0.5001662884615384 0
1 0.16988988461538462 0.05404800721153846 0.17807305528846154 0.10045707211538463 0.3888065264423077 0.06329907692307692 0.3806233557692308 0.016890009615384616 0.16988988461538462 0.05404800721153846
1 0.6383767836538462 0 0.49537482692307694 0.025215103365384614 0.5086155 0.10030669471153845 0.7033458461538462 0.06597048076923076 0.69171346875 0 0.6383767836538462 0
1 0.5459190841346154 0.05856992067307692 0.5563379759615384 0.11765838461538461 0.7333725576923077 0.0864424110576923 0.7229536658653846 0.027353947115384615 0.5459190841346154 0.05856992067307692
1 0.5862028509615385 0.09132229807692308 0.5950372019230769 0.14142439423076925 0.7513754326923077 0.11385774519230768 0.7425410817307692 0.06375565144230769 0.5862028509615385 0.09132229807692308
1 0.6926959471153846 0.13829356730769232 0.6999023461538462 0.1791630889423077 0.8136168653846153 0.1591121514423077 0.8064104663461538 0.11824262740384615 0.6926959471153846 0.13829356730769232
1 0.670142548076923 0.12691201201923077 0.6759597620192307 0.15990307211538463 0.7875200144230768 0.14023198798076922 0.7817028004807691 0.10724092788461538 0.670142548076923 0.12691201201923077
1 0.6495903966346154 0.08953806009615385 0.6588154567307692 0.1418559735576923 0.769760204326923 0.12229342067307693 0.7605351442307692 0.06997550961538462 0.6495903966346154 0.08953806009615385
1 0.77654925 0.18329120913461538 0.7821276971153845 0.21492815865384612 0.8586041754807692 0.20144329086538462 0.8530257259615385 0.16980634134615386 0.77654925 0.18329120913461538
1 0.5824670649038461 0.15201811778846153 0.5712233461538462 0.08825181490384616 0.4565855673076923 0.10846554807692307 0.4678292884615385 0.17223185096153845 0.5824670649038461 0.15201811778846153