1 0.882105733173077 0.9214161538461538 0.9106768461538461 0.6495801706730769 0.5467439903846154 0.6113292860576923 0.5181728774038462 0.8831652692307692 0.882105733173077 0.9214161538461538
1 0.7552370336538462 0.7756897932692308 0.7788140096153846 0.5513698533653846 0.48410920192307694 0.5203951298076923 0.4605322259615384 0.7447150697115384 0.7552370336538462 0.7756897932692308
1 0.5754405192307692 0.6604312067307692 0.5896244495192308 0.5254801105769231 0.4333757379807693 0.5090577091346155 0.41919180528846156 0.6440088052884616 0.5754405192307692 0.6604312067307692
1 0.9494950240384615 1 0.9815357067307692 0.6951532572115385 0.7895463629807692 0.6749743653846154 0.7553847908653846 1 0.9494950240384615 1
1 0.4893925649038462 0.6016704038461538 0.49723219951923076 0.5270812620192308 0.3964591610576923 0.5164895889423077 0.38861952644230774 0.5910787307692308 0.4893925649038462 0.6016704038461538
1 0.39372442548076925 0.5544673341346154 0.3995170432692308 0.4993542451923077 0.3743432091346154 0.49670836778846156 0.3685505889423077 0.5518214567307692 0.39372442548076925 0.5544673341346154
1 0.37279866105769227 0.5360680889423077 0.3778653870192308 0.48786140384615384 0.3526915528846154 0.4852155288461538 0.34762482451923077 0.5334222139423077 0.37279866105769227 0.5360680889423077
1 0.1797078798076923 0.4374275793269231 0.18249530528846153 0.41090699519230767 0.12756350961538462 0.40513343028846155 0.1247760841346154 0.43165401442307694 0.1797078798076923 0.4374275793269231
1 0.17643492067307692 0.45063000721153845 0.17916427644230767 0.42466193509615385 0.12050302403846154 0.4184963894230769 0.11777366826923076 0.44446446153846153 0.17643492067307692 0.45063000721153845
1 0.17458013461538463 0.4645401081730769 0.17668522115384616 0.4445115408653846 0.13107706971153846 0.4397179326923077 0.12897198076923078 0.4597464975961539 0.17458013461538463 0.4645401081730769
1 0.17470030528846153 0.47460782211538466 0.17742965865384616 0.44863975 0.12024464903846153 0.4426293629807692 0.11751529567307693 0.4685974350961538 0.17470030528846153 0.47460782211538466
1 0.17347972596153843 0.49668450961538463 0.17628166826923078 0.4700257980769231 0.13704467307692308 0.4659018221153846 0.13424272836538462 0.49256053365384617 0.17347972596153843 0.49668450961538463
1 0.04907940384615384 0.15332796875000002 0.043707802884615385 0.20443534375 0.15590230528846155 0.21622746153846156 0.16127390625 0.16512008413461537 0.04907940384615384 0.15332796875000002
1 0.05544116826923077 0.11447455528846154 0.04840001442307692 0.18146665384615385 0.13814007692307692 0.1908987139423077 0.1451812283653846 0.12390661538461539 0.05544116826923077 0.11447455528846154
1 0.11581389663461539 0.1402318798076923 0.12587476201923076 0.04450914663461539 0.049576286057692306 0.036489855769230764 0.03951542067307692 0.13221258653846155 0.11581389663461539 0.1402318798076923
1 0.050662086538461534 0 0.04717628125 0.033165218749999996 0.08307230528846153 0.036938043269230766 0.0869546514423077 0 0.050662086538461534 0