1 1 0.41268924278846153 0.902923454326923 0.3938194735576923 0.8770228990384615 0.5270662740384615 0.9993172860576922 0.5508378942307692 1 0.5473256346153846 1 0.41268924278846153
1 0.8908630000000001 0.5500365240384615 0.9186539783653846 0.40706434375 0.7996316826923077 0.3839287548076923 0.7718407043269231 0.5269009326923076 0.8908630000000001 0.5500365240384615
1 0.7820259711538462 0.5451990817307693 0.80411034375 0.43158482451923075 0.7236884903846155 0.4159523990384616 0.7016041177884615 0.52956665625 0.7820259711538462 0.5451990817307693
1 0.7188205889423076 0.5348940384615385 0.7325305673076923 0.4643623076923077 0.6785410721153846 0.4538678125 0.6648310937499999 0.5243995432692308 0.7188205889423076 0.5348940384615385
1 0.6704334158653846 0.5133205192307693 0.6833836947115385 0.4466971201923077 0.6514296826923077 0.4404858894230769 0.63847940625 0.5071092884615385 0.6704334158653846 0.5133205192307693
1 0.6405829447115384 0.5244024615384615 0.652225826923077 0.46450502403846156 0.6285031706730769 0.4598938076923077 0.6168602884615384 0.5197912451923077 0.6405829447115384 0.5244024615384615
1 0.6195127620192308 0.513515389423077 0.62631475 0.47852219711538463 0.6061198149038461 0.4745966995192308 0.5993178269230769 0.509589891826923 0.6195127620192308 0.513515389423077
1 0.6062228629807692 0.5079136730769231 0.6133781995192308 0.47110265384615385 0.5985004134615385 0.46821070673076925 0.5913450769230769 0.5050217259615384 0.6062228629807692 0.5079136730769231
1 0.596875326923077 0.5022293485576923 0.6009211850961539 0.4814152139423077 0.5854810048076924 0.47841394711538465 0.5814351490384616 0.4992280817307692 0.596875326923077 0.5022293485576923
1 0.58071078125 0.5029546274038462 0.5852866634615385 0.4794137548076923 0.5773620697115385 0.4778733701923077 0.5727861875 0.5014142427884616 0.58071078125 0.5029546274038462
1 0.5684706081730769 0.4780315552884616 0.564248076923077 0.49975460336538463 0.5727861875 0.5014142427884616 0.57700871875 0.4796911971153846 0.5684706081730769 0.4780315552884616
1 0.5631350240384616 0.5054807620192308 0.5684706081730769 0.4780315552884616 0.5551777379807692 0.47544768509615387 0.5498421538461539 0.502896889423077 0.5631350240384616 0.5054807620192308
1 0.5585599110576923 0.5006297740384615 0.5631534591346153 0.47699800721153846 0.5541552115384616 0.47524892548076925 0.5495616610576923 0.49888068990384615 0.5585599110576923 0.5006297740384615
1 0.5477459711538462 0.5024894326923077 0.5519685048076923 0.4807663870192308 0.546651358173077 0.47973283894230767 0.5424288245192308 0.5014558846153846 0.5477459711538462 0.5024894326923077
1 0.5403573413461539 0.49218662019230763 0.5438378389423076 0.4742810120192308 0.5278863966346153 0.4711803677884615 0.5244058990384615 0.48908597355769234 0.5403573413461539 0.49218662019230763
1 0.5937464278846154 0.43889461298076926 0.5987109951923076 0.4133541274038462 0.5428809495192307 0.4025018653846154 0.5379163822115385 0.4280423509615385 0.5937464278846154 0.43889461298076926
1 0.5475465865384616 0.4014279350961539 0.5433240528846154 0.4231509807692308 0.5942970889423077 0.43305913701923077 0.5985196201923076 0.4113360889423077 0.5475465865384616 0.4014279350961539
1 0.5896616201923077 0.41159510817307693 0.59443184375 0.3870544278846154 0.5572629399038461 0.37982952403846154 0.5524927139423077 0.4043702043269231 0.5896616201923077 0.41159510817307693
1 0.7166541418269231 0.3882682115384615 0.7240038221153846 0.35045738942307697 0.6075889735576923 0.3278286346153846 0.6002392932692308 0.36563945913461543 0.7166541418269231 0.3882682115384615
1 0.6303850937500001 0.31264002163461535 0.6246961586538462 0.34190705528846155 0.7294030576923076 0.3622600144230769 0.7350919927884616 0.3329929831730769 0.6303850937500001 0.31264002163461535
1 0.6166332235576923 0.7879148437500001 0.630590548076923 0.7161106322115385 0.6030334086538461 0.7107540673076923 0.5890760841346154 0.7825582788461538 0.6166332235576923 0.7879148437500001
1 0.64902284375 0.8467501201923077 0.6693404663461539 0.7422250048076923 0.6225086730769231 0.7331218245192308 0.602191048076923 0.8376469423076922 0.64902284375 0.8467501201923077
1 0.7134679711538462 0.97105284375 0.738220139423077 0.843713983173077 0.6509984711538461 0.8267598100961538 0.6262463052884615 0.9540986682692308 0.7134679711538462 0.97105284375
1 0.8059988124999999 1 0.8213731346153845 0.9209059639423077 0.7075146057692308 0.898774108173077 0.6878382860576924 1 0.8059988124999999 1
1 0.59036659375 0.7783758269230769 0.6062320072115385 0.69675534375 0.5781636057692308 0.6912993990384616 0.5622981899038462 0.7729198822115385 0.59036659375 0.7783758269230769
1 0.5746818413461539 0.6682674399038462 0.5647703725961539 0.7192575192307692 0.5801082980769231 0.7222389086538462 0.5900197644230769 0.6712488293269231 0.5746818413461539 0.6682674399038462
1 0.5612086947115384 0.6491415408653847 0.5530463100961538 0.6911333701923077 0.5715540745192308 0.6947309158653846 0.5797164591346153 0.6527390865384616 0.5612086947115384 0.6491415408653847
1 0.5523888365384615 0.6333726177884615 0.5457811899038462 0.6673660024038461 0.5706286274038461 0.6721958557692307 0.5772362740384616 0.6382024687500001 0.5523888365384615 0.6333726177884615
1 0.5483783004807692 0.623160485576923 0.54221234375 0.6548815865384616 0.5601065889423077 0.6583598749999999 0.5662725456730769 0.6266387740384616 0.5483783004807692 0.623160485576923
1 0.5087686081730769 0.5954641105769231 0.5144928798076923 0.566015295673077 0.473694 0.5580847956730769 0.46796972836538464 0.5875336105769231 0.5087686081730769 0.5954641105769231
1 0.4332497235576923 0.5584295552884615 0.4288505168269231 0.5810615168269231 0.4652013990384616 0.5881274110576923 0.46960060576923074 0.5654954519230769 0.4332497235576923 0.5584295552884615
1 0.4269009903846154 0.5842669375 0.43262526201923074 0.5548181225961538 0.3949962211538462 0.5475037788461539 0.3892719519230769 0.57695259375 0.4269009903846154 0.5842669375
1 0.4509269038461538 0.4300927596153846 0.45532611057692307 0.4074608004807692 0.4208669038461539 0.4007626081730769 0.4164676971153846 0.4233945673076923 0.4509269038461538 0.4300927596153846
1 0.45532611057692307 0.4074608004807692 0.4509269038461538 0.4300927596153846 0.48983410576923075 0.4376555528846154 0.49423331249999997 0.41502359375 0.45532611057692307 0.4074608004807692
1 0.5321298774038461 0.4411607379807692 0.5356457091346154 0.4230733485576923 0.49423331249999997 0.41502359375 0.4907174807692308 0.43311098317307695 0.5321298774038461 0.4411607379807692
1 0.31903384375 0.30994107692307693 0.34664814663461535 0.1678778076923077 0.07486012019230769 0.1150475673076923 0.04724581730769231 0.2571108341346154 0.31903384375 0.30994107692307693
1 0.33422574519230774 0.3297783653846154 0.3548437163461538 0.22370809615384615 0.2235510817307692 0.19818739182692308 0.20293310817307694 0.3042576634615385 0.33422574519230774 0.3297783653846154
1 0.37525164423076923 0.33435727163461537 0.39173542067307693 0.24955559134615385 0.32562896634615385 0.23670579567307692 0.30914518750000003 0.32150747836538457 0.37525164423076923 0.33435727163461537
1 0.3995948629807692 0.36116130769230764 0.41166176442307695 0.2990824783653846 0.3529175120192308 0.2876637524038462 0.3408506105769231 0.3497425841346154 0.3995948629807692 0.36116130769230764
1 0.37428892548076925 0.15806420673076924 0.3606496153846154 0.2282323701923077 0.45523348557692306 0.24661761298076923 0.46887279567307694 0.17644944951923075 0.37428892548076925 0.15806420673076924
1 0.36315060576923075 0 0.35628190144230765 0.03533641105769231 0.4467245336538461 0.05291667788461539 0.45701049278846156 0 0.36315060576923075 0
1 0.24682512259615383 0.8487475793269231 0.2703052307692308 0.7279529014423077 0.18947436778846155 0.7122409735576922 0.1659942596153846 0.8330356514423076 0.24682512259615383 0.8487475793269231
1 0.19153998557692306 0.9126128028846154 0.2175642139423077 0.7787297620192307 0.13034254807692308 0.7617755889423077 0.10431832211538462 0.8956586298076924 0.19153998557692306 0.9126128028846154
1 0.12399184134615385 0.9292896706730769 0.13551105048076922 0.8700284735576923 0.06572349278846154 0.8564631466346154 0.05420428365384615 0.91572434375 0.12399184134615385 0.9292896706730769
1 0.27822420673076925 0.7611856033653847 0.2921991995192308 0.6892905024038462 0.2426065769230769 0.6796506730769232 0.22863158653846155 0.7515457740384615 0.27822420673076925 0.7611856033653847
1 0.29663642548076924 0.7303357235576923 0.3093040240384616 0.6651665865384615 0.2704990745192308 0.6576236682692307 0.25783147596153844 0.7227928052884616 0.29663642548076924 0.7303357235576923
1 0.32232892307692307 0.7029761538461539 0.3333357740384616 0.6463508076923077 0.30148401682692305 0.6401594519230769 0.2904771658653846 0.6967847980769231 0.32232892307692307 0.7029761538461539
1 0.3496729326923077 0.6504696850961539 0.3549908509615385 0.6231113725961539 0.3379657548076923 0.6198020288461539 0.3326478365384615 0.6471603413461539 0.3496729326923077 0.6504696850961539
1 0.3594931033653846 0.6337963870192307 0.36592407451923076 0.6007119134615384 0.34787644951923075 0.5972038100961539 0.3414454807692308 0.6302882836538461 0.3594931033653846 0.6337963870192307
1 0.3684239663461539 0.62770334375 0.37321185817307695 0.6030717716346154 0.3567491514423077 0.5998717451923077 0.3519612596153846 0.6245033173076924 0.3684239663461539 0.62770334375
1 0.37737952403846153 0.6127484927884616 0.38252076682692304 0.58629909375 0.3708639447115385 0.5840332355769231 0.36572270192307693 0.6104826346153847 0.37737952403846153 0.6127484927884616
1 0.38271840144230773 0.6079380769230769 0.38695860096153845 0.5861241370192307 0.3747393894230769 0.5837489639423077 0.3704991875 0.6055629014423076 0.38271840144230773 0.6079380769230769
1 0.3745023533653846 0.5680448365384616 0.36990880288461536 0.5916766009615384 0.38959247355769233 0.5955027187499999 0.3941860240384615 0.571870954326923 0.3745023533653846 0.5680448365384616
1 0.39376014182692304 0.6051794399038462 0.39946674278846156 0.5758215168269231 0.37610197115384614 0.5712798629807693 0.37039536778846155 0.6006377884615385 0.39376014182692304 0.6051794399038462
1 1 0.14103145673076922 0.7713868028846154 0.09659355288461538 0.7435958269230769 0.23956573317307692 1 0.28940565625 1 0.14103145673076922
1 0.9445604951923077 0.32947081971153847 0.9620689879807693 0.23939743509615383 0.7196275240384615 0.1922715889423077 0.7021190336538462 0.28234497355769234 0.9445604951923077 0.32947081971153847