1 0.9237487451923077 0.18279308173076922 0.9182408894230769 0.10402708653846153 0.7990008125 0.11236516346153845 0.8045086658653846 0.19113116105769232 0.9237487451923077 0.18279308173076922
1 0.7855219495192307 0.21751988701923078 0.7806825961538462 0.14831388221153846 0.6396987379807691 0.1581724326923077 0.6445380937499999 0.22737843990384615 0.7855219495192307 0.21751988701923078
1 0.6379659326923076 0.2375491658653846 0.6342891850961538 0.18496922596153847 0.5710062163461539 0.18939440384615386 0.5746829639423077 0.24197434134615387 0.6379659326923076 0.2375491658653846
1 0.5792930793269231 0.2485437596153846 0.5763938245192308 0.2070825048076923 0.5339194182692307 0.21005260336538462 0.5368186706730769 0.2515138605769231 0.5792930793269231 0.2485437596153846
1 0.5312129278846154 0.2755050024038461 0.5267659543269231 0.21191029567307693 0.46660037259615383 0.2161174831730769 0.47104734615384614 0.27971218990384616 0.5312129278846154 0.2755050024038461
1 0.4404382475961538 0.2888487980769231 0.4377279182692308 0.25008927644230766 0.395175576923077 0.2530648269230769 0.39788590625 0.2918243485576923 0.4404382475961538 0.2888487980769231
1 0.3992676442307692 0.2959045673076923 0.39607773798076923 0.25028679567307693 0.35040800961538465 0.25348033413461535 0.35359791346153846 0.2990981057692308 0.3992676442307692 0.2959045673076923
1 0 0.23569273076923075 0.1613571153846154 0.22440954326923077 0.1555586081730769 0.14148703125 0 0.15236475 0 0.23569273076923075
1 0.23638310817307692 0.8493441346153846 0.22791060336538463 0.728181670673077 0.10843672115384616 0.7365360985576923 0.11690922596153847 0.8576985625 0.23638310817307692 0.8493441346153846
1 0.06287014663461539 0.6930462211538462 0.06925722355769232 0.7843856802884616 0.13020215384615386 0.7801239951923077 0.12381507692307693 0.6887845384615384 0.06287014663461539 0.6930462211538462
1 0.09321609134615386 0.7159852740384616 0.08927049038461539 0.6595605576923076 0.03331338221153846 0.6634734591346153 0.03725898317307692 0.7198981754807693 0.09321609134615386 0.7159852740384616
1 0.011005824519230769 0.6300523100961539 0.014718903846153847 0.6831518125 0.04207398076923077 0.6812389591346153 0.03836090144230769 0.6281394567307692 0.011005824519230769 0.6300523100961539
1 0.34663233653846154 0.9599437884615385 0.33306615384615385 0.7659383629807692 0.181249375 0.7765544254807693 0.19481555769230768 0.9705598509615385 0.34663233653846154 0.9599437884615385
1 0.4890878798076923 1 0.5404294086538461 0.9964098509615386 0.529762483173077 0.8438656802884614 0.28091701201923075 0.8612666490384615 0.2906181923076923 1 0.4890878798076923 1
1 0.8550173221153846 0.27729691586538463 0.8510571899038462 0.220664375 0.7743694519230769 0.22602690384615384 0.7783295865384615 0.2826594447115385 0.8550173221153846 0.27729691586538463
1 0.7793427379807691 0.2825885985576923 0.7765379447115385 0.24247821153846155 0.7174634495192307 0.2466091033653846 0.7202682403846155 0.28671949038461536 0.7793427379807691 0.2825885985576923
1 0.7270843197115385 0.2945965456730769 0.7236037620192307 0.24482225480769232 0.6665555697115385 0.2488114543269231 0.6700361274038461 0.2985857451923077 0.7270843197115385 0.2945965456730769
1 0.9635547019230769 0.27941839903846155 0.958526423076923 0.20751065865384616 0.8651606610576923 0.21403942788461539 0.8701889399038462 0.2859471682692308 0.9635547019230769 0.27941839903846155
1 0.5268155288461538 0.3302158581730769 0.5252750721153846 0.3081863173076923 0.4822551225961539 0.31119456490384617 0.4837955793269231 0.3332241057692308 0.5268155288461538 0.3302158581730769
1 0.4585642596153846 0.3095097211538462 0.45987219230769233 0.32821404567307694 0.4873052043269231 0.3262957427884615 0.4859972716346154 0.30759141826923075 0.4585642596153846 0.3095097211538462