1 0.7026764975961538 0.68664109375 0.6802975889423077 0.5597239951923076 0.5395008557692308 0.5845502572115385 0.561879764423077 0.7114673557692307 0.7026764975961538 0.68664109375
1 0.7165242932692307 0.7503290120192307 0.6943841490384616 0.6247660240384616 0.6082134711538462 0.6399602379807692 0.6303536129807692 0.7655232259615385 0.7165242932692307 0.7503290120192307
1 0.6699333557692307 0.9400517572115384 0.6319044038461539 0.7243788605769231 0.45702408894230767 0.7552149783653845 0.49505304086538465 0.9708878750000001 0.6699333557692307 0.9400517572115384
1 0.4962344783653846 1 0.5310731899038461 0.9938569951923076 0.5082167475961539 0.8642316754807692 0.3284123942307692 0.8959360336538461 0.34676168028846155 1 0.4962344783653846 1
1 0.7488322644230769 0.6514668533653847 0.7291883149038461 0.5400604759615384 0.6390937932692308 0.5559465697115384 0.6587377427884615 0.6673529471153846 0.7488322644230769 0.6514668533653847
1 0.7861988173076924 0.6060380528846154 0.7731969110576924 0.5323005721153846 0.7046450576923077 0.5443881129807692 0.7176469663461538 0.61812559375 0.7861988173076924 0.6060380528846154
1 0.8081635576923076 0.5092535408653845 0.7969198389423077 0.44548724038461535 0.7426784735576923 0.4550514567307692 0.7539221923076924 0.5188177572115384 0.8081635576923076 0.5092535408653845
1 0.8169961899038461 0.565194641826923 0.8045803461538461 0.49478088701923073 0.7534165048076923 0.503802454326923 0.7658323509615385 0.5742162067307692 0.8169961899038461 0.565194641826923
1 0.833164358173077 0.5016720192307692 0.8243517139423078 0.45169302403846157 0.7788043533653847 0.4597242524038462 0.7876169999999999 0.5097032451923077 0.833164358173077 0.5016720192307692
1 0.8426726586538462 0.4894603966346154 0.8346631370192308 0.4440361394230769 0.8062729759615385 0.44904209134615386 0.8142824975961538 0.49446634855769234 0.8426726586538462 0.4894603966346154
1 0.9667233076923077 0.39485699038461536 0.9595169086538462 0.35398746875000003 0.8927346346153846 0.36576298557692305 0.8999410336538461 0.40663250721153843 0.9667233076923077 0.39485699038461536
1 0.9859535360576923 0.38334276923076926 0.9817425673076923 0.3594611802884616 0.9582764447115385 0.36359889182692307 0.9624874134615384 0.38748047836538463 0.9859535360576923 0.38334276923076926
1 0.8639958533653846 0.15733696153846152 0.7640619399038461 0.14509018509615385 0.7581722019230769 0.08041949759615384 0.7453439423076923 0.007666824519230769 0.5313790697115385 0.04539460336538462 0.5442073293269231 0.1181472764423077 0.7600645817307693 0.14460031490384614 0.865177625 0.16403912499999998 0.8746318028846154 0.21765643750000002 0.941491016826923 0.2058673533653846 0.9308550673076923 0.14554787980769232 0.8639958533653846 0.15733696153846152
1 0.5361586081730769 0 0.5216059903846154 0.0025660192307692307 0.5344342475961539 0.07531869230769231 0.7490915625000001 0.037468814903846154 0.7424848004807691 0 0.5361586081730769 0
1 0.7984897091346154 0.11786227403846154 0.7884615264423077 0.060989627403846156 0.6405864879807692 0.08706398557692308 0.650614670673077 0.1439366346153846 0.7984897091346154 0.11786227403846154
1 0.6565707043269231 0.10303093028846154 0.665795764423077 0.15534884134615384 0.8115165360576923 0.12965433894230768 0.8022914783653847 0.07733642548076923 0.6565707043269231 0.10303093028846154