1 0.9640267908653846 0.9088037764423077 0.9880309350961538 0.6344351538461539 0.6511926009615384 0.6049656177884615 0.6271884591346153 0.8793342403846154 0.9640267908653846 0.9088037764423077
1 0.7417679543269231 0.7188486947115386 0.7580007115384616 0.5333074326923077 0.5203148822115384 0.5125126177884616 0.5040821249999999 0.6980538798076924 0.7417679543269231 0.7188486947115386
1 0.45788865384615385 0.5286610384615384 0.4499114831730769 0.6198405264423077 0.5151311033653846 0.6255465048076924 0.5231082764423077 0.5343670168269231 0.45788865384615385 0.5286610384615384
1 0.4634512307692308 0.5726465625 0.4698305480769231 0.49973064423076924 0.4232117475961538 0.4956520288461539 0.4168324326923077 0.5685679447115385 0.4634512307692308 0.5726465625
1 0.40459881971153844 0.4941630288461539 0.40019261298076925 0.544526204326923 0.42719882932692305 0.5468889423076922 0.4316050360576923 0.49652576442307694 0.40459881971153844 0.4941630288461539
1 0.4101024399038461 0.5244802884615385 0.41373393028846156 0.48297217548076926 0.3885955793269231 0.4807728557692308 0.3849640889423077 0.5222809663461538 0.4101024399038461 0.5244802884615385
1 0.3727584591346154 0.475344125 0.3695506442307692 0.5120096225961539 0.38752884374999996 0.5135825120192308 0.39073665865384616 0.47691701442307693 0.3727584591346154 0.475344125
1 0.3764753173076923 0.4893324110576923 0.3786421057692308 0.4645659038461538 0.3539707211538462 0.46240743749999996 0.3518039326923077 0.4871739447115385 0.3764753173076923 0.4893324110576923
1 0.34809035096153845 0.4570132908653846 0.34612934615384616 0.47942767067307696 0.35469039663461543 0.4801766658653846 0.35665139903846155 0.4577622860576923 0.34809035096153845 0.4570132908653846
1 0.5753156850961538 0.12945973317307694 0.5816950024038461 0.056543814903846155 0.42152557451923073 0.04253080528846154 0.4151462572115384 0.11544672355769231 0.5753156850961538 0.12945973317307694
1 0.5674278822115385 0.17031662740384615 0.5717130408653847 0.12133705528846155 0.40072556009615384 0.10637758894230769 0.3964404014423077 0.15535716105769232 0.5674278822115385 0.17031662740384615
1 0.14312216346153847 0.18505871153846154 0.1500462043269231 0.10591657692307692 0.039453026442307686 0.09624092788461538 0.03252898798076923 0.17538306250000002 0.14312216346153847 0.18505871153846154
1 0.1588609471153846 0.2122282692307692 0.16438081009615385 0.1491359375 0.047950555288461545 0.13894961057692307 0.0424306923076923 0.2020419423076923 0.1588609471153846 0.2122282692307692
1 0.17052662740384614 0.2285850216346154 0.17493283653846153 0.17822184615384615 0.07111066826923076 0.16913858413461538 0.06670446153846153 0.2195017596153846 0.17052662740384614 0.2285850216346154
1 0 0.6936869447115386 0.007282350961538462 0.6943240673076924 0.014799536057692308 0.6084022764423077 0 0.607107483173077 0 0.6936869447115386
1 0 0.6641300264423078 0.05070815384615384 0.6685664158653846 0.058624800480769235 0.5780787307692308 0.003911918269230769 0.5732919735576923 0 0.6180054038461538 0 0.6641300264423078
1 0.0916466033653846 0.6138707475961538 0.09700910096153846 0.5525771009615384 0.053581237980769233 0.5487776538461538 0.048218740384615384 0.6100713028846154 0.0916466033653846 0.6138707475961538
1 0.12120340625 0.5781162908653846 0.1255611923076923 0.5283065576923077 0.08929348076923077 0.5251335432692308 0.0849356923076923 0.5749432788461538 0.12120340625 0.5781162908653846
1 0.1411771466346154 0.5523981394230769 0.14461495673076924 0.513103795673077 0.11768656971153847 0.5107478677884616 0.11424875961538462 0.5500422115384616 0.1411771466346154 0.5523981394230769
1 0.1692639110576923 0.5200005576923077 0.17185437259615383 0.49039143990384615 0.14803909375 0.4883078725961539 0.14544863221153845 0.5179169927884616 0.1692639110576923 0.5200005576923077
1 0.18036721394230767 0.5105155168269231 0.18319977403846155 0.4781391875 0.1632758798076923 0.47639607451923077 0.16044331971153847 0.5087724014423076 0.18036721394230767 0.5105155168269231
1 0.18844385096153846 0.49797728365384614 0.19046537980769232 0.47487110096153845 0.17489983894230768 0.47350929326923075 0.1728783076923077 0.4966154759615385 0.18844385096153846 0.49797728365384614
1 0.1947633485576923 0.4884919711538461 0.19648225240384615 0.4688447956730769 0.18519723557692308 0.4678574855769231 0.18347832932692307 0.4875046586538462 0.1947633485576923 0.4884919711538461
1 0.2021880985576923 0.4878867764423077 0.2039675264423077 0.46754780048076927 0.19182640384615385 0.46648558894230774 0.19004697596153844 0.48682456730769236 0.2021880985576923 0.4878867764423077
1 0.3006162403846154 0.36948702884615386 0.3017541057692308 0.3564811538461538 0.28408721634615386 0.35493550240384614 0.2829493485576923 0.36794137740384614 0.3006162403846154 0.36948702884615386
1 0.2977010745192308 0.43866286057692305 0.2990810408653846 0.4228897764423077 0.2814141514423077 0.42134412259615384 0.28003418509615385 0.4371172067307692 0.2977010745192308 0.43866286057692305
1 0.2841590528846154 0.43747808653846154 0.28505482211538463 0.42723941826923073 0.26793272596153844 0.42574142788461533 0.2670369567307692 0.43598009615384614 0.2841590528846154 0.43747808653846154
1 0.26839983173076926 0.4383300432692308 0.2691261298076923 0.43002841826923077 0.25348275961538463 0.42865980288461536 0.25275646153846154 0.4369614254807692 0.26839983173076926 0.4383300432692308
1 0.18858716346153845 0.015877461538461538 0.1834425552884615 0.07468062259615385 0.22531386298076922 0.07834388701923077 0.23045847355769228 0.019540725961538462 0.18858716346153845 0.015877461538461538
1 0.1877019831730769 0 0.18572491346153847 0.022598016826923077 0.22720708173076923 0.026227237980769234 0.22950166826923077 0 0.1877019831730769 0