1 0.6327868389423077 0.17108208894230767 0.6346676610576923 0.13519384134615384 0.5246623774038461 0.12942870913461538 0.5227815528846154 0.16531695673076924 0.6327868389423077 0.17108208894230767
1 0.6328527067307692 0.2086370048076923 0.6351751129807692 0.16432281971153848 0.5210348798076923 0.15834098317307693 0.5187124711538462 0.20265516826923077 0.6328527067307692 0.2086370048076923
1 0.7000492788461539 0.2176870360576923 0.7022244927884616 0.1761814951923077 0.6223341298076923 0.17199462019230768 0.6201589158653846 0.21350015865384617 0.7000492788461539 0.2176870360576923
1 0.9220193629807691 0.25153794471153845 0.9234695048076923 0.22386758653846156 0.8414726562499999 0.2195703125 0.840022514423077 0.24724067067307692 0.9220193629807691 0.25153794471153845
1 0.9631100216346155 0.9766613870192308 0.9740624110576923 0.7676773509615384 0.4385473221153846 0.7396121947115385 0.4275949326923077 0.9485962307692308 0.9631100216346155 0.9766613870192308
1 0.4632902139423077 0.8033903774038461 0.471195125 0.6525557067307692 0.27810074278846153 0.6424360600961538 0.2701958317307692 0.7932707307692308 0.4632902139423077 0.8033903774038461
1 0.2707028846153846 0.6059572259615384 0.2741864951923077 0.5394859495192308 0.08319859615384616 0.5294766971153846 0.07971498557692308 0.5959479759615385 0.2707028846153846 0.6059572259615384
1 0.39921226201923077 0.5766009903846154 0.40116940865384615 0.53925640625 0.3035689759615385 0.5341413846153846 0.3016118293269231 0.57148596875 0.39921226201923077 0.5766009903846154
1 0.4857801923076923 0.5727930528846155 0.48780821153846154 0.5340961586538462 0.40370487980769226 0.5296884903846154 0.40167686298076927 0.5683853846153846 0.4857801923076923 0.5727930528846155
1 0.6228460913461539 0.30105245192307695 0.624585170673077 0.2678688221153846 0.5695825288461539 0.2649862548076923 0.5678434495192307 0.29816988461538463 0.6228460913461539 0.30105245192307695
1 0.517918670673077 0.25810628365384614 0.5160323966346154 0.2940985552884615 0.5710350384615385 0.29698112259615383 0.5729213125 0.26098885096153845 0.517918670673077 0.25810628365384614
1 0.6708111322115384 0.29939380528846155 0.6722612740384615 0.2717234471153846 0.6255285336538462 0.26927428846153845 0.624078391826923 0.2969446466346154 0.6708111322115384 0.29939380528846155
1 0.28491108173076923 0.2542396442307692 0.2869445504807692 0.21543872355769228 0.1551722644230769 0.20853283173076922 0.15313879326923077 0.24733375 0.28491108173076923 0.2542396442307692
1 0.5072197884615385 0.008454209134615386 0.5025150048076923 0.09822684375 0.8425951706730769 0.11604968990384615 0.8472999567307693 0.02627705528846154 0.5072197884615385 0.008454209134615386