1 0.9356830625 0.8987167596153847 0.9188410600961538 0.5773522259615385 0.5782147668269231 0.5952036947115384 0.5950567692307692 0.9165682259615384 0.9356830625 0.8987167596153847
1 1 0.5730988653846154 0.7654578052884615 0.585390701923077 0.7859124399038462 0.9756884134615385 1 0.9644685600961539 1 0.5730988653846154
1 0.7249414278846154 0.7243682980769232 0.7150194038461539 0.53504478125 0.4553757235576923 0.5486521298076923 0.46529775 0.7379756466346153 0.7249414278846154 0.7243682980769232
1 0.5800543052884616 0.6586666177884616 0.5729162620192307 0.5224646442307692 0.41040490865384616 0.5309815048076924 0.41754295192307694 0.6671834759615384 0.5800543052884616 0.6586666177884616
1 0.5131240865384615 0.619059639423077 0.5074834326923077 0.5114295673076923 0.3772715048076923 0.5182536850961539 0.38291215625 0.6258837572115384 0.5131240865384615 0.619059639423077
1 0.38698068509615385 0.5900661850961538 0.3834552764423077 0.5227973894230769 0.3482691899038462 0.5246414134615385 0.3517945985576923 0.5919102091346153 0.38698068509615385 0.5900661850961538
1 0.3509305600961538 0.5649740697115384 0.34866266826923076 0.5217001225961538 0.34000267788461536 0.5221539735576923 0.34227056971153846 0.5654279206730769 0.3509305600961538 0.5649740697115384
1 0.32016284615384616 0.5048352427884615 0.3221763269230769 0.5432547403846154 0.3426950432692308 0.5421793990384616 0.34068156250000003 0.5037599014423078 0.32016284615384616 0.5048352427884615
1 0.15679472355769233 0.4865546610576923 0.15544998076923078 0.4608954302884615 0.10403616346153846 0.4635899134615385 0.10538090624999999 0.48924914423076926 0.15679472355769233 0.4865546610576923
1 0.16156400721153846 0.4999345024038462 0.16051728846153848 0.4799619110576923 0.10372023317307691 0.48293851923076925 0.10476695192307693 0.5029111105769231 0.16156400721153846 0.4999345024038462
1 0.1628772451923077 0.5175287740384615 0.16153250240384615 0.49186954326923077 0.10707598557692308 0.4947234879807692 0.10842072836538462 0.5203827211538461 0.1628772451923077 0.5175287740384615
1 0.1667854326923077 0.5398548341346154 0.16493913461538462 0.5046254038461538 0.10728388461538461 0.5076469879807692 0.10913018028846154 0.5428764158653846 0.1667854326923077 0.5398548341346154
1 0.16954660576923078 0.5582076995192308 0.167533125 0.5197882019230768 0.11346669711538461 0.5226217019230769 0.11548017788461538 0.5610412019230769 0.16954660576923078 0.5582076995192308
1 0.009217112980769231 0.33518193509615385 0.011586769230769232 0.38039766346153847 0.120811875 0.37467341826923073 0.11844221875 0.3294576899038461 0.009217112980769231 0.33518193509615385
1 0.009563014423076922 0.23878171875 0.013190187499999999 0.30799229567307695 0.10946431490384614 0.30294678365384614 0.10583714423076923 0.23373620673076922 0.009563014423076922 0.23878171875
1 0 0.22676574278846154 0.07108910817307693 0.22304011778846153 0.06781811057692308 0.16062577403846154 0 0.16417997115384614 0 0.22676574278846154
1 0 0.1622328605769231 0.037445387019230766 0.16027043028846155 0.03175385336538462 0.051669466346153846 0 0.05333361538461538 0 0.1622328605769231
1 0.15086553365384614 0.15696883894230768 0.14803793990384614 0.10301510576923077 0.08733998798076924 0.10619615144230769 0.09016758413461538 0.16014988461538462 0.15086553365384614 0.15696883894230768
1 0.5375272043269231 0.08454995192307693 0.5332458317307692 0.0028565096153846154 0.33242767307692306 0.013380942307692307 0.3367090456730769 0.09507438701923077 0.5375272043269231 0.08454995192307693
1 0.4885998990384615 0.20783512259615386 0.4831555048076923 0.10394991105769232 0.2955223774038461 0.11378334615384615 0.3009667716346154 0.2176685576923077 0.4885998990384615 0.20783512259615386