1 0.9722237980769232 0.14358028365384617 0.9703818798076923 0.09083465624999999 0.9173673197115384 0.09268596634615384 0.9192092379807693 0.14543159375 0.9722237980769232 0.14358028365384617
1 0.9248636947115384 0.1506541033653846 0.9233174519230769 0.10637553846153845 0.8688194230769231 0.1082786514423077 0.8703656634615384 0.15255721634615385 0.9248636947115384 0.1506541033653846
1 0.8726542836538461 0.17332332932692307 0.8709626274038461 0.12488063461538462 0.8179480673076923 0.1267319423076923 0.8196397235576923 0.1751746394230769 0.8726542836538461 0.17332332932692307
1 0.8224182908653846 0.1875852283653846 0.8208720480769232 0.14330666105769232 0.7593470504807692 0.1454551610576923 0.7608932932692307 0.18973372836538463 0.8224182908653846 0.1875852283653846
1 0.5619530625 0.10940548557692308 0.5584873485576923 0.010160423076923077 0.36438691105769233 0.016938560096153847 0.367852625 0.11618362259615383 0.5619530625 0.10940548557692308
1 0.39263848317307687 0.006640766826923077 0.3941701850961538 0.05050292067307693 0.5785890240384616 0.04406287259615385 0.5770573221153846 0.00020071875 0.39263848317307687 0.006640766826923077
1 0.4569025841346154 0.22619839663461538 0.45464865624999995 0.16165440625 0.32543054567307694 0.16616680288461538 0.3276844711538462 0.23071079086538462 0.4569025841346154 0.22619839663461538
1 0.3295976298076923 0.22953219471153846 0.32802715384615383 0.18455960817307693 0.30007543990384616 0.18553570432692307 0.30164591826923076 0.2305082908653846 0.3295976298076923 0.22953219471153846
1 0.42138548798076925 0.2343873581730769 0.42049845913461537 0.20898617548076923 0.30627121153846154 0.21297507932692308 0.30715824038461537 0.23837626201923076 0.42138548798076925 0.2343873581730769
1 0.2183371201923077 0.3587716394230769 0.21743070192307692 0.3328152379807693 0.1849505 0.33394947115384616 0.1858569182692308 0.35990587259615386 0.2183371201923077 0.3587716394230769
1 0.15079674278846153 0.33416933173076924 0.14958980288461537 0.29960706490384614 0.09228098317307692 0.30160833413461535 0.09348792548076923 0.33617060096153845 0.15079674278846153 0.33416933173076924
1 0.09437376682692308 0.3458678125 0.0932298389423077 0.3131100048076923 0.01312241826923077 0.31590741826923074 0.014266346153846154 0.3486652259615385 0.09437376682692308 0.3458678125
1 0.08655216346153846 0.6748133918269231 0.08405587980769232 0.6033291850961539 0.0494675889423077 0.6045370360576923 0.051963870192307686 0.6760212427884615 0.08655216346153846 0.6748133918269231
1 0.06152851442307693 0.737252516826923 0.05781559375 0.6309284374999999 0.008314516826923078 0.6326570528846154 0.0120274375 0.7389811322115385 0.06152851442307693 0.737252516826923
1 0.12920139423076923 0.6134264471153846 0.12741764423076923 0.5623464711538462 0.06308185817307692 0.5645931274038462 0.06486561057692307 0.6156731009615384 0.12920139423076923 0.6134264471153846
1 0.14450114903846153 0.5859312980769231 0.14332329086538462 0.5522018581730769 0.11950968028846153 0.5530334495192307 0.12068753846153846 0.586762889423077 0.14450114903846153 0.5859312980769231
1 0.16276456490384617 0.5515229543269231 0.16179028846153848 0.523623295673077 0.12829507932692308 0.5247929735576923 0.12926935817307691 0.5526926322115384 0.16276456490384617 0.5515229543269231
1 0.1729350625 0.5472765360576923 0.1719607860576923 0.5193768725961538 0.15142642788461538 0.5200939495192307 0.15240070432692307 0.5479936105769231 0.1729350625 0.5472765360576923
1 0.16522227403846154 0.4965425793269231 0.16606083173076921 0.5205557211538461 0.19580832451923078 0.5195169158653846 0.19496976682692307 0.4955037740384615 0.16522227403846154 0.4965425793269231
1 0.19149178365384617 0.4899273125 0.1924612139423077 0.5176881682692308 0.23032875721153845 0.5163658052884615 0.22935932692307695 0.4886049471153846 0.19149178365384617 0.4899273125
1 0.2688870697115385 0.503484514423077 0.2680824423076923 0.4804430024038462 0.2318545264423077 0.48170811057692303 0.2326591514423077 0.5047496201923077 0.2688870697115385 0.503484514423077
1 0.26662097596153844 0.4699320480769231 0.26762918269230773 0.4988033413461539 0.3001093846153846 0.4976691057692308 0.2991011778846154 0.46879781490384614 0.26662097596153844 0.4699320480769231
1 0.31072463461538463 0.4904887115384616 0.30995393750000005 0.4684188293269231 0.3007408028846154 0.4687405576923077 0.3015115 0.49081043990384615 0.31072463461538463 0.4904887115384616
1 0.6768887499999999 0.6204278124999999 0.6723178870192308 0.4895353725961539 0.43644603605769233 0.4977721995192308 0.44101689903846153 0.6286646394230769 0.6768887499999999 0.6204278124999999
1 0.47593608653846153 0.589922375 0.47331377644230765 0.5148292596153846 0.40296603125 0.5172858557692307 0.40558834134615385 0.5923789735576923 0.47593608653846153 0.589922375
1 0.4306817019230769 0.5655146394230769 0.42866528605769233 0.5077720600961538 0.37619726682692306 0.5096042836538461 0.3782136826923077 0.5673468629807693 0.4306817019230769 0.5655146394230769
1 0.35927490384615385 0.5063039639423077 0.3604188317307692 0.5390617740384616 0.3809531899038462 0.5383446971153846 0.37980926201923076 0.505586889423077 0.35927490384615385 0.5063039639423077
1 0.36672960576923075 0.5339773221153846 0.36514943509615383 0.48872712740384616 0.34516161778846155 0.48942511778846154 0.3467417908653846 0.5346753125 0.36672960576923075 0.5339773221153846
1 0.3356394519230769 0.49656734375 0.33668159134615383 0.5264102644230769 0.34753435096153845 0.5260312764423077 0.34649221394230767 0.49618835576923076 0.3356394519230769 0.49656734375
1 0.33794798557692307 0.515665076923077 0.3368428341346154 0.4840177019230769 0.3248969903846154 0.4844348581730769 0.3260021418269231 0.5160822355769231 0.33794798557692307 0.515665076923077
1 0 0.2017124831730769 0.06151345913461538 0.19956438701923077 0.05753879326923077 0.085744875 0 0.08775417548076923 0 0.2017124831730769
1 0 0.26024615624999997 0.00008634855769230769 0.26271885576923076 0.08932882692307692 0.2596024399038461 0.08549472836538462 0.14980825240384615 0 0.15279379326923076 0 0.26024615624999997
1 0.10350735817307692 0.2895425216346154 0.10011919711538461 0.1925183293269231 0.006738617788461539 0.19577925000000002 0.010126776442307693 0.29280344471153846 0.10350735817307692 0.2895425216346154
1 0.12224384375 0.2977825360576923 0.11941310576923077 0.21672083653846153 0.033762189903846156 0.21971183173076922 0.03659292548076923 0.30077353125 0.12224384375 0.2977825360576923
1 0.1337121923076923 0.3150316923076923 0.1314437235576923 0.2500712884615385 0.021432656249999998 0.25391296153846155 0.023701122596153847 0.31887336538461536 0.1337121923076923 0.3150316923076923