2 0.622463858173077 0.6228816875000001 0.5875507427884615 0.12360087980769231 0.2352080048076923 0.1482390841346154 0.27012112019230766 0.647519891826923 0.622463858173077 0.6228816875000001
2 0.3052632427884615 1 0.23713224278846154 0.025681310096153844 0 0.04226321394230769 0 0.4323428317307692 0.039694456730769226 1 0.3052632427884615 1
1 0.16637879567307692 0.09014886298076924 0.17125302884615384 0.15985364903846153 0.25830607932692307 0.15376630769230767 0.2534318461538462 0.08406151923076922 0.16637879567307692 0.09014886298076924
1 0.2990216466346154 0.527712045673077 0.29438284134615383 0.46137403605769234 0.23016465625 0.4658646105769231 0.23480346153846154 0.5322026201923077 0.2990216466346154 0.527712045673077
1 0.6065531971153846 0 0.6103531274038462 0.05434155288461539 0.8341815625 0.03868994471153846 0.8314760961538461 0 0.6065531971153846 0
1 0.6551975721153845 0.09982415624999999 0.6501751057692308 0.027999545673076925 0.5059179927884615 0.038086985576923076 0.5109404591346154 0.10991159615384616 0.6551975721153845 0.09982415624999999
1 0.8604278798076923 0.6133840192307692 0.8557890721153847 0.5470460096153846 0.6752143942307692 0.5596730216346154 0.6798531995192308 0.62601103125 0.8604278798076923 0.6133840192307692
1 0.8906192091346153 0.5848334302884616 0.8865646153846154 0.5268500216346154 0.841596298076923 0.5299945120192308 0.8456508918269231 0.5879779230769231 0.8906192091346153 0.5848334302884616
1 0.9219637451923077 0.5593348341346154 0.9177347596153846 0.49885751201923073 0.8775204591346154 0.5016695721153847 0.8817494447115385 0.562146891826923 0.9219637451923077 0.5593348341346154
1 0.9451921899038461 0.5297674759615385 0.9421752235576922 0.48662282932692313 0.9055459182692308 0.4891841995192308 0.9085628846153846 0.5323288461538461 0.9451921899038461 0.5297674759615385
1 0.9590133894230769 0.5123860168269231 0.9567288629807693 0.47971579326923075 0.936933451923077 0.4811000240384615 0.9392179759615384 0.5137702451923076 0.9590133894230769 0.5123860168269231
1 0.7459560384615384 0 0.6840751322115385 0.0043271346153846155 0.6902311394230769 0.09236216105769232 0.8726762524038462 0.07960435576923076 0.8671097740384616 0 0.7459560384615384 0
1 0.9011653557692308 0.11294828125 0.8947913581730769 0.021795865384615386 0.7538075 0.03165441826923077 0.7601814975961538 0.12280683173076924 0.9011653557692308 0.11294828125
1 0.4562508774038462 0.15659025480769231 0.45995668990384614 0.20958584615384618 0.5392162692307692 0.20404347596153846 0.5355104567307692 0.15104788701923078 0.4562508774038462 0.15659025480769231