1 0.43787388221153845 0.96850965625 0.5137402139423076 0.6853726490384615 0.3333837524038462 0.6370462812500001 0.25751741826923075 0.9201832884615384 0.43787388221153845 0.96850965625
1 0.2854903245192308 0.954336966346154 0.33233657211538464 0.779504391826923 0.11900279807692307 0.72234178125 0.07215655048076923 0.8971743557692308 0.2854903245192308 0.954336966346154
1 0.24355819711538462 0.14671508653846155 0.25433153846153844 0.10650842307692308 0.20482784134615384 0.09324394711538461 0.19405449759615384 0.13345061057692306 0.24355819711538462 0.14671508653846155
1 0.15550843269230769 0.06812317548076924 0.14146749759615385 0.1205246514423077 0.19232953125 0.13415309134615383 0.20637046394230768 0.08175161538461538 0.15550843269230769 0.06812317548076924
1 0.28489927163461537 0.179274375 0.29716082211538464 0.13351363701923077 0.24901545673076922 0.120613125 0.23675390625 0.16637386298076923 0.28489927163461537 0.179274375
1 0.1961660048076923 0 0.18718501201923077 0.03351751923076923 0.2799289855769231 0.05836818990384615 0.29556869471153846 0 0.1961660048076923 0
1 0.1587990048076923 0 0.15232112740384615 0.02417576923076923 0.18929797596153847 0.034083685096153844 0.1984306706730769 0 0.1587990048076923 0
1 0.6531180360576924 0.7489889567307693 0.6815234278846154 0.6429785985576923 0.4907530769230769 0.5918618365384616 0.4623476850961538 0.6978721947115385 0.6531180360576924 0.7489889567307693
1 0.7017093125 0.716456798076923 0.7265235865384615 0.6238486586538462 0.6721902596153846 0.6092900889423076 0.6473759831730769 0.7018982259615385 0.7017093125 0.716456798076923
1 0.7418591033653846 0.6864509038461539 0.7633734375000001 0.6061583197115384 0.7027766850961539 0.58992146875 0.6812623509615385 0.6702140528846154 0.7418591033653846 0.6864509038461539
1 0.7788064783653846 0.6629632644230768 0.7943679735576924 0.6048869759615385 0.7539198293269231 0.5940489278846154 0.7383583341346154 0.65212521875 0.7788064783653846 0.6629632644230768
1 0.804952204326923 0.6326990480769231 0.8172461081730769 0.5868175721153845 0.7914377764423077 0.5799022500000001 0.7791438725961538 0.6257837259615384 0.804952204326923 0.6326990480769231
1 0.8239264567307691 0.6295009759615385 0.8355409615384615 0.5861550528846153 0.8089780024038462 0.5790375288461539 0.7973634975961539 0.622383451923077 0.8239264567307691 0.6295009759615385
0 0.973202764423077 0.5463015745192308 0.9980170384615386 0.4536934375 0.970850375 0.4464141514423077 0.9460361009615385 0.5390222908653846 0.973202764423077 0.5463015745192308
1 0.9296835889423077 0.2674099831730769 0.9497744182692307 0.1924299903846154 0.7782471201923078 0.1464693894230769 0.7581562932692307 0.22144938221153848 0.9296835889423077 0.2674099831730769
1 0.6869540048076923 0.04889109375 0.6657955480769231 0.12785552884615384 0.9033529302884615 0.1915088389423077 0.9245113870192309 0.11254440144230769 0.6869540048076923 0.04889109375
1 0.8756492139423078 0.16118016346153846 0.8946724134615385 0.09018461538461539 0.6537191971153846 0.025621396634615382 0.6346959975961538 0.09661694471153846 0.8756492139423078 0.16118016346153846
1 0.9532882235576923 0.32601627403846156 0.9622821850961538 0.2924503509615385 0.8466729375 0.2614729471153846 0.8376789759615384 0.2950388701923077 0.9532882235576923 0.32601627403846156