2 1 0.21864213942307692 0.4774646153846154 0.1358806658653846 0.3598780432692308 0.8782930673076923 0.9266413918269231 0.9680595625 1 0.5048915360576923 1 0.21864213942307692
2 0.34855082451923075 0.2965814879807692 0.3136789759615385 0.5167536802884615 0.43752583413461543 0.5363690961538462 0.4723976826923077 0.31619690384615384 0.34855082451923075 0.2965814879807692
2 0.3247481778846154 0.3349975649038462 0.3028908052884615 0.47299957451923075 0.34131805528846154 0.4790858533653846 0.3631754254807692 0.34108384375 0.3247481778846154 0.3349975649038462
2 0.10494068990384615 0.26502843990384617 0.06337692067307693 0.5274517451923078 0.16600391346153845 0.5437062644230769 0.20756768028846156 0.2812829591346154 0.10494068990384615 0.26502843990384617
0 0.2434333798076923 0.30454104807692306 0.2246177908653846 0.4233380048076923 0.25849241586538463 0.42870321875 0.2773080048076923 0.30990626201923077 0.2434333798076923 0.30454104807692306
0 0.21021086778846154 0.26609276201923077 0.18211784615384616 0.44346512740384614 0.23381715625000002 0.45165349278846156 0.2619101802884615 0.27428112740384614 0.21021086778846154 0.26609276201923077
1 0.5003028221153847 0.12402966346153846 0.5070816490384615 0.08122983653846154 0.4728212091346154 0.07580351682692307 0.46604238221153843 0.11860334375 0.5003028221153847 0.12402966346153846
1 0.4509120384615385 0.15220569230769232 0.4611454591346154 0.08759441346153846 0.41886005048076924 0.08089706249999999 0.40862662980769227 0.14550834134615384 0.4509120384615385 0.15220569230769232
1 0.20270934855769232 0.1411589014423077 0.21324694951923076 0.07462711538461539 0.1667175673076923 0.06725758413461538 0.15617996875 0.1337893701923077 0.20270934855769232 0.1411589014423077
1 0.17029013461538461 0.15557040384615384 0.1825007139423077 0.07847584134615385 0.12794636538461537 0.06983528124999999 0.11573578605769232 0.14692984375 0.17029013461538461 0.15557040384615384
1 0.10249747596153846 0.21303387499999998 0.11440387740384615 0.13785981971153846 0.058846408653846154 0.12906038221153845 0.04694000721153846 0.2042344375 0.10249747596153846 0.21303387499999998
1 0.11737996153846154 0.3128407980769231 0.12385461057692308 0.27196147596153847 0.06451614663461538 0.26256318509615384 0.058041497596153846 0.3034425096153846 0.11737996153846154 0.3128407980769231
1 0.057150689903846155 0.30906684615384616 0.06210444951923077 0.2777900504807692 0.03964997115384616 0.2742336105769231 0.034696213942307694 0.30551040625000003 0.057150689903846155 0.30906684615384616
1 0 0.54595971875 0.039984204326923074 0.55229259375 0.04754520192307692 0.5045543269230769 0 0.49702390625 0 0.54595971875
1 1 0.0746470985576923 0.8339066826923076 0.0483405 0.8218047379807693 0.12474917067307692 1 0.1529725264423077 1 0.0746470985576923
1 0.9336479399038461 0.2785837019230769 0.92895490625 0.3082143533653846 0.9668420144230769 0.31421508173076923 0.971535048076923 0.28458443028846153 0.9336479399038461 0.2785837019230769
1 0.9959467427884616 0.32023101923076924 0.9996186057692308 0.29704778125 0.9680588774038461 0.29204920913461535 0.9643870120192308 0.31523244951923074 0.9959467427884616 0.32023101923076924
1 0.9071833677884615 0.26089259375 0.9024903341346153 0.29052324278846153 0.9377538942307692 0.2961084423076923 0.9424469278846155 0.2664777908653846 0.9071833677884615 0.26089259375
1 0.7355589014423077 0.17436824278846152 0.7285193509615385 0.21881421634615383 0.7856200817307692 0.22785808413461536 0.7926596322115385 0.18341211057692305 0.7355589014423077 0.17436824278846152
1 0.6151788125000001 0.18680082451923077 0.6245648798076923 0.12753952403846153 0.5200088100961539 0.11097946875 0.5106227427884615 0.17024076923076922 0.6151788125000001 0.18680082451923077