4 1 0.46315419230769234 0.9767373990384616 0.3312254278846154 0.8219892211538462 0.35851170673076926 0.9201647572115385 0.9152928317307693 1 0.9012157235576923 1 0.46315419230769234
4 0.8470914134615384 0.3017158269230769 0.8413192187499999 0.2689800865384615 0.7805381153846154 0.27969743509615386 0.7863103100961539 0.31243317548076927 0.8470914134615384 0.3017158269230769
4 0.7296397379807692 0.33596474759615386 0.72097340625 0.28681554567307693 0.6657318461538462 0.2965561225961538 0.6743981778846154 0.34570532451923075 0.7296397379807692 0.33596474759615386
4 0.9076894134615384 0.28426125480769227 0.9001807355769231 0.24167743749999998 0.8273972884615385 0.2545111225961538 0.8349059639423076 0.29709493990384617 0.9076894134615384 0.28426125480769227
4 0.8979897908653847 0.24544851442307694 0.9046302259615384 0.28310829086538464 0.9617183004807692 0.273042125 0.9550778653846154 0.23538234615384615 0.8979897908653847 0.24544851442307694
4 0.9580287668269231 0.21972464663461538 0.9412749326923078 0.12470893269230768 0.7975545504807692 0.1500507139423077 0.8143083846153847 0.24506642788461536 0.9580287668269231 0.21972464663461538
4 0.3408743004807692 0.7490074639423077 0.33162914182692305 0.6965755673076923 0.22201798557692307 0.7159029711538462 0.2312631442307692 0.7683348677884615 0.3408743004807692 0.7490074639423077
4 0.2458721875 0.8028971850961538 0.23778468509615386 0.7570306778846153 0.1161711875 0.7784744206730768 0.12425868990384616 0.8243409278846153 0.2458721875 0.8028971850961538
4 0.2588630576923077 0.39697446634615385 0.24876573798076923 0.3397097211538461 0.14925912259615384 0.3572554230769231 0.15935644230769233 0.41452016826923077 0.2588630576923077 0.39697446634615385
4 0.2936880625 0.46520447596153847 0.2884786177884615 0.4356602427884615 0.23595553605769232 0.44492148076923077 0.24116498076923076 0.4744657115384615 0.2936880625 0.46520447596153847
4 0.2445685985576923 0.47217318509615386 0.2393591514423077 0.44262895432692306 0.18406630048076922 0.4523785745192308 0.1892757451923077 0.48192280769230766 0.2445685985576923 0.47217318509615386
4 0.19371090384615386 0.4962781490384615 0.18562340144230768 0.45041163942307694 0.13402357932692308 0.45951007932692306 0.14211108173076922 0.5053765889423076 0.19371090384615386 0.4962781490384615
4 0.13749106971153846 0.5112683557692308 0.1288247403846154 0.4621191538461539 0.0845596826923077 0.46992427644230766 0.09322601442307692 0.5190734783653845 0.13749106971153846 0.5112683557692308
4 0.3443683533653846 0.4511910408653846 0.3357020216346154 0.40204183894230766 0.2758441754807692 0.4125963942307692 0.2845105072115385 0.46174559374999996 0.3443683533653846 0.4511910408653846
4 0.33709407451923074 0.41533540625 0.34055095913461536 0.434940375 0.40692289663461534 0.4232372115384615 0.40346601201923077 0.40363224278846155 0.33709407451923074 0.41533540625
4 0.36593521875 0.24477300480769232 0.35207552163461536 0.1661707548076923 0.28021532932692306 0.17884164663461538 0.2940750264423077 0.25744389423076924 0.36593521875 0.24477300480769232
4 0.08478586538461538 0.0734919326923077 0.10383893028846154 0.18154722836538462 0.29064465144230767 0.14860833894230768 0.27159158653846155 0.040553043269230774 0.08478586538461538 0.0734919326923077
4 0.008160829326923077 0.08493453365384615 0.02825899759615385 0.19891691105769232 0.19962580528846155 0.16870031971153845 0.17952763701923077 0.05471793990384615 0.008160829326923077 0.08493453365384615
4 0 0.21809690384615385 0.11690882692307693 0.19748272115384616 0.09473652644230769 0.07173736298076923 0 0.08844196875 0 0.21809690384615385
2 0.3106993605769231 0.4591022331730769 0.3672475673076923 0.7798030552884616 0.4932721850961539 0.7575815144230769 0.4367239759615385 0.43688069230769233 0.3106993605769231 0.4591022331730769
2 0.5214496923076923 0.6294455745192308 0.4883600673076923 0.4417849855769231 0.4167050432692308 0.4544196995192307 0.4497946682692308 0.6420802884615384 0.5214496923076923 0.6294455745192308
2 0.46481143269230774 0.4354068942307692 0.4952963341346154 0.6082953677884615 0.5432544182692308 0.5998390625 0.5127695168269231 0.4269505913461539 0.46481143269230774 0.4354068942307692
2 0.5484405192307692 0.5731628653846154 0.5263807692307693 0.4480558052884615 0.49699041105769226 0.4532381177884615 0.5190501610576923 0.5783451778846154 0.5484405192307692 0.5731628653846154