1 0.9112816346153847 0.2037053125 0.9047915336538461 0.16689812259615386 0.8620908846153846 0.17442739903846152 0.8685809855769231 0.21123458894230768 0.9112816346153847 0.2037053125
1 0.7525445456730769 0.09664320432692307 0.7424295408653846 0.039278151442307695 0.5658565865384616 0.07041272836538462 0.5759715937500001 0.12777777884615385 0.7525445456730769 0.09664320432692307
1 0.6576527860576923 0.12581415625 0.6637738846153846 0.1605286298076923 0.78172 0.13973154807692306 0.7755989014423077 0.10501707451923077 0.6576527860576923 0.12581415625
1 0.667970875 0.13529142067307692 0.6745260937499999 0.17246791346153845 0.7964729903846154 0.1509653846153846 0.7899177716346154 0.11378889182692307 0.667970875 0.13529142067307692
1 0.8811591057692307 0.38379703125 0.8762752500000001 0.35609931490384616 0.8456538846153846 0.3614986875 0.8505377379807691 0.38919640384615384 0.8811591057692307 0.38379703125
1 0.9331479903846154 0.38440346875000003 0.9284160769230769 0.3575674591346154 0.8770983605769231 0.36661615625 0.8818302740384615 0.39345216826923074 0.9331479903846154 0.38440346875000003
1 0.9855686298076923 0.37846043269230767 0.980272360576923 0.3484237956730769 0.9358790721153846 0.35625153125 0.9411753413461538 0.38628816826923074 0.9855686298076923 0.37846043269230767
1 0.8419466826923077 0.4444019206730769 0.8365201778846154 0.41362668028846156 0.8207478653846153 0.4164077644230769 0.8261743725961538 0.4471830048076923 0.8419466826923077 0.4444019206730769
1 0.8344903533653846 0.46285199759615386 0.8268281274038463 0.41939735576923076 0.7982071514423077 0.4244440072115384 0.8058693774038462 0.4678986490384615 0.8344903533653846 0.46285199759615386
1 0.8086309879807693 0.5065056274038462 0.7987547475961538 0.45049468509615387 0.7765196346153846 0.4544153365384615 0.7863958750000001 0.5104262764423078 0.8086309879807693 0.5065056274038462
1 0.7912539399038461 0.53482840625 0.7789900384615385 0.46527635817307694 0.7493688677884616 0.47049937019230764 0.7616327692307692 0.5400514182692308 0.7912539399038461 0.53482840625
1 0.7220174038461539 0.679803704326923 0.7011579158653846 0.5615036730769231 0.6279128389423078 0.5744187572115385 0.648772326923077 0.6927187884615384 0.7220174038461539 0.679803704326923
1 0.7785073653846154 0.5709658341346153 0.7639643317307693 0.4884881850961538 0.7234179495192308 0.49563760576923077 0.7379609831730769 0.5781152548076923 0.7785073653846154 0.5709658341346153
1 0.7521038485576923 0.6223311105769231 0.7382336995192307 0.5436695913461539 0.7026113581730768 0.5499507716346154 0.7164815048076923 0.6286122908653847 0.7521038485576923 0.6223311105769231
1 0.6827574951923077 0.7824302451923076 0.654691608173077 0.6232606923076923 0.5527486177884615 0.6412359903846153 0.5808145048076923 0.8004055432692307 0.6827574951923077 0.7824302451923076
1 0.6213796081730769 0.9512785889423078 0.5759923149038462 0.6938744615384616 0.38318542307692305 0.7278715192307692 0.42857271634615385 0.9852756442307692 0.6213796081730769 0.9512785889423078
1 0.4526675024038462 1 0.43314342548076923 0.8892734615384617 0.3078881899038462 0.9113593389423078 0.32351793028846154 1 0.4526675024038462 1
1 0.2672709879807692 0.1987107067307692 0.25741645192307694 0.14282286778846154 0.08761405288461538 0.17276361298076923 0.09746858653846154 0.22865145192307693 0.2672709879807692 0.1987107067307692
1 0.4684930480769231 0 0.4585537043269231 0.0017525745192307693 0.4763743485576923 0.10281847115384615 0.7092659951923077 0.06175338942307692 0.6983772067307693 0 0.4684930480769231 0
1 0.5386078293269231 0.1466780673076923 0.5212864230769231 0.04844349278846154 0.3294027884615385 0.0822777548076923 0.3467241947115385 0.1805123293269231 0.5386078293269231 0.1466780673076923
1 0.1713517091346154 0.05379024759615385 0.17688674519230768 0.08518099519230769 0.37815682932692307 0.04969164903846154 0.3726217932692307 0.018300901442307692 0.1713517091346154 0.05379024759615385
1 0.1100898798076923 0.26018891346153844 0.11525591346153846 0.28948694230769234 0.15495597596153846 0.28248675 0.1497899423076923 0.25318872115384616 0.1100898798076923 0.26018891346153844
1 0.05604150480769231 0.26184954326923077 0.06322619951923077 0.3025959639423077 0.12300710576923077 0.29205497596153845 0.11582241346153846 0.2513085552884615 0.05604150480769231 0.26184954326923077
1 0 0.36121564182692306 0.01894940144230769 0.35787435096153847 0.014781843749999999 0.33423896634615385 0 0.33684540384615386 0 0.36121564182692306