1 1 0.5430248798076923 0.9225180240384615 0.5580858509615385 0.9471906874999999 0.6850156995192307 1 0.674750608173077 1 0.5430248798076923
1 0 0.29681021875 0.0316845 0.290651375 0.01952042548076923 0.22807264182692308 0 0.23186702884615384 0 0.29681021875
1 0 0.25860834374999997 0.021461576923076923 0.2544366346153846 0.011152591346153847 0.20140149759615383 0 0.20356934134615384 0 0.25860834374999997
1 0 0.10622530288461539 0.08548410817307692 0.089608875 0.08230395673076923 0.07324842307692307 0 0.0892466923076923 0 0.10622530288461539
1 0 0.13174316586538462 0.00155421875 0.1397389278846154 0.09565238701923076 0.12144809615384615 0.08693347596153847 0.0765931875 0 0.09349134375 0 0.13174316586538462
1 0.09703373317307692 0.13674331971153847 0.08884484615384616 0.0946151514423077 0.003182536057692308 0.11126621634615384 0.011371423076923078 0.15339438461538463 0.09703373317307692 0.13674331971153847
1 0.10363254326923076 0.17069125721153847 0.09491363221153847 0.1258363485576923 0.007717528846153846 0.1427855528846154 0.016436439903846155 0.18764046394230768 0.10363254326923076 0.17069125721153847
1 0.10633895192307692 0.19280333653846154 0.09788505288461538 0.14931179807692307 0.007621365384615385 0.16685728125 0.016075264423076923 0.21034881971153846 0.10633895192307692 0.19280333653846154
1 0.11349592788461539 0.23371719951923076 0.10345195432692307 0.18204543509615384 0.012421370192307693 0.19973998798076925 0.02246534375 0.25141175240384617 0.11349592788461539 0.23371719951923076
1 0.20012449038461538 0.19296676923076922 0.19034552884615386 0.142658375 0.09087908653846154 0.16199269471153846 0.10065804807692308 0.21230108653846153 0.20012449038461538 0.19296676923076922
1 0.19326230528846156 0.1617583028846154 0.18533843269230768 0.12099350721153845 0.08893957451923076 0.13973154567307694 0.09686344951923077 0.18049634374999998 0.19326230528846156 0.1617583028846154
1 0.08969780528846154 0.11128647596153847 0.09711815625 0.14946086778846154 0.19129301442307692 0.1311551298076923 0.18387266346153847 0.09298073798076922 0.08969780528846154 0.11128647596153847
1 0.18620149278846154 0.09677271153846154 0.18013270673076923 0.06555151442307693 0.08979233173076924 0.08311190384615384 0.09586111778846154 0.11433310336538462 0.18620149278846154 0.09677271153846154
1 0.08719848798076923 0.07795656009615384 0.08984861298076924 0.09159027163461539 0.17942209374999998 0.07417894951923078 0.17677196874999998 0.06054523798076923 0.08719848798076923 0.07795656009615384
1 0.274230875 0.04726068269230769 0.2721107764423077 0.03635371394230769 0.1795464014423077 0.05434640624999999 0.18166649999999998 0.065253375 0.274230875 0.04726068269230769
1 0.28077340384615385 0.07273025721153846 0.2757646682692308 0.04696254326923077 0.17629822596153846 0.06629686298076923 0.1813069639423077 0.09206457451923077 0.28077340384615385 0.07273025721153846
1 0.2921806826923077 0.09456593990384615 0.2876754711538462 0.07138863221153846 0.1813069639423077 0.09206457451923077 0.18581217548076923 0.11524188461538462 0.2921806826923077 0.09456593990384615
1 0.29880599519230766 0.12865021875 0.2921806826923077 0.09456593990384615 0.18887975961538464 0.11464560576923076 0.19550507211538462 0.1487298846153846 0.29880599519230766 0.12865021875
1 0.3043447572115384 0.1571446730769231 0.29827597115384613 0.12592347596153847 0.19804263221153845 0.14540686298076924 0.20411141826923077 0.17662806009615384 0.3043447572115384 0.1571446730769231
1 0.3289379158653846 0.2836655096153846 0.31995399278846154 0.23744723076923077 0.21895375721153845 0.2570796875 0.22793768269230769 0.30329796634615386 0.3289379158653846 0.2836655096153846
1 0.32320216586538464 0.22549677403846152 0.31342320432692305 0.17518838221153846 0.1993857355769231 0.19735502163461538 0.20916469471153845 0.24766341346153847 0.32320216586538464 0.22549677403846152
1 0.3225478341346154 0.24260257451923076 0.3164525480769231 0.21124504086538462 0.21085093509615385 0.23177191586538462 0.2169462235576923 0.2631294495192308 0.3225478341346154 0.24260257451923076
1 0.33633176442307694 0.32170356490384616 0.32681781730769227 0.27275854326923077 0.2265844783653846 0.2922419302884615 0.23609842548076923 0.3411869519230769 0.33633176442307694 0.32170356490384616
1 0.34800405528846157 0.34490261778846154 0.34087521875 0.30822793509615387 0.23604050480769231 0.3286057403846154 0.2431693389423077 0.3652804230769231 0.34800405528846157 0.34490261778846154
1 0.35624922355769234 0.3955091490384615 0.3443501634615385 0.33429378846153845 0.23107958894230768 0.3563113581730769 0.24297864903846153 0.41752671874999997 0.35624922355769234 0.3955091490384615
1 0.3586906201923077 0.41625785576923074 0.3467915576923077 0.35504249278846156 0.24655821875 0.3745258798076923 0.25845728125 0.43574124278846155 0.3586906201923077 0.41625785576923074
1 0.37129162740384614 0.44054978125 0.3617776802884615 0.3916047572115385 0.2516513798076923 0.41301114182692306 0.2611653293269231 0.4619561658653846 0.37129162740384614 0.44054978125
1 0.36902774759615387 0.4735321754807692 0.36004382211538466 0.42731389423076926 0.2605773798076923 0.4466482115384615 0.2695613052884615 0.49286649278846156 0.36902774759615387 0.4735321754807692
1 0.3824237932692308 0.5019142115384615 0.37317485576923076 0.4543325600961538 0.2592140745192308 0.47648429086538463 0.26846301201923073 0.5240659447115384 0.3824237932692308 0.5019142115384615
1 0.38745903125 0.5278182644230769 0.37688503125 0.47341975480769233 0.2743510048076923 0.49335035096153845 0.28492500240384616 0.547748858173077 0.38745903125 0.5278182644230769
1 0.40151807451923077 0.5673905024038461 0.39041405048076927 0.5102652524038461 0.28481243749999996 0.5307921274038462 0.2959164615384615 0.5879173750000001 0.40151807451923077 0.5673905024038461
1 0.41247975000000003 0.5992169903846154 0.40058068990384615 0.5380016298076923 0.28807701201923075 0.5598701298076922 0.29997607211538463 0.6210854903846154 0.41247975000000003 0.5992169903846154
1 0.31315565624999997 0.6438500673076923 0.3031116802884615 0.5921783028846154 0.19137489903846155 0.6138977331730769 0.20141887259615385 0.6655694975961539 0.31315565624999997 0.6438500673076923
1 0.18577985576923076 0.5769249134615385 0.19714889182692305 0.6354135336538461 0.3073518822115385 0.6139922427884615 0.2959828461538461 0.5555036225961538 0.18577985576923076 0.5769249134615385
1 0.2969202283653846 0.5848924951923077 0.28475615625 0.5223137620192307 0.18375592067307694 0.5419462187499999 0.19591999519230768 0.604524951923077 0.2969202283653846 0.5848924951923077
1 0.17721339182692308 0.5164766442307692 0.18752237980769232 0.5695117788461539 0.2823874423076923 0.5510718774038461 0.27207845673076925 0.49803674519230773 0.17721339182692308 0.5164766442307692
1 0.27629051682692307 0.5156114975961539 0.2675451033653846 0.4706202524038462 0.16807866105769229 0.48995456971153845 0.17682407451923077 0.5349458173076923 0.27629051682692307 0.5156114975961539
1 0.16198173557692305 0.45449418990384616 0.17229072115384614 0.5075293245192308 0.2672324735576923 0.48907451682692304 0.25692348798076925 0.43603938221153843 0.16198173557692305 0.45449418990384616
1 0.2626991201923077 0.4616580264423077 0.2502700360576923 0.39771592067307693 0.14996000721153846 0.41721421634615385 0.16238909375000002 0.4811563197115385 0.2626991201923077 0.4616580264423077
1 0.14651320432692308 0.39538754567307693 0.15682218990384617 0.4484226826923077 0.2555984254807692 0.4292225264423077 0.24528943990384616 0.37618738942307695 0.14651320432692308 0.39538754567307693
1 0.2477324735576923 0.40103893990384615 0.23742348798076923 0.3480038076923077 0.13258877403846153 0.36838161057692304 0.14289775961538462 0.4214167451923077 0.2477324735576923 0.40103893990384615
1 0.13019335576923077 0.32371242548076923 0.14209241586538462 0.38492778605769234 0.24922781971153848 0.3641027740384616 0.2373287596153846 0.30288741105769235 0.13019335576923077 0.32371242548076923
1 0.23223416346153847 0.33359026923076923 0.22189867788461537 0.28041879807692305 0.1208984423076923 0.3000512548076923 0.13123393028846153 0.3532227259615385 0.23223416346153847 0.33359026923076923
1 0.1127658389423077 0.2664014543269231 0.12466489903846155 0.32761681490384614 0.2279658221153846 0.3075371490384615 0.21606676201923078 0.24632178846153846 0.1127658389423077 0.2664014543269231
1 0.22163202403846152 0.2749525793269231 0.20893792548076923 0.20964710576923076 0.11023837980769231 0.22883235336538463 0.12293247836538461 0.2941378293269231 0.22163202403846152 0.2749525793269231
1 0.12278167067307691 0.3138340360576923 0.11008757211538461 0.24852856009615382 0.02664926201923077 0.2647473245192308 0.03934336057692308 0.33005280048076924 0.12278167067307691 0.3138340360576923
1 0.12466489903846155 0.32761681490384614 0.11568097596153847 0.28139853605769233 0.026107495192307692 0.2988098581730769 0.03509141826923077 0.3450281346153846 0.12466489903846155 0.32761681490384614
1 0.13203060817307694 0.36141568509615385 0.12145660817307692 0.30701718028846153 0.02881554326923077 0.32502477884615383 0.03938954086538461 0.3794232860576923 0.13203060817307694 0.36141568509615385
1 0.14182740384615383 0.38356441346153847 0.13363851682692307 0.3414362475961538 0.036472764423076925 0.3603233581730769 0.044661649038461544 0.40245152403846157 0.14182740384615383 0.38356441346153847
1 0.15081132692307692 0.42978269471153846 0.1397073028846154 0.3726574471153846 0.05327809855769231 0.3894575817307692 0.0643821201923077 0.44658283173076924 0.15081132692307692 0.42978269471153846
1 0.16023921153846155 0.4619073245192308 0.14940019951923078 0.40614544471153846 0.057602721153846154 0.42398906730769226 0.06844173317307692 0.4797509471153846 0.16023921153846155 0.4619073245192308
1 0.16273852884615386 0.4952372379807692 0.15110448076923078 0.4353852475961538 0.06160768990384616 0.4527816634615384 0.07324173798076923 0.5126336514423077 0.16273852884615386 0.4952372379807692
1 0.1688338173076923 0.5265947740384616 0.15852483173076923 0.47355963942307694 0.06749424759615384 0.4912541923076923 0.07780323317307693 0.544289326923077 0.1688338173076923 0.5265947740384616
1 0.17593451201923077 0.5590302740384615 0.16483048798076924 0.5019050240384615 0.06996542307692308 0.5203449254807693 0.08106944711538462 0.577470173076923 0.17593451201923077 0.5590302740384615
1 0.18067659615384615 0.5793317716346154 0.17222269711538463 0.5358402331730769 0.08425969711538461 0.5529385072115385 0.09271359615384614 0.5964300456730769 0.18067659615384615 0.5793317716346154
1 0.1965063028846154 0.6157300600961538 0.18593230288461537 0.5613315528846153 0.08799965384615384 0.5803677331730769 0.09857365384615384 0.6347662379807691 0.1965063028846154 0.6157300600961538
1 0.2010115144230769 0.6389073677884615 0.19123255288461538 0.5885989735576923 0.09329990384615384 0.6076351538461539 0.10307886538461539 0.657943545673077 0.2010115144230769 0.6389073677884615
1 0.21943506490384615 0.680461 0.20833104086538462 0.6233357524038462 0.1119321826923077 0.6420737908653845 0.12303620673076923 0.6991990408653846 0.21943506490384615 0.680461
1 0.11241222596153846 0.7182427475961538 0.10342830048076923 0.6720244663461539 0.03072653846153846 0.6861562572115385 0.03971046153846154 0.7323745384615384 0.11241222596153846 0.7182427475961538
1 0.021033641826923077 0.6526682572115384 0.032137663461538464 0.7097935048076922 0.10560632451923077 0.6955126442307692 0.09450230048076923 0.6383873966346154 0.021033641826923077 0.6526682572115384
1 0.09980255048076923 0.6656548197115384 0.08896353846153846 0.6098929423076923 0.016261776442307693 0.6240247331730769 0.027100786057692308 0.679786610576923 0.09980255048076923 0.6656548197115384
1 0.010138348557692307 0.5884280144230769 0.022037408653846156 0.6496433774038461 0.09167158653846154 0.6361078629807693 0.0797725264423077 0.5748925024038462 0.010138348557692307 0.5884280144230769
1 0.08044325721153847 0.5988151586538462 0.07066429567307692 0.5485067644230769 0.007165288461538462 0.5608497211538461 0.016944247596153848 0.6111581153846154 0.08044325721153847 0.5988151586538462
1 0.0018368966346153845 0.5293431177884615 0.01082081971153846 0.5755613966346154 0.08045499759615385 0.5620258846153846 0.07147107451923077 0.5158076033653847 0.0018368966346153845 0.5293431177884615
1 0 0.5117042884615385 0.0062858269230769235 0.5440420600961539 0.06671725 0.5322953822115385 0.0574683125 0.48471373076923074 0 0.4958844375 0 0.5117042884615385
1 0 0.5127215625 0.06445644471153845 0.5001925 0.05600254567307693 0.4567009615384615 0 0.4675867548076923 0 0.5127215625
1 0 0.49305467067307696 0.06767483653846154 0.47990001682692307 0.05604078846153847 0.42004802403846153 0 0.43094125 0 0.49305467067307696
1 0 0.4548527932692308 0.06128639423076923 0.4429399278846154 0.049387334134615386 0.3817245625 0 0.39132448798076924 0 0.4548527932692308