1 0.5925540264423077 0.23232648798076921 0.5854069086538461 0.18147209855769234 0.4690504110576923 0.19782493750000002 0.47619752884615385 0.2486793293269231 0.5925540264423077 0.23232648798076921
1 0.42648573076923074 0.14027202644230768 0.40898761298076924 0.01576644951923077 0.0014304110576923077 0.07304487740384616 0.018928528846153845 0.1975504567307692 0.42648573076923074 0.14027202644230768
1 0.033251971153846156 0.06257679807692308 0.040196129807692306 0.11198704807692308 0.4181226538461538 0.05887293990384616 0.4111784975961538 0.0094626875 0.033251971153846156 0.06257679807692308
1 0 0.24702040384615384 0.22869419471153846 0.21487953125 0.21325468028846156 0.10502166826923078 0 0.13499265865384616 0 0.24702040384615384
1 0 0.25859134375 0.21226291346153847 0.22875973798076923 0.2024628076923077 0.1590283605769231 0 0.1874826514423077 0 0.25859134375
1 0.057461161057692306 0.6586543509615385 0.05050250480769231 0.6091409471153846 0.024121144230769227 0.6128486057692307 0.03107980048076923 0.6623620072115385 0.057461161057692306 0.6586543509615385
1 0.20113409615384617 0.6744375432692308 0.19189937980769228 0.6087291298076922 0.038949382211538465 0.6302248485576923 0.04818409855769231 0.6959332644230769 0.20113409615384617 0.6744375432692308
1 0.20654238461538463 0.7028151899038462 0.19569848076923077 0.6256568028846154 0.0627859375 0.6443364423076924 0.07362984134615384 0.721494829326923 0.20654238461538463 0.7028151899038462
1 0.30011032692307693 0.7460471129807692 0.2860480456730769 0.6459887764423077 0.10377682932692307 0.6716053245192307 0.11783911057692308 0.7716636610576924 0.30011032692307693 0.7460471129807692
1 0.37663378365384614 0.7926211947115385 0.3593531225961539 0.6696629086538461 0.14706440625 0.6994981442307692 0.16434506490384615 0.8224564278846154 0.37663378365384614 0.7926211947115385
1 0.5109759903846154 0.8514763149038462 0.4883458653846154 0.6904545985576923 0.20317960817307693 0.7305321033653847 0.2258097331730769 0.8915538197115385 0.5109759903846154 0.8514763149038462
1 0.5334664639423077 1 0.5871193413461538 0.9924595793269231 0.5747822259615385 0.9046764423076923 0.4502250697115385 0.9221818100961539 0.4611617019230769 1 0.5334664639423077 1
1 0.010781516826923077 0.6032576153846153 0.018117098557692307 0.6554529951923077 0.03351267307692308 0.6532892884615384 0.026177091346153848 0.6010939086538462 0.010781516826923077 0.6032576153846153