1 0.7446443918269231 0 0.7468308966346153 0.12526476201923076 0.9892939615384615 0.12103255528846153 0.9871813293269232 0 0.7446443918269231 0
1 0.9950502091346153 0.25085927403846153 0.9931045889423077 0.1393947716346154 0.9201469519230769 0.14066825240384614 0.9220925721153846 0.25213275240384614 0.9950502091346153 0.25085927403846153
1 0.9749503076923076 0.28112208173076925 0.9733537355769231 0.1896545360576923 0.8386867475961538 0.19200515625 0.8402833197115385 0.28347270432692306 0.9749503076923076 0.28112208173076925
1 0.8741588076923077 0.23963407692307692 0.8727367596153847 0.15816500480769233 0.6566759230769231 0.1619363605769231 0.6580979711538462 0.2434054326923077 0.8741588076923077 0.23963407692307692
1 0.7972108653846154 0.28089069471153844 0.7960796923076923 0.21608575 0.6277199182692308 0.21902448076923076 0.62885109375 0.2838294254807692 0.7972108653846154 0.28089069471153844
1 0.72333678125 0.3370959447115384 0.7223494278846154 0.28053048557692306 0.59611865625 0.2827338533653846 0.5971060096153846 0.3392993100961539 0.72333678125 0.3370959447115384
1 0.6736219783653846 0.3568554831730769 0.6730773966346154 0.32565653365384617 0.5763213028846154 0.32734541826923075 0.5768658822115384 0.35854436778846155 0.6736219783653846 0.3568554831730769
1 0.6765085408653846 0.37301127163461534 0.6759235600961537 0.3394978581730769 0.563596920673077 0.34145852884615385 0.5641819014423077 0.37497193990384614 0.6765085408653846 0.37301127163461534
1 0.8224302692307692 0.7677469302884615 0.8211003317307692 0.6915548317307691 0.653573766826923 0.6944790192307693 0.654903704326923 0.7706711153846153 0.8224302692307692 0.7677469302884615
1 0.6567702307692307 0.7313732956730769 0.6556826875 0.6690679711538461 0.6271453677884615 0.66956609375 0.6282329110576923 0.7318714158653846 0.6567702307692307 0.7313732956730769
1 0.6085957860576923 0.6513685360576923 0.6094231586538462 0.6987687259615385 0.6328050120192308 0.69836059375 0.6319776394230769 0.6509604038461538 0.6085957860576923 0.6513685360576923
1 0.593889358173077 0.6384750889423076 0.5945761418269231 0.6778209471153847 0.6121776274038462 0.6775137115384615 0.6114908413461538 0.6381678533653846 0.593889358173077 0.6384750889423076
1 0.6010518365384615 0.6608534951923077 0.600478170673077 0.6279881274038461 0.5815227259615384 0.6283189975961538 0.5820963918269231 0.6611843629807693 0.6010518365384615 0.6608534951923077
1 0.5732163581730769 0.6179994302884615 0.5737059951923077 0.6460507115384615 0.5858916394230769 0.6458380120192307 0.5854020024038461 0.6177867283653846 0.5732163581730769 0.6179994302884615
1 0.5752636153846153 0.6308360264423077 0.5748434663461539 0.6067656177884616 0.56224121875 0.6069855913461539 0.5626613701923077 0.6310559975961538 0.5752636153846153 0.6308360264423077
1 0.5395629783653846 0.5760803774038462 0.5393254302884615 0.5624713413461538 0.5194847019230769 0.5628176610576923 0.5197222499999999 0.5764266995192308 0.5395629783653846 0.5760803774038462
1 0.5211747860576923 0.5820503509615385 0.5207821057692308 0.5595537788461539 0.48557913461538466 0.56016825 0.4859718125 0.5826648221153846 0.5211747860576923 0.5820503509615385
1 0.48782192307692307 0.58420684375 0.4875552884615385 0.5689313942307692 0.44834251201923075 0.5696158557692308 0.44860914663461543 0.5848913052884616 0.48782192307692307 0.58420684375
1 0.47915503125000003 0.4487819206730769 0.4789174831730769 0.43517288221153844 0.44824507211538467 0.43570827163461534 0.44848261778846155 0.4493173076923077 0.47915503125000003 0.4487819206730769
1 0.47921810336538456 0.4255365384615385 0.4795816947115385 0.44636669951923075 0.5097854254807692 0.44583949038461534 0.5094218341346154 0.42500932932692304 0.47921810336538456 0.4255365384615385
1 0.5543574855769231 0.44182025 0.5540504543269231 0.42423033413461536 0.5103071177884615 0.42499387740384614 0.5106141490384615 0.44258379086538463 0.5543574855769231 0.44182025
1 0.6174070288461538 0.40710348317307693 0.6170434375 0.3862733245192308 0.5394510913461539 0.38762770192307694 0.5398146826923077 0.4084578605769231 0.6174070288461538 0.40710348317307693
1 0.6747429831730769 0.38526617307692307 0.6742097139423078 0.3547152716346154 0.6516610649038461 0.3551088605769231 0.6521943341346154 0.38565976201923075 0.6747429831730769 0.38526617307692307
1 0.9055356923076924 0.91511528125 0.9027206826923078 0.7538435504807691 0.729726204326923 0.7568631802884614 0.7325412115384615 0.9181349110576923 0.9055356923076924 0.91511528125
1 1 0.806004420673077 0.99882909375 0.7389232139423078 0.9314956009615384 0.7400985264423077 0.9335850408653846 0.8598025120192307 1 0.858643235576923 1 0.806004420673077
1 0.44642957692307694 0.4570395 0.4460255865384615 0.4338948798076923 0.4119161971153846 0.4344902596153846 0.4123201875 0.4576348822115385 0.44642957692307694 0.4570395
1 0.44041096874999996 0.33008816826923076 0.43990678846153847 0.3012036778846154 0.4014751442307692 0.30187450480769235 0.4019793245192308 0.33075899519230767 0.44041096874999996 0.33008816826923076
1 0.21981493269230767 0.3187511875 0.22057120432692306 0.3620779206730769 0.35862309134615383 0.35966821634615387 0.3578668197115385 0.316341483173077 0.21981493269230767 0.3187511875
1 0.3124567163461538 0.9020380192307692 0.3106225985576923 0.7969614302884616 0.26974340865384616 0.7976749783653846 0.2715775288461538 0.9027515673076922 0.3124567163461538 0.9020380192307692
1 0.27562883653846154 0.9886198653846154 0.2730400625 0.8403091225961539 0.22184994471153846 0.8412026514423077 0.22443871634615384 0.989513391826923 0.27562883653846154 0.9886198653846154
1 0.23024761778846156 1 0.22901894711538462 0.929609516826923 0.1605397956730769 0.930804826923077 0.1617476033653846 1 0.23024761778846156 1
1 0 0.1891418221153846 0.19243806009615383 0.18578280288461538 0.19235617067307692 0.18109132211538462 0.1942019326923077 0.18225997115384615 0.2347710264423077 0.10123481490384616 0.2332374759615385 0.013377829326923078 0.25694649999999997 0.012963985576923076 0.3559504831730769 0.09911962019230769 0.3544169326923077 0.011262634615384615 0.25958083653846153 0.01291800480769231 0.18940812980769228 0.012198132211538463 0 0.015504262019230771 0 0.1891418221153846
1 0.009657129807692308 0.41002543990384616 0.0102615 0.4446497956730769 0.05640030288461539 0.44384443990384614 0.05579593269230769 0.4092200841346154 0.009657129807692308 0.41002543990384616
1 0.10490981730769232 0.4326257524038462 0.10543338942307692 0.46262118509615385 0.13464768990384615 0.46211124759615385 0.13412411778846153 0.43211581490384615 0.10490981730769232 0.4326257524038462
1 0.07652625240384615 0.704551420673077 0.07574089423076923 0.6595582740384616 0.026373413461538462 0.660419985576923 0.027158771634615386 0.7054131322115385 0.07652625240384615 0.704551420673077
1 0.20396796874999998 0.44941802644230766 0.2044511418269231 0.4770989951923077 0.2447054278846154 0.4763963533653846 0.2442222548076923 0.4487153870192308 0.20396796874999998 0.44941802644230766
1 0.3520455793269231 0.7677155288461539 0.3510032836538462 0.7080024014423076 0.2985112788461538 0.7089186514423077 0.29955357692307694 0.76863178125 0.3520455793269231 0.7677155288461539
1 0.36608857451923077 0.7366323774038462 0.3651141490384615 0.6808075456730769 0.3348062644230769 0.6813365721153846 0.3357806923076923 0.7371614014423076 0.36608857451923077 0.7366323774038462
1 0.3784028653846154 0.6960409110576923 0.3777984951923077 0.6614165552884615 0.34910494951923077 0.6619174014423077 0.34970931971153846 0.6965417572115384 0.3784028653846154 0.6960409110576923
1 0.3890325552884616 0.68427953125 0.38844434375000003 0.6505809591346154 0.3662602235576923 0.650968185096154 0.3668484326923077 0.6846667548076923 0.3890325552884616 0.68427953125