2 0 0.25720436778846156 0.14711224278846152 0.9493130576923078 0.7415661634615385 0.8229579759615385 0.5766662043269231 0.047164661057692306 0 0.16973884615384616 0 0.25720436778846156
1 0.20863096394230768 0.218170375 0.19584439423076921 0.15801429807692308 0.12531078365384615 0.17300668028846153 0.13809735096153847 0.23316275721153845 0.20863096394230768 0.218170375
1 0.44645769230769233 1 0.4185316754807692 0.8686184134615385 0.19455115625 0.9162269423076924 0.21235767067307693 1 0.44645769230769233 1
1 0.7732653533653846 0.4975054254807692 0.7627138341346154 0.4478644350961538 0.7230530048076923 0.45629460576923075 0.7336045240384615 0.5059355961538462 0.7732653533653846 0.4975054254807692
1 0.7893457836538461 0.47696322115384615 0.7803276129807692 0.4345360673076923 0.7480793100961538 0.44139065625 0.7570974807692308 0.48381780769230764 0.7893457836538461 0.47696322115384615
1 0.7690842139423076 0.4218464014423077 0.7792199086538462 0.4695310985576923 0.8025273317307692 0.46457695192307696 0.7923916370192308 0.41689225721153844 0.7690842139423076 0.4218464014423077
1 0.8084701875 0.44631734615384616 0.8010893221153845 0.4115931081730769 0.783513233173077 0.4153290192307692 0.7908940985576923 0.45005325961538467 0.8084701875 0.44631734615384616
1 0.7925942091346154 0.4039421490384615 0.7996632067307693 0.4371991658653846 0.8196846658653846 0.43294347355769236 0.8126156682692307 0.39968645673076925 0.7925942091346154 0.4039421490384615
1 0.9625182548076924 0.3101892259615384 0.9592696346153846 0.29490567067307694 0.9340517668269231 0.3002658942307692 0.9373003870192308 0.3155494495192308 0.9625182548076924 0.3101892259615384
1 0.9076065673076923 0.30473686057692306 0.9110890889423077 0.32112083413461534 0.9373003870192308 0.3155494495192308 0.9338178653846154 0.2991654783653846 0.9076065673076923 0.30473686057692306
1 0.9105052836538461 0.32175609615384615 0.9069188076923077 0.30488304807692307 0.8861331706730768 0.30930117307692306 0.8897196466346154 0.32617421875 0.9105052836538461 0.32175609615384615
1 0.5505344206730769 0.053485899038461536 0.5623593990384615 0.10911804326923077 0.6967018581730768 0.08056267307692308 0.6848768822115385 0.024930526442307692 0.5505344206730769 0.053485899038461536
1 0.7199552427884615 0.09376655769230768 0.709091858173077 0.04265834615384615 0.5434181081730769 0.07787338942307692 0.5542814927884615 0.12898160096153846 0.7199552427884615 0.09376655769230768
1 0.7392142524038461 0.12162107211538462 0.7277011418269231 0.06745614903846155 0.5860225769230769 0.09757085817307692 0.5975356875 0.15173578125 0.7392142524038461 0.12162107211538462