2 0.20253286298076922 0.2542338485576923 0.18869291105769231 0.5183158822115385 0.2490007716346154 0.5214764831730769 0.26284072596153846 0.2573944495192308 0.20253286298076922 0.2542338485576923
1 0.9068762259615385 0.9196471466346154 0.9201419350961538 0.6665222980769231 0.6802367932692307 0.6539494014423077 0.6669710817307692 0.9070742524038462 0.9068762259615385 0.9196471466346154
1 0.9762322067307692 0.947203610576923 0.9845841514423077 0.7878389831730769 0.8915087596153846 0.7829611081730768 0.8831568125 0.942325735576923 0.9762322067307692 0.947203610576923
1 0.7639964855769231 0.7335810673076922 0.7715415841346154 0.5896119783653846 0.5590207379807692 0.5784742307692308 0.5514756370192307 0.7224433221153846 0.7639964855769231 0.7335810673076922
1 0.6689682764423076 0.6689357475961538 0.6768041322115385 0.5194187163461538 0.5024340528846154 0.5102803677884615 0.4945981971153846 0.6597973990384615 0.6689682764423076 0.6689357475961538
1 0.4975517716346154 0.6183674230769232 0.50248734375 0.524191110576923 0.44959118509615387 0.5214189399038461 0.44465561538461534 0.6155952524038462 0.4975517716346154 0.6183674230769232
1 0.42528497596153847 0.5090187427884616 0.4220939375 0.56990740625 0.4516627331730769 0.5714570408653846 0.4548537716346154 0.5105683774038462 0.42528497596153847 0.5090187427884616
1 0.40331397596153845 0.49535013701923075 0.4000502475961539 0.5576257860576923 0.42033490865384615 0.5586888605769231 0.42359863701923073 0.4964132115384615 0.40331397596153845 0.49535013701923075
1 0.4020588677884615 0.5342266177884615 0.40510452884615383 0.4761119278846154 0.38879878125 0.4752573798076923 0.3857531201923077 0.5333720697115385 0.4020588677884615 0.5342266177884615
1 0.3752449783653846 0.4801102331730769 0.3740165360576923 0.5035502908653846 0.38805976442307694 0.5042862644230769 0.38928820432692307 0.4808462091346154 0.3752449783653846 0.4801102331730769
1 0.5781878846153846 0.13511976201923076 0.5837049663461539 0.0298475625 0.4241582956730769 0.02148607692307692 0.4186412139423077 0.12675827403846154 0.5781878846153846 0.13511976201923076
1 0.4744094134615385 0.21952631250000001 0.47713524278846153 0.1675143557692308 0.38429390384615386 0.16264874759615383 0.38156807211538457 0.21466070432692305 0.4744094134615385 0.21952631250000001
1 0.4704111009615385 0.23461551442307693 0.47259176442307693 0.19300594951923078 0.37038827403846153 0.1876496923076923 0.3682076081730769 0.22925925721153848 0.4704111009615385 0.23461551442307693
1 0.12116368028846154 0.6275702908653845 0.12539417067307693 0.5468477379807692 0.08576106009615383 0.5447706538461539 0.08153056971153846 0.6254932067307692 0.12116368028846154 0.6275702908653845
1 0.09351088461538462 0.6700701899038461 0.09883170673076923 0.5685428533653846 0.051474822115384615 0.5660609855769231 0.046154 0.6675883197115385 0.09351088461538462 0.6700701899038461
1 0 0.7298414567307692 0.04667486538461539 0.7322875817307692 0.05295518028846154 0.6124520384615384 0 0.6096767764423077 0 0.7298414567307692
1 0.17550638701923077 0.5579578557692307 0.17789785096153846 0.5123260336538462 0.12297322596153845 0.5094475576923077 0.12058176442307691 0.5550793798076923 0.17550638701923077 0.5579578557692307
1 0.18035272836538463 0.5341510913461538 0.1824534375 0.49406721153846156 0.17075074759615386 0.49345389903846154 0.16865003846153848 0.5335377788461538 0.18035272836538463 0.5341510913461538
1 0.1969717403846154 0.2991432379807692 0.1998284110576923 0.24463470913461538 0.12009408413461539 0.24045600961538463 0.11723741346153846 0.2949645384615385 0.1969717403846154 0.2991432379807692
1 0.1797055625 0.2837740889423077 0.18398693509615385 0.20208064423076924 0.08896109375 0.19710055048076924 0.08467972115384616 0.2787939951923077 0.1797055625 0.2837740889423077
1 0.1645652668269231 0.2532176057692308 0.1682578581730769 0.18275874519230767 0.04303907692307692 0.17619630769230768 0.03934648557692307 0.24665516826923076 0.1645652668269231 0.2532176057692308
1 0.1556164807692308 0.2343901298076923 0.16040667548076926 0.1429877860576923 0.030662853365384615 0.13618819951923078 0.025872658653846154 0.22759054326923078 0.1556164807692308 0.2343901298076923
1 0.12735949278846154 0.18840380528846154 0.132077 0.09838844711538462 0.029327382211538463 0.09300356971153846 0.024609877403846157 0.18301892548076923 0.12735949278846154 0.18840380528846154
1 0.11090600240384615 0.13065800240384615 0.11670656971153846 0.019976560096153846 0.02800018028846154 0.01532765625 0.02219961298076923 0.12600909615384615 0.11090600240384615 0.13065800240384615
1 0.028803468750000002 0 0.02655367307692308 0.04292866826923077 0.06774714182692308 0.04508752644230769 0.07011007932692308 0 0.028803468750000002 0
1 0.21525918509615385 0.051705665865384616 0.21696737259615384 0.019111509615384617 0.16781607451923078 0.016535598557692308 0.16610788701923077 0.049129757211538456 0.21525918509615385 0.051705665865384616
1 0.36294900721153844 0.12509128365384614 0.36462812019230767 0.09305192067307691 0.3339670721153846 0.09144504326923077 0.33228795913461534 0.12348440625 0.36294900721153844 0.12509128365384614