1 0.4135627668269231 0.35215645913461535 0.42465312499999996 0.2732444735576923 0.14846117067307693 0.23442822596153848 0.13737081490384614 0.31334021153846153 0.4135627668269231 0.35215645913461535
1 0.14783428365384615 0.31354847115384615 0.15602520192307695 0.25526706971153845 0.12345466586538462 0.2506895793269231 0.11526375 0.30897098076923074 0.14783428365384615 0.31354847115384615
1 0.11753701442307693 0.3174953173076923 0.12461164663461538 0.2671566899038461 0.09884920432692307 0.26353601442307695 0.09177457211538462 0.3138746418269231 0.11753701442307693 0.3174953173076923
1 0.09307555288461539 0.317528764423077 0.1001356875 0.2672932908653846 0.07777729086538462 0.2641510240384615 0.07071715625 0.31438649759615384 0.09307555288461539 0.317528764423077
1 0.07354619230769231 0.3195176586538461 0.08014241826923077 0.27258307932692305 0.059563408653846156 0.2696908870192308 0.05296718509615384 0.31662546874999997 0.07354619230769231 0.3195176586538461
1 0.22268236778846154 0.1795361129807692 0.23104725 0.12001687740384616 0.0732232764423077 0.09783616346153846 0.06485839423076924 0.15735539903846155 0.22268236778846154 0.1795361129807692
1 0.21663495192307694 0.19730489903846155 0.22498533653846156 0.13788881490384616 0.06716136538461538 0.11570810336538462 0.05881097836538462 0.1751241875 0.21663495192307694 0.19730489903846155
1 0.18527365625 0 0.1740703245192308 0.07971584615384615 0.45443997115384616 0.11911923076923078 0.4708797932692308 0.002143814903846154 0.4556257572115384 0 0.18527365625 0
1 0.4331034807692308 0.1362119423076923 0.44629593028846154 0.04234278365384615 0.15354793269230768 0.001199735576923077 0.14035548076923077 0.09506889663461539 0.4331034807692308 0.1362119423076923
1 0.2405011995192308 0.6601306274038462 0.24898206009615384 0.5997861658653846 0.10284015625000001 0.5792472620192307 0.09435929567307692 0.6395917211538461 0.2405011995192308 0.6601306274038462
1 0.1120254951923077 0.6183015216346154 0.12340579567307691 0.5373264759615385 0.0946261298076923 0.5332817572115385 0.08324582932692308 0.6142568028846154 0.1120254951923077 0.6183015216346154
1 0.09023891346153846 0.5717959927884615 0.09774846153846153 0.5183627764423077 0.060690774038461535 0.5131546586538461 0.05318122355769231 0.566587875 0.09023891346153846 0.5717959927884615
1 0.058203939903846154 0.553303451923077 0.06571348798076923 0.4998702355769231 0.04722332692307692 0.4972716129807692 0.03971377884615384 0.5507048293269231 0.058203939903846154 0.553303451923077
1 0.042444685096153845 0.5385709783653846 0.04901191586538462 0.49184270432692306 0.026344060096153848 0.4886569447115384 0.019776829326923078 0.53538521875 0.042444685096153845 0.5385709783653846