1 0.9988728221153846 0.3122890528846154 0.9994044735576922 0.28183073076923076 0.9479539783653846 0.28093265865384615 0.9474223269230768 0.3113909807692308 0.9988728221153846 0.3122890528846154
1 0.9384278846153846 0.24474237499999998 0.937605358173077 0.2918648269230769 0.9968671658653846 0.2928992451923077 0.9976896923076922 0.24577679326923077 0.9384278846153846 0.24474237499999998
1 0.3249131923076923 0.3154347235576923 0.3261332451923077 0.24553796153846155 0.12783011778846154 0.2420765673076923 0.12661006490384616 0.31197332932692307 0.3249131923076923 0.3154347235576923
1 0.48881833413461534 0.4989713629807693 0.48900416826923077 0.48832483653846154 0.4600502451923077 0.48781944471153843 0.45986440865384615 0.49846596875 0.48881833413461534 0.4989713629807693
1 0.4606248485576923 0.4757906033653846 0.4603210480769231 0.4931953605769231 0.4911496826923077 0.49373347596153844 0.4914534855769231 0.47632871875 0.4606248485576923 0.4757906033653846
1 0.5155035600961538 0.49814066105769234 0.5157249471153846 0.4854574086538461 0.48906234375 0.48499201201923076 0.4888409567307692 0.4976752644230769 0.5155035600961538 0.49814066105769234
1 0.5146617019230769 0.48071590865384617 0.5143805240384615 0.4968245649038462 0.5384393605769231 0.4972445144230769 0.5387205384615384 0.4811358581730769 0.5146617019230769 0.48071590865384617
1 0.5423355865384616 0.4471196923076923 0.5426506995192308 0.4290668870192308 0.5129677211538461 0.42854876923076923 0.5126526081730769 0.44660157451923077 0.5423355865384616 0.4471196923076923
1 0.5728918052884615 0.44237447115384615 0.5731018822115385 0.43033926923076926 0.5437834302884615 0.42982751201923075 0.5435733557692308 0.4418627163461538 0.5728918052884615 0.44237447115384615
1 0.5689503317307693 0.49509149038461536 0.5692315096153846 0.47898283413461534 0.544027016826923 0.47854288942307693 0.5437458413461539 0.49465154567307695 0.5689503317307693 0.49509149038461536
1 0.5396124326923076 0.5613488245192307 0.5399501682692308 0.5419999182692308 0.5128709591346154 0.54152725 0.5125332235576923 0.56087615625 0.5396124326923076 0.5613488245192307
1 0.5137015072115385 0.5596000528846153 0.5139471322115384 0.5455281249999999 0.48837811057692304 0.5450818149038461 0.4881324831730769 0.5591537427884615 0.5137015072115385 0.5596000528846153
1 0.48653988221153843 0.5638488870192307 0.48683237259615386 0.5470921802884615 0.45938863701923077 0.5466131490384616 0.45909614663461534 0.5633698557692308 0.48653988221153843 0.5638488870192307
1 0.1763246394230769 0.9912777620192308 0.17789697115384615 0.901198891826923 0.040730365384615386 0.898804639423077 0.03915803365384615 0.9888835096153846 0.1763246394230769 0.9912777620192308
1 0.24514163701923078 0.9343219615384615 0.2473910576923077 0.8054527019230769 0.17412096875000002 0.8041737692307692 0.1718715480769231 0.9330430288461538 0.24514163701923078 0.9343219615384615
1 0.2874503846153846 0.8352304447115385 0.2888530408653846 0.7548723149038461 0.2405270673076923 0.75402878125 0.23912441105769233 0.8343869110576924 0.2874503846153846 0.8352304447115385
1 0.3226229158653846 0.7868554399038461 0.3239948701923077 0.7082563004807692 0.28342813461538463 0.7075482067307692 0.2820561802884615 0.78614734375 0.3226229158653846 0.7868554399038461
1 0.35005920432692306 0.7400123221153846 0.3509689927884615 0.6878906298076923 0.31670337740384613 0.6872925216346153 0.31579359134615387 0.7394142115384615 0.35005920432692306 0.7400123221153846
1 0.36376035576923077 0.7041348629807692 0.3643905817307692 0.66802925 0.33913401201923077 0.6675883966346153 0.3385037860576923 0.7036940072115385 0.36376035576923077 0.7041348629807692
1 0.3838240865384615 0.6917053533653846 0.3845237980769231 0.6516188653846153 0.3583819471153846 0.6511625576923077 0.3576822331730769 0.6912490456730769 0.3838240865384615 0.6917053533653846