1 0.8831054206730768 0.3306347163461538 0.8871550384615384 0.2976532331730769 0.8159708677884615 0.28891291586538465 0.811921252403846 0.32189439903846156 0.8831054206730768 0.3306347163461538
1 0.7736601995192308 0.3437486153846154 0.7792331826923077 0.2983603076923077 0.6771094903846154 0.28582109375 0.6715365072115385 0.33120940144230765 0.7736601995192308 0.3437486153846154
1 0.5493342908653847 0.27705890144230766 0.5545645168269231 0.23446212980769232 0.4864820528846154 0.22610265384615386 0.48125182692307694 0.2686994278846154 0.5493342908653847 0.27705890144230766
1 0.4702658317307692 0.27291281009615387 0.47415041826923077 0.2412754014423077 0.42359259855769227 0.23506768028846153 0.4197080144230769 0.26670508894230766 0.4702658317307692 0.27291281009615387
1 0.3917676610576923 0.2814306129807692 0.39547451923076926 0.2512406682692308 0.3542218197115385 0.24617547355769231 0.3505149615384615 0.2763654182692308 0.3917676610576923 0.2814306129807692
1 0.2304082091346154 0.14040213701923077 0.23309949038461536 0.11848340865384616 0.21224051201923075 0.11592224759615385 0.20954923076923077 0.13784097596153846 0.2304082091346154 0.14040213701923077
1 0.22794116826923078 0.11113331490384616 0.22541491826923077 0.13170796875 0.24084590865384614 0.13360265625 0.24337215865384615 0.11302800240384615 0.22794116826923078 0.11113331490384616
1 0.24391286057692307 0.1002906201923077 0.2412215793269231 0.1222093485576923 0.2571953677884615 0.12417068509615385 0.25988664903846154 0.10225195673076923 0.24391286057692307 0.1002906201923077
1 0.2813197091346154 0.12513875240384614 0.2849123173076923 0.09587931730769231 0.260486375 0.09288018749999999 0.25689376923076923 0.12213962259615384 0.2813197091346154 0.12513875240384614
1 0.28473386778846155 0.08515261298076923 0.28172521875 0.10965609615384617 0.3030494519230769 0.11227438461538462 0.30605810096153846 0.08777090144230769 0.28473386778846155 0.08515261298076923
1 0.1251720096153846 0 0.11999645913461537 0.04215148557692308 0.45715198076923075 0.08354897836538461 0.4674105048076923 0 0.1251720096153846 0
1 0.22922641826923076 0.6705640264423077 0.24104520673076923 0.5743077283653846 0.05944027644230769 0.5520094471153846 0.047621490384615384 0.6482657451923076 0.22922641826923076 0.6705640264423077
1 0.26388809375 0.8229029014423077 0.2848343870192308 0.65230903125 0.1126121201923077 0.6311627956730769 0.09166582692307693 0.8017566658653846 0.26388809375 0.8229029014423077
1 0.30461071875 0.9521625528846154 0.3296066298076923 0.7485872019230769 0.18103487740384613 0.7303448846153846 0.15603896634615386 0.933920235576923 0.30461071875 0.9521625528846154
1 0.4715642788461538 0.9982694158653846 0.48542691586538467 0.8853672908653846 0.2938189831730769 0.8618407956730769 0.2799563461538461 0.974742920673077 0.4715642788461538 0.9982694158653846
2 0 0.5282341153846154 0.11292168028846154 0.5420991538461538 0.14648652884615385 0.26873539903846155 0.02908693028846154 0.25432054086538464 0 0.4912145769230769 0 0.5282341153846154