1 0.5463667427884615 0.6167029158653846 0.5413543028846154 0.4731654086538462 0.34241306730769233 0.4801125889423077 0.3474255072115385 0.6236500961538461 0.5463667427884615 0.6167029158653846
1 0.33364404567307687 0.40137065625 0.3379890336538462 0.5257948149038462 0.5354467980769231 0.5188994375 0.5311018125 0.39447527884615385 0.33364404567307687 0.40137065625
1 0.52559153125 0.40905146394230774 0.5223327908653845 0.31573334615384613 0.3339320048076923 0.3223124471153846 0.33719074519230774 0.41563056490384614 0.52559153125 0.40905146394230774
1 0.5230831298076923 0.33722025 0.5177347812499999 0.18406360576923075 0.3323009375 0.1905390985576923 0.33764928605769234 0.34369574278846154 0.5230831298076923 0.33722025
1 0.33388983413461537 0.06590772355769231 0.33982274759615383 0.23580416346153846 0.5178392379807693 0.22958769230769233 0.5119063245192308 0.05969125 0.33388983413461537 0.06590772355769231
1 0.34992380288461533 0.010189204326923077 0.3546046971153846 0.1442325 0.5296542475961539 0.13811963461538462 0.5249733509615384 0.0040763389423076925 0.34992380288461533 0.010189204326923077
1 0.4008302716346154 0.00841151201923077 0.4028369927884615 0.06587648317307691 0.5224515841346153 0.06169944951923077 0.5204448629807692 0.004234478365384616 0.4008302716346154 0.00841151201923077
1 0.21811951923076922 0.010039016826923076 0.22045778605769228 0.07699820192307692 0.3641202163461538 0.07198139903846154 0.3617819495192308 0.005022213942307692 0.21811951923076922 0.010039016826923076
1 0 0.19488888221153847 0.34251028846153847 0.18292816105769233 0.3367475096153846 0.01790375 0 0.02966323076923077 0 0.19488888221153847
1 0 0.28039328846153844 0.001279858173076923 0.3170436298076923 0.34380544951923075 0.30508237259615384 0.33469668028846156 0.04424136778846154 0 0.05592923317307692 0 0.28039328846153844
1 0 0.36769755528846154 0.002998620192307692 0.4535668125 0.34107379807692306 0.4417609663461538 0.33363584375 0.22876579567307692 0 0.24041661778846152 0 0.36769755528846154
1 0 0.4527632596153846 0.00638338701923077 0.6355595504807692 0.35039244951923076 0.6235464903846153 0.3423699254807693 0.39381152403846154 0 0.40576734375 0 0.4527632596153846
1 0.3517920649038461 0.7912247884615385 0.34193295673076923 0.5088968798076923 0.0023743076923076925 0.5207545288461538 0.012233415865384616 0.8030824375 0.3517920649038461 0.7912247884615385
1 0.35845811057692306 0.9395825216346154 0.34675805288461536 0.6045367475961538 0.00719940625 0.6163943966346154 0.01889946153846154 0.9514401706730768 0.35845811057692306 0.9395825216346154
1 0.07175848076923076 1 0.3602161730769231 0.9899268365384616 0.35077149519230766 0.7194666923076922 0.009729377403846154 0.7313761466346154 0.019109927884615383 1 0.07175848076923076 1
1 0.36650905528846156 1 0.3607973461538462 0.8364380504807692 0.12000661778846154 0.8448466490384615 0.12542469230769232 1 0.36650905528846156 1
1 0.3439686899038461 1 0.3664816009615385 0.9992138317307693 0.36439199278846157 0.9393753076923077 0.27319757932692307 0.9425598870192308 0.2752034326923077 1 0.3439686899038461 1
1 0.5458986754807692 0.9905720024038461 0.5385436081730769 0.7799503846153846 0.3470978028846154 0.7866358197115384 0.3544528701923077 0.9972574375000001 0.5458986754807692 0.9905720024038461
1 0.3430230432692308 0.7124828557692309 0.3507140192307692 0.9327236081730769 0.5391928846153846 0.92614178125 0.53150190625 0.7059010288461539 0.3430230432692308 0.7124828557692309
1 0.540550329326923 0.8374153581730769 0.5331952596153846 0.6267937403846153 0.3417494543269231 0.6334791754807692 0.34910452403846154 0.8441007932692308 0.540550329326923 0.8374153581730769
1 0.3433551105769231 0.5496220552884615 0.3500383653846154 0.7410053990384615 0.541484170673077 0.7343199639423077 0.5348009158653846 0.5429366201923077 0.3433551105769231 0.5496220552884615
1 0.6377662283653845 0.5320865745192308 0.6347561466346154 0.44588911538461534 0.5225589110576924 0.44980712980769233 0.5255689927884615 0.5360045889423077 0.6377662283653845 0.5320865745192308
1 0.5158579278846154 0.38775318750000004 0.51903378125 0.4786977548076923 0.6431768605769231 0.47436258173076923 0.6400010072115384 0.38341801682692306 0.5158579278846154 0.38775318750000004
1 0.5041219663461539 0.30911486298076923 0.5069619134615384 0.3904402908653846 0.6386004230769231 0.385843375 0.6357604759615385 0.3045179447115384 0.5041219663461539 0.30911486298076923
1 0.6379986490384616 0.32607796875 0.6355731346153846 0.2566203052884615 0.5204089567307693 0.2606419278846154 0.5228344711538462 0.3300995889423077 0.6379986490384616 0.32607796875
1 0.5181320072115384 0.15290576201923078 0.5228129014423077 0.28694905528846154 0.6410220985576923 0.28282110096153845 0.636341201923077 0.14877780528846155 0.5181320072115384 0.15290576201923078
1 0.6335664134615384 0.1991553341346154 0.6293043125 0.07710472836538461 0.5261640552884616 0.08070646634615385 0.53042615625 0.20275706971153845 0.6335664134615384 0.1991553341346154
1 0.5178138293269231 0.013957221153846153 0.5224074735576922 0.14550204086538462 0.6315596923076924 0.14169036057692308 0.626966045673077 0.010145543269230768 0.5178138293269231 0.013957221153846153
1 0.5736518629807692 0 0.5652564855769231 0.00029317307692307694 0.567682 0.06975083653846154 0.6364681971153847 0.06734876923076924 0.634116326923077 0 0.5736518629807692 0
1 0.6344284423076924 0.6088748389423077 0.6312525889423076 0.5179302740384615 0.511559920673077 0.5221100336538462 0.5147357740384615 0.6130545985576923 0.6344284423076924 0.6088748389423077
1 0.6300044086538462 0.6545570624999999 0.62666278125 0.5588653918269231 0.5324233509615385 0.5621563052884615 0.5357649759615385 0.6578479759615384 0.6300044086538462 0.6545570624999999
1 0.6405928076923076 0.7428663293269231 0.6360776850961538 0.613570141826923 0.52692546875 0.6173818197115384 0.5314405913461538 0.7466780096153846 0.6405928076923076 0.7428663293269231
1 0.6397154735576923 0.8028084639423076 0.6353704855769231 0.6783843052884616 0.5261401923076924 0.6821987115384616 0.5304851802884616 0.8066228677884616 0.6397154735576923 0.8028084639423076
1 0.6859674278846154 0.7125142884615384 0.6827915745192308 0.6215697235576924 0.61252190625 0.62402359375 0.6156977596153846 0.7149681586538462 0.6859674278846154 0.7125142884615384
1 0.6150484831730769 0.5687767620192308 0.6179756802884615 0.6526006682692308 0.6942573076923076 0.6499368557692308 0.6913301129807692 0.5661129495192307 0.6150484831730769 0.5687767620192308
1 0.6836075913461539 0.6024045697115384 0.6810163052884615 0.5281998004807693 0.624175951923077 0.5301847091346154 0.6267672379807692 0.6043894783653846 0.6836075913461539 0.6024045697115384
1 0.6164883677884615 0.48017253605769233 0.6189095216346154 0.5495052740384615 0.6862122475961538 0.5471550120192308 0.6837910937499999 0.47782227403846156 0.6164883677884615 0.48017253605769233
1 0.69022665625 0.4919813004807692 0.6878840288461538 0.4248971923076923 0.6295602043269231 0.4269339038461538 0.6319028341346153 0.4940180144230769 0.69022665625 0.4919813004807692
1 0.6294557475961539 0.3814098173076923 0.6315453557692308 0.44124834375 0.6883857091346154 0.43926343509615384 0.6862961009615384 0.3794249086538462 0.6294557475961539 0.3814098173076923
1 0.6304111586538461 0.32146495673076925 0.6325836538461539 0.3836770360576923 0.6863789879807692 0.38179846153846153 0.6842064951923077 0.31958638221153846 0.6304111586538461 0.32146495673076925
1 0.6767062548076923 0.3174718485576923 0.6749525552884615 0.26725246153846155 0.6330249855769231 0.2687166033653846 0.6347786850961538 0.3189359927884615 0.6767062548076923 0.3174718485576923
1 0.638347923076923 0.20624277884615383 0.6411878701923077 0.2875682067307692 0.6756200072115385 0.2863658100961538 0.6727800600961539 0.20504038221153845 0.638347923076923 0.20624277884615383
1 0.6734475144230768 0.22415373076923076 0.6711092475961539 0.15719454567307695 0.6321486201923077 0.1585550817307692 0.6344868870192308 0.22551426682692308 0.6734475144230768 0.22415373076923076
1 0.6280738629807693 0.08440211538461538 0.6315812620192307 0.18484089423076921 0.6749923004807693 0.1833249471153846 0.6714849014423077 0.08288616826923077 0.6280738629807693 0.08440211538461538
1 0.6388414014423076 0.048004161057692306 0.6420172548076923 0.13894872596153846 0.6838667451923077 0.13748731009615384 0.6806908918269231 0.046542745192307694 0.6388414014423076 0.048004161057692306
1 0.641704420673077 0 0.6221797259615385 0.0006818173076923076 0.6249367860576923 0.07963369230769232 0.6757651778846154 0.07785872596153845 0.6730462908653846 0 0.641704420673077 0
1 0.6657667043269231 0.03330552884615385 0.6684365144230769 0.10975892548076924 0.7214510745192307 0.10790761778846154 0.718781264423077 0.03145421875 0.6657667043269231 0.03330552884615385
1 0.7380063677884615 0.165615 0.7351620600961539 0.08416464663461538 0.6666100961538461 0.08655853365384615 0.669454403846154 0.16800888701923075 0.7380063677884615 0.165615
1 0.6697147091346154 0.1463616153846154 0.6719177403846154 0.20944816105769232 0.7269623125 0.20752596153846153 0.72475928125 0.1444394158653846 0.6697147091346154 0.1463616153846154
1 0.7274567091346154 0.2507850600961538 0.72589059375 0.20593739663461538 0.6718610288461538 0.2078241514423077 0.6734271418269231 0.25267181490384616 0.7274567091346154 0.2507850600961538
1 0.6669497403846154 0.24626897115384613 0.6685158557692308 0.2911166346153846 0.7246535120192308 0.2891562644230769 0.7230873966346153 0.24430860096153847 0.6669497403846154 0.24626897115384613
1 0.7221425985576923 0.3358973677884615 0.7201664158653845 0.27930686298076923 0.673398048076923 0.2809400504807692 0.6753742307692308 0.33753055528846154 0.7221425985576923 0.3358973677884615
1 0.7247237211538462 0.38070958653846154 0.722808610576923 0.3258680144230769 0.680256423076923 0.3273539711538461 0.6821715336538462 0.38219554086538465 0.7247237211538462 0.38070958653846154
1 0.7258274158653847 0.41231532211538463 0.7239690192307692 0.35909775961538465 0.6720475408653847 0.3609108990384616 0.6739059399038462 0.4141284591346154 0.7258274158653847 0.41231532211538463
1 0.7278559495192307 0.47040491346153845 0.7260019134615384 0.41731227644230773 0.6792335456730769 0.4189454639423077 0.6810875817307692 0.4720381009615385 0.7278559495192307 0.47040491346153845
1 0.727549545673077 0.5220720817307692 0.7250542331730769 0.4506156370192308 0.6762558533653846 0.4523197139423077 0.6787511658653845 0.5237761586538462 0.727549545673077 0.5220720817307692
1 0.7248597740384616 0.5636913052884616 0.7225389567307693 0.4972318173076923 0.6747555817307693 0.4989004471153846 0.6770763990384616 0.5653599375 0.7248597740384616 0.5636913052884616
1 0.7310201586538461 0.5901174086538462 0.7284681322115384 0.5170369567307692 0.6754535721153846 0.5188882644230769 0.6780055985576923 0.59196871875 0.7310201586538461 0.5901174086538462
1 0.7257351442307692 0.646961483173077 0.7231787548076922 0.5737561033653846 0.6826565793269231 0.5751711706730769 0.6852129687499999 0.6483765480769231 0.7257351442307692 0.646961483173077
1 0.7633625480769232 0.5939910360576923 0.7617964326923077 0.5491433725961539 0.7192442451923077 0.5506293293269231 0.720810360576923 0.5954769903846153 0.7633625480769232 0.5939910360576923
1 0.7242519519230769 0.5171841875 0.7254690721153847 0.5520379423076923 0.7649762403846154 0.5506583221153846 0.7637591201923077 0.5158045673076923 0.7242519519230769 0.5171841875
1 0.7220154639423076 0.48224095432692304 0.7232369471153847 0.5172196322115384 0.7637591201923077 0.5158045673076923 0.762537639423077 0.4808258870192308 0.7220154639423076 0.48224095432692304
1 0.7204493485576923 0.43739329086538464 0.7220154639423076 0.48224095432692304 0.7677688245192308 0.4806432115384615 0.7662027115384615 0.43579554807692306 0.7204493485576923 0.43739329086538464
1 0.7585464182692309 0.4560751033653846 0.7569192283653846 0.4094785048076923 0.712258951923077 0.4110380769230769 0.7138861394230769 0.45763467307692307 0.7585464182692309 0.4560751033653846
1 0.7254464423076924 0.3723042427884616 0.7268991346153846 0.4139038870192308 0.7664063028846153 0.41252426682692306 0.7649536129807692 0.37092462259615383 0.7254464423076924 0.3723042427884616
1 0.7272346346153846 0.3339684831730769 0.7285695384615385 0.37219518269230767 0.7649536129807692 0.37092462259615383 0.7636187067307693 0.33269792307692303 0.7272346346153846 0.3339684831730769
1 0.7624902764423077 0.3294853485576923 0.7613298677884616 0.2962556033653846 0.7218226995192307 0.29763522355769234 0.7229831081730769 0.33086496875 0.7624902764423077 0.3294853485576923
1 0.7235498149038461 0.25755053125 0.7253515024038462 0.30914408173076924 0.7586124783653846 0.30798258173076926 0.7568107908653846 0.25638903125 0.7235498149038461 0.25755053125
1 0.7610666802884616 0.25961746875 0.7597317740384616 0.2213907716346154 0.7192095985576923 0.22280583653846156 0.7205445048076923 0.2610325360576923 0.7610666802884616 0.25961746875
1 0.7238329663461538 0.17611604086538463 0.7257480745192308 0.23095761298076922 0.7620540697115386 0.22968977884615385 0.7601389615384615 0.17484820673076923 0.7238329663461538 0.17611604086538463
1 0.7325900721153846 0.12915681490384617 0.7349676009615386 0.19724031490384614 0.7588592884615385 0.19640600000000003 0.7564817596153847 0.1283225 0.7325900721153846 0.12915681490384617
1 0.7425977572115384 0.08890803365384616 0.7445695769230769 0.14537361538461538 0.7601850600961538 0.1448283125 0.7582132379807691 0.08836273076923076 0.7425977572115384 0.08890803365384616
1 0.7746783629807692 0.17258941346153847 0.7728243269230769 0.11949677644230769 0.7551788317307693 0.12011297115384616 0.7570328677884616 0.17320560817307692 0.7746783629807692 0.17258941346153847
1 0.7611142596153846 0.17143709134615384 0.7624491634615385 0.2096637908653846 0.7759565552884615 0.20919210336538463 0.7746216514423078 0.17096540384615383 0.7611142596153846 0.17143709134615384
1 0.7584765576923077 0.2198855841346154 0.7566093004807691 0.22151767788461538 0.7591758269230768 0.22613421634615383 0.7568417572115386 0.22817433413461538 0.7598750961538462 0.2323828485576923 0.7570742115384616 0.23483099278846156 0.7573066682692308 0.24148764903846154 0.7605743653846153 0.23863148317307692 0.7616399639423077 0.2413363269230769 0.7636095721153846 0.24289353605769232 0.7612736346153847 0.24488011538461538 0.7638416538461539 0.24953948557692307 0.7619729038461538 0.25112875 0.764073735576923 0.2561854350961539 0.762672173076923 0.25737738221153844 0.7643058173076922 0.26283138221153846 0.7633714423076923 0.2636260144230769 0.7645378990384616 0.2694773317307692 0.7640707115384615 0.26987464903846153 0.7647699807692308 0.27612328124999996 0.7803073846153846 0.27558070432692305 0.7789731490384615 0.24073103846153848 0.7833064447115384 0.24057971634615385 0.7816792572115384 0.19398311778846156 0.7556794783653846 0.1948910504807692 0.7563787475961538 0.2011396826923077 0.7559119350961538 0.20154770673076922 0.7570780168269231 0.2073883173076923 0.7561443894230769 0.20820436298076925 0.7577772884615384 0.2136369495192308 0.7563768461538461 0.21486101923076922 0.7584765576923077 0.2198855841346154
1 0.7804527860576923 0.3088458918269231 0.7785943894230769 0.2556283317307692 0.7515796057692307 0.25657170913461536 0.7534380048076923 0.3097892692307692 0.7804527860576923 0.3088458918269231
1 0.7849674999999999 0.3485875408653846 0.7840426634615384 0.3221036850961539 0.7560128749999999 0.32308250721153847 0.7569377115384615 0.34956636298076926 0.7849674999999999 0.3485875408653846
1 0.7946963966346154 0.3898981730769231 0.7938239110576923 0.3649134014423077 0.7626710240384615 0.36600128605769233 0.7635435120192308 0.39098605528846153 0.7946963966346154 0.3898981730769231
1 0.7763281802884615 0.3989197091346154 0.7754556923076923 0.3739349399038462 0.7588252043269231 0.37451568990384615 0.7596976923076924 0.3995004591346154 0.7763281802884615 0.3989197091346154
1 0.7723708245192308 0.4355801514423077 0.7710969951923077 0.39910238701923073 0.7514214879807692 0.39978947115384617 0.7526953197115385 0.43626723557692304 0.7723708245192308 0.4355801514423077
1 0.7803867259615385 0.45693841346153846 0.7792263173076923 0.4237086682692308 0.7636889134615384 0.42425124519230767 0.7648493221153847 0.4574809903846154 0.7803867259615385 0.45693841346153846
1 0.8039798798076923 0.4162152163461539 0.8032251778846154 0.39460338942307693 0.7648110937499999 0.3959448389423077 0.7655657956730769 0.41755666586538465 0.8039798798076923 0.4162152163461539
1 0.8026832019230769 0.43952466826923076 0.8018717884615385 0.41628883173076925 0.773842 0.4172676538461539 0.7746534134615385 0.44050349038461534 0.8026832019230769 0.43952466826923076
1 0.8041926057692308 0.48274832211538465 0.8030889086538462 0.45114258653846157 0.7709210168269232 0.45226591346153844 0.7720247139423078 0.4838716490384615 0.8041926057692308 0.48274832211538465
1 0.7753790192307692 0.4903835528846154 0.7742186105769231 0.4571538076923077 0.7638343149038461 0.45751643509615386 0.7649947235576923 0.4907461802884615 0.7753790192307692 0.4903835528846154
1 0.7785127283653845 0.5219183990384615 0.7773523197115384 0.48868865384615384 0.7607218317307692 0.4892694014423077 0.7618822403846154 0.5224991466346154 0.7785127283653845 0.5219183990384615
1 0.7988189014423077 0.5079512139423077 0.7980031249999999 0.4845904543269231 0.7803576298076924 0.48520664903846156 0.78117340625 0.5085674086538462 0.7988189014423077 0.5079512139423077
1 0.7975435889423077 0.5296339302884616 0.7969633846153846 0.5130190576923077 0.7803328966346155 0.5135998076923077 0.7809131009615384 0.5302146802884615 0.7975435889423077 0.5296339302884616
1 0.7750726153846154 0.5420507211538461 0.774374625 0.5220629038461538 0.7639903317307692 0.52242553125 0.7646883197115385 0.5424133485576923 0.7750726153846154 0.5420507211538461
1 0.8353548413461538 0.33194390865384615 0.8343078557692307 0.30196218509615386 0.7937856802884615 0.30337725 0.7948326658653847 0.33335897596153846 0.8353548413461538 0.33194390865384615
1 0.8320848629807693 0.35694826201923074 0.8310989519230769 0.32871547115384614 0.7915917836538462 0.33009509134615383 0.7925776947115384 0.3583278822115385 0.8320848629807693 0.35694826201923074
1 0.8318075552884616 0.3803471947115385 0.8310528533653846 0.35873536778846155 0.786392576923077 0.36029493749999997 0.7871472788461538 0.3819067644230769 0.8318075552884616 0.3803471947115385
1 0.8356242788461539 0.40010102644230766 0.8349306514423076 0.3802381322115385 0.788240360576923 0.38186859375000004 0.7889339879807692 0.40173148557692306 0.8356242788461539 0.40010102644230766
1 0.8345234663461538 0.42678069711538463 0.8335942668269231 0.40017191586538464 0.7940870985576923 0.4015515360576923 0.7950162980769231 0.4281603173076923 0.8345234663461538 0.42678069711538463
1 0.8275331850961538 0.4370308966346154 0.8270096923076923 0.4220400360576923 0.7958568052884616 0.42312791826923074 0.796380298076923 0.43811878125000003 0.8275331850961538 0.4370308966346154
1 0.8308016826923077 0.4701870264423077 0.8299902692307692 0.44695118990384614 0.7957142860576922 0.4481481346153846 0.7965256995192308 0.47138397115384617 0.8308016826923077 0.4701870264423077
1 0.8347361923076922 0.4933138028846154 0.8339814903846154 0.4717019759615385 0.803843610576923 0.4727544134615385 0.8045983125 0.49436624038461535 0.8347361923076922 0.4933138028846154
1 0.9282424278846153 0.4018697764423077 0.9277189350961539 0.38687891346153847 0.8965660504807692 0.3879667956730769 0.8970895432692308 0.40295765865384614 0.9282424278846153 0.4018697764423077
1 0.9629241177884615 0.41229075000000004 0.9621127043269231 0.3890549134615385 0.924713625 0.39036091826923075 0.9255250384615384 0.4135967548076923 0.9629241177884615 0.41229075000000004
1 0.9623439134615384 0.3956758798076923 0.9629241177884615 0.41229075000000004 0.9930619975961539 0.41123831250000004 0.9924817932692308 0.3946234399038462 0.9623439134615384 0.3956758798076923
1 0.6812544182692307 0 0.6839633052884615 0.07757244230769231 0.7587614639423077 0.07496043269230769 0.7561437860576923 0 0.6812544182692307 0