1 0.6123493461538462 0.2970605480769231 0.6307412139423078 0.20244259615384616 0.43421127163461537 0.16424104567307693 0.41581940384615385 0.25885899759615383 0.6123493461538462 0.2970605480769231
1 0.6089504783653846 0.3489392451923077 0.6257699375 0.26241062740384613 0.4237183413461538 0.2231357764423077 0.40689888221153847 0.30966439423076925 0.6089504783653846 0.3489392451923077
1 0.5992253894230769 0.4232639807692308 0.6207974062499999 0.3122855745192308 0.43899187259615385 0.27694615865384614 0.41741985576923074 0.3879245649038462 0.5992253894230769 0.4232639807692308
1 0.5933837091346154 0.4729699831730769 0.6121112572115385 0.37662509134615385 0.41747299278846156 0.33879124519230774 0.3987454423076923 0.4351361370192308 0.5933837091346154 0.4729699831730769
1 0.5822370817307692 0.5352276971153846 0.5984205120192307 0.4519711682692308 0.4074633485576923 0.41485285576923076 0.39127991826923075 0.4981093846153846 0.5822370817307692 0.5352276971153846
1 0.5794243701923076 0.5939174495192308 0.5981342524038461 0.4976634495192308 0.39705406009615385 0.4585774206730769 0.3783441778846154 0.5548314182692308 0.5794243701923076 0.5939174495192308
1 0.5602795096153846 0.6580161850961539 0.5793250745192308 0.56003525 0.38652736057692305 0.5225591706730769 0.36748179567307687 0.6205401057692307 0.5602795096153846 0.6580161850961539
1 0.5554256442307692 0.6977270336538461 0.5697186514423077 0.6241958846153846 0.3750803870192308 0.5863620384615384 0.36078737980769227 0.6598931874999999 0.5554256442307692 0.6977270336538461
1 0.5507386129807692 0.7611460384615385 0.5678760889423077 0.6729813750000001 0.3833097283653846 0.6371053076923077 0.36617225480769233 0.7252699711538462 0.5507386129807692 0.7611460384615385
1 0.5472548509615385 0.8181018173076923 0.56343828125 0.7348452884615385 0.36511891346153846 0.696295908653846 0.34893548317307693 0.7795524375 0.5472548509615385 0.8181018173076923
1 0.5342515697115384 0.8849978918269231 0.55107103125 0.7984692740384615 0.36103414182692306 0.7615298437500001 0.3442146826923077 0.8480584639423078 0.5342515697115384 0.8849978918269231
1 0.5302166730769231 0.9401486802884615 0.5467181177884616 0.855256108173077 0.3456379230769231 0.8161700769230769 0.3291364783653846 0.9010626490384616 0.5302166730769231 0.9401486802884615
1 0.5176277067307692 1 0.5305684567307692 0.9334256153846153 0.33040853846153845 0.8945184687500001 0.3174052596153846 0.9614145456730768 0.5159102115384615 1 0.5176277067307692 1
1 0.7444513461538461 1 0.7500879278846154 0.9710022956730769 0.5287616754807692 0.9279808293269232 0.5154403798076923 0.9965129495192309 0.5333796995192308 1 0.7444513461538461 1
1 0.5505660528846155 0.8796798004807692 0.5391351802884615 0.9384865408653845 0.7484978533653847 0.9791825216346154 0.7599287259615385 0.92037578125 0.5505660528846155 0.8796798004807692
1 0.5602062475961538 0.8104321466346154 0.546884951923077 0.8789642668269231 0.7553273485576923 0.9194813653846154 0.7686486442307692 0.8509492451923077 0.5602062475961538 0.8104321466346154
1 0.7606504086538461 0.8527902692307693 0.7723992980769231 0.7923474831730769 0.5575660961538461 0.7505881394230769 0.5458172091346154 0.8110309230769231 0.7606504086538461 0.8527902692307693
1 0.5738475673076923 0.6911207259615384 0.5586181826923077 0.7694691177884615 0.7716619591346153 0.8108806322115385 0.7868913437499999 0.7325322403846154 0.5738475673076923 0.6911207259615384
1 0.7825742115384616 0.735088795673077 0.7990756562500001 0.6501962235576924 0.5833221802884615 0.6082579951923077 0.566820735576923 0.6931505673076923 0.7825742115384616 0.735088795673077
1 0.5959913413461538 0.54799409375 0.5750376875 0.6557913004807693 0.7797989831730768 0.6955928653846153 0.8007526370192307 0.5877956586538462 0.5959913413461538 0.54799409375
1 0.7938238461538462 0.6136146177884615 0.8103252908653846 0.5287220432692308 0.5963612403846154 0.4871316442307692 0.5798597956730769 0.57202421875 0.7938238461538462 0.6136146177884615
1 0.5979850865384615 0.47386439903846156 0.5875082572115384 0.5277630024038461 0.7987114831730769 0.56881675 0.8193471225961539 0.4626555865384615 0.8184268461538462 0.46247670432692306 0.8301580649038461 0.4021248125 0.6134331899038462 0.3599977620192308 0.59154315625 0.47261221634615386 0.5979850865384615 0.47386439903846156
1 0.6261361225961538 0.2946468413461539 0.60170196875 0.42034965625 0.8073835408653847 0.4603301033653846 0.8318176923076923 0.33462728846153844 0.6261361225961538 0.2946468413461539
1 0.82356696875 0.3770735769230769 0.8438669278846154 0.27263935096153846 0.6262729014423076 0.23034335817307694 0.6059729447115385 0.33477758413461534 0.82356696875 0.3770735769230769
1 0.6430248221153847 0.15398877644230768 0.6163822331730769 0.2910530168269231 0.8394979110576923 0.33442231250000004 0.8661405000000001 0.19735807211538464 0.6430248221153847 0.15398877644230768
1 1 0.16914049278846152 0.8726182115384616 0.14437998076923078 0.8481840576923076 0.2700827932692308 1 0.2995928245192308 1 0.16914049278846152
1 1 0.26233420432692306 0.8551627211538461 0.2341806875 0.8348627644230769 0.33861491346153844 1 0.37071434134615383 1 0.26233420432692306
1 1 0.33345572115384614 0.8345303509615385 0.3012916778846154 0.8148487548076923 0.4025447067307692 1 0.43853446153846154 1 0.33345572115384614
1 1 0.40467156490384615 0.8285024639423076 0.37133582211538463 0.8094745673076923 0.46922586298076924 1 0.5062602548076923 1 0.40467156490384615
1 1 0.4757930841346154 0.8243839230769231 0.4416567764423077 0.8053560264423076 0.5395468197115385 0.994523766826923 0.5763173028846154 1 0.5481445240384615 1 0.4757930841346154
1 0.9778892572115385 0.6324146947115385 0.994390701923077 0.5475221225961538 0.8125851658653847 0.5121827067307693 0.7960837211538461 0.5970752788461539 0.9778892572115385 0.6324146947115385
1 0.9676468028846154 0.6998474206730769 0.9844485961538462 0.6134096947115385 0.8026430600961538 0.5780702788461538 0.785841266826923 0.6645080048076923 0.9676468028846154 0.6998474206730769
1 0.9509785240384615 0.7610318341346154 0.9693880576923076 0.6663229903846154 0.7940244519230769 0.6322357572115384 0.7756149158653846 0.7269446009615385 0.9509785240384615 0.7610318341346154
1 0.9447689567307692 0.8224570264423078 0.9606343701923077 0.7408365456730769 0.7824588124999999 0.7062027259615384 0.7665933990384615 0.7878232067307693 0.9447689567307692 0.8224570264423078
1 0.9292714278846154 0.8923583173076923 0.9464089038461538 0.8041936538461538 0.7737549975961537 0.7706331346153846 0.7566175240384615 0.858797798076923 0.9292714278846154 0.8923583173076923
1 0.9348606201923076 0.8832575793269231 0.7805610985576923 0.8532647908653845 0.7669217884615385 0.9234329543269231 0.9212213100961539 0.9534257451923077 0.9348606201923076 0.8832575793269231
1 0.9121681923076923 1 0.9234297475961538 0.9420643197115385 0.7599785985576923 0.9102926346153846 0.7466573028846154 0.9788247548076924 0.8555944975961538 1 0.9121681923076923 1
1 0.3032831105769231 0.9603673365384615 0.31660440625 0.8918352163461538 0.12932834615384617 0.8554324399038461 0.11600705048076923 0.9239645576923077 0.3032831105769231 0.9603673365384615
1 0.1351700264423077 0.8057264350961538 0.12373915384615385 0.8645331778846154 0.31290688942307693 0.9013036610576923 0.32433776201923076 0.8424969182692308 0.1351700264423077 0.8057264350961538
1 0.3215769350961538 0.8419602692307693 0.33394418509615387 0.7783362836538461 0.14109534615384617 0.7408502668269231 0.1287280985576923 0.8044742524038462 0.3215769350961538 0.8419602692307693
1 0.15528704567307694 0.6825801802884615 0.1365594951923077 0.7789250697115384 0.31928530528846155 0.8144433701923077 0.3380128533653846 0.7180984783653847 0.15528704567307694 0.6825801802884615
1 0.3456255336538462 0.7280675408653846 0.35831079807692306 0.6628075096153846 0.15717948076923077 0.6237115408653846 0.14449421634615384 0.6889715721153846 0.3456255336538462 0.7280675408653846
1 0.17958612019230769 0.5772254423076923 0.16499276442307692 0.6523017427884615 0.34771857451923077 0.6878200432692307 0.3623119278846154 0.6127437427884616 0.17958612019230769 0.5772254423076923
1 0.3536277932692308 0.6279400024038462 0.37044725240384613 0.5414113846153846 0.1739684375 0.5032197716346154 0.15714897596153848 0.589748389423077 0.3536277932692308 0.6279400024038462
1 0.1947499783653846 0.4599078341346154 0.18111066826923078 0.5300759975961539 0.3711986802884616 0.5670253653846153 0.38483799038461536 0.4968571995192308 0.1947499783653846 0.4599078341346154
1 0.38687914663461537 0.5158361081730769 0.4030625745192308 0.43257957932692304 0.20929346153846154 0.3949146778846154 0.19311003124999998 0.4781712067307692 0.38687914663461537 0.5158361081730769
1 0.22353503125 0.3265614423076923 0.20544351201923078 0.41963424278846156 0.3918504206730769 0.4558680745192308 0.40994194230769226 0.3627952740384615 0.22353503125 0.3265614423076923
1 0.20447336538461539 0.4295385048076923 0.21747664423076923 0.36264243028846155 0.054025490384615384 0.33087074519230775 0.041022211538461535 0.3977668197115385 0.20447336538461539 0.4295385048076923
1 0.19735962499999998 0.48578868750000004 0.21290702403846154 0.40580425240384616 0.04393421875 0.3729592644230769 0.028386817307692307 0.4529437019230769 0.19735962499999998 0.48578868750000004
1 0.18500847596153847 0.544416545673077 0.2015099206730769 0.45952397115384613 0.03529794230769231 0.4272156346153846 0.018796497596153847 0.5121082091346154 0.18500847596153847 0.544416545673077
1 0.17061773798076924 0.5889707307692308 0.18552910817307694 0.5122583822115385 0.025759057692307692 0.48120223076923074 0.0108476875 0.5579145769230769 0.17061773798076924 0.5889707307692308
1 0.16042515624999998 0.6463203076923077 0.17217404326923078 0.5858775216346154 0.020686473557692306 0.5564313197115385 0.008937586538461538 0.6168741057692307 0.16042515624999998 0.6463203076923077
1 0 0.6608847427884614 0.15553752163461537 0.691118173076923 0.1656963341346154 0.6388556153846154 0.006846557692307692 0.6079783461538462 0 0.6432008317307693 0 0.6608847427884614
1 0 0.7202155552884615 0.14442466346153846 0.7482888677884615 0.1558555360576923 0.6894821274038462 0.009838492788461538 0.6610992884615385 0 0.7117139447115384 0 0.7202155552884615
1 0 0.7777541826923078 0.1327272139423077 0.8035537403846154 0.14477644951923077 0.7415658004807693 0 0.713424110576923 0 0.7777541826923078
1 0 0.8302935552884616 0.12656751923076923 0.8548957884615385 0.13925278365384616 0.7896357596153846 0 0.7625677620192307 0 0.8302935552884616
1 0 0.89122790625 0.12067596634615385 0.9146849375 0.13336123076923076 0.8494249086538462 0 0.8235021129807693 0 0.89122790625
1 0 0.679466889423077 0.008800807692307693 0.6811775937500001 0.021804086538461536 0.6142815168269231 0 0.6100432307692307 0 0.679466889423077
1 0 0.610043233173077 0.021804086538461536 0.6142815168269231 0.031008853365384614 0.5669270937499999 0 0.5608995841346154 0 0.610043233173077
1 0 0.5642953076923077 0.02030091826923077 0.5682414062500001 0.031714122596153846 0.5095255576923077 0 0.5033609567307692 0 0.5642953076923077
1 0 0.5033609567307692 0.031714122596153846 0.5095255576923077 0.03996484615384615 0.4670792716346154 0.004125228365384615 0.4601127548076923 0 0.48133521875 0 0.5033609567307692
1 0.013045749999999998 0.40930735817307695 0.003840983173076923 0.45666178125 0.040600874999999995 0.4638071802884615 0.049805641826923076 0.41645275721153846 0.013045749999999998 0.40930735817307695
1 0.027957120192307693 0.33259501201923075 0.013045749999999998 0.40930735817307695 0.049805641826923076 0.41645275721153846 0.06471701201923077 0.3397404110576923 0.027957120192307693 0.33259501201923075
1 0.23397896875 0.13880839182692306 0.25028606971153844 0.05491562259615385 0.09598654807692308 0.024922834134615383 0.07967944471153846 0.10881560336538462 0.23397896875 0.13880839182692306
1 0.09552524038461539 0 0.08668670913461538 0.045470300480769235 0.2442071971153846 0.07608918269230769 0.25899743750000004 0 0.09552524038461539 0
1 0.25565477163461536 0 0.2537598341346154 0.009748603365384615 0.4176711225961538 0.04160973076923077 0.425759235576923 0 0.25565477163461536 0
1 0.26165034375 0 0.2538128485576923 0.04032040865384615 0.43807245192307687 0.0761368485576923 0.45084605528846156 0.010422360576923077 0.39722765625 0 0.26165034375 0
1 0.417277173076923 0.16264725 0.4388668557692308 0.05157795192307692 0.24310381009615384 0.01352546875 0.221514125 0.12459476923076923 0.417277173076923 0.16264725
1 0.45512222355769233 0.008895423076923077 0.4346279230769231 0.11432945432692308 0.6373952884615384 0.1537434375 0.6578895889423078 0.048309406250000006 0.45512222355769233 0.008895423076923077
1 0.44889259615384614 0 0.43952055528846157 0.048214968750000003 0.6442307211538462 0.08800659615384615 0.6563506274038461 0.02565508894230769 0.5243666346153846 0 0.44889259615384614 0
1 0.6467757620192308 0.02851020673076923 0.6311576923076923 0.10885821153846154 0.8581589783653847 0.15298279086538463 0.873777048076923 0.0726347860576923 0.6467757620192308 0.02851020673076923
1 1 0.08905804086538462 0.875296451923077 0.06481812740384615 0.8646429519230769 0.11962564182692306 1 0.14593638701923076 1 0.08905804086538462