1 0.5933365192307692 0.9404687908653847 0.5814497163461538 0.7136550576923076 0.3115076706730769 0.7278021201923077 0.32339447355769235 0.9546158533653847 0.5933365192307692 0.9404687908653847
1 0.46532463701923077 1 0.4741552139423077 0.9995372091346154 0.4612478581730769 0.7532502019230769 0.11149346634615384 0.7715800528846154 0.12346444951923076 1 0.46532463701923077 1
1 0.3740162475961538 0.19192126923076921 0.37618818990384617 0.23336439423076924 0.41254454807692303 0.23145903846153845 0.41037260576923074 0.19001591346153848 0.3740162475961538 0.19192126923076921
1 0.46995995192307694 0.25073056009615385 0.4679973533653846 0.21328195192307692 0.4282082067307692 0.21536721394230768 0.4301708052884615 0.25281581971153844 0.46995995192307694 0.25073056009615385
1 0.11227124038461539 0.020635201923076923 0.1171254014423077 0.11325809134615385 0.38355663942307694 0.09929502163461537 0.3787024807692308 0.006672132211538461 0.11227124038461539 0.020635201923076923
1 0.5060143822115385 0 0.4564863581730769 0.0025956538461538465 0.4608694951923077 0.08623087500000001 0.7448547692307692 0.07134783894230769 0.7411155865384615 0 0.5060143822115385 0
1 0.6700062019230769 0.7882475961538462 0.6620838461538461 0.6370800504807692 0.5562135120192307 0.6426284783653846 0.5641358677884616 0.7937960264423077 0.6700062019230769 0.7882475961538462
1 0.7100186322115385 0.6724948725961538 0.7051775552884615 0.5801216394230769 0.6432313173076923 0.5833681057692307 0.6480723942307692 0.6757413365384616 0.7100186322115385 0.6724948725961538
1 0.7480113822115384 0.6241902860576923 0.7441450649038461 0.5504165288461539 0.7001429495192307 0.5527225817307693 0.7040092692307692 0.6264963389423077 0.7480113822115384 0.6241902860576923
1 0.7762281538461538 0.5834076418269231 0.7729048221153847 0.5199946682692308 0.7282005456730769 0.5223375192307692 0.7315238798076924 0.5857504951923077 0.7762281538461538 0.5834076418269231
1 0.8073075889423078 0.5285809326923077 0.8044029447115384 0.4731569927884616 0.7525210192307692 0.47587600961538457 0.7554256658653846 0.5312999495192308 0.8073075889423078 0.5285809326923077
1 0.8197504591346154 0.50477209375 0.8181803798076923 0.4748132067307692 0.8023427403846154 0.4756432235576923 0.8039128197115384 0.5056021105769231 0.8197504591346154 0.50477209375
1 0.8277431658653847 0.4915857163461539 0.8264151418269231 0.4662454927884615 0.814166326923077 0.4668874254807692 0.8154943509615384 0.49222764903846156 0.8277431658653847 0.4915857163461539
1 0.79691703125 0.14372229807692308 0.7940189254807692 0.08842318749999999 0.6311174831730769 0.09696049038461538 0.6340155865384615 0.15225960096153845 0.79691703125 0.14372229807692308
1 0.81667496875 0.16246393028846157 0.8146142403846154 0.12314289423076923 0.6819837548076924 0.13009376201923079 0.6840444831730769 0.16941480048076923 0.81667496875 0.16246393028846157
1 0.8351397980769231 0.18340125000000002 0.8329613149038462 0.14183329567307693 0.7204594567307693 0.14772926923076923 0.7226379399038462 0.18929722355769232 0.8351397980769231 0.18340125000000002