1 0.6522960528846155 0.5446419302884615 0.6366960625 0.4461474543269231 0.4026602235576923 0.48321509134615387 0.4182602139423077 0.5817095649038462 0.6522960528846155 0.5446419302884615
1 0.7474768990384616 0.5028489375 0.7340496057692308 0.4180723533653846 0.6062674278846154 0.4383110625 0.61969471875 0.5230876466346154 0.7474768990384616 0.5028489375
1 0.8040776081730769 0.46168224759615384 0.7921494807692308 0.3863710120192308 0.7028717139423077 0.4005112211538462 0.7147998413461539 0.4758224567307692 0.8040776081730769 0.46168224759615384
1 0.8492343581730769 0.4376557043269231 0.8381753100961539 0.367831625 0.7627097475961538 0.37978419471153846 0.7737687956730769 0.4496082740384616 0.8492343581730769 0.4376557043269231
1 0.6058578197115385 0.1675415168269231 0.5901491923076922 0.06836114663461539 0.4997139783653846 0.08268467788461538 0.5154226057692308 0.18186504807692308 0.6058578197115385 0.1675415168269231
1 0.54556784375 0.16893454326923077 0.5316625576923077 0.08114002403846153 0.43096464423076924 0.09708900480769231 0.4448699302884615 0.18488352644230768 0.54556784375 0.16893454326923077
1 0.4722732403846154 0.17112171874999998 0.4583679543269231 0.08332719711538461 0.34864195192307695 0.10070608894230769 0.3625472379807692 0.18850060817307693 0.4722732403846154 0.17112171874999998
1 0.6626589999999999 0.16909160576923077 0.6498183365384615 0.08801885576923077 0.556759576923077 0.10275791586538462 0.5696002379807692 0.1838306658653846 0.6626589999999999 0.16909160576923077
1 0.7058083677884616 0.17983493509615386 0.6936846971153846 0.10328908894230769 0.6327258052884616 0.11294402884615384 0.6448494783653846 0.189489875 0.7058083677884616 0.17983493509615386
1 0.7489663822115384 0.15767178365384618 0.742122375 0.11446041826923076 0.6908088798076922 0.12258767788461539 0.6976528870192307 0.16579904326923078 0.7489663822115384 0.15767178365384618
1 0.6535228774038462 0.22777102884615383 0.6495468341346153 0.20266728365384615 0.6193760432692308 0.20744586778846155 0.6233520865384615 0.23254961298076923 0.6535228774038462 0.22777102884615383
1 0.5880447692307692 0.20889275 0.59275953125 0.23866057932692308 0.6242420961538462 0.23367423076923075 0.6195273365384615 0.2039064014423077 0.5880447692307692 0.20889275
1 0.591055875 0.23189940384615385 0.5874274639423077 0.20899052163461537 0.5457593629807692 0.21559010096153844 0.5493877740384615 0.2384989831730769 0.591055875 0.23189940384615385
1 0.5043353774038462 0.21174512259615386 0.5093760456730769 0.24357063701923076 0.5498095360576923 0.23716660096153847 0.5447688701923077 0.20534108653846153 0.5043353774038462 0.21174512259615386
1 0.5082896947115384 0.23671168990384617 0.5041398341346154 0.21051051201923077 0.45861357451923074 0.21772116346153847 0.46276343509615386 0.24392234134615384 0.5082896947115384 0.23671168990384617
1 0.39532636778846153 0.23365092067307694 0.39875923557692305 0.25532519230769235 0.461647204326923 0.24536471634615384 0.45821433653846155 0.22369044471153846 0.39532636778846153 0.23365092067307694
1 0.40236591826923074 0.2780968942307692 0.39532636778846153 0.23365092067307694 0.34146648798076923 0.24218148557692307 0.34850603846153844 0.2866274615384615 0.40236591826923074 0.2780968942307692
1 0.28261049278846156 0.2526283221153846 0.2889330528846154 0.2925473942307692 0.3505092475961539 0.2827946826923077 0.3441866875 0.24287561057692308 0.28261049278846156 0.2526283221153846
1 0.32767356009615384 0.08068421153846154 0.31863512259615384 0.023617771634615384 0.24556161778846153 0.03519147836538462 0.2546000552884615 0.09225791586538461 0.32767356009615384 0.08068421153846154
1 0.6843625817307692 0.21473053125 0.68184225 0.19881777403846154 0.6536005360576923 0.20329082211538463 0.6561208701923077 0.21920357932692308 0.6843625817307692 0.21473053125
1 0.7145073245192308 0.22626801201923077 0.7098142908653846 0.19663736057692308 0.6796434975961538 0.20141594471153848 0.6843365312499999 0.23104659615384618 0.7145073245192308 0.22626801201923077
1 0.7377230432692308 0.2320125528846154 0.7315742980769231 0.19319091346153844 0.7091198221153847 0.1967473533653846 0.7152685649038462 0.23556899278846155 0.7377230432692308 0.2320125528846154
1 0.31975705288461537 0.3543193028846154 0.3152378365384615 0.3257860865384616 0.29594704807692307 0.32884144711538466 0.30046626442307695 0.35737466346153846 0.31975705288461537 0.3543193028846154
1 0.1255753653846154 0.5373258413461538 0.25196541346153845 0.37077499759615384 0.25308073317307694 0.37781685096153844 0.30377692307692306 0.36978736298076925 0.2970850048076923 0.32753625 0.24638881490384618 0.3355657379807692 0.24750413461538462 0.3426075889423077 0.24376243509615386 0.3399518269230769 0.12820174278846153 0.5329397499999999 0.021328639423076924 0.6610299086538463 0.029454540865384612 0.7123348317307693 0.06278902163461539 0.7070551682692308 0.05466312019230769 0.6557502451923077 0.1255753653846154 0.5373258413461538
1 0.016236365384615384 0.6373685408653846 0.023819091346153846 0.6852439879807692 0.061088894230769235 0.67934103125 0.05350616826923076 0.6314655841346154 0.016236365384615384 0.6373685408653846
1 0.05409742307692308 0.647683875 0.04651469711538462 0.5998084278846154 0.01117397355769231 0.6054058485576923 0.01875669951923077 0.6532812956730769 0.05409742307692308 0.647683875
1 0.008757649038461539 0.5776645240384616 0.01490639423076923 0.6164861634615384 0.04445987980769231 0.6118053509615384 0.03831113701923077 0.5729837115384615 0.008757649038461539 0.5776645240384616
1 0.039697040865384614 0.5692487019230769 0.034830189903846155 0.5385206225961539 0.0008012403846153846 0.5439102788461538 0.005668091346153846 0.574638358173077 0.039697040865384614 0.5692487019230769
1 0 0.5348561634615385 0.0026787115384615387 0.5517688846153846 0.04056581971153846 0.5457681562500001 0.034612620192307694 0.5081811274038461 0 0.5136632283653846 0 0.5348561634615385
1 0 0.5159131514423076 0.03434294711538462 0.5104737620192308 0.02784656971153846 0.4694572596153846 0 0.4738677235576923 0 0.5159131514423076
1 0 0.4855391947115385 0.02895544471153846 0.4809531033653846 0.02280669951923077 0.44213146634615386 0 0.4457436923076923 0 0.4855391947115385
1 0 0.46332121153846156 0.019812502403846154 0.46018321875 0.012772951923076923 0.4157372427884616 0 0.41776027884615385 0 0.46332121153846156
1 0 0.41776027884615385 0.012078483173076924 0.41584723557692305 0.006646730769230769 0.38155250240384614 0 0.3826052403846154 0 0.41776027884615385
1 0 0.40369826201923076 0.014381245192307693 0.40142049759615384 0.00571216826923077 0.34668610336538463 0 0.3475908221153846 0 0.40369826201923076
1 0.021234418269230768 0.1010953701923077 0.028491240384615386 0.14691313461538463 0.04454117548076923 0.14437107451923076 0.03728435336538462 0.09855331009615384 0.021234418269230768 0.1010953701923077
1 0 0.11416136298076923 0.020521572115384617 0.11091106490384615 0.03500919230769231 0.1735829639423077 0.04504706971153846 0.23695963461538463 0.07537218990384616 0.23215660576923075 0.0655733076923077 0.17028890625 0.03958034855769231 0.1744057860576923 0.03389387259615385 0.16654111057692308 0.019583016826923077 0.07618591826923077 0 0.07928756490384616 0 0.11416136298076923
1 0 0.3309976442307692 0.013951223557692306 0.32878798798076925 0.005542870192307692 0.27569973798076924 0 0.27657764182692307 0 0.3309976442307692
1 0.03680971634615385 0.34626058173076923 0.02990052644230769 0.3026376802884615 0.014313569711538462 0.3051064110576923 0.021222759615384616 0.3487293125 0.03680971634615385 0.34626058173076923
1 0.05284478605769231 0.35511110817307695 0.04693503846153846 0.3177984375 0.032659855769230764 0.32005940384615383 0.03856960336538462 0.3573720745192308 0.05284478605769231 0.35511110817307695
1 0.06079801201923077 0.37086648076923073 0.055279350961538465 0.33602302884615387 0.044167858173076925 0.3377829158653846 0.04968651682692308 0.3726263677884616 0.06079801201923077 0.37086648076923073
1 0.04820464903846154 0.29734804807692305 0.05385367307692308 0.33301457211538465 0.06766587740384615 0.33082693509615385 0.062016853365384615 0.2951604086538462 0.04820464903846154 0.29734804807692305
1 0.08003045913461539 0.6650913701923076 0.07477252163461538 0.6318940673076923 0.05116059855769231 0.6356338293269231 0.05641853365384615 0.6688311322115384 0.08003045913461539 0.6650913701923076
1 0.04651261057692308 0.6152769735576923 0.05276998798076923 0.6547845072115385 0.07638191346153846 0.6510447451923077 0.07012453365384616 0.6115372115384615 0.04651261057692308 0.6152769735576923
1 0.0688713798076923 0.629594451923077 0.06246191346153846 0.5891266682692308 0.04239949278846154 0.5923042427884615 0.048808961538461544 0.6327720288461538 0.0688713798076923 0.629594451923077
1 0.030505526442307692 0.560157983173077 0.03665426923076923 0.5989796225961539 0.06512747355769231 0.5944699110576923 0.05897872836538461 0.5556482692307692 0.030505526442307692 0.560157983173077
1 0.03267936778846154 0.5394237596153846 0.03682922596153846 0.5656249350961539 0.058666396634615384 0.5621662668269231 0.054516538461538464 0.5359650913461539 0.03267936778846154 0.5394237596153846
1 0.02668286298076923 0.5160462235576924 0.030202639423076924 0.5382692115384615 0.04849030528846154 0.5353727307692308 0.04497052884615385 0.5131497427884615 0.02668286298076923 0.5160462235576924
1 0.013659091346153847 0.47676666105769233 0.01928638701923077 0.5122960048076923 0.047759588942307696 0.5077862932692307 0.04213229326923077 0.47225694711538463 0.013659091346153847 0.47676666105769233
1 0.012783149038461537 0.45974973798076924 0.0161725625 0.4811496514423077 0.04287101201923076 0.47692103365384614 0.0394815985576923 0.45552112019230767 0.012783149038461537 0.45974973798076924
1 0.010429769230769232 0.4334046466346154 0.014557901442307692 0.4594686466346154 0.0394815985576923 0.45552112019230767 0.03535346875 0.42945712019230775 0.010429769230769232 0.4334046466346154
1 0.0351146201923077 0.4424320048076923 0.027966435096153843 0.39730013461538466 0.008366995192307693 0.4004043798076923 0.01551518028846154 0.44553624999999997 0.0351146201923077 0.4424320048076923
1 0.009583406249999999 0.37911869711538465 0.01547142548076923 0.41629418990384615 0.029746608173076925 0.4140332235576923 0.02385858894230769 0.3768577307692308 0.009583406249999999 0.37911869711538465
1 0.029111103365384618 0.39304085336538463 0.020963475961538462 0.34159874999999995 0.0013640360576923079 0.34470299759615386 0.009511663461538462 0.3961450985576923 0.029111103365384618 0.39304085336538463
1 0.050047875 0.3978807620192307 0.04376876923076923 0.35823605048076923 0.025018122596153845 0.3612058605769231 0.031297228365384615 0.4008505745192308 0.050047875 0.3978807620192307
1 0.05293756730769231 0.41612556009615387 0.04828798557692308 0.38676926923076926 0.02197535096153846 0.39093678125000003 0.026624932692307694 0.4202930721153846 0.05293756730769231 0.41612556009615387
1 0.054901451923076924 0.44900087019230767 0.049904240384615384 0.4174497139423077 0.02675529326923077 0.4211161466346154 0.03175250721153846 0.4526673028846154 0.054901451923076924 0.44900087019230767
1 0.057421783653846155 0.464913625 0.05340228846153846 0.4395355216346154 0.037352353365384616 0.4420775817307692 0.041371848557692305 0.4674556850961539 0.057421783653846155 0.464913625
1 0.06486042307692308 0.48890646875 0.059341764423076926 0.45406301923076925 0.036655798076923075 0.45765612259615385 0.042174456730769236 0.4924995721153846 0.06486042307692308 0.48890646875
1 0.06725039423076923 0.5039961514423077 0.06459969951923077 0.48726032211538467 0.04677501201923077 0.4900834759615385 0.04942570673076923 0.5068193052884615 0.06725039423076923 0.5039961514423077
1 0.07062335096153846 0.5277892163461538 0.0669732139423077 0.5047431538461539 0.047759588942307696 0.5077862932692307 0.05140972836538461 0.5308323557692307 0.07062335096153846 0.5277892163461538
1 0.07501220913461538 0.5554993605769231 0.07062335096153846 0.5277892163461538 0.049634975961538465 0.5311134495192308 0.05402383173076923 0.55882359375 0.07501220913461538 0.5554993605769231
1 0.07934403605769232 0.57435946875 0.0754549014423077 0.5498044399038462 0.054080709134615386 0.5531897788461538 0.05796984375 0.5777448076923076 0.07934403605769232 0.57435946875
1 0.08408196394230769 0.5987800624999999 0.08019282932692308 0.5742250336538461 0.06105636778846154 0.5772559495192308 0.06494550240384615 0.6018109783653846 0.08408196394230769 0.5987800624999999
1 0.08898540625000001 0.6182527355769231 0.08370574278846155 0.5849182548076923 0.06233155048076923 0.58830359375 0.0676112139423077 0.6216380745192308 0.08898540625000001 0.6182527355769231
1 0.09598662259615386 0.6504708269230769 0.09096768509615384 0.6187824951923078 0.0713682451923077 0.6218867427884616 0.0763871826923077 0.6535750745192307 0.09598662259615386 0.6504708269230769
1 0.08920779567307692 0.6076710024038461 0.0935966514423077 0.6353811466346154 0.10779467307692309 0.6331324014423078 0.10340581730769231 0.6054222548076923 0.08920779567307692 0.6076710024038461
1 0.0819730048076923 0.5909581201923078 0.0847323341346154 0.6083798461538461 0.10340581730769231 0.6054222548076923 0.10064648557692307 0.58800053125 0.0819730048076923 0.5909581201923078
1 0.18816380528846155 0.4368938774038461 0.18616492067307694 0.42427341346153846 0.1607782451923077 0.42829426682692306 0.16277712980769232 0.44091473076923077 0.18816380528846155 0.4368938774038461
1 0.2113696298076923 0.42759362980769233 0.20974010336538462 0.4173052067307692 0.18743995192307691 0.42083720432692306 0.1890694783653846 0.431125625 0.2113696298076923 0.42759362980769233
1 0.2085002235576923 0.41497042307692306 0.21012974759615383 0.42525884375 0.2337416730769231 0.4215190817307692 0.2321121466346154 0.4112306610576923 0.2085002235576923 0.41497042307692306
1 0.2031869375 0.2460834375 0.2008186923076923 0.2311309326923077 0.17990747836538462 0.23444294471153848 0.1822757235576923 0.24939544711538464 0.2031869375 0.2460834375