1 0.618142 0.7772466057692308 0.6437671153846154 0.6566899158653846 0.5556574134615384 0.6379616201923077 0.5300322980769231 0.7585183124999999 0.618142 0.7772466057692308
1 0.5230441730769231 0.8789470552884615 0.5607801442307692 0.7014132668269231 0.43033499278846155 0.6736862932692307 0.39259901923076923 0.8512200817307692 0.5230441730769231 0.8789470552884615
1 0.3755734831730769 0.9824223581730769 0.41790950240384617 0.7832470528846154 0.1646609735576923 0.7294174182692307 0.12232495673076924 0.9285927235576923 0.3755734831730769 0.9824223581730769
1 0.6759785745192308 0.7230880120192308 0.6930273317307692 0.6428799086538461 0.6266966971153847 0.6287808966346154 0.6096479399038461 0.708989 0.6759785745192308 0.7230880120192308
1 0.7209533774038461 0.6783358557692308 0.7377422451923077 0.5993504374999999 0.6529949254807692 0.5813368389423077 0.6362060576923076 0.6603222572115384 0.7209533774038461 0.6783358557692308
1 0.7580571490384614 0.6319106634615385 0.7674131754807691 0.5878940216346155 0.7385272548076922 0.5817541274038461 0.7291712283653846 0.6257707716346155 0.7580571490384614 0.6319106634615385
1 0.7823800360576924 0.6253237355769231 0.7924637548076923 0.5778835769230769 0.7621258942307693 0.5714350649038461 0.7520421778846154 0.6188752235576923 0.7823800360576924 0.6253237355769231
1 0.8946913822115385 0.2513779639423077 0.90669828125 0.19488993990384615 0.693492670673077 0.14957168990384614 0.6814857716346154 0.20605971394230768 0.8946913822115385 0.2513779639423077
1 0.8898040865384615 0.24318275480769233 0.9056573533653847 0.168599 0.6889365264423077 0.12253356490384615 0.6730832596153846 0.19711731971153845 0.8898040865384615 0.24318275480769233
1 0.8721574447115384 0.18754806009615385 0.8856197259615384 0.12421300240384615 0.6024918461538461 0.0640323125 0.5890295649038462 0.12736737019230768 0.8721574447115384 0.18754806009615385
1 0.621759639423077 0.015093889423076923 0.6073617548076923 0.08283061298076923 0.8459380673076923 0.13354157211538462 0.860335951923077 0.06580485096153846 0.621759639423077 0.015093889423076923
1 0.4685019110576923 0 0.4509281802884615 0.08267790624999999 0.628141014423077 0.12034565624999999 0.6473728461538462 0.029867004807692308 0.5068596418269231 0 0.4685019110576923 0
1 0.6528945120192307 0.1774909591346154 0.6656291033653846 0.11757942067307692 0.5660567331730769 0.09641465865384614 0.5533221418269231 0.15632619951923077 0.6528945120192307 0.1774909591346154
2 0.8056422740384614 0.3073364399038461 0.7464134302884615 0.5859862379807692 0.8623392043269231 0.6106270216346154 0.921568048076923 0.3319772259615385 0.8056422740384614 0.3073364399038461