1 0.47966914903846153 0.22308670192307692 0.48680176923076923 0.1723354639423077 0.4040989134615385 0.1607123341346154 0.3969662932692308 0.2114635721153846 0.47966914903846153 0.22308670192307692
1 0.4764214975961538 0.24282682692307694 0.48254898076923075 0.19922752403846153 0.388705608173077 0.18603869951923077 0.38257812740384617 0.229638 0.4764214975961538 0.24282682692307694
1 0.4807432043269231 0.34792330528846155 0.48721862019230766 0.30184833173076925 0.3881144471153846 0.2879201490384615 0.38163903365384616 0.3339951225961538 0.4807432043269231 0.34792330528846155
1 0.46279519711538464 0.3526940769230769 0.4681494951923077 0.314596264423077 0.37832908653846153 0.3019728293269231 0.3729747884615385 0.3400706418269231 0.46279519711538464 0.3526940769230769
1 0.37322662980769233 0.34501491826923075 0.37701523076923077 0.31805762259615383 0.37028450240384614 0.3171116802884616 0.3664959014423077 0.3440689759615384 0.37322662980769233 0.34501491826923075
1 0.3675217139423077 0.35304913701923074 0.3707497548076923 0.3300804182692308 0.36138862740384614 0.32876479807692305 0.3581605841346154 0.35173351442307693 0.3675217139423077 0.35304913701923074
1 0.3855601875 0.5070584134615385 0.39068253125 0.47061104807692306 0.3709545336538461 0.4678384591346154 0.3658321923076923 0.5042858245192308 0.3855601875 0.5070584134615385
1 0.36582871874999995 0.46220918990384613 0.3620401177884615 0.48916648557692305 0.3723296225961539 0.4906125817307692 0.3761182235576923 0.4636552836538461 0.36582871874999995 0.46220918990384613
1 0.36254245432692306 0.4827854110576923 0.3654418942307692 0.46215482451923073 0.35515239182692304 0.4607087283653846 0.35225295192307693 0.4813393149038462 0.36254245432692306 0.4827854110576923
1 0.14459475 0.5487897475961538 0.15168871153846156 0.49831358173076923 0.09436147596153846 0.4902567644230769 0.08726751201923078 0.5407329278846154 0.14459475 0.5487897475961538
1 0.1062855 0.6114288389423077 0.11821186298076923 0.5265683677884615 0.056552201923076924 0.5179026658653846 0.04462584134615385 0.6027631394230769 0.1062855 0.6114288389423077
1 0 0.6586238317307692 0.05532663701923077 0.666399483173077 0.07084830288461538 0.5559570865384615 0.004933586538461539 0.5466933774038462 0 0.5817976658653846 0 0.6586238317307692
1 0 0.6877966298076923 0.002566324519230769 0.6881573028846154 0.013545536057692308 0.6100361538461538 0 0.608132451923077 0 0.6877966298076923
1 0.15890541346153847 0.5289213798076923 0.1651682019230769 0.48435931730769227 0.14497601682692307 0.4815214903846154 0.13871322836538463 0.5260835528846154 0.15890541346153847 0.5289213798076923
1 0.1747638317307692 0.5148806923076923 0.18035008653846155 0.4751324302884615 0.15830114903846154 0.47203365625000004 0.15271489423076923 0.5117819158653846 0.1747638317307692 0.5148806923076923
1 0.18482040865384614 0.5061957764423076 0.1897881153846154 0.47084870673076923 0.17369625961538462 0.46858714423076925 0.16872855288461538 0.5039342139423076 0.18482040865384614 0.5061957764423076
1 0.18499085576923077 0.4623202836538462 0.18141487980769233 0.48776466826923076 0.19325167788461536 0.48942822115384615 0.19682765384615383 0.46398383653846154 0.18499085576923077 0.4623202836538462
1 0.1992856610576923 0.48466609134615385 0.20324822836538464 0.4564709591346154 0.1923398076923077 0.4549378798076923 0.18837724038461537 0.48313301201923076 0.1992856610576923 0.48466609134615385
1 0.3050766225961538 0.43585880288461537 0.30753148317307694 0.41839157211538464 0.28966023798076923 0.4158799326923077 0.28720537980769234 0.4333471634615385 0.3050766225961538 0.43585880288461537
1 0.2678051057692308 0.41757702644230765 0.2660074543269231 0.43036798798076925 0.28720537980769234 0.4333471634615385 0.28900303125 0.4205562019230769 0.2678051057692308 0.41757702644230765
1 0.26523426923076926 0.43586947836538464 0.2678051057692308 0.41757702644230765 0.25101696875 0.4152176081730769 0.24844613221153844 0.43351005769230766 0.26523426923076926 0.43586947836538464
1 0.3125550024038462 0.35626386778846153 0.31487455288461536 0.3397594014423077 0.2944502740384615 0.33688895673076924 0.2921307235576923 0.35339342307692306 0.3125550024038462 0.35626386778846153
1 0.2740666923076923 0.3584283966346154 0.2763862427884615 0.3419239278846154 0.2590565528846154 0.3394883990384615 0.256737 0.3559928653846154 0.2740666923076923 0.3584283966346154
1 0.19354409615384613 0.2830156850961539 0.19010343028846155 0.30749731009615383 0.2537745721153846 0.3164457067307692 0.2572152403846154 0.2919640793269231 0.19354409615384613 0.2830156850961539
1 0.13955842548076924 0.2214307668269231 0.13453273076923075 0.25719044711538463 0.2286855625 0.2704227644230769 0.23371125721153846 0.2346630841346154 0.13955842548076924 0.2214307668269231
1 0.10480128365384614 0.2037828701923077 0.09969827163461538 0.2400927019230769 0.2206966514423077 0.25709791346153843 0.22579966346153846 0.22078808413461537 0.10480128365384614 0.2037828701923077
1 0.1256688485576923 0.1877813485576923 0.12101041586538462 0.22092782211538461 0.21818046875 0.23458418269230769 0.22283890144230767 0.20143770913461537 0.1256688485576923 0.1877813485576923
1 0.08004157211538462 0.163837125 0.07547978846153845 0.19629591346153846 0.2028220721153846 0.21419270432692306 0.20738385817307695 0.18173391586538462 0.08004157211538462 0.163837125
1 0.18442828125000002 0.20754026201923076 0.19745643028846155 0.11484016826923077 0.08535499038461537 0.0990853389423077 0.07232684134615384 0.1917854326923077 0.18442828125000002 0.20754026201923076
1 0.07056355528846153 0 0.05342497115384615 0.12194736538461538 0.15686156490384617 0.13648443028846155 0.17604319951923075 0 0.07056355528846153 0
1 0.40309661778846156 0 0.3978416081730769 0.03739133413461539 0.48456743028846155 0.04957985336538462 0.49135211778846155 0.0013042860576923077 0.4820716394230769 0 0.40309661778846156 0
1 0.48490024759615385 0.09829470673076922 0.4916076177884615 0.05056928846153846 0.3970679615384615 0.037282605769230766 0.39036059134615386 0.0850080264423077 0.48490024759615385 0.09829470673076922
1 0.41254858653846155 0.13258681009615383 0.41794154567307695 0.09421392307692307 0.37214164663461535 0.08777716586538462 0.3667486875 0.1261500528846154 0.41254858653846155 0.13258681009615383