1 0.4614428245192308 1 0.5888111177884615 0.97982684375 0.5494743677884615 0.7314643798076923 0.2523190721153846 0.7785291562500001 0.28739660817307694 1 0.4614428245192308 1
1 0.5253673629807692 1 0.5622880745192307 0.9941523341346153 0.54354853125 0.8758355024038462 0.3897623701923077 0.9001928365384615 0.4055702692307692 1 0.5253673629807692 1
1 0.44143246875000003 0.8563618870192309 0.41879835576923075 0.7134557307692307 0.1699471923076923 0.7528698822115385 0.1925813028846154 0.8957760384615384 0.44143246875000003 0.8563618870192309
1 0.11649280048076924 0.7260054110576923 0.13339098076923078 0.8326963293269232 0.19620178846153846 0.8227480745192307 0.17930360576923077 0.71605715625 0.11649280048076924 0.7260054110576923
1 0.17439584134615385 0.7130377259615385 0.16171812980769232 0.6329938173076923 0.07737880528846154 0.6463518557692307 0.09005651442307692 0.7263957620192307 0.17439584134615385 0.7130377259615385
1 0.12815447115384615 0.7706685 0.11397759855769231 0.6811592451923077 0.07894552644230769 0.6867077788461539 0.0931224014423077 0.7762170360576923 0.12815447115384615 0.7706685
1 0.036392221153846153 0.6682413990384616 0.04631603365384615 0.7308978798076923 0.08435746634615385 0.7248727067307693 0.07443365625 0.6622162283653845 0.036392221153846153 0.6682413990384616
1 0.09464079567307691 0.6899170096153846 0.08473328125 0.6273634158653846 0.040210141826923076 0.6344151875 0.05011765865384616 0.69696878125 0.09464079567307691 0.6899170096153846
1 0.017845766826923078 0.6395393341346154 0.026628911057692307 0.6949939182692308 0.04383629326923077 0.6922685360576923 0.03505314903846154 0.6368139519230769 0.017845766826923078 0.6395393341346154
1 0 0.1905532644230769 0.30059532692307694 0.14294364182692307 0.28342012740384614 0.034503689903846155 0 0.07939302884615386 0 0.1905532644230769
1 0 0.13328570432692308 0.2733050096153846 0.08999844471153845 0.2647174086538462 0.03577846875 0 0.07770558653846155 0 0.13328570432692308
1 0 0.24107105288461536 0.21974029326923078 0.20626761057692308 0.2043901610576923 0.10935069230769232 0 0.14172291346153848 0 0.24107105288461536
1 0.5523134759615385 0.1535931923076923 0.5330687788461538 0.03208695192307692 0.38028573798076926 0.05628540865384615 0.39953043750000006 0.17779164903846154 0.5523134759615385 0.1535931923076923
1 0.4799596826923077 0 0.3704016923076923 0.01735228125 0.38263943028846154 0.09461831730769231 0.5033225985576923 0.07550398076923076 0.4913639423076923 0 0.4799596826923077 0
1 0.3983505 0.12239841826923076 0.3845647115384615 0.03535838221153846 0.28726197836538464 0.05076962019230769 0.30104776442307696 0.13780965625 0.3983505 0.12239841826923076
1 0.3999138653846154 0.16423138701923076 0.38847459375000004 0.09200667548076923 0.3182561274038462 0.10312818990384616 0.3296953966346154 0.17535289903846152 0.3999138653846154 0.16423138701923076
1 0.3473086995192308 0.2146438076923077 0.33456580769230765 0.13418836057692307 0.26064350721153845 0.14589650240384616 0.2733863990384615 0.2263519495192308 0.3473086995192308 0.2146438076923077
1 0.38571148798076926 0.23387303124999997 0.37425592307692307 0.16154543509615385 0.22031543509615387 0.18592721394230768 0.23177100240384615 0.2582548100961538 0.38571148798076926 0.23387303124999997
1 0.34283703125 0.27430705048076925 0.3334672596153846 0.21514863221153846 0.1610076153846154 0.2424635576923077 0.17037738942307692 0.30162197355769227 0.34283703125 0.27430705048076925
1 0.14847893028846154 0.21080453365384616 0.15524146153846155 0.2535014783653846 0.3116511682692308 0.22872861298076924 0.3048886370192308 0.1860316706730769 0.14847893028846154 0.21080453365384616
1 0 0.3302945432692308 0.09308914423076924 0.31555067067307696 0.08371937259615383 0.2563922548076923 0 0.26965210096153847 0 0.3302945432692308