1 0.8825000000000001 0.22203703605769232 0.8825000000000001 0.13888888942307692 0.6908854158653847 0.13888888942307692 0.6908854158653847 0.22203703605769232 0.8825000000000001 0.22203703605769232
1 0.9013541658653845 0.2670370360576923 0.9013541658653845 0.18731481490384613 0.6466666658653846 0.18731481490384613 0.6466666658653846 0.2670370360576923 0.9013541658653845 0.2670370360576923
1 0.8181770841346154 0.35481481490384614 0.8181770841346154 0.3225 0.7486979158653846 0.3225 0.7486979158653846 0.35481481490384614 0.8181770841346154 0.35481481490384614
1 0.9636979158653846 0.34555555528846155 0.9636979158653846 0.30398148076923076 0.8831249999999999 0.30398148076923076 0.8831249999999999 0.34555555528846155 0.9636979158653846 0.34555555528846155
1 0.9013541658653845 0.6262037043269231 0.9013541658653845 0.5880555552884615 0.8233854158653846 0.5880555552884615 0.8233854158653846 0.6262037043269231 0.9013541658653845 0.6262037043269231
1 0.71265625 0.7773148149038461 0.71265625 0.7091666658653846 0.6677604158653847 0.7091666658653846 0.6677604158653847 0.7773148149038461 0.71265625 0.7773148149038461
1 0.7519270841346154 0.8505555552884616 0.7519270841346154 0.7340740745192308 0.70984375 0.7340740745192308 0.70984375 0.8505555552884616 0.7519270841346154 0.8505555552884616
1 0.83703125 0.9253703701923077 0.83703125 0.7773148149038461 0.7453645841346154 0.7773148149038461 0.7453645841346154 0.9253703701923077 0.83703125 0.9253703701923077
1 0.9432291658653846 0.9963888894230769 0.9432291658653846 0.8929629639423078 0.8349479158653845 0.8929629639423078 0.8349479158653845 0.9963888894230769 0.9432291658653846 0.9963888894230769
1 0.5583333341346154 0.6515740745192308 0.5583333341346154 0.6169444447115384 0.4946875 0.6169444447115384 0.4946875 0.6515740745192308 0.5583333341346154 0.6515740745192308
1 0.5577083341346154 0.6042592596153846 0.5577083341346154 0.6469444447115384 0.6233333341346154 0.6469444447115384 0.6233333341346154 0.6042592596153846 0.5577083341346154 0.6042592596153846
1 0.6856770841346154 0.6515740745192308 0.6856770841346154 0.5984259254807692 0.6226562499999999 0.5984259254807692 0.6226562499999999 0.6515740745192308 0.6856770841346154 0.6515740745192308
1 0.6168229158653846 0.37675925961538465 0.6168229158653846 0.32824074038461537 0.5505729158653846 0.32824074038461537 0.5505729158653846 0.37675925961538465 0.6168229158653846 0.37675925961538465
1 0.4804166658653846 0.3501851850961539 0.4804166658653846 0.37675925961538465 0.5505729158653846 0.37675925961538465 0.5505729158653846 0.3501851850961539 0.4804166658653846 0.3501851850961539
1 0.48104166586538466 0.3316666658653846 0.48104166586538466 0.3605555552884615 0.5577083341346154 0.3605555552884615 0.5577083341346154 0.3316666658653846 0.48104166586538466 0.3316666658653846
1 0.4830208341346154 0.3086111105769231 0.4830208341346154 0.3339814807692308 0.54859375 0.3339814807692308 0.54859375 0.3086111105769231 0.4830208341346154 0.3086111105769231
1 0.48364583413461537 0.29472222115384616 0.48364583413461537 0.32361111057692304 0.54796875 0.32361111057692304 0.54796875 0.29472222115384616 0.48364583413461537 0.29472222115384616
1 0.47781250000000003 0.2670370360576923 0.47781250000000003 0.29472222115384616 0.54859375 0.29472222115384616 0.54859375 0.2670370360576923 0.47781250000000003 0.2670370360576923
1 0.5381770841346154 0.14101851923076925 0.5381770841346154 0.052407406249999997 0.4661979158653846 0.052407406249999997 0.4661979158653846 0.14101851923076925 0.5381770841346154 0.14101851923076925
1 0.39744791586538464 0.05537037019230769 0.39744791586538464 0.14481481490384615 0.47484375 0.14481481490384615 0.47484375 0.05537037019230769 0.39744791586538464 0.05537037019230769
1 0.3276041658653846 0.32481481490384617 0.3276041658653846 0.22925925961538463 0.13192708413461537 0.22925925961538463 0.13192708413461537 0.32481481490384617 0.3276041658653846 0.32481481490384617
1 0.28703125 0.4069444447115385 0.28703125 0.36120370432692306 0.2075520841346154 0.36120370432692306 0.2075520841346154 0.4069444447115385 0.28703125 0.4069444447115385
1 0.13270833413461539 0.3653703701923077 0.13270833413461539 0.4069444447115385 0.20984375 0.4069444447115385 0.20984375 0.3653703701923077 0.13270833413461539 0.3653703701923077
1 0.13270833413461539 0.4221296298076923 0.13270833413461539 0.3680555552884615 0.060208334134615384 0.3680555552884615 0.060208334134615384 0.4221296298076923 0.13270833413461539 0.4221296298076923
1 0.05317708413461538 0.4332407403846154 0.05317708413461538 0.38472222115384613 0.0025 0.38472222115384613 0.0025 0.4332407403846154 0.05317708413461538 0.4332407403846154
1 0.2817708341346154 0.9871296298076923 0.2817708341346154 0.8381481490384615 0.1817708341346154 0.8381481490384615 0.1817708341346154 0.9871296298076923 0.2817708341346154 0.9871296298076923
1 0.21812499999999999 0.99759259375 0.21812499999999999 0.9444444447115384 0.1603125 0.9444444447115384 0.1603125 0.99759259375 0.21812499999999999 0.99759259375
1 0.31687499999999996 0.890185185096154 0.31687499999999996 0.7688888894230769 0.26489583413461537 0.7688888894230769 0.26489583413461537 0.890185185096154 0.31687499999999996 0.890185185096154
1 0.35453125 0.8208333341346153 0.35453125 0.7319444447115384 0.29671875000000003 0.7319444447115384 0.29671875000000003 0.8208333341346153 0.35453125 0.8208333341346153