1 0.8079572115384616 0.12047488942307692 0.7975545697115384 0.07875217307692307 0.6647453413461538 0.11186523317307692 0.6751479831730769 0.15358794951923077 0.8079572115384616 0.12047488942307692
1 0.5512473774038461 0 0.4825093870192308 0.01713830528846154 0.5053105264423077 0.10858867788461539 0.7061162596153847 0.058522185096153846 0.6915250384615385 0 0.5512473774038461 0
1 0.7566782548076922 0.09306623798076924 0.7365684975961538 0.012410406249999999 0.5752568317307692 0.052629920673076924 0.5953665889423078 0.13328575240384616 0.7566782548076922 0.09306623798076924
1 0.570430625 0.1337057860576923 0.5503208677884616 0.05304995432692308 0.4091731610576923 0.08824202884615384 0.42928291826923076 0.16889786298076923 0.570430625 0.1337057860576923
1 0.6437384086538462 0.15549320673076925 0.6340010528846154 0.11643880528846154 0.5297700673076923 0.14242650721153846 0.5395074230769231 0.18148091105769232 0.6437384086538462 0.15549320673076925
1 0.3575138028846154 0.20688887740384615 0.36722091826923076 0.24582199278846154 0.4293804879807693 0.23032387259615383 0.41967337259615384 0.19139075721153848 0.3575138028846154 0.20688887740384615
1 0.29014003365384616 0.19792170432692308 0.30220588701923073 0.24631520432692305 0.3534496298076923 0.23353870432692309 0.34138377644230766 0.18514520432692308 0.29014003365384616 0.19792170432692308
1 0.1788630721153846 0.1956495456730769 0.1926223798076923 0.2508351153846154 0.30352414903846153 0.22318419711538462 0.2897648413461539 0.16799862740384613 0.1788630721153846 0.1956495456730769
1 0 0.22607418028846155 0.09184863942307693 0.2031737427884615 0.07784740865384615 0.14701787740384614 0 0.16642741586538462 0 0.22607418028846155
1 0.47047453846153847 1 0.4157687403846154 0.7805870192307692 0.07813614903846154 0.8647682788461538 0.11185320432692307 1 0.47047453846153847 1
1 0.43480183653846155 1 0.6486495048076922 0.9466817884615384 0.5762241370192307 0.6561995048076923 0.2010683918269231 0.7497363389423076 0.2634661322115385 1 0.43480183653846155 1
1 0.7602110072115384 0.6668813485576923 0.7313920600961539 0.5512948701923077 0.6212483341346153 0.5787567860576923 0.65006728125 0.6943432644230769 0.7602110072115384 0.6668813485576923
1 0.7302435120192308 0.7614399374999999 0.6893587115384616 0.5974599591346154 0.5514705913461538 0.6318393293269231 0.5923553918269231 0.7958193052884616 0.7302435120192308 0.7614399374999999
1 0.7888445096153845 0.5963594783653846 0.7662550528846155 0.5057581129807692 0.7184225048076923 0.517684108173077 0.7410119615384616 0.6082854711538461 0.7888445096153845 0.5963594783653846
1 0.8114598798076924 0.5501404206730769 0.7874793725961537 0.45395985576923076 0.7168297139423078 0.4715747932692308 0.7408102235576923 0.5677553581730769 0.8114598798076924 0.5501404206730769
1 0.8634606850961538 0.44287401682692307 0.8501852211538462 0.38962903846153846 0.7743050625 0.40854808653846153 0.7875805264423076 0.4617930649038462 0.8634606850961538 0.44287401682692307
1 0.84655965625 0.48972955528846157 0.82817359375 0.4159870793269231 0.7669236754807692 0.4312583990384615 0.7853097403846154 0.505000875 0.84655965625 0.48972955528846157
1 0.8424100625000001 0.5076404639423078 0.823782076923077 0.4329276923076923 0.739715048076923 0.4538879567307692 0.7583430336538461 0.5286007283653846 0.8424100625000001 0.5076404639423078
1 0.8733795600961538 0.41064199519230765 0.8654566177884615 0.37886481009615386 0.8403653774038461 0.3851207572115385 0.8482883197115385 0.4168979423076923 0.8733795600961538 0.41064199519230765