1 0.9529230649038462 0.11935446153846155 0.9483231778846153 0.06677751923076923 0.8954781610576923 0.07140085817307693 0.900078048076923 0.12397780048076923 0.9529230649038462 0.11935446153846155
1 0.9059980817307692 0.12889722115384614 0.9021365985576922 0.08476026201923077 0.8478128557692308 0.0895129735576923 0.8516743389423076 0.13364993269230768 0.9059980817307692 0.12889722115384614
1 0.855046639423077 0.15426781009615384 0.8508220072115384 0.10598003846153846 0.7979769903846154 0.11060337740384615 0.8022016225961538 0.15889114903846155 0.855046639423077 0.15426781009615384
1 0.8056259014423077 0.1711393125 0.8017644182692307 0.12700235096153845 0.7404361802884616 0.132367875 0.7442976658653847 0.17650483653846155 0.8056259014423077 0.1711393125
1 0.5414260216346154 0.10669840865384615 0.5327709711538462 0.007770740384615385 0.33929128365384614 0.02469801923076923 0.3479463317307693 0.1236256875 0.5414260216346154 0.10669840865384615
1 0.5148216754807693 0 0.3669651923076923 0.012935766826923076 0.3707903605769231 0.05665764423076923 0.5546194134615384 0.0405746875 0.5510695889423076 0 0.5148216754807693 0
1 0.44263197836538465 0.22882917548076923 0.4370031706730769 0.1644916033653846 0.3081983076923077 0.17576056971153847 0.3138271153846154 0.24009814182692307 0.44263197836538465 0.22882917548076923
1 0.31567596875 0.23882103365384613 0.3117539615384616 0.19399227163461538 0.28389164182692306 0.19642990865384616 0.28781364903846157 0.24125867067307694 0.31567596875 0.23882103365384613
1 0.40759213461538457 0.23886573557692306 0.4053769254807692 0.21354578846153846 0.29151498557692307 0.22350741826923076 0.29373019471153844 0.2488273653846154 0.40759213461538457 0.23886573557692306
1 0.2113318076923077 0.37370628365384617 0.20906818028846155 0.3478328918269231 0.17669185096153847 0.35066545432692303 0.1789554807692308 0.3765388461538462 0.2113318076923077 0.37370628365384617
1 0.14259640625 0.35267248317307687 0.1395822716346154 0.31822075 0.08245673076923077 0.3232185865384615 0.08547086778846154 0.35767032211538463 0.14259640625 0.35267248317307687
1 0.08686300961538462 0.3673078822115385 0.08400623798076924 0.3346548365384615 0.004155007211538462 0.34164091346153846 0.007011778846153846 0.37429396153846156 0.08686300961538462 0.3673078822115385
1 0.09626780528846154 0.6962120048076923 0.09003374759615385 0.6249564110576924 0.05555607211538461 0.6279728149038462 0.06179012980769231 0.6992284110576924 0.09626780528846154 0.6962120048076923
1 0.07454625961538462 0.7598751947115385 0.06527385817307693 0.6538911490384615 0.015931088942307693 0.6582080817307693 0.025203492788461537 0.7641921274038462 0.07454625961538462 0.7598751947115385
1 0.13564584375 0.6326770985576923 0.13119121634615385 0.5817604831730769 0.0670611826923077 0.5873711322115385 0.07151581009615385 0.63828775 0.13564584375 0.6326770985576923
1 0.14948564423076924 0.60441890625 0.14654413701923077 0.5707973341346154 0.12280668509615385 0.5728740913461539 0.1257481923076923 0.6064956634615385 0.14948564423076924 0.60441890625
1 0.16592323798076924 0.5691018822115385 0.16349013942307694 0.5412914495192308 0.13010205288461538 0.5442125288461539 0.13253514903846153 0.5720229615384615 0.16592323798076924 0.5691018822115385
1 0.1758575576923077 0.564329 0.1734244591346154 0.5365185649038462 0.15295577163461538 0.5383093413461538 0.15538887019230768 0.5661197788461538 0.1758575576923077 0.564329
1 0.16550012980769233 0.5140682283653846 0.16759428846153845 0.5380045745192308 0.19724664663461539 0.535410329326923 0.19515248557692308 0.5114739831730769 0.16550012980769233 0.5140682283653846
1 0.19138741826923075 0.5060871875 0.1938084134615385 0.533759264423077 0.23155485096153847 0.5304568774038462 0.22913385817307694 0.5027848028846154 0.19138741826923075 0.5060871875
1 0.2693861682692308 0.5155752548076923 0.2673767427884615 0.49260743269230767 0.23126468509615383 0.49576682692307694 0.23327411057692307 0.5187346490384616 0.2693861682692308 0.5155752548076923
1 0.2653671778846154 0.4821873701923077 0.26788501201923076 0.5109663293269231 0.30026133894230767 0.508133766826923 0.29774350721153847 0.4793548100961538 0.2653671778846154 0.4821873701923077
1 0.3104862475961539 0.5004076514423077 0.30856155769230764 0.4784083533653846 0.2993778870192308 0.4792118197115384 0.30130257692307694 0.5012111201923077 0.3104862475961539 0.5004076514423077
1 0.6829490360576924 0.6110051274038462 0.6715340552884614 0.4805312932692308 0.4364165408653846 0.5011014110576923 0.44783152163461537 0.6315752451923077 0.6829490360576924 0.6110051274038462
1 0.4806752379807693 0.591058548076923 0.4741264519230769 0.5162055841346154 0.4040036850961538 0.52234053125 0.41055247115384613 0.5971934951923077 0.4806752379807693 0.591058548076923
1 0.43420547115384617 0.5690526923076923 0.42916980528846155 0.5114947788461538 0.3768695841346154 0.516070454326923 0.38190525 0.5736283701923077 0.43420547115384617 0.5690526923076923
1 0.3597976875 0.5136603076923077 0.3626544591346154 0.5463133557692308 0.3831231466346154 0.5445225769230769 0.380266375 0.5118695288461539 0.3597976875 0.5136603076923077
1 0.368690485576923 0.5409055913461539 0.36474426682692307 0.4958001105769231 0.3448203725961539 0.49754322596153844 0.34876659134615384 0.5426487067307693 0.368690485576923 0.5409055913461539
1 0.33568505288461536 0.505174014423077 0.33828762019230774 0.5349214951923077 0.3491056706730769 0.5339750384615385 0.3465031033653846 0.5042275576923078 0.33568505288461536 0.505174014423077
1 0.33898991826923075 0.5241247548076923 0.33622998798076925 0.49257859134615384 0.32432234855769226 0.493620375 0.3270822788461538 0.5251665384615385 0.33898991826923075 0.5241247548076923
1 0 0.22698340625 0.04639080528846154 0.22292473557692308 0.03646473317307692 0.10946922836538463 0 0.11265947836538462 0 0.22698340625
1 0 0.28818853125 0.07731019951923077 0.28142476442307696 0.06773517307692307 0.17198170913461538 0 0.17790776923076923 0 0.28818853125
1 0 0.3187213870192308 0.09303624278846154 0.3105817692307692 0.08457487259615384 0.21386786538461539 0 0.22126720913461537 0 0.3187213870192308
1 0.11217830048076924 0.3178298966346154 0.10510900240384614 0.23702743990384614 0.019732002403846153 0.2444969591346154 0.026801302884615387 0.32529941586538463 0.11217830048076924 0.3178298966346154
1 0.1245336826923077 0.33445520913461535 0.11886856009615385 0.2697025528846154 0.009209314903846154 0.2792964927884615 0.0148744375 0.34404914903846157 0.1245336826923077 0.33445520913461535