1 0.7217799783653847 0.14911832692307692 0.710691891826923 0.10464643750000001 0.6389051682692308 0.12254487980769231 0.6499932548076923 0.1670167668269231 0.7217799783653847 0.14911832692307692
1 0.6692488293269231 0.1735239326923077 0.6585303461538461 0.13053444230769232 0.6063769495192308 0.1435377451923077 0.6170954350961538 0.18652723557692308 0.6692488293269231 0.1735239326923077
1 0.5559927764423077 0.12876004326923077 0.5409062572115384 0.06825132211538462 0.39718120192307693 0.10408600240384615 0.4122677211538462 0.1645947235576923 0.5559927764423077 0.12876004326923077
1 0.5164756153846154 0.21504995432692306 0.5002466875 0.14995928125 0.3786565048076923 0.18027511778846156 0.39488543269230775 0.24536579086538463 0.5164756153846154 0.21504995432692306
1 0 0.28957143028846155 0.04103134134615384 0.2793411682692308 0.009144692307692309 0.15145080048076923 0 0.15373082932692309 0 0.28957143028846155
1 0.1597319014423077 0.2374356875 0.1406133533653846 0.16075537259615386 0.09482752403846154 0.17217106249999997 0.11394607211538463 0.24885137740384614 0.1597319014423077 0.2374356875
1 0.19702946153846154 0.39833075 0.18429496394230768 0.34725546153846154 0.1319899591346154 0.36029656250000003 0.14472445913461537 0.4113718533653846 0.19702946153846154 0.39833075
1 0.23657750721153845 0.35640678124999997 0.22847984375 0.3239288245192308 0.17746351442307692 0.336648625 0.18556117788461537 0.36912658173076923 0.23657750721153845 0.35640678124999997
1 0.17185027884615384 0.33060484375 0.16200540144230768 0.29111919711538464 0.10575856971153846 0.30514310576923076 0.11560344711538462 0.34462875240384616 0.17185027884615384 0.33060484375
1 0.12574928125 0.44086625240384614 0.11472839423076923 0.3966638918269231 0.06242339182692307 0.4097049951923077 0.0734442764423077 0.45390735576923075 0.12574928125 0.44086625240384614
1 0.07705136778846154 0.46288471875000003 0.0683489014423077 0.42798102644230773 0.030446723557692307 0.4374310985576923 0.03914919230769231 0.47233479086538466 0.07705136778846154 0.46288471875000003
1 0.2427999951923077 0.5841668725961539 0.23342552163461538 0.5465679134615384 0.19256697596153846 0.55675509375 0.20194144951923076 0.5943540528846154 0.2427999951923077 0.5841668725961539
1 0.20269949278846155 0.5941650504807693 0.19735705048076924 0.5727376875 0.1549824158653846 0.5833028701923078 0.16032485817307693 0.6047302355769231 0.20269949278846155 0.5941650504807693
1 0.2834503269230769 0.5569978533653847 0.2767302764423077 0.5300451947115384 0.23132346875 0.5413663846153847 0.23804351923076925 0.5683190408653845 0.2834503269230769 0.5569978533653847
1 0.2737922908653846 0.5150322307692308 0.2828643605769231 0.5514183197115384 0.3312275384615385 0.5393600264423077 0.32215546634615383 0.5029739350961538 0.2737922908653846 0.5150322307692308
1 0.3694841033653846 0.5155075144230769 0.3607816346153846 0.4806038221153846 0.31461678365384615 0.4921140120192308 0.32331925 0.5270177043269231 0.3694841033653846 0.5155075144230769
1 0.3989094158653846 0.5405207764423077 0.3893669399038462 0.502248 0.3773140480769231 0.5052531250000001 0.3868565240384615 0.5435258990384615 0.3989094158653846 0.5405207764423077
1 0.4156986754807692 0.5452094711538462 0.40545059615384615 0.5041066682692308 0.38816720432692303 0.5084159014423076 0.39841528365384615 0.5495187043269231 0.4156986754807692 0.5452094711538462
1 0.44307926442307694 0.5542713533653847 0.4295719591346154 0.5000965072115384 0.4022823918269231 0.5069005600961538 0.4157896971153846 0.56107540625 0.44307926442307694 0.5542713533653847
1 0.5162662403846153 0.5726678293269231 0.4962404831730769 0.4923489038461539 0.41960228125000004 0.5114569543269231 0.4396280384615385 0.5917758798076923 0.5162662403846153 0.5726678293269231
1 0.523490298076923 0.6016419375000001 0.5020869302884615 0.51579771875 0.4480384254807692 0.5292735264423076 0.4694417932692308 0.6151177427884615 0.523490298076923 0.6016419375000001
1 0.6069124927884615 0.6149099543269231 0.5808386875 0.5103336394230769 0.5002586610576923 0.5304244951923077 0.5263324639423077 0.6350008125000001 0.6069124927884615 0.6149099543269231
1 0.7761827115384615 0.6673222043269231 0.7336783798076923 0.49684663701923076 0.5735795841346154 0.53676375 0.6160839182692308 0.7072393173076923 0.7761827115384615 0.6673222043269231
1 0.9893000024038462 0.7644839182692308 0.9260307067307691 0.5107246322115384 0.7127172548076923 0.5639096490384615 0.7759865504807693 0.8176689350961539 0.9893000024038462 0.7644839182692308
1 1 0.6153830889423078 0.9427982355769231 0.6296450913461539 0.9836225552884615 0.7933824951923077 1 0.7892991394230768 1 0.6153830889423078
1 0.13037390625 0.838217139423077 0.10141048076923077 0.7220511802884615 0.046073302884615384 0.7358482884615385 0.07503672836538461 0.8520142475961539 0.13037390625 0.838217139423077
1 0.1592732043269231 0.7761888149038462 0.13676102884615385 0.6858974086538462 0.08407700240384616 0.6990330120192307 0.10658917788461539 0.7893244182692307 0.1592732043269231 0.7761888149038462
1 0.17109152644230768 0.7179898365384615 0.15405619471153847 0.6496648461538462 0.12191514663461539 0.6576785096153847 0.13895048076923078 0.7260034975961538 0.17109152644230768 0.7179898365384615
1 0.1850881610576923 0.6775697596153846 0.17225286057692307 0.6260901826923077 0.14640357451923075 0.6325351322115385 0.15923887499999997 0.6840147115384615 0.1850881610576923 0.6775697596153846
1 0.19490495913461536 0.6549393100961538 0.18344726923076923 0.6089850240384616 0.16320750721153846 0.6140313629807692 0.17466519711538464 0.6599856490384616 0.19490495913461536 0.6549393100961538
1 0.2041099783653846 0.6275946009615385 0.19517231009615385 0.5917475673076923 0.17879856971153846 0.5958299975961538 0.18773623798076924 0.6316770336538462 0.2041099783653846 0.6275946009615385