2 0.7767257019230769 0.2486281826923077 0.8000596754807692 0.38096172596153843 0.8503771971153846 0.3720893894230769 0.8270432235576923 0.23975584615384615 0.7767257019230769 0.2486281826923077
2 0.9363514278846155 0.24015575240384615 0.958882278846154 0.3679345576923077 0.9835024735576923 0.3635933533653847 0.9609716225961538 0.23581454807692306 0.9363514278846155 0.24015575240384615
1 0.7920561947115385 0.4741421346153846 0.7834171971153846 0.4251479495192308 0.7661061225961538 0.42820035817307694 0.7747451201923077 0.47719454567307695 0.7920561947115385 0.4741421346153846
1 0.7830587355769231 0.4838520432692308 0.7751143317307693 0.43879708894230773 0.7494170024038461 0.4433282211538462 0.7573614086538462 0.48838317548076926 0.7830587355769231 0.4838520432692308
1 0.7015398245192308 0.6334046947115385 0.6837191802884616 0.5323387980769231 0.6308627019230768 0.5416588221153846 0.6486833461538463 0.6427247163461539 0.7015398245192308 0.6334046947115385
1 0.6762489014423078 0.6834314350961539 0.6525676322115385 0.5491282788461539 0.5720903725961539 0.5633185889423077 0.5957716418269231 0.6976217475961538 0.6762489014423078 0.6834314350961539
1 0.6356638533653847 0.7992383221153846 0.6055793052884615 0.6286203774038461 0.44093175961538467 0.6576521826923076 0.4710163076923077 0.8282701274038462 0.6356638533653847 0.7992383221153846
1 0.4004949134615385 1 0.5454204230769231 0.9744457235576923 0.5009447836538462 0.7222118365384615 0.31375437259615385 0.7552185576923077 0.3569159447115385 1 0.4004949134615385 1
1 0.3720680144230769 1 0.35089357692307693 0.8799138028846154 0.17701345913461536 0.9105735600961539 0.19278175240384615 1 0.3720680144230769 1
1 0.3427897115384615 0.8425026658653846 0.2899789591346154 0.5429980072115385 0.009924254807692308 0.5923792067307693 0.06273500721153846 0.8918838653846154 0.3427897115384615 0.8425026658653846
1 0.2567184375 0.24144232692307693 0.24803602884615383 0.19220193990384615 0.19425629326923077 0.2016847596153846 0.20293870192307692 0.2509251466346154 0.2567184375 0.24144232692307693
1 0.20483743509615385 0.22660089423076923 0.19546043509615385 0.1734212764423077 0.13491014423076922 0.18409792548076925 0.1442871466346154 0.23727754326923078 0.20483743509615385 0.22660089423076923
1 0.07763595432692308 0.17871165384615384 0.08846725961538461 0.24013903846153847 0.14309331490384616 0.23050699038461536 0.13226200961538462 0.16907960817307693 0.07763595432692308 0.17871165384615384
1 0.46790514663461535 0.14746745192307692 0.4532318774038462 0.06425119711538461 0.27750524278846156 0.09523654326923078 0.2921785144230769 0.17845279807692307 0.46790514663461535 0.14746745192307692
1 0.6809809278846154 0.07905285817307693 0.6682177860576922 0.006669487980769231 0.47464151201923077 0.04080220913461538 0.48740465384615383 0.11318557932692307 0.6809809278846154 0.07905285817307693
1 0.7059675504807692 0.10828305048076924 0.6957874254807692 0.05054869471153846 0.5565294543269231 0.07510363221153846 0.566709579326923 0.13283798798076923 0.7059675504807692 0.10828305048076924
1 0.728388420673077 0.5643179014423076 0.7183602379807692 0.5074452524038462 0.6852768509615385 0.5132787451923077 0.6953050336538461 0.5701513942307692 0.728388420673077 0.5643179014423076
1 0.7504541754807692 0.5220947572115384 0.7425097716346154 0.47703980288461534 0.7094263870192308 0.4828732956730769 0.7173707908653846 0.5279282524038462 0.7504541754807692 0.5220947572115384
1 0.7692997115384616 0.5106483677884616 0.7606607163461538 0.4616541826923077 0.7265771346153845 0.4676640384615384 0.7352161322115385 0.5166582235576923 0.7692997115384616 0.5106483677884616
1 0.6137503533653846 0.12517807211538462 0.6218249927884615 0.17097163221153847 0.7433102620192307 0.1495505 0.7352356225961538 0.10375693990384614 0.6137503533653846 0.12517807211538462