1 1 0.1750498918269231 0.9520401754807692 0.16745380288461537 0.9414156682692307 0.23453430048076923 1 0.2438131466346154 1 0.1750498918269231
1 0.9795506153846154 0.3253682379807692 0.9843522836538461 0.29505169230769235 0.9459250336538462 0.2889654134615385 0.9411233653846154 0.3192819591346154 0.9795506153846154 0.3253682379807692
1 1 0.28487423076923074 0.9740387740384615 0.2807623774038462 0.9693891947115384 0.3101186730769231 1 0.31496694951923077 1 0.28487423076923074
1 0.932337951923077 0.3228121899038462 0.9364009038461538 0.29715973076923075 0.8904116658653846 0.28987575 0.8863487139423077 0.31552821153846156 0.932337951923077 0.3228121899038462
1 0.8902202956730769 0.32204745673076923 0.8945874230769231 0.2944744903846154 0.8705125216346155 0.2906614014423077 0.8661453918269231 0.3182343677884615 0.8902202956730769 0.32204745673076923
1 0.9244290841346154 0.25139009134615387 0.9330112524038461 0.19720441346153847 0.8747530745192308 0.1879772235576923 0.8661709038461538 0.2421629014423077 0.9244290841346154 0.25139009134615387
1 0.8923345721153846 0.8840192283653846 0.930574108173077 0.6425843004807692 0.6469223629807692 0.5976582788461539 0.6086828269230768 0.8390932067307693 0.8923345721153846 0.8840192283653846
1 0.9313970673076923 0.9660003870192307 0.9631402283653846 0.7655819591346155 0.8135208774038462 0.7418845817307692 0.7817777163461539 0.9423030096153846 0.9313970673076923 0.9660003870192307
1 0.7528893341346153 0.7356563725961538 0.7734430841346154 0.6058850985576923 0.5424937716346154 0.5693063221153847 0.5219400216346154 0.6990775961538461 0.7528893341346153 0.7356563725961538
1 0.5624408870192308 0.6381352475961539 0.5761723581730769 0.5514381610576924 0.4837309014423077 0.5367968725961538 0.4699994326923077 0.6234939591346154 0.5624408870192308 0.6381352475961539
1 0.5172986586538462 0.586549451923077 0.5279448918269231 0.5193317716346153 0.44707790865384617 0.5065236995192308 0.4364316754807692 0.5737413798076922 0.5172986586538462 0.586549451923077
1 0.42069114423076925 0.4988289447115385 0.4125652427884615 0.5501338653846154 0.4452824206730769 0.5553157572115385 0.4534083221153846 0.5040108365384616 0.42069114423076925 0.4988289447115385
1 0.39744569711538463 0.4817883125 0.38990642548076926 0.5293894038461538 0.4171450168269231 0.5337035721153847 0.4246842884615385 0.4861024807692308 0.39744569711538463 0.4817883125
1 0.40397199519230764 0.5169926730769231 0.41179371875 0.4676082572115385 0.38555824759615387 0.46345296634615385 0.37773652403846153 0.5128373822115384 0.40397199519230764 0.5169926730769231
1 0.3749381706730769 0.4645833149038462 0.37087522115384614 0.4902357764423077 0.38430160817307696 0.4923623076923077 0.38836456009615383 0.46670984615384614 0.3749381706730769 0.4645833149038462
1 0.3764287307692307 0.49013102403846154 0.3815345769230769 0.4578939735576923 0.3633240745192308 0.4550097139423077 0.3582182259615384 0.48724676442307696 0.3764287307692307 0.49013102403846154
1 0.45497571875000004 0.2723764495192308 0.46136346153846153 0.23204584374999998 0.3758666875 0.2185044831730769 0.3694789471153846 0.2588350889423077 0.45497571875000004 0.2723764495192308
1 0.5152084759615385 0.2291838221153846 0.5256157139423077 0.16347511057692307 0.40832772355769226 0.1448985192307692 0.39792048557692306 0.21060723076923077 0.5152084759615385 0.2291838221153846
1 0.5670897139423077 0.17679371634615387 0.5769755024038461 0.11437730048076923 0.4467241009615384 0.09374750480769231 0.4368383125 0.1561639206730769 0.5670897139423077 0.17679371634615387
1 0.17614767067307693 0.168029 0.19370309375 0.057188418269230774 0.08058191346153845 0.039271783653846155 0.06302649038461539 0.1501123653846154 0.17614767067307693 0.168029
1 0 0.6550809615384616 0.041180221153846154 0.6616032668269232 0.059604725961538464 0.5452755288461538 0.005667682692307692 0.5367327403846154 0 0.5725170793269231 0 0.6550809615384616
1 0.07786862259615385 0.6007601850961538 0.08953602644230768 0.52709509375 0.05033714423076923 0.5208866009615385 0.03866974038461538 0.5945516923076923 0.07786862259615385 0.6007601850961538
1 0.11267780769230769 0.5712589975961538 0.12271568509615385 0.507882329326923 0.08976701923076923 0.5026637740384615 0.07972914182692309 0.5660404423076923 0.11267780769230769 0.5712589975961538
1 0.14018428846153846 0.5334295504807692 0.14670238942307692 0.49227587019230773 0.1172260673076923 0.48760727884615385 0.1107079639423077 0.5287609591346154 0.14018428846153846 0.5334295504807692
1 0.15414873076923077 0.5201730841346154 0.1610361923076923 0.47668736057692307 0.1458350528846154 0.47427973557692304 0.13894759134615384 0.5177654615384616 0.15414873076923077 0.5201730841346154
1 0.16840377884615385 0.5135717932692307 0.17342271874999998 0.4818834567307692 0.16074867067307694 0.4798760865384616 0.1863366298076923 0.2912642475961538 0.2084200673076923 0.15204742067307692 0.19333622115384616 0.2217965144230769 0.0909510048076923 0.20558028846153847 0.09028328365384615 0.13333639182692308 0.07913732692307693 0.20370918509615385 0.08701311298076922 0.20495658894230767 0.1852324591346154 0.2982250889423077 0.15150504807692308 0.5108952956730769 0.16840377884615385 0.5135717932692307
1 0.10207973798076922 0.2571224423076923 0.10929310336538461 0.21157903605769232 0.07997110576923078 0.20693488701923077 0.07275774038461538 0.25247829326923077 0.10207973798076922 0.2571224423076923
1 0.11690594711538461 0.29336014182692305 0.12757390865384616 0.22600528365384615 0.08521133894230769 0.21929571153846156 0.07454337740384616 0.28665056971153846 0.11690594711538461 0.29336014182692305
1 0.2183257764423077 0.2633000528846154 0.22553914423076923 0.21775664423076924 0.14829882932692307 0.20552298076923076 0.14108546153846155 0.2510663894230769 0.2183257764423077 0.2633000528846154
1 0.22599928365384617 0.2747806875 0.23301710817307694 0.23047189182692307 0.17174956490384613 0.22076806490384618 0.16473174278846156 0.2650768605769231 0.22599928365384617 0.2747806875
1 0.3926426706730769 0.1380550264423077 0.39568445192307694 0.1188499735576923 0.35918628125 0.11306923317307692 0.35614450000000003 0.13227428365384616 0.3926426706730769 0.1380550264423077