1 0.8822076370192308 1 0.9424941466346154 0.7750076826923077 0.6472076033653846 0.6958858918269232 0.5657204735576923 1 0.8822076370192308 1
1 0.7602507379807691 0.9815438341346153 0.8240927692307692 0.7432821298076924 0.4598330841346154 0.6456790408653846 0.3959910528846154 0.8839407451923077 0.7602507379807691 0.9815438341346153
1 0.43765801682692307 0.7622449302884615 0.48241214182692305 0.5952202572115385 0.4002329831730769 0.5732004182692307 0.35547885817307695 0.7402250913461538 0.43765801682692307 0.7622449302884615
1 0.43800664423076924 0.677934579326923 0.47287532211538463 0.54780290625 0.37982949759615386 0.5228713533653846 0.34496082211538465 0.6530030264423077 0.43800664423076924 0.677934579326923
1 0.42255821394230775 0.6329592908653846 0.45304134615384617 0.5191946947115385 0.3582598725961538 0.49379807451923075 0.32777674278846153 0.6075626706730769 0.42255821394230775 0.6329592908653846
1 0.4136373581730769 0.5684523822115385 0.4366434951923077 0.48259231249999995 0.3506911899038462 0.45956146153846156 0.32768505288461536 0.5454215312499999 0.4136373581730769 0.5684523822115385
1 0.3389277980769231 0.5209704423076923 0.35298311057692305 0.4685153028846154 0.3391733894230769 0.46481500000000003 0.3251180769230769 0.5172701370192307 0.3389277980769231 0.5209704423076923
1 0.33261622596153845 0.4941162980769231 0.3417827331730769 0.45990642307692303 0.3254072716346154 0.4555186322115385 0.31624076442307697 0.48972850721153843 0.33261622596153845 0.4941162980769231
1 0.3301848629807692 0.4769291538461538 0.33866837740384614 0.44526825480769233 0.3234248605769231 0.4411837644230769 0.31494134615384617 0.47284466586538465 0.3301848629807692 0.4769291538461538
1 0.16816276201923078 0.13529840865384615 0.18362001201923078 0.07761117307692308 0.13600288701923077 0.06485220192307692 0.12054563942307692 0.12253943749999999 0.16816276201923078 0.13529840865384615
1 0.14424015384615385 0.013282526442307692 0.12806396394230768 0.07365288942307692 0.15990933173076924 0.08218582932692307 0.17608552163461538 0.021815466346153847 0.14424015384615385 0.013282526442307692
1 0.16068920192307695 0.0813882764423077 0.1437221754807692 0.1447100817307692 0.18401939182692306 0.15550768990384614 0.2009864206730769 0.09218588221153846 0.16068920192307695 0.0813882764423077
1 0.18281840865384616 0.12225834855769231 0.1676127884615385 0.17900649278846154 0.1885160264423077 0.18460749759615383 0.2037216466346154 0.12785935576923077 0.18281840865384616 0.12225834855769231
1 0.18327547115384618 0.15617108413461536 0.1720599783653846 0.1980278701923077 0.20028312259615386 0.2055902403846154 0.2114986153846154 0.16373345192307692 0.18327547115384618 0.15617108413461536
1 0.1856057451923077 0.2624799230769231 0.19207622115384615 0.23833177884615384 0.17637992548076922 0.23412596875000002 0.1699094495192308 0.25827411298076924 0.1856057451923077 0.2624799230769231
1 0.28588155288461536 0.4158825 0.29134550961538463 0.3954907331730769 0.26199042067307693 0.38762506009615383 0.25652646153846154 0.40801682692307695 0.28588155288461536 0.4158825
1 0.4631540264423077 0 0.44134598317307694 0.0813887235576923 0.64011540625 0.13464883173076922 0.6662848894230768 0.036982995192307695 0.5282624711538462 0 0.4631540264423077 0
1 0.5527679807692307 0.16300796874999998 0.5677579182692308 0.10706476201923078 0.42724589663461543 0.06941467788461539 0.4122559591346154 0.1253578846153846 0.5527679807692307 0.16300796874999998
1 0.5026309302884615 0.20191274759615385 0.5169378725961539 0.14851851201923078 0.40019668028846156 0.11723780528846153 0.3918929014423077 0.1482279254807692 0.3887989206730769 0.1473988966346154 0.3748873966346154 0.19931740865384617 0.47729062740384615 0.22675627163461537 0.48519898798076927 0.19724187259615386 0.5026309302884615 0.20191274759615385
1 0.22041225961538463 0.10299876923076923 0.21041896875 0.14029423798076923 0.2692800721153846 0.15606602163461536 0.2792733629807692 0.11877055288461538 0.22041225961538463 0.10299876923076923
1 0.21859738221153846 0.06268309615384615 0.2059080576923077 0.11004029567307692 0.2652219423076923 0.1259334014423077 0.2779112644230769 0.07857620432692307 0.21859738221153846 0.06268309615384615
1 0.22688915625 0.04592481009615385 0.2217127740384615 0.06524332692307692 0.2735558245192308 0.07913462980769231 0.2787322067307692 0.059816112980769234 0.22688915625 0.04592481009615385
1 0.20223207692307693 0 0.1924025865384615 0.03668416105769231 0.2616775793269231 0.05524633894230769 0.27310875240384613 0.01258461298076923 0.22614233653846152 0 0.20223207692307693 0
1 0.21905531490384614 0 0.2172653894230769 0.006680096153846154 0.26699547596153844 0.02000523317307692 0.27235586298076925 0 0.21905531490384614 0