1 0.7944964399038461 0.5408721201923077 0.7930132115384616 0.4983980096153846 0.7003353293269231 0.5016343942307693 0.7018185576923077 0.5441085048076924 0.7944964399038461 0.5408721201923077
1 0.8126081682692308 0.5289827884615385 0.8112078245192307 0.48888223076923076 0.7831780360576922 0.48986105288461534 0.7845783774038462 0.5299616105769231 0.8126081682692308 0.5289827884615385
1 0.8297306153846153 0.5156270865384616 0.8281601370192307 0.4706545 0.8066107740384615 0.4714070192307692 0.80818125 0.5163796081730769 0.8297306153846153 0.5156270865384616
1 0.7310710288461538 0.6497769783653846 0.7281874567307691 0.5672023100961538 0.6736113485576923 0.5691081490384615 0.676494920673077 0.6516828173076923 0.7310710288461538 0.6497769783653846
1 0.69097365625 0.7372296298076922 0.6866243052884615 0.6126805480769231 0.6129973100961539 0.6152516586538461 0.6173466586538462 0.7398007403846154 0.69097365625 0.7372296298076922
1 0.6234593653846154 0.8320185865384615 0.6179016201923078 0.6728655985576922 0.5111698028846153 0.6765927548076923 0.5167275480769231 0.8357457451923077 0.6234593653846154 0.8320185865384615
1 0.5393802259615385 0.974039423076923 0.5303281706730769 0.7148224254807692 0.020560771634615387 0.7326238966346155 0.029612826923076926 0.9918408918269231 0.5393802259615385 0.974039423076923
1 0.13064537259615386 0.11528093028846155 0.13249940865384616 0.1683735673076923 0.26085866826923076 0.16389116346153848 0.25900463221153847 0.1107985264423077 0.13064537259615386 0.11528093028846155
1 0.029599086538461536 0.17884611778846154 0.03133533653846154 0.22856581009615384 0.0832568125 0.22675267307692307 0.0815205625 0.17703297836538462 0.029599086538461536 0.17884611778846154
1 0.18690826442307693 0.21988110336538463 0.1882388076923077 0.2579828774038461 0.27045431971153844 0.2551118485576923 0.26912377644230767 0.21701007451923077 0.18690826442307693 0.21988110336538463
1 0.566488451923077 0 0.45960902644230767 0.0037323125000000004 0.46142380048076925 0.05570063461538462 0.7225146538461539 0.04658314182692307 0.7208879350961539 0 0.566488451923077 0
1 0.558353516826923 0.12273367067307692 0.5553303485576924 0.036161439903846154 0.36560224519230766 0.04278689182692308 0.3686254158653846 0.12935912259615384 0.558353516826923 0.12273367067307692
1 0.5746668221153846 0.010095728365384617 0.577367170673077 0.08742359375 0.7533536490384616 0.08127801201923077 0.7506533004807692 0.003950146634615384 0.5746668221153846 0.010095728365384617
1 0.6117333221153847 0.0597073485576923 0.6139058173076923 0.12191942788461539 0.7740425817307692 0.11632732932692308 0.7718700865384616 0.05411525 0.6117333221153847 0.0597073485576923
1 0.6454611826923077 0.09430133653846154 0.6473937403846153 0.14964260336538462 0.8046416418269231 0.14415138701923078 0.8027090817307693 0.0888101201923077 0.6454611826923077 0.09430133653846154
1 0.6948595504807693 0.14335724278846154 0.6960723076923077 0.17808607451923075 0.8244315673076923 0.17360367067307692 0.8232188100961538 0.13887483894230768 0.6948595504807693 0.14335724278846154
2 0.8111722860576923 0.1565560264423077 0.8243337596153846 0.5334512932692308 0.9327832788461539 0.5296641514423077 0.9196218052884616 0.15276888701923078 0.8111722860576923 0.1565560264423077
1 0.987292891826923 0.38930128846153844 0.9869220841346155 0.37868276201923073 0.97060390625 0.3792526033653846 0.9709747139423077 0.3898711322115384 0.987292891826923 0.38930128846153844
1 0.9465163557692308 0.37671670192307694 0.9470049495192308 0.39070817548076925 0.9661339134615384 0.3900401754807692 0.9656453197115386 0.37604870432692306 0.9465163557692308 0.37671670192307694
1 0.94659275 0.3900971875 0.9460692572115386 0.37510632451923076 0.9279552980769231 0.3757388798076923 0.9284787908653847 0.3907297403846154 0.94659275 0.3900971875