1 1 0.5344355432692308 0.9234674110576923 0.550703048076923 0.950351545673077 0.6771829663461539 1 0.6666298605769231 1 0.5344355432692308
1 0 0.30482979807692306 0.028102189903846157 0.29885649278846155 0.014847819711538462 0.2364995841346154 0 0.23965558653846156 0 0.30482979807692306
1 0 0.11356690865384615 0.07838492788461539 0.09690568028846153 0.07491973317307693 0.08060322115384616 0 0.0965279014423077 0 0.11356690865384615
1 0 0.1475029375 0.08910732932692308 0.12856259134615386 0.07960692067307693 0.08386668028846155 0 0.10078765384615385 0 0.1475029375
1 0 0.1365852548076923 0.005396740384615384 0.16197492067307692 0.09075540384615384 0.143831375 0.08183252644230768 0.10185254086538462 0 0.11924658173076923 0 0.1365852548076923
1 0.09794568269230769 0.17765897836538463 0.08844527163461538 0.1329630673076923 0.0015582548076923076 0.15143147355769232 0.011058663461538462 0.19612738461538462 0.09794568269230769 0.17765897836538463
1 0.10103758653846154 0.1997204567307692 0.09182594230769231 0.15638308413461538 0.0018822139423076921 0.1755012139423077 0.011093858173076924 0.21883858653846153 0.10103758653846154 0.1997204567307692
1 0.10890751923076923 0.2405031826923077 0.09796327884615384 0.1890145793269231 0.007255372596153845 0.20829513942307692 0.01819961298076923 0.25978374278846156 0.10890751923076923 0.2405031826923077
1 0.19481169471153845 0.19824708173076924 0.18415621875 0.14811701682692308 0.08504235817307691 0.1691843173076923 0.09569783173076923 0.21931438221153846 0.19481169471153845 0.19824708173076924
1 0.18740589182692308 0.1671631298076923 0.17877178125 0.12654283173076925 0.08271462980769231 0.1469604110576923 0.09134874038461538 0.18758070673076924 0.18740589182692308 0.1671631298076923
1 0.08297631009615383 0.11850643990384616 0.09106176442307692 0.15654551442307693 0.18490280048076924 0.13659898557692307 0.17681734615384614 0.09855991346153846 0.08297631009615383 0.11850643990384616
1 0.179212 0.10231066346153847 0.17259925480769228 0.07120013701923077 0.08257910817307691 0.09033450961538461 0.08919185336538461 0.12144503846153845 0.179212 0.10231066346153847
1 0.0798956875 0.08522521875 0.08278334855769232 0.09881060336538461 0.17203931730769229 0.0798386610576923 0.16915165625 0.06625327644230769 0.0798956875 0.08522521875
1 0.26636387019230773 0.051269853365384616 0.2640537403846154 0.040401545673076925 0.17181747836538463 0.06000696875 0.1741276081730769 0.07087527403846154 0.26636387019230773 0.051269853365384616
1 0.2733499086538461 0.07662136538461538 0.2678922259615385 0.050944990384615384 0.16877836538461538 0.07201229086538462 0.17423604567307693 0.09768866586538462 0.2733499086538461 0.07662136538461538
1 0.2851365360576923 0.09825463701923076 0.2802275096153846 0.07515948557692308 0.17423604567307693 0.09768866586538462 0.1791450721153846 0.1207838173076923 0.2851365360576923 0.09825463701923076
1 0.2923556923076923 0.13221809615384614 0.2851365360576923 0.09825463701923076 0.18220178365384615 0.12013409375 0.18942093990384615 0.15409755288461538 0.2923556923076923 0.13221809615384614
1 0.29839090625 0.16061154567307692 0.29177815865384615 0.12950101923076923 0.19190011778846155 0.15073075240384615 0.19851286538461538 0.18184127884615384 0.29839090625 0.16061154567307692
1 0.3251884110576923 0.28668390384615383 0.3153992355769231 0.2406294543269231 0.21475701923076923 0.2620216177884615 0.22454619471153844 0.30807606730769227 0.3251884110576923 0.28668390384615383
1 0.31843835096153844 0.22862412980769228 0.30778287740384613 0.17849406730769232 0.19414963701923077 0.2026475576923077 0.20480511057692308 0.25277762259615383 0.31843835096153844 0.22862412980769228
1 0.31808265625 0.24573874519230768 0.3114410336538462 0.21449236538461539 0.20621375 0.2368591153846154 0.21285537259615386 0.2681054951923077 0.31808265625 0.24573874519230768
1 0.3332449903846154 0.324587125 0.32287828365384613 0.27581559855769233 0.22300024278846153 0.29704533173076925 0.2333669495192308 0.34581685576923077 0.3332449903846154 0.324587125
1 0.34532038221153843 0.34757893509615384 0.33755257211538464 0.3110342548076923 0.23308946394230767 0.33323857211538466 0.2408572764423077 0.3697832548076923 0.34532038221153843 0.34757893509615384
1 0.35444750240384615 0.3980338605769231 0.34148189663461537 0.3370354903846154 0.2286128341346154 0.36102655048076926 0.2415784375 0.4220249206730769 0.35444750240384615 0.3980338605769231
1 0.3572506394230769 0.4187367980769231 0.34428503605769234 0.35773842548076923 0.24440699519230769 0.37896815865384614 0.25737259855769234 0.43996653124999996 0.3572506394230769 0.4187367980769231
1 0.3702736826923077 0.4428051057692307 0.35990697355769236 0.39403357932692307 0.25017103846153843 0.4173586706730769 0.26053774759615383 0.4661301995192308 0.3702736826923077 0.4428051057692307
1 0.3685857668269231 0.47582198557692307 0.3587965913461538 0.42976753605769236 0.2596827283653846 0.4508348389423077 0.2694719038461538 0.49688928846153846 0.3685857668269231 0.47582198557692307
1 0.38247510817307695 0.5039659086538462 0.3723971658653846 0.4565529182692308 0.25884034375 0.4806901658653846 0.2689182836538462 0.52810315625 0.38247510817307695 0.5039659086538462
1 0.3879616658653846 0.5297781370192308 0.37643989423076923 0.47557245673076926 0.27426931971153845 0.49728948076923074 0.28579109375 0.5514951634615385 0.3879616658653846 0.5297781370192308
1 0.4027091995192308 0.5690989831730769 0.39060989423076925 0.5121762283653847 0.2853826081730769 0.5345429783653846 0.29748191346153846 0.5914657331730769 0.4027091995192308 0.5690989831730769
1 0.41422465625 0.6007293197115385 0.4012590528846154 0.5397309471153846 0.2891541658653846 0.5635595769230769 0.3021197716346154 0.6245579471153846 0.41422465625 0.6007293197115385
1 0.3156946418269231 0.6470890432692307 0.3047504014423077 0.5956004399038461 0.19340969471153846 0.6192666370192307 0.20435393509615382 0.6707552403846153 0.3156946418269231 0.6470890432692307
1 0.18717023798076923 0.5823970937499999 0.19955831009615382 0.6406783894230769 0.3093706610576923 0.6173370528846154 0.2969825889423077 0.5590557572115384 0.18717023798076923 0.5823970937499999
1 0.29843273798076925 0.5884237956730769 0.28517836778846156 0.5260668870192308 0.18453614903846155 0.5474590504807693 0.19779051923076924 0.6098159615384615 0.29843273798076925 0.5884237956730769
1 0.17755011298076925 0.5221075384615385 0.18878311778846155 0.5749546778846154 0.28331191346153844 0.5548619615384616 0.27207890625000003 0.5020148221153846 0.17755011298076925 0.5221075384615385
1 0.2765970456730769 0.5195133894230769 0.26706775961538465 0.474681625 0.16795389903846153 0.4957489254807692 0.17748318509615385 0.5405806923076922 0.2765970456730769 0.5195133894230769
1 0.16123903125 0.4604003533653846 0.17247203605769232 0.5132474927884615 0.26707725 0.4931385336538462 0.2558442427884616 0.4402913942307692 0.16123903125 0.4604003533653846
1 0.2620661033653846 0.46580533653846157 0.24852296634615384 0.40208988942307694 0.14856850961538462 0.4233358653846154 0.1621116466346154 0.4870513125 0.2620661033653846 0.46580533653846157
1 0.14474130288461537 0.4015726730769231 0.15597431009615384 0.4544198149038462 0.25440041346153847 0.43349870192307693 0.24316740625 0.3806515600961538 0.14474130288461537 0.4015726730769231
1 0.24604378846153846 0.4054566875 0.23481078125000002 0.3526095480769231 0.13034767548076923 0.37481386778846154 0.14158068028846155 0.4276610072115385 0.24604378846153846 0.4054566875
1 0.1271730360576923 0.3301932908653846 0.14013863942307692 0.39119166105769226 0.24689428125000001 0.36850004807692305 0.23392867548076923 0.3075016778846154 0.1271730360576923 0.3301932908653846
1 0.22937069471153848 0.3382887740384615 0.2181088125 0.2853057788461538 0.11746659375 0.3066979423076923 0.12872847836538462 0.3596809375 0.22937069471153848 0.3382887740384615
1 0.10874795913461538 0.27319519951923077 0.1217135625 0.33419356971153846 0.22464831490384615 0.3123141129807693 0.21168271153846152 0.2513157427884615 0.10874795913461538 0.27319519951923077
1 0.21774680288461537 0.27984504807692306 0.20391489903846155 0.2147710625 0.1055652139423077 0.23567593269230772 0.11939711778846154 0.30074991826923075 0.21774680288461537 0.27984504807692306
1 0.11959007932692309 0.32044575721153845 0.10575817548076924 0.2553717692307692 0.022615629807692307 0.27304426442307694 0.036447533653846155 0.3381182524038462 0.11959007932692309 0.32044575721153845
1 0.1217135625 0.33419356971153846 0.11192438942307693 0.2881391225961539 0.022668420673076926 0.30711106490384615 0.03245759615384615 0.3531655120192308 0.1217135625 0.33419356971153846
1 0.12966802163461538 0.36785874519230766 0.11814624759615386 0.31365306490384615 0.02583356730769231 0.3332747307692308 0.03735534134615384 0.3874804110576923 0.12966802163461538 0.36785874519230766
1 0.13984987259615383 0.3898331225961539 0.13092699759615384 0.34785428846153843 0.03410566826923077 0.3684342956730769 0.04302854567307693 0.41041312980769235 0.13984987259615383 0.3898331225961539
1 0.14963905048076923 0.4358875721153846 0.13753974278846154 0.37896481490384615 0.05141690384615384 0.3972707908653846 0.06351620913461539 0.4541935456730769 0.14963905048076923 0.4358875721153846
1 0.15962615144230768 0.46784276923076923 0.14781561057692308 0.4122785480769231 0.056343526442307695 0.4317215408653846 0.0681540673076923 0.4872857596153847 0.15962615144230768 0.46784276923076923
1 0.16270677403846154 0.5011239879807692 0.1500299375 0.44148415625 0.06085038461538461 0.46043985576923074 0.07352722355769231 0.5200796875 0.16270677403846154 0.5011239879807692
1 0.16934839663461537 0.5323703701923077 0.15811539182692308 0.47952323076923076 0.06740748557692308 0.4988037908653846 0.07864049038461539 0.5516509302884616 0.16934839663461537 0.5323703701923077
1 0.1770140889423077 0.5646770048076923 0.16491478365384615 0.50775425 0.07038598798076923 0.5278469639423077 0.08248529326923076 0.5847697211538462 0.1770140889423077 0.5646770048076923
1 0.18210975961538461 0.5848926490384615 0.17289811778846154 0.5415552764423077 0.08524692307692307 0.5601861129807693 0.09445856490384616 0.603523485576923 0.18210975961538461 0.5848926490384615
1 0.1985722932692308 0.6210091274038461 0.18705052163461539 0.5668034495192308 0.08946501442307693 0.587545889423077 0.1009867860576923 0.6417515673076923 0.1985722932692308 0.6210091274038461
1 0.20348131971153846 0.6441042788461538 0.19282584615384615 0.5939742163461539 0.0952403389423077 0.6147166538461538 0.1058958125 0.66484671875 0.20348131971153846 0.6441042788461538
1 0.22262727403846153 0.6853300480769231 0.21052796875 0.6284072932692308 0.11447081730769232 0.6488248701923076 0.12657012259615386 0.7057476274038461 0.22262727403846153 0.6853300480769231
1 0.11628011778846153 0.7249738461538461 0.10649094230769231 0.6789193966346154 0.03404688461538462 0.6943178557692308 0.043836060096153845 0.7403723052884617 0.11628011778846153 0.7249738461538461
1 0.023771019230769234 0.6610041201923077 0.03587032451923077 0.7179268774038461 0.10907855769230769 0.7023659855769231 0.09697925240384617 0.6454432307692308 0.023771019230769234 0.6610041201923077
1 0.10275457692307693 0.6726139975961538 0.09094403846153847 0.6170497788461538 0.01849998076923077 0.6324482403846154 0.030310521634615388 0.6880124567307693 0.10275457692307693 0.6726139975961538
1 0.01175623798076923 0.5969638125000001 0.024721841346153847 0.6579621826923077 0.0941091875 0.6432134471153846 0.08114358413461538 0.582215076923077 0.01175623798076923 0.5969638125000001
1 0.08223171875 0.6061223822115385 0.0715762451923077 0.5559923173076923 0.008302322115384616 0.5694416057692308 0.018957798076923077 0.6195716706730768 0.08223171875 0.6061223822115385
1 0.0024248774038461538 0.5380327932692308 0.012214052884615384 0.5840872427884615 0.08160139903846154 0.5693385072115384 0.07181222355769232 0.5232840576923077 0.0024248774038461538 0.5380327932692308
1 0 0.5191094374999999 0.007129661057692308 0.5526518533653846 0.06734687259615385 0.5398522908653847 0.05726893028846154 0.4924393004807692 0 0.5046121899038462 0 0.5191094374999999
1 0 0.5215092067307693 0.06452613942307692 0.5077937524038462 0.05531449519230769 0.4644563798076923 0 0.47621383894230773 0 0.5215092067307693
1 0 0.5017723557692307 0.06738988942307692 0.4874481923076923 0.054713050480769236 0.42780835817307694 0 0.43943797596153844 0 0.5017723557692307
1 0 0.4634345817307692 0.060357377403846155 0.45060522596153846 0.04739177403846154 0.3896068533653846 0 0.3996802860576923 0 0.4634345817307692