1 0.9850084134615386 0.7155960504807692 0.981246451923077 0.5000733245192308 0.6552804807692307 0.5057630817307692 0.6590424423076923 0.7212858076923077 0.9850084134615386 0.7155960504807692
1 0.9889610697115384 0.7898439302884616 0.9850318557692308 0.5647393317307693 0.663127764423077 0.5703581875 0.6670569807692307 0.7954627884615384 0.9889610697115384 0.7898439302884616
1 0.6746455817307692 0.6214149519230769 0.6728761033653845 0.5200415048076923 0.4914193677884615 0.52320884375 0.4931888485576923 0.6245822908653846 0.6746455817307692 0.6214149519230769
1 0.5183120168269231 0.5642735336538461 0.5170055096153846 0.48942382211538465 0.4067098125 0.49134904086538456 0.40801631730769233 0.5661987524038461 0.5183120168269231 0.5642735336538461
1 0.41272741826923076 0.5272217067307692 0.4120559855769231 0.48875534375 0.37253075480769227 0.4894452596153846 0.37320218749999995 0.5279116225961539 0.41272741826923076 0.5272217067307692
1 0.3640207283653846 0.49431674519230767 0.3644255264423077 0.5175076562500001 0.3784858846153846 0.5172622331730768 0.37808108653846156 0.49407131971153845 0.3640207283653846 0.49431674519230767
1 0.3682056826923077 0.5057732283653846 0.3678372451923077 0.4846653341346154 0.35658895673076924 0.4848616730769231 0.3569573966346154 0.5059695673076923 0.3682056826923077 0.5057732283653846
1 0.3495690216346154 0.4810947235576923 0.34999563461538463 0.5055354471153847 0.3563227956730769 0.5054250048076923 0.35589618269230766 0.48098428365384616 0.3495690216346154 0.4810947235576923
1 0.3492640769230769 0.49943617307692306 0.34889563701923076 0.47832827884615386 0.3395220649038461 0.4784918942307692 0.33989050480769234 0.49959979086538464 0.3492640769230769 0.49943617307692306
1 0.48219486778846155 0.16484303125000002 0.4812616490384615 0.11137895192307692 0.36479501442307694 0.11341188461538462 0.3657282331730769 0.1668759639423077 0.48219486778846155 0.16484303125000002
1 0.45655915384615386 0.20474095673076922 0.45577621874999996 0.15988667548076924 0.3490737211538461 0.16174917548076923 0.34985665625 0.20660345673076924 0.45655915384615386 0.20474095673076922
1 0.45917348076923076 0.22469837019230768 0.4585674951923077 0.18998143509615384 0.34280387980769234 0.19200209615384617 0.34340986538461543 0.22671903125 0.45917348076923076 0.22469837019230768
1 0.4188845625 0.2622127764423077 0.4184046201923077 0.23471696634615385 0.32818398798076925 0.23629177403846152 0.3286639302884616 0.2637875841346154 0.4188845625 0.2622127764423077
1 0.4122082475961539 0.0050679062499999995 0.41368200721153847 0.08949949038461538 0.6084960817307692 0.08609899759615385 0.6070223221153846 0.0016674158653846153 0.4122082475961539 0.0050679062499999995
1 0.7147785408653846 0.14522534374999999 0.7134017403846153 0.06634846875 0.5707672163461539 0.06883816346153847 0.5721440168269231 0.14771503846153847 0.7147785408653846 0.14522534374999999
1 0 0.12366888461538461 0.05592556971153846 0.12269270192307692 0.05397187019230769 0.010765307692307692 0 0.011707389423076923 0 0.12366888461538461
1 0 0.20229197115384615 0.09174540144230768 0.20069055048076923 0.08912511538461539 0.05057452644230769 0 0.052130211538461535 0 0.20229197115384615
1 0.10930138221153846 0.23955674278846154 0.10736707451923078 0.12874028846153845 0.005351365384615384 0.13052098076923077 0.007285673076923077 0.24133743509615385 0.10930138221153846 0.23955674278846154
1 0.13213410096153846 0.24499241586538462 0.13082517067307692 0.1700038389423077 0.022950978365384615 0.1718867908653846 0.024259908653846154 0.24687536778846153 0.13213410096153846 0.24499241586538462
1 0.14431834134615384 0.2760345 0.14302637740384616 0.20201799759615383 0.039760858173076924 0.20382050480769232 0.04105282211538462 0.2778370072115385 0.14431834134615384 0.2760345
1 0.16205376923076922 0.28489299278846153 0.16112782211538462 0.2318455144230769 0.07278190384615385 0.2333875985576923 0.07370785096153845 0.2864350745192308 0.16205376923076922 0.28489299278846153
1 0.11163724038461538 0.6777771610576924 0.11007621875000001 0.5883463437500001 0.014778235576923076 0.5900097740384616 0.016339257211538463 0.67944059375 0.11163724038461538 0.6777771610576924
1 0.03579599519230769 0.76453065625 0.03443616346153846 0.6866258533653846 0.003581487980769231 0.6871644254807693 0.004941322115384616 0.7650692259615385 0.03579599519230769 0.76453065625
1 0.14688336298076923 0.5975664831730769 0.14613678846153846 0.5547952211538462 0.09981571875 0.5556037572115384 0.10056229567307692 0.5983750216346154 0.14688336298076923 0.5975664831730769
1 0.16153257692307693 0.5728626129807692 0.16094840625 0.5393954879807692 0.1408733389423077 0.5397458990384615 0.1414575096153846 0.5732130240384615 0.16153257692307693 0.5728626129807692
1 0.17196204326923076 0.5615677620192308 0.1714360480769231 0.5314334639423077 0.15706323798076924 0.5316843413461538 0.1575892331730769 0.5618186418269231 0.17196204326923076 0.5615677620192308
1 0.18266518028846154 0.5480455745192307 0.18216827163461538 0.5195776899038461 0.16529584134615385 0.5198721995192307 0.16579275000000002 0.5483400841346154 0.18266518028846154 0.5480455745192307
1 0.19064162740384616 0.5349877115384616 0.19028288461538462 0.5144352860576923 0.18051874759615386 0.5146057211538462 0.18087749038461537 0.5351581442307692 0.19064162740384616 0.5349877115384616
1 0.12998749038461538 0.014578120192307694 0.13067346634615384 0.05387768990384615 0.17238586298076924 0.05314959855769231 0.17169988701923078 0.013850028846153847 0.12998749038461538 0.014578120192307694
2 0.21802787259615386 0.35364880288461537 0.22040576442307694 0.4898780504807692 0.25516609375 0.4892713076923077 0.25278820432692306 0.35304205769230773 0.21802787259615386 0.35364880288461537