1 0.6414956057692307 0.2224875793269231 0.6552246730769231 0.16742329807692308 0.5820734711538461 0.14918465384615384 0.5683444038461538 0.2042489375 0.6414956057692307 0.2224875793269231
1 0.5714184735576923 0.19934701442307692 0.5834843293269231 0.15095351442307692 0.5506610432692308 0.14276975 0.5385951899038461 0.19116324999999998 0.5714184735576923 0.19934701442307692
1 0.5389278317307692 0.18982909374999998 0.5486651875 0.15077468990384615 0.4915087043269231 0.13652397836538463 0.48177134855769227 0.17557838221153846 0.5389278317307692 0.18982909374999998
1 0.5665130144230769 0.6879230721153846 0.6020452932692307 0.5454108870192308 0.3725855144230769 0.48820013942307694 0.33705323557692307 0.6307123245192308 0.5665130144230769 0.6879230721153846
1 0.4081618798076923 0.607088329326923 0.43229358894230774 0.5103013293269231 0.22466546394230769 0.45853382451923075 0.2005337548076923 0.5553208221153846 0.4081618798076923 0.607088329326923
1 0.0929389326923077 0.4356103677884615 0.07718376923076924 0.4988008774038461 0.19816751923076922 0.5289655144230769 0.21392268269230771 0.46577500480769235 0.0929389326923077 0.4356103677884615
1 0 0.4682200528846154 0.11259239182692307 0.4962924879807692 0.13539353125 0.4048421153846154 0.01774517307692308 0.37550908653846155 0 0.44668109375 0 0.4682200528846154
1 0.22088982692307693 0 0.35610876442307693 0.03371386778846154 0.364514576923077 0 0.22088982692307693 0
1 0.38593201442307695 0 0.3829860552884616 0.01181560096153846 0.5872029855769231 0.06273260096153846 0.599934125 0.011670788461538462 0.5531251490384615 0 0.38593201442307695 0
1 0.8195139759615385 0.3138942908653846 0.82882796875 0.27653790625 0.7518107451923076 0.2573353557692308 0.7424967524038462 0.2946917403846154 0.8195139759615385 0.3138942908653846
1 0.5907364374999999 0.25685364423076923 0.5984174567307693 0.2260467548076923 0.5395174735576923 0.21136134134615384 0.5318364543269231 0.24216823076923077 0.5907364374999999 0.25685364423076923