1 0.49640409855769235 0.61262346875 0.5011321778846154 0.5741163557692308 0.45238368509615384 0.5681307932692308 0.44765560817307687 0.60663790625 0.49640409855769235 0.61262346875
1 0.5429568028846155 0.6044395192307692 0.5460035360576924 0.5796258653846154 0.4980304711538462 0.5737355144230769 0.4949837379807692 0.5985491682692308 0.5429568028846155 0.6044395192307692
1 0.5453973725961538 0.5781521177884615 0.542181375 0.6043443076923076 0.5862773052884616 0.6097586081730769 0.5894933004807692 0.5835664182692308 0.5453973725961538 0.5781521177884615
1 0.9074683076923077 0.33500210096153843 0.915739625 0.267637625 0.712215971153846 0.24264806249999998 0.7039446538461539 0.3100125384615385 0.9074683076923077 0.33500210096153843
1 0.7295635408653846 0.1847006394230769 0.7172299134615384 0.28514998557692306 0.9199264471153845 0.31003799038461544 0.932260076923077 0.20958864423076923 0.7295635408653846 0.1847006394230769
1 1 0.11006519230769231 0.7845845048076924 0.08361549519230768 0.7641488221153847 0.25005078125 0.9981208990384616 0.27877893990384617 1 0.2634748894230769 1 0.11006519230769231
1 1 0.07153727163461539 0.84672984375 0.052718062499999996 0.8327261538461539 0.16676896875 1 0.18730761298076923 1 0.07153727163461539
1 0.925880423076923 0.9333728028846154 0.9416444495192308 0.8049851201923077 0.7277300745192308 0.7787197379807692 0.7119660480769231 0.9071074206730769 0.925880423076923 0.9333728028846154
1 0.7009461225961539 0.74641853125 0.6928440697115386 0.8124044711538462 0.7253086009615385 0.8163906129807692 0.7334106538461539 0.7504046754807692 0.7009461225961539 0.74641853125
1 0.7062335889423077 0.7721622067307692 0.7133313485576923 0.7143555841346154 0.67807528125 0.7100266850961539 0.6709775216346153 0.7678333076923077 0.7062335889423077 0.7721622067307692
1 0.6661817403846153 0.7068871586538462 0.6627287764423078 0.7350092980769231 0.6794779927884615 0.7370658437500001 0.6829309567307693 0.7089437043269231 0.6661817403846153 0.7068871586538462
1 0.6769746394230769 0.7266833725961538 0.6830568221153845 0.67714796875 0.6477490600961539 0.6728127211538462 0.6416668774038462 0.722348125 0.6769746394230769 0.7266833725961538
1 0.27537248076923077 0.6562897524038462 0.27962662259615384 0.6216425408653846 0.23599594951923078 0.6162853677884615 0.23174180528846153 0.6509325793269232 0.27537248076923077 0.6562897524038462
1 0.2658794879807692 0.6032560600961538 0.2612191129807692 0.6412117596153847 0.3373143173076923 0.650555076923077 0.3419746923076923 0.6125993774038462 0.2658794879807692 0.6032560600961538
1 0.22415469471153845 0.35287888942307694 0.2280364591346154 0.3212644543269231 0.12438775721153845 0.30853799519230773 0.12050599278846154 0.3401524278846154 0.22415469471153845 0.35287888942307694
1 0 0.9033682716346154 0.12254869711538462 0.918415358173077 0.14213806490384615 0.7588727548076922 0 0.7414203942307692 0 0.9033682716346154
1 0.3088326538461538 0 0.3029633269230769 0.04780183894230769 0.35259063461538465 0.05389530528846154 0.3589210697115384 0.002338048076923077 0.3398792019230769 0 0.3088326538461538 0
1 0.6139788605769231 0.2546543533653846 0.6212910216346154 0.1951015841346154 0.5767815288461539 0.18963650480769229 0.5694693677884616 0.24918927403846156 0.6139788605769231 0.2546543533653846
1 0.3195727764423077 0.42793727163461537 0.3256549591346154 0.3784018653846154 0.2820242860576923 0.37304469230769227 0.2759421033653846 0.4225800985576923 0.3195727764423077 0.42793727163461537