1 0.8861098317307692 0.39491662740384614 0.9035595673076924 0.3249295552884615 0.6947943774038462 0.2728785480769231 0.6773446418269231 0.34286561778846153 0.8861098317307692 0.39491662740384614
1 0.7722807908653846 0.40365703605769226 0.7853624951923077 0.3511891923076923 0.6477017884615385 0.31686652403846155 0.6346200841346155 0.36933436778846157 0.7722807908653846 0.40365703605769226
1 0.6990913413461539 0.42701511057692304 0.7088578173076924 0.38784391346153846 0.6111712716346154 0.36348792307692307 0.6014047956730769 0.40265912019230765 0.6990913413461539 0.42701511057692304
1 1 0.11708678846153846 0.8755168581730769 0.08604965625000001 0.8413341899038461 0.2231488485576923 1 0.2627086778846154 1 0.11708678846153846
1 0.7809254038461538 1 0.797604735576923 0.9331028485576923 0.6968354831730769 0.9079782524038461 0.6738918846153846 1 0.7809254038461538 1
1 0.7816859423076923 0.97369834375 0.82191665625 0.8123417572115385 0.6612619639423076 0.7722860432692307 0.6210312475961538 0.9336426298076923 0.7816859423076923 0.97369834375
1 0.6167772163461538 0.7674929447115384 0.5958106514423077 0.8515852427884615 0.6424555961538462 0.8632151346153846 0.6634221610576923 0.7791228365384615 0.6167772163461538 0.7674929447115384
1 0.6433045721153847 0.7941466682692307 0.6579766874999999 0.7353000288461539 0.5970299879807692 0.7201043100961539 0.5823578725961538 0.7789509495192307 0.6433045721153847 0.7941466682692307
1 0.6189828173076923 0.7573550192307692 0.6343493389423076 0.6957232716346154 0.5876033197115385 0.6840681802884615 0.5722368004807692 0.7456999278846154 0.6189828173076923 0.7573550192307692
1 0.57333271875 0.6765021778846154 0.5642382475961538 0.7129781105769231 0.57944965625 0.7167707403846154 0.5885441274038462 0.6802948076923077 0.57333271875 0.6765021778846154
1 0.5663619182692308 0.6975712620192307 0.5761283942307692 0.6584000625 0.5640502355769231 0.655388639423077 0.5542837596153846 0.6945598365384615 0.5663619182692308 0.6975712620192307
1 0.556515204326923 0.6365239038461539 0.5477567355769231 0.6716522043269231 0.5584198798076924 0.6743108245192307 0.5671783485576923 0.6391825240384615 0.556515204326923 0.6365239038461539
1 0.5570316754807693 0.6630860072115384 0.5661933461538461 0.6263405480769231 0.5497690721153846 0.6222455168269231 0.5406073990384616 0.6589909759615384 0.5570316754807693 0.6630860072115384
1 0.54296690625 0.6170187403846155 0.5368964567307692 0.6413659759615384 0.5472563870192307 0.6439489951923077 0.5533268341346154 0.6196017620192307 0.54296690625 0.6170187403846155
1 0.16338801682692308 0.8754596875 0.19524106490384613 0.7477040841346153 0.12211513221153845 0.7294717427884615 0.09026208173076923 0.8572273461538462 0.16338801682692308 0.8754596875
1 0.11020239903846153 0.9169742307692308 0.13423778846153847 0.8205735528846153 0.06050541826923077 0.8021900096153847 0.03647003125 0.8985906874999999 0.11020239903846153 0.9169742307692308
1 0.22384928125 0.8155286057692308 0.2501022860576923 0.7102335504807692 0.20345734134615384 0.6986036610576923 0.17720433653846154 0.803898716346154 0.22384928125 0.8155286057692308
1 0.2687710456730769 0.7567807331730769 0.28837119951923074 0.6781688100961538 0.2577462403846154 0.6705331490384616 0.23814608653846153 0.7491450721153845 0.2687710456730769 0.7567807331730769
1 0.2981043461538462 0.719434420673077 0.31284366105769235 0.6603182548076922 0.2861099903846154 0.6536528028846154 0.27137067548076926 0.71276896875 0.2981043461538462 0.719434420673077
1 0.31950345432692306 0.6801098918269232 0.33054674038461535 0.6358176899038461 0.3147794350961538 0.6318864591346153 0.3037361490384615 0.6761786610576923 0.31950345432692306 0.6801098918269232
1 0.3322990240384615 0.6634513317307692 0.34092309134615384 0.6288620865384615 0.3284911778846154 0.6257624615384615 0.3198671105769231 0.6603517067307692 0.3322990240384615 0.6634513317307692
1 0.34725974519230773 0.6437063701923077 0.3544054014423077 0.6150467091346153 0.3422261658653846 0.6120100841346153 0.33508050961538466 0.6406697475961539 0.34725974519230773 0.6437063701923077
1 0.35802263461538464 0.6354157331730769 0.3681251129807693 0.5948969014423077 0.34533327163461536 0.5892142572115385 0.3352307908653846 0.6297330889423077 0.35802263461538464 0.6354157331730769
1 0.22860231009615387 0.21733550240384616 0.21603581249999998 0.26773697596153845 0.3906385048076923 0.31127031490384616 0.40320500240384616 0.26086884375 0.22860231009615387 0.21733550240384616
1 0.34840476442307694 0.2793645721153846 0.3735601610576923 0.17847178365384617 0.16934323317307692 0.12755478365384615 0.14418783653846154 0.2284475721153846 0.34840476442307694 0.2793645721153846
1 0.4086297644230769 0.3695769735576923 0.4190906466346154 0.32762066826923075 0.3306522355769231 0.3055704951923077 0.3201913533653846 0.3475268004807692 0.4086297644230769 0.3695769735576923
1 0.4173568942307692 0.39141089182692307 0.42692176923076924 0.35304827644230774 0.35126902403846155 0.3341859278846154 0.3417041490384615 0.37254854567307694 0.4173568942307692 0.39141089182692307
1 0.6310038221153846 0.22624622115384613 0.6377910745192307 0.1990240360576923 0.5961997548076924 0.18865415384615383 0.5894125024038461 0.2158763389423077 0.6310038221153846 0.22624622115384613
1 0.09005815625000001 0.18870905048076925 0.09917502644230769 0.15214327644230768 0.07729283653846154 0.1466874326923077 0.06817596634615385 0.18325320673076922 0.09005815625000001 0.18870905048076925
1 0.13865501923076923 0.2067833605769231 0.13937656971153844 0.21092993990384615 0.18521612740384616 0.2621856923076923 0.24341751201923076 0.3314386033653846 0.25215358173076924 0.2964001442307692 0.2705487716346154 0.30098658173076925 0.28020789423076925 0.3406114759615385 0.2889439615384615 0.30557301682692306 0.27317665625000004 0.3016417860576923 0.18327608173076923 0.2598772596153846 0.14059506490384616 0.20909179086538462 0.14056377884615384 0.20616830288461538 0.14887424519230769 0.17283684855769232 0.10501411057692309 0.16190128846153848 0.10373418749999999 0.16523161298076922 0.10179414182692306 0.16292318028846153 0.10243410336538461 0.16125801923076924 0.09985409375 0.16061475240384615 0.09035642067307692 0.19870784375 0.1367965625 0.2102866706730769 0.13865501923076923 0.2067833605769231
1 0.22628452403846153 0.2808846826923077 0.21815325961538462 0.3134973990384615 0.24615033413461537 0.3204778533653846 0.2542815985576923 0.2878651370192308 0.22628452403846153 0.2808846826923077
1 0.24352733653846154 0.4074260264423077 0.24758176923076924 0.3911645889423077 0.23444234855769233 0.3878885649038461 0.23038791586538462 0.40414999999999995 0.24352733653846154 0.4074260264423077
1 0.8724734951923078 0.47587433894230774 0.8803807572115385 0.44416004326923075 0.8442978846153846 0.4351635745192307 0.8363906225961538 0.4668778701923077 0.8724734951923078 0.47587433894230774
1 0.77625703125 0.4856661057692308 0.7822378774038461 0.46167823798076923 0.7337230913461539 0.44958214423076925 0.7277422451923077 0.47357001201923077 0.77625703125 0.4856661057692308