1 0.2819962019230769 0 0.27293999278846154 0.0644382764423077 0.4759449471153846 0.09296876201923077 0.48901085576923076 0 0.2819962019230769 0
1 0.2016833533653846 0 0.20073546875 0.006744543269230769 0.28722919711538464 0.018900444711538462 0.28988548076923076 0 0.2016833533653846 0
1 0.29272017067307693 0.23075416346153846 0.3001040769230769 0.17821493990384615 0.17523746153846156 0.16066608173076924 0.16785355528846152 0.21320530528846152 0.29272017067307693 0.23075416346153846
1 0.4150681033653846 0.19549411298076924 0.4215048581730769 0.1496942139423077 0.32565000480769235 0.13622269230769232 0.3192132475961538 0.18202259134615384 0.4150681033653846 0.19549411298076924
1 0.1937989254807692 0.5585100168269231 0.20338640624999998 0.4902915504807692 0.17398782451923075 0.4861598485576923 0.16440034374999998 0.5543783173076923 0.1937989254807692 0.5585100168269231
1 0.2239331466346154 0.5708798269230769 0.23305671634615385 0.5059622548076923 0.19661794471153846 0.5008411201923078 0.187494375 0.5657586923076923 0.2239331466346154 0.5708798269230769
1 0.31205431009615386 0.6169253701923078 0.32664815625000004 0.5130847596153847 0.22390784375 0.49864555048076925 0.20931399759615385 0.6024861610576923 0.31205431009615386 0.6169253701923078
1 0.28309405528846154 0.5338923653846154 0.26596803365384614 0.6557503533653846 0.3376851033653846 0.6658295288461538 0.32747907451923075 0.7384491875 0.6565111129807693 0.784691625 0.6842877451923077 0.5870506225961538 0.3552557067307692 0.5408081850961538 0.354811125 0.5439715432692307 0.28309405528846154 0.5338923653846154
1 0.8841722524038461 0.5361796514423077 0.8928899014423077 0.4741503605769231 0.8067056346153846 0.4620379519230769 0.7979879855769231 0.5240672427884616 0.8841722524038461 0.5361796514423077
1 0.8774224495192308 0.30409271634615387 0.8826607692307692 0.2668201298076923 0.8232446850961538 0.2584697427884616 0.8180063653846154 0.2957423317307692 0.8774224495192308 0.30409271634615387
1 1 0.43702927884615383 0.9885083557692307 0.4354142331730769 0.9847584134615384 0.4620964567307692 1 0.4642385216346154 1 0.43702927884615383