1 0.4797151346153846 0.9227754807692308 0.5155734855769231 0.7194126778846154 0.3680061971153846 0.6933925841346155 0.3321478485576923 0.8967553846153845 0.4797151346153846 0.9227754807692308
1 0.3238550697115385 0.9685307884615385 0.3505751826923077 0.8169934951923078 0.13907233173076922 0.7796998365384616 0.11235221634615386 0.9312371298076924 0.3238550697115385 0.9685307884615385
1 0.5927346538461539 0.8203449639423077 0.619454766826923 0.668807670673077 0.5000468269230769 0.647752829326923 0.4733267139423077 0.7992901225961538 0.5927346538461539 0.8203449639423077
1 0.7042803197115385 0.6767836466346153 0.7172822259615385 0.6030461658653846 0.5952583918269231 0.5815300721153845 0.5822564831730769 0.6552675504807692 0.7042803197115385 0.6767836466346153
1 0.73331865625 0.6565182235576923 0.7448662596153847 0.5910285072115384 0.6834696514423076 0.5802026298076923 0.671922048076923 0.6456923437500001 0.73331865625 0.6565182235576923
1 0.7615659038461539 0.6362402379807693 0.7733739807692307 0.5692733100961539 0.6999750288461539 0.5563310961538461 0.6881669519230769 0.6232980216346153 0.7615659038461539 0.6362402379807693
1 0.7842020432692307 0.6275387668269231 0.7969651850961538 0.5551553966346154 0.7210272740384615 0.5417654951923077 0.7082641322115385 0.6141488653846154 0.7842020432692307 0.6275387668269231
1 0.5940343485576923 0.013944620192307692 0.5842015216346154 0.06970935817307691 0.8230174014423077 0.1118190408653846 0.8328502283653846 0.05605430288461539 0.5940343485576923 0.013944620192307692
1 0.8369186875 0.17874980288461537 0.8529594374999999 0.08777818750000001 0.6403794519230769 0.05029460096153847 0.6243387019230769 0.14126621634615383 0.8369186875 0.17874980288461537
1 0.8481817331730769 0.21475257451923074 0.8616177620192308 0.13855307451923077 0.6468835072115385 0.10068963221153847 0.6334474807692309 0.17688913221153849 0.8481817331730769 0.21475257451923074
1 0.8691875552884615 0.22429517067307694 0.8780001995192308 0.17431617788461537 0.7372804038461538 0.14950348076923076 0.7284677596153847 0.1994824735576923 0.8691875552884615 0.22429517067307694
1 0.8827232836538462 0.2595563221153846 0.8895389735576923 0.22090261778846154 0.7281997668269231 0.1924541610576923 0.7213840745192308 0.2311078653846154 0.8827232836538462 0.2595563221153846