1 0.8974534615384615 0.17832895432692306 0.8957593798076923 0.12981685817307692 0.7627935552884615 0.13446012499999999 0.7644876346153846 0.1829722235576923 0.8974534615384615 0.17832895432692306
1 0.780102375 0.21150716105769232 0.7781683629807692 0.15612425 0.6846316274038462 0.159390625 0.6865656418269231 0.2147735360576923 0.780102375 0.21150716105769232
1 0.6664732283653846 0.2348619879807692 0.6648300432692308 0.1878073341346154 0.5547408966346153 0.1916517331730769 0.5563840817307693 0.23870638461538463 0.6664732283653846 0.2348619879807692
1 0.6246134182692308 0.3009464615384615 0.6239117932692307 0.28085454326923076 0.5710533870192308 0.2827003990384615 0.5717550120192307 0.3027923173076923 0.6246134182692308 0.3009464615384615
1 0.8772530721153846 0.2736753533653846 0.874646514423077 0.19903335096153846 0.7939144735576923 0.20185257451923075 0.7965210312500001 0.27649457692307694 0.8772530721153846 0.2736753533653846
1 0.6635048076923076 0.2931260769230769 0.6628904302884616 0.27553263221153845 0.626194048076923 0.2768140985576923 0.6268084254807692 0.2944075432692308 0.6635048076923076 0.2931260769230769
1 0.4429664495192308 0.2860267620192308 0.4419267331730769 0.2562532427884615 0.36330278365384616 0.2589988533653846 0.36434249759615384 0.28877237019230767 0.4429664495192308 0.2860267620192308
1 0.34022971634615384 0.3011839543269231 0.33929179326923076 0.27432532692307693 0.3039227283653846 0.27556044230769233 0.3048606514423077 0.3024190697115384 0.34022971634615384 0.3011839543269231
1 0.24361580528846155 0.17156010336538463 0.24039123798076922 0.0792205528846154 0.012717514423076922 0.08717109615384616 0.01594208173076923 0.17951064423076923 0.24361580528846155 0.17156010336538463
1 0 0.19851609375 0.237310375 0.19022903125 0.23505281490384616 0.1255809375 0 0.1337891610576923 0 0.19851609375
1 0.003970180288461538 0.5552615216346154 0.00564971875 0.6033572043269231 0.017049021634615386 0.6029591322115384 0.015369483173076922 0.5548634495192307 0.003970180288461538 0.5552615216346154
1 0.041045394230769236 0.6342240504807692 0.03903140144230769 0.5765508701923077 0.01732588221153846 0.57730884375 0.019339875000000003 0.6349820240384615 0.041045394230769236 0.6342240504807692
1 0.07189043509615385 0.6556606322115385 0.06967649759615385 0.5922617764423077 0.03540051682692308 0.5934587211538461 0.03761445192307693 0.6568575769230769 0.07189043509615385 0.6556606322115385
1 0.13226947596153846 0.6968076658653846 0.1292484903846154 0.6102978966346154 0.06553732451923076 0.6125227403846154 0.0685583125 0.6990325096153847 0.13226947596153846 0.6968076658653846
1 0.2258987548076923 0.7409627836538462 0.22236881490384613 0.6398785649038461 0.10455000721153847 0.6439928870192309 0.10807994471153846 0.7450771081730768 0.2258987548076923 0.7409627836538462
1 0.34496111298076926 0.8284233461538462 0.33960258653846154 0.6749752139423078 0.14136404807692307 0.6818978557692308 0.14672257451923076 0.8353459879807693 0.34496111298076926 0.8284233461538462
1 0.39736156730769234 0.9634476826923077 0.38928015144230765 0.7320262451923077 0.22477105288461538 0.7377710288461539 0.23285246634615384 0.9691924687500001 0.39736156730769234 0.9634476826923077
1 0.43709328125 1 0.549764625 0.9960654302884616 0.5438426153846154 0.826481298076923 0.31952622115384616 0.8343145985576924 0.3253120841346154 1 0.43709328125 1