1 0.8495880721153846 0.8482351778846154 0.802979 0.6084522884615384 0.24659577884615386 0.7166022307692308 0.2932048509615385 0.9563851201923076 0.8495880721153846 0.8482351778846154
1 0.38491409375 1 0.8695320985576923 0.9057998028846155 0.8344510697115385 0.7253235552884616 0.2696319903846154 0.8351132620192309 0.30168272596153844 1 0.38491409375 1
1 0.3808189375 0.7941875384615386 0.35148205288461537 0.643262358173077 0.13115276442307694 0.6860900336538461 0.16048964903846155 0.8370152139423077 0.3808189375 0.7941875384615386
1 0.21312480288461538 0.7266101682692307 0.19831723076923075 0.6504318076923077 0.05651811538461538 0.6779947644230769 0.07132568990384615 0.754173125 0.21312480288461538 0.7266101682692307
1 0.024494579326923078 0.6602372211538461 0.03322011538461538 0.7051262139423078 0.07708657932692307 0.6965994350961539 0.06836104326923077 0.6517104447115384 0.024494579326923078 0.6602372211538461
1 0 0.18291203365384617 0.32485514182692304 0.1197665889423077 0.3073841923076923 0.029886350961538462 0 0.08963578605769232 0 0.18291203365384617
1 0 0.21899158173076924 0.24556720192307693 0.17125815384615384 0.22581051923076922 0.06961883894230769 0 0.11351195673076922 0 0.21899158173076924
1 0 0.27077634615384616 0.2429196298076923 0.22355755528846155 0.22354059134615384 0.12386104326923077 0 0.1673129326923077 0 0.27077634615384616
1 0.3548388173076923 0.19172161778846153 0.3405480168269231 0.11820183173076923 0.2539654326923077 0.13503178124999998 0.2682562307692308 0.2085515673076923 0.3548388173076923 0.19172161778846153
1 0.28960267067307693 0.23156801682692307 0.27952557211538465 0.17972583173076923 0.22492256009615386 0.1903395817307692 0.23499965865384614 0.24218176682692308 0.28960267067307693 0.23156801682692307
1 0.36231022115384615 0.26168560817307696 0.34853619711538464 0.19082439423076922 0.1930863293269231 0.22104078846153846 0.2068603533653846 0.291902 0.36231022115384615 0.26168560817307696
1 0.2386131658653846 0.3700923557692307 0.23479698557692308 0.35045981249999997 0.21263368509615385 0.3547679206730769 0.2164498653846154 0.37440046634615387 0.2386131658653846 0.3700923557692307
1 0.33601319951923075 0.37492976442307696 0.3319386322115384 0.3539679350961539 0.29551106250000003 0.36104873798076925 0.29958562740384614 0.3820105673076923 0.33601319951923075 0.37492976442307696