1 1 0.010410896634615384 0.7733426875 0.006454576923076923 0.7720159807692308 0.08246151923076923 1 0.08644099519230769 1 0.010410896634615384
1 1 0.02717270673076923 0.709622358173077 0.022104149038461536 0.7069059254807691 0.17772858894230767 0.9977991129807692 0.18280614903846154 1 0.056717432692307695 1 0.02717270673076923
1 0.8914686418269231 0.2551281081730769 0.8938085576923077 0.12107445432692308 0.6648330216346154 0.11707767067307692 0.6624931057692307 0.25113132692307694 0.8914686418269231 0.2551281081730769
1 0.8479169663461538 0.3836468605769231 0.8483791322115385 0.3571694110576923 0.8231225600961539 0.35672855528846154 0.8226603942307692 0.38320600480769235 0.8479169663461538 0.3836468605769231
1 0.8134138052884615 0.3966577908653846 0.8139179855769231 0.3677733004807692 0.7818916129807693 0.3672142788461539 0.7813874326923076 0.3960987668269231 0.8134138052884615 0.3966577908653846
1 0.7854073004807692 0.3985767067307692 0.785686860576923 0.3825606298076923 0.7608989711538462 0.3821279567307692 0.7606194086538461 0.39814403365384615 0.7854073004807692 0.3985767067307692
1 0.7243035697115385 0.3598192115384615 0.7251567980769231 0.3109377692307692 0.5803351105769231 0.3084098966346154 0.5794818798076923 0.3572913413461538 0.7243035697115385 0.3598192115384615
1 0.7128917091346154 0.3660098798076923 0.713591420673077 0.3259233918269231 0.5674678461538462 0.323372795673077 0.5667681322115384 0.36345928365384617 0.7128917091346154 0.3660098798076923
1 0.6334977788461539 0.3902761105769231 0.6340294302884615 0.3598177860576923 0.5465427572115384 0.3582906995192308 0.5460111057692308 0.38874902403846157 0.6334977788461539 0.3902761105769231
1 0.21578648317307694 0.9926148173076924 0.2179340985576923 0.8695780048076922 0.12628139182692308 0.8679781995192308 0.12413377644230769 0.9910150144230769 0.21578648317307694 0.9926148173076924
1 0.1023007451923077 0.41841713461538466 0.10193068990384616 0.43961761057692306 0.12359405528846154 0.43999574519230766 0.12396411057692308 0.4187952716346154 0.1023007451923077 0.41841713461538466
1 0.10082094711538461 0.4405243076923077 0.10124109855769231 0.41645389903846153 0.06713170913461539 0.41585851682692304 0.06671155769230769 0.43992892548076923 0.10082094711538461 0.4405243076923077
1 0.2649616730769231 0.9119792812499999 0.26706565625 0.7914420865384616 0.21405289903846156 0.7905167451923076 0.21194891346153846 0.9110539399038462 0.2649616730769231 0.9119792812499999
1 0.2965992884615385 0.8214065264423076 0.29792599278846155 0.7453995865384615 0.2622022668269231 0.7447760264423077 0.2608755625 0.8207829663461539 0.2965992884615385 0.8214065264423076
1 0.31863229567307694 0.7707648245192308 0.3196745913461539 0.7110516971153846 0.29368896875 0.7105981177884615 0.2926466706730769 0.7703112451923076 0.31863229567307694 0.7707648245192308
1 0.3404629447115385 0.7287320120192308 0.34130162980769235 0.6806837764423077 0.31963826201923073 0.6803056394230769 0.3187995769230769 0.728353877403846 0.3404629447115385 0.7287320120192308
1 0.3671191947115385 0.6907655192307692 0.3678754663461538 0.6474387860576923 0.3337660769230769 0.6468434038461539 0.3330098052884616 0.6901701394230769 0.3671191947115385 0.6907655192307692
1 0.38396874519230767 0.6505905048076923 0.3844632307692307 0.6222614855769231 0.35785269951923077 0.6217969975961538 0.35735821394230766 0.6501260168269231 0.38396874519230767 0.6505905048076923
1 0.3917584759615385 0.6340572668269231 0.39212853125 0.6128567932692308 0.3773911923076923 0.6125995528846153 0.37702113701923073 0.6338000264423077 0.3917584759615385 0.6340572668269231
1 0.6652050961538462 0.7075444663461539 0.6659953004807692 0.6622735841346153 0.5955893581730769 0.6610446442307693 0.5947991514423077 0.7063155264423078 0.6652050961538462 0.7075444663461539
1 0.599995125 0.6652888485576922 0.6006269663461539 0.6290906586538461 0.573703985576923 0.6286207163461538 0.5730721418269231 0.66481890625 0.599995125 0.6652888485576922
1 0.56443346875 0.61956865625 0.5639179759615385 0.6491011947115385 0.5764681490384616 0.6493202596153846 0.5769836418269231 0.6197877187499999 0.56443346875 0.61956865625
1 0.5689784158653846 0.6307607908653845 0.5693662475961538 0.6085419543269232 0.5565036225961538 0.6083174375 0.5561157908653847 0.6305362740384616 0.5689784158653846 0.6307607908653845
1 0.5597175961538462 0.6211532620192308 0.5601167379807692 0.5982863725961539 0.5498058076923077 0.5981063942307693 0.5494066658653846 0.6209732836538462 0.5597175961538462 0.6211532620192308
1 0.5615028605769231 0.6084046995192307 0.5618632211538461 0.5877596947115384 0.5452511682692308 0.5874697307692307 0.5448908100961538 0.608114733173077 0.5615028605769231 0.6084046995192307
1 0.5582032403846153 0.6004755336538461 0.5584844182692308 0.5843668774038462 0.5403101057692308 0.5840496442307692 0.5400289278846153 0.6001583004807692 0.5582032403846153 0.6004755336538461
1 0.7163995288461538 0.8096571899038462 0.7182142572115384 0.7056915432692308 0.6327064471153846 0.7041989975961538 0.6308917211538462 0.8081646442307692 0.7163995288461538 0.8096571899038462
1 0.7279551538461538 0.8608851826923077 0.73005590625 0.7405331442307692 0.6640242980769231 0.7393805576923077 0.6619235456730769 0.8597325961538461 0.7279551538461538 0.8608851826923077
1 0.91888946875 0.9821062764423077 0.9218208269230769 0.8141688966346153 0.7132588461538462 0.8105284350961538 0.7103274879807693 0.9784658149038462 0.91888946875 0.9821062764423077
1 0.9466543245192308 1 0.9484674182692309 0.8961279086538462 0.7894812211538462 0.8933527932692308 0.7876196850961539 1 0.9466543245192308 1
1 0.5155620216346154 0.25903118990384616 0.5157607860576923 0.24764403365384616 0.49060836778846156 0.24720499759615383 0.4904096033653846 0.2585921514423077 0.5155620216346154 0.25903118990384616
1 0.4898128894230769 0.35544834375 0.4900682115384616 0.3408209423076923 0.47132106730769235 0.3404937091346154 0.47106574519230765 0.3551211105769231 0.4898128894230769 0.35544834375
1 0.5143335745192308 0.35328336538461536 0.5145905144230769 0.3385633870192307 0.4912607331730769 0.3381561634615385 0.4910037956730769 0.35287614182692306 0.5143335745192308 0.35328336538461536
1 0.4441749230769231 0.3647458581730769 0.44457244951923075 0.3419715504807692 0.4227528581730769 0.34159068990384617 0.4223553317307692 0.3643649951923077 0.4441749230769231 0.3647458581730769
1 0.4470733605769231 0.4583292163461538 0.4472591971153846 0.4476826875 0.41757621874999995 0.4471645697115385 0.41739038221153846 0.4578110985576923 0.4470733605769231 0.4583292163461538
1 0.4947250120192308 0.4411026730769231 0.4945375600961538 0.4518417764423077 0.5201065841346154 0.4522880865384616 0.5202940360576923 0.4415489807692307 0.4947250120192308 0.4411026730769231
1 0.49721461057692307 0.5581083870192308 0.49756365865384616 0.5381114326923077 0.4727236923076923 0.5376778509615385 0.47237464423076925 0.5576748052884615 0.49721461057692307 0.5581083870192308
1 0.47089229567307694 0.5590380288461538 0.47116054567307697 0.54367 0.4512156658653846 0.5433218605769231 0.4509474158653846 0.558689889423077 0.47089229567307694 0.5590380288461538
1 0.4478688677884615 0.5619699951923077 0.4481258076923077 0.5472500168269231 0.4289620576923077 0.5469155120192307 0.42870512019230766 0.5616354903846154 0.4478688677884615 0.5619699951923077
1 0.49604216105769233 0.5387331201923077 0.4957965336538462 0.5528050528846153 0.522459139423077 0.5532704495192308 0.5227047644230769 0.5391985192307692 0.49604216105769233 0.5387331201923077
1 0.2734450480769231 0.0917246298076923 0.2721345024038462 0.1668057860576923 0.3165027427884616 0.1675802355769231 0.31781328846153845 0.09249907932692307 0.2734450480769231 0.0917246298076923
1 0.19374396875000002 0.2648970673076923 0.19760288942307694 0.04381962980769231 0.012422762019230768 0.04058729807692307 0.008563841346153846 0.2616647355769231 0.19374396875000002 0.2648970673076923
1 0.24950921394230768 0.28420657692307694 0.2518313533653846 0.1511712860576923 0.03207316346153846 0.14733539423076925 0.02975102403846154 0.2803706826923077 0.24950921394230768 0.28420657692307694
1 0.2863280288461538 0.32355885096153847 0.2882025480769231 0.21616780288461537 0.11286467067307693 0.2131072668269231 0.11099015384615384 0.32049831730769235 0.2863280288461538 0.32355885096153847
1 0.31093097115384616 0.3286186322115385 0.3119797307692308 0.2685351923076923 0.1587218269230769 0.26586006490384617 0.1576730673076923 0.3259435072115385 0.31093097115384616 0.3286186322115385
1 0.33689673317307695 0.3660219399038462 0.3379454927884616 0.3059384975961538 0.20093511298076921 0.30354697355769233 0.1998863533653846 0.36363041346153846 0.33689673317307695 0.3660219399038462
1 0.3642351129807692 0.39641109375 0.3651869158653846 0.34188236538461536 0.2487983966346154 0.3398507956730769 0.24784659375 0.39437952644230767 0.3642351129807692 0.39641109375
1 0.3848205360576923 0.4048271971153846 0.3853942043269231 0.37196183413461537 0.35295122596153844 0.37139553846153844 0.35237756009615384 0.4042609014423077 0.3848205360576923 0.4048271971153846