1 0.9440732692307693 0.18206402163461538 0.9359272740384615 0.026629185096153845 0.6366504855769232 0.04231361778846154 0.6447964807692308 0.19774845192307694 0.9440732692307693 0.18206402163461538
1 0.8023045817307692 0.26543120673076925 0.7977106466346153 0.1777737235576923 0.6093753581730769 0.1876439591346154 0.6139692932692308 0.27530143990384615 0.8023045817307692 0.26543120673076925
1 0.7495296129807693 0.3152986129807692 0.7462053125 0.25186714663461535 0.5879329350961539 0.2601618485576923 0.5912572355769231 0.3235933173076923 0.7495296129807693 0.3152986129807692
1 0.74765590625 0.32930475961538463 0.7452377908653846 0.283164375 0.5811400721153845 0.29176437259615384 0.5835581875 0.33790475721153845 0.74765590625 0.32930475961538463
1 0.6866274783653845 0.3440930817307692 0.6845098100961539 0.3036855721153846 0.5684191274038461 0.309769625 0.5705367956730769 0.35017713701923076 0.6866274783653845 0.3440930817307692
1 0.19765887019230768 0.34774428125 0.1998346875 0.3892613798076923 0.35685878125 0.38103209615384614 0.35468296153846157 0.33951499759615383 0.19765887019230768 0.34774428125
1 0.14453331971153846 0.32623592067307694 0.14718888461538462 0.37690712259615383 0.335316125 0.36704779326923076 0.33266056009615386 0.31637659134615387 0.14453331971153846 0.32623592067307694
1 0.28594474519230767 0.28182971634615384 0.2894483461538461 0.3486824158653846 0.32122764903846157 0.3470169350961539 0.31772404807692306 0.28016423557692305 0.28594474519230767 0.28182971634615384
1 0.08068358653846154 0.2752484206730769 0.08497222836538462 0.35708056490384615 0.3048787716346154 0.34555575 0.30059012980769234 0.26372360817307694 0.08068358653846154 0.2752484206730769
1 0.003611490384615385 0.20483371153846155 0.009494439903846155 0.3170870673076923 0.2565512235576923 0.3041393701923077 0.2506682764423077 0.19188601442307693 0.003611490384615385 0.20483371153846155
1 0.20706860817307693 1 0.20340496634615385 0.9300934927884617 0.11597286778846153 0.9346756153846154 0.119396375 1 0.20706860817307693 1
1 0.26327981730769234 0.9788785985576923 0.25638891826923077 0.847392375 0.17566636538461539 0.8516228629807692 0.18255726682692305 0.9831090865384616 0.26327981730769234 0.9788785985576923
1 0.30648421634615386 0.8807422211538461 0.30105193990384616 0.7770881730769231 0.22365814903846154 0.7811442091346154 0.2290904278846154 0.8847982572115385 0.30648421634615386 0.8807422211538461
1 0.3306716538461538 0.8138290889423078 0.32639270432692313 0.7321818798076923 0.25711277884615386 0.7358126875 0.2613917283653846 0.8174598966346154 0.3306716538461538 0.8138290889423078
1 0.3487284855769231 0.7712516442307693 0.34539449278846157 0.7076352427884616 0.30804990625 0.7095923894230769 0.3113839014423077 0.7732087908653846 0.3487284855769231 0.7712516442307693
1 0.3684910528846154 0.7313663918269231 0.36602447836538465 0.6843013509615384 0.33336097115384616 0.6860131730769231 0.3358275432692308 0.7330782139423077 0.3684910528846154 0.7313663918269231
1 0.37845276442307696 0.6965380456730769 0.37679061298076927 0.6648223125 0.35733813942307696 0.6658417740384616 0.3590002908653846 0.6975575072115384 0.37845276442307696 0.6965380456730769
1 0.3905495649038461 0.6785655048076923 0.38908609615384615 0.6506408629807693 0.36474449999999997 0.6519165528846155 0.36620796875 0.6798411947115385 0.3905495649038461 0.6785655048076923
1 0.4060051610576923 0.6430783581730769 0.40474522115384615 0.6190372764423077 0.3712495192307692 0.6207927115384616 0.37250945913461536 0.6448337932692307 0.4060051610576923 0.6430783581730769
1 0.4110073461538462 0.6350277524038461 0.40975225240384616 0.6110791370192308 0.3740720504807692 0.6129490576923077 0.3753271442307692 0.6368976706730769 0.4110073461538462 0.6350277524038461
1 1 0.8126864735576922 0.7830768365384616 0.8240549350961538 0.7913439807692307 0.9818014158653846 1 0.9708662163461538 1 0.8126864735576922
1 0.7898962884615385 0.8954625625 0.7824626442307692 0.7536201802884614 0.7085016442307693 0.7574963125 0.7159352884615384 0.8993386947115384 0.7898962884615385 0.8954625625
1 0.7219970240384614 0.8169641105769231 0.7168603485576923 0.7189504711538461 0.6721300673076923 0.7212946850961538 0.6772667451923078 0.8193083245192307 0.7219970240384614 0.8169641105769231
1 0.6799470817307692 0.7589927932692307 0.6763223317307693 0.689828451923077 0.6445430240384616 0.6914939350961539 0.6481677740384615 0.7606582764423078 0.6799470817307692 0.7589927932692307
1 0.6596190889423077 0.7184270096153846 0.6567212283653846 0.6631325216346154 0.6261902115384615 0.6647325865384615 0.6290880721153846 0.7200270721153846 0.6596190889423077 0.7184270096153846
1 0.6491262163461538 0.692366375 0.6467081009615385 0.6462259927884616 0.6078031610576923 0.6482649158653846 0.6102212764423076 0.694405295673077 0.6491262163461538 0.692366375
1 0.5950731346153846 0.6292754975961539 0.5969485072115385 0.6650597211538462 0.6151006778846153 0.66410840625 0.6132253052884615 0.6283241826923077 0.5950731346153846 0.6292754975961539
1 0.6092475432692308 0.6499508918269231 0.6073576346153846 0.6138892668269231 0.5829640264423077 0.6151676826923077 0.5848539350961539 0.6512293076923077 0.6092475432692308 0.6499508918269231
1 0.6007789447115385 0.6316653389423077 0.5990974110576923 0.5995797427884615 0.5773044014423078 0.6007218653846154 0.5789859374999999 0.6328074639423077 0.6007789447115385 0.6316653389423077