1 0.8799654375 0.15427924999999998 0.8520128653846153 0.02277273798076923 0.5942811634615385 0.07755530288461537 0.6222337355769232 0.20906181490384615 0.8799654375 0.15427924999999998
1 0.6151874182692307 0.12631111538461537 0.5999790625 0.054761432692307696 0.4803088173076923 0.08019812740384615 0.49551717307692306 0.1517478125 0.6151874182692307 0.12631111538461537
1 0.5289461586538462 0 0.48199641586538466 0.009979475961538463 0.49520265865384616 0.07210996394230769 0.5947495552884615 0.05095061778846154 0.5839196682692308 0 0.5289461586538462 0
1 0.6506696971153846 0.3400869302884616 0.6402741129807693 0.2911795504807692 0.5603411129807692 0.3081698341346154 0.5707366995192308 0.3570772139423077 0.6506696971153846 0.3400869302884616
1 0.6600410144230769 0.35286213701923075 0.6520518149038461 0.31527591105769226 0.5493463173076922 0.33710663942307695 0.5573355168269231 0.3746928653846154 0.6600410144230769 0.35286213701923075
1 0.6382193197115384 0.3752021201923077 0.6332332884615385 0.35174469230769234 0.5379148413461539 0.3720052548076923 0.5429008725961538 0.39546268269230767 0.6382193197115384 0.3752021201923077
1 0.2130717139423077 0.38510804326923076 0.22358280528846153 0.4345588389423077 0.35598934855769226 0.4064149591346154 0.34547825721153846 0.3569641634615385 0.2130717139423077 0.38510804326923076
1 0.2658304639423077 0.41412481971153847 0.27216406971153845 0.44392209615384615 0.38291890624999997 0.4203804278846154 0.3765853004807692 0.3905831538461539 0.2658304639423077 0.41412481971153847
1 0.4827610841346154 0.45822688461538463 0.47841034134615384 0.43775824038461536 0.4413222451923077 0.4456415576923077 0.4456729903846154 0.46611020192307695 0.4827610841346154 0.45822688461538463
1 0.30112395913461537 0.42385128846153847 0.30811210096153846 0.4567279182692308 0.39675672836538467 0.4378859206730769 0.3897685841346154 0.4050092908653846 0.30112395913461537 0.42385128846153847
1 0 0.34520278365384616 0.1948796706730769 0.3037798317307692 0.1607860048076923 0.1433817403846154 0 0.17755786057692308 0 0.34520278365384616
1 0 0.25669459375000003 0.0969469110576923 0.23608789182692308 0.06452808653846154 0.0835693221153846 0 0.09728518990384614 0 0.25669459375000003
1 0.1345044254807692 0.11593131490384614 0.14890423557692306 0.18367709375000002 0.21304422596153844 0.17004371875 0.19864441586538462 0.10229793990384616 0.1345044254807692 0.11593131490384614
1 0.07366490384615385 0.5328770120192308 0.06505967067307693 0.4923925673076923 0.026443216346153844 0.50060075 0.035048449519230765 0.5410851923076924 0.07366490384615385 0.5328770120192308
1 0 0.5402772692307692 0.0018718653846153848 0.5490837043269231 0.03524096153846154 0.5419908846153846 0.026250706730769232 0.4996950576923077 0 0.5052748173076923 0 0.5402772692307692
1 0.18828568990384614 0.5252686370192308 0.18247186298076923 0.49791673317307694 0.14064586538461538 0.5068071225961538 0.14645968990384614 0.5341590264423076 0.18828568990384614 0.5252686370192308
1 0.3592126394230769 1 0.33794275961538467 0.8999330913461538 0.2583154326923077 0.9168584038461538 0.2759877235576923 1 0.3592126394230769 1
1 0.3963467884615385 0.9379733341346154 0.37114712259615384 0.8194182235576922 0.3171452235576923 0.8308966802884614 0.3423448894230769 0.9494517908653847 0.3963467884615385 0.9379733341346154
1 0.40266524759615385 0.8552217019230769 0.38560878846153845 0.7749773701923076 0.3538189903846154 0.7817345 0.3708754495192308 0.8619788317307692 0.40266524759615385 0.8552217019230769
1 0.41862780528846155 0.8050661394230769 0.4029574230769231 0.7313427908653847 0.3724922043269231 0.7378183749999999 0.3881625841346154 0.8115417211538462 0.41862780528846155 0.8050661394230769
1 0.4250776923076923 0.7660200288461538 0.4137388052884615 0.7126747596153845 0.3930041129807692 0.7170820528846154 0.4043430024038462 0.7704273245192308 0.4250776923076923 0.7660200288461538
1 0.4308537908653846 0.7238039951923076 0.4228453413461538 0.686127201923077 0.39243106490384616 0.692591954326923 0.40043951442307696 0.73026875 0.4308537908653846 0.7238039951923076
1 0.43890572596153843 0.7073253629807692 0.4313978028846154 0.6720033653846154 0.41331226442307695 0.6758475649038461 0.4208201875 0.7111695649038462 0.43890572596153843 0.7073253629807692
1 0.44549810096153847 0.6862345889423077 0.4394917620192308 0.6579769903846154 0.4244629326923077 0.6611714663461539 0.4304692692307693 0.6894290649038461 0.44549810096153847 0.6862345889423077
1 0.45369654567307693 0.6574188605769231 0.4480944807692308 0.6310632163461538 0.4238445721153846 0.6362176923076923 0.42944663701923075 0.6625733365384616 0.45369654567307693 0.6574188605769231
1 0.45676383653846153 0.6430410192307693 0.4527981129807692 0.6243837596153846 0.44159017067307693 0.6267660793269231 0.4455558942307692 0.6454233413461539 0.45676383653846153 0.6430410192307693
1 0.47605379326923075 0.5942607403846154 0.47181855528846156 0.5743355120192308 0.4521537139423077 0.5785154038461539 0.4563889519230769 0.5984406322115384 0.47605379326923075 0.5942607403846154
1 0.5051658076923077 0.5819198173076923 0.5029519326923076 0.5715043557692308 0.47207914903846154 0.5780665673076923 0.4742930240384616 0.5884820288461539 0.5051658076923077 0.5819198173076923
1 0.5395052091346154 0.576135329326923 0.5353277235576923 0.5564818100961538 0.5050153365384615 0.56292490625 0.5091928221153846 0.5825784278846153 0.5395052091346154 0.576135329326923
1 0.5297030985576924 0.5525656586538461 0.53293728125 0.5677812860576923 0.5697197043269231 0.5599629423076923 0.5664855240384615 0.5447473125 0.5297030985576924 0.5525656586538461
1 0.7458458100961539 0.6185126033653846 0.7347186850961538 0.56616359375 0.6254922019230769 0.5893803990384615 0.6366193269230769 0.6417294086538461 0.7458458100961539 0.6185126033653846
1 0.6437824278846154 0.6230731754807692 0.6362937548076922 0.5878417475961538 0.6183101033653846 0.5916642908653846 0.6257987740384615 0.6268957187499999 0.6437824278846154 0.6230731754807692
1 0.6063602932692308 0.5880513245192308 0.6133099350961538 0.6207468125000001 0.6247216586538461 0.6183211778846154 0.6177720168269231 0.5856256875 0.6063602932692308 0.5880513245192308
1 0.6169430264423077 0.6015156490384616 0.6109559399038461 0.5733486201923077 0.5965893966346154 0.5764023245192308 0.6025764831730769 0.6045693509615385 0.6169430264423077 0.6015156490384616
1 0.8203011802884616 0.8034629591346154 0.7955250384615385 0.6869003701923078 0.7429496033653845 0.698075625 0.7677257475961539 0.8146382115384616 0.8203011802884616 0.8034629591346154
1 0.9076380552884615 0.8656449086538461 0.8785496682692308 0.7287948149038462 0.8023356682692308 0.7449946009615385 0.8314240528846154 0.8818446947115385 0.9076380552884615 0.8656449086538461
1 1 0.8690511586538462 0.9869597524038463 0.8077016153846154 0.902339795673077 0.8256881418269231 0.9222261634615384 0.9192461490384616 1 0.9027148100961538 1 0.8690511586538462
1 0.6789121490384615 0 0.6867330817307693 0.036794600961538464 0.8598380624999999 0 0.6789121490384615 0