1 0.4372630264423077 0.21048118509615385 0.4413135048076923 0.1719434639423077 0.38614861778846155 0.16614539903846154 0.3820981394230769 0.20468312259615384 0.4372630264423077 0.21048118509615385
1 0.4923294567307692 0.22469003365384616 0.49406724278846154 0.20815610576923077 0.46221146394230767 0.20480793028846153 0.4604736778846154 0.22134185576923077 0.4923294567307692 0.22469003365384616
1 0.8390009158653846 0.19099246875 0.8457560673076923 0.12672149278846154 0.6684514591346153 0.1080860264423077 0.6616963076923077 0.1723570048076923 0.8390009158653846 0.19099246875
1 0.8626467211538462 0.20742917067307692 0.8678339447115384 0.15807602163461537 0.7293001538461539 0.14351553365384614 0.7241129278846153 0.1928686826923077 0.8626467211538462 0.20742917067307692
1 0.6645452235576923 0.20055929086538463 0.6704641466346154 0.14424449038461537 0.6115698028846154 0.13805444471153847 0.6056508798076923 0.19436924759615384 0.6645452235576923 0.20055929086538463
1 0.5574911682692307 0.008315966346153846 0.5509842716346154 0.07022495432692308 0.7742855168269231 0.09369486057692307 0.7807924134615385 0.03178587259615385 0.5574911682692307 0.008315966346153846
1 0.1866413701923077 0 0.18107459615384616 0.05296431009615384 0.4758571033653846 0.08394719951923077 0.4846803076923077 0 0.1866413701923077 0
1 0 0.9417808894230769 0.2727828317307692 0.9704515216346153 0.28906313942307693 0.8155547355769232 0 0.7851729759615385 0 0.9417808894230769
1 0.43927238701923077 0.990338360576923 0.46405869951923073 0.7545123557692308 0.09492014182692307 0.7157143317307693 0.07013383173076923 0.9515403341346154 0.43927238701923077 0.990338360576923
1 0.5797566682692308 0.8846942379807692 0.6022825528846154 0.6703747692307692 0.48022052884615385 0.6575455336538462 0.4576946442307692 0.8718650024038461 0.5797566682692308 0.8846942379807692
1 0.6470199879807693 0.7342761634615385 0.6584919879807691 0.6251273846153846 0.5964897620192308 0.6186106874999999 0.585017764423077 0.7277594663461537 0.6470199879807693 0.7342761634615385
1 0.69926128125 0.6946447596153846 0.7091653533653847 0.6004138100961538 0.6501933125 0.5942155985576923 0.6402892403846153 0.6884465480769231 0.69926128125 0.6946447596153846
1 0.7456748197115384 0.6409521610576923 0.7534883221153846 0.5666116514423076 0.709045625 0.5619405336538461 0.7012321225961539 0.636281045673077 0.7456748197115384 0.6409521610576923
1 0.7864246466346153 0.591817514423077 0.793062201923077 0.5286653725961539 0.7230571850961538 0.5213075504807693 0.7164196274038462 0.5844596899038461 0.7864246466346153 0.591817514423077
1 0.8049823100961538 0.564733951923077 0.8087975985576924 0.5284339014423077 0.7842453389423076 0.5258533557692308 0.7804300504807693 0.56215340625 0.8049823100961538 0.564733951923077
1 0.8169842740384615 0.5544320625 0.8210086177884615 0.5161429711538461 0.7970779350961539 0.5136277548076923 0.7930535889423077 0.5519168461538462 0.8169842740384615 0.5544320625
1 0.8275265552884616 0.5400804110576923 0.8302442956730769 0.51422284375 0.8182789543269231 0.5129652355769231 0.8155612139423076 0.5388228052884615 0.8275265552884616 0.5400804110576923