1 0.9628903173076923 0.8008341754807693 0.9523623028846154 0.4993512764423077 0.60234128125 0.5115742812499999 0.6128692956730769 0.8130571802884615 0.9628903173076923 0.8008341754807693
1 1 0.7061752956730769 0.9954863509615385 0.5769213004807692 0.7787434663461539 0.5844901274038462 0.7917774591346153 0.95773484375 1 0.9504635504807692 1 0.7061752956730769
1 0.6233261177884616 0.7117972235576923 0.6181590528846154 0.5638318581730769 0.5143941778846154 0.5674554086538461 0.5195612427884615 0.7154207716346155 0.6233261177884616 0.7117972235576923
1 0.5145512764423077 0.6256798389423076 0.5116478341346153 0.5425360745192308 0.4574621105769231 0.54442828125 0.4603655552884615 0.6275720456730769 0.5145512764423077 0.6256798389423076
1 0.4270398197115384 0.530620483173077 0.42889627884615383 0.5837825216346154 0.4672322860576923 0.582443798076923 0.4653758269230769 0.5292817596153846 0.4270398197115384 0.530620483173077
1 0.46747122596153845 0.5624232644230769 0.4653239375 0.5009329663461538 0.4008319975961539 0.5031850745192308 0.40297928605769234 0.5646753725961539 0.46747122596153845 0.5624232644230769
1 0.38566663701923076 0.49871161298076927 0.3871159350961539 0.54021409375 0.40577643750000003 0.5395624543269231 0.40432713701923073 0.4980599735576923 0.38566663701923076 0.49871161298076927
1 0.3715502139423077 0.49517433894230767 0.37279108413461537 0.5307082331730769 0.3868450192307692 0.5302174591346154 0.3856041466346154 0.4946835649038462 0.3715502139423077 0.49517433894230767
1 0.3778439711538461 0.5209426081730769 0.37676790384615383 0.49012805769230766 0.3583416370192308 0.4907715168269231 0.35941770432692305 0.5215860673076923 0.3778439711538461 0.5209426081730769
1 0.34927443990384616 0.49303378125 0.3498124735576923 0.5084410552884615 0.36331986538461536 0.5079693677884616 0.3627818317307692 0.49256209375000004 0.34927443990384616 0.49303378125
1 0.3481305120192308 0.46027596875000004 0.34927443990384616 0.49303378125 0.36762262980769234 0.4923930480769231 0.3664787019230769 0.4596352379807692 0.3481305120192308 0.46027596875000004
1 0.6163157331730769 0.30957463701923077 0.6133541225961539 0.22476522115384615 0.40387243509615384 0.23208048317307692 0.4068340456730769 0.31688989903846154 0.6163157331730769 0.30957463701923077
1 0.5336197524038462 0.13527117067307692 0.5309732067307692 0.05948403365384615 0.3638875528846154 0.06531879326923076 0.3665340985576923 0.14110593028846152 0.5336197524038462 0.13527117067307692
1 0.40463712259615386 0.009974050480769232 0.40568410817307693 0.039955776442307696 0.6086853701923076 0.03286681490384615 0.6076383846153847 0.0028850913461538463 0.40463712259615386 0.009974050480769232
1 0.43375132451923076 0.23256579807692307 0.4318997115384615 0.1795425625 0.3345371826923077 0.1829425360576923 0.3363887956730769 0.23596577163461538 0.43375132451923076 0.23256579807692307
1 0.4194452379807692 0.28851582451923075 0.4178747596153846 0.2435432379807692 0.3133291105769231 0.24719405288461538 0.31489958653846156 0.2921666394230769 0.4194452379807692 0.28851582451923075
1 0.13794985096153847 0.3065453004807692 0.13931675 0.34568810576923076 0.20170059855769232 0.34350961298076926 0.20033370192307692 0.3043668076923077 0.13794985096153847 0.3065453004807692
1 0.12770759134615386 0.3669395408653846 0.12581235576923078 0.31266706250000004 0.059602711538461535 0.31497915625 0.06149794951923077 0.36925163221153845 0.12770759134615386 0.3669395408653846
1 0.14418359615384616 0.2970163822115385 0.14120259615384614 0.21165175 0.0411854375 0.21514442548076923 0.044166435096153846 0.3005090576923077 0.14418359615384616 0.2970163822115385
1 0 0.24896348798076923 0.10727522596153846 0.24521735576923076 0.10364470913461539 0.14125294951923076 0 0.14487230528846154 0 0.24896348798076923
1 0 0.21977904567307693 0.08283410336538462 0.21688641586538462 0.07883035336538462 0.10223407932692306 0 0.10498689663461538 0 0.21977904567307693
1 0 0.1582137644230769 0.053515875 0.1563449471153846 0.048988634615384614 0.02670175 0 0.02841246875 0 0.1582137644230769
1 0.0760864110576923 0.7310462283653846 0.07237833894230769 0.6248609543269231 0.0054659999999999995 0.6271975841346153 0.009174072115384615 0.7333828581730769 0.0760864110576923 0.7310462283653846
1 0.04038578605769231 0.7518881923076923 0.03736116346153846 0.6652743221153846 0.009487528846153847 0.6662476899038462 0.012512151442307691 0.7528615624999999 0.04038578605769231 0.7518881923076923
1 0.10818169711538461 0.6651637644230769 0.10560301201923077 0.5913198870192308 0.05305691586538462 0.5931548365384616 0.05563560096153846 0.6669987139423077 0.10818169711538461 0.6651637644230769
1 0.12953047836538462 0.6250887355769231 0.1275576875 0.5685953918269231 0.09640480288461539 0.5696832740384615 0.09837759374999999 0.6261766177884615 0.12953047836538462 0.6250887355769231
1 0.14763944951923078 0.6041662163461539 0.14587508653846154 0.5536414591346154 0.12292032932692307 0.5544430552884616 0.1246846923076923 0.6049678149038461 0.14763944951923078 0.6041662163461539
1 0.16383250721153847 0.5753891129807692 0.16265949759615386 0.5417984759615385 0.14235937019230768 0.5425073725961538 0.14353238221153847 0.5760980072115385 0.16383250721153847 0.5753891129807692
1 0.1737218701923077 0.5630920432692308 0.17276698076923078 0.5357475985576923 0.15293531971153845 0.5364401370192308 0.15389020913461537 0.563784579326923 0.1737218701923077 0.5630920432692308
1 0.18542692548076925 0.5490638846153846 0.18441871875 0.5201925937499999 0.16864708173076923 0.5207433533653846 0.16965528846153846 0.5496146442307692 0.18542692548076925 0.5490638846153846
1 0.19273921153846155 0.5390803870192308 0.19184733413461538 0.5135403990384615 0.1801357235576923 0.5139493798076923 0.1810275985576923 0.5394893653846153 0.19273921153846155 0.5390803870192308