1 0.4418421009615384 0.15757108413461537 0.4366159014423077 0.007912307692307692 0.1524141346153846 0.01783685096153846 0.15764033413461537 0.16749562740384613 0.4418421009615384 0.15757108413461537
1 0 0.15699079807692307 0.16207889663461536 0.15133087740384615 0.15741108894230768 0.017662353365384617 0 0.023159269230769233 0 0.15699079807692307
1 0.5638909302884616 0.22310156009615384 0.5597160769230769 0.10354943269230768 0.4201136706730769 0.10842445432692308 0.42428852403846157 0.22797658413461536 0.5638909302884616 0.22310156009615384
1 0.6401548653846153 0.2624639663461539 0.6354172596153845 0.1267966610576923 0.5419586009615385 0.1300603076923077 0.5466962067307692 0.26572761298076925 0.6401548653846153 0.2624639663461539
1 0.6903255264423076 0.26871684375 0.6871191346153847 0.17689781009615385 0.6372276706730768 0.17864006009615385 0.6404340625 0.27045909134615387 0.6903255264423076 0.26871684375
1 0.7357740649038462 0.28301442307692304 0.7332700264423077 0.2113081298076923 0.6896247548076923 0.21283225721153845 0.6921287932692307 0.2845385480769231 0.7357740649038462 0.28301442307692304
1 0.7661663052884615 0.2959616346153846 0.7637975024038461 0.22812798317307692 0.7301461394230769 0.2293031153846154 0.7325149423076923 0.2971367668269231 0.7661663052884615 0.2959616346153846
1 0.7501981538461538 0.24611355048076922 0.7523750096153846 0.30845055288461537 0.7841525168269231 0.30734085817307694 0.7819756586538461 0.24500385576923078 0.7501981538461538 0.24611355048076922
1 0.797191889423077 0.30913688461538463 0.7955777884615384 0.2629150576923077 0.7761365120192308 0.26359396153846154 0.7777506153846154 0.30981578846153845 0.797191889423077 0.30913688461538463
1 0.7959442331730769 0.27340866105769235 0.797191889423077 0.30913688461538463 0.8101527403846155 0.30868428125 0.8089050817307691 0.27295606009615386 0.7959442331730769 0.27340866105769235
1 0.8272674567307692 0.32197007932692306 0.8255355697115385 0.27237531009615384 0.8089050817307691 0.27295606009615386 0.81063696875 0.322550829326923 0.8272674567307692 0.32197007932692306
1 0.8279616706730769 0.27916977884615385 0.8294928870192309 0.3230180504807692 0.8337871442307693 0.32286809375000003 0.8322559302884615 0.27901981971153844 0.8279616706730769 0.27916977884615385
1 0.8638247259615385 0.23163922115384614 0.8620928389423077 0.18204445192307692 0.78487428125 0.1847409831730769 0.7866061682692307 0.23433575240384613 0.8638247259615385 0.23163922115384614
1 0.8253754350961539 0.16481537500000001 0.8236042860576924 0.11409629086538461 0.6966504206730769 0.11852961778846154 0.6984215697115383 0.16924870192307692 0.8253754350961539 0.16481537500000001
1 0.7432723677884615 0.6253362692307692 0.7403277235576924 0.5410126682692308 0.6782561826923076 0.5431802524038462 0.6812008269230769 0.6275038533653846 0.7432723677884615 0.6253362692307692
1 0.7212299086538461 0.6768869423076923 0.7173647884615384 0.5662044086538461 0.6437377932692308 0.5687755192307692 0.6476029110576923 0.6794580528846154 0.7212299086538461 0.6768869423076923
1 0.6728728870192308 0.7606255889423077 0.6679171586538462 0.6187120913461539 0.5539241418269231 0.6226928149038462 0.5588798701923077 0.7646063125 0.6728728870192308 0.7606255889423077
1 0.5763541586538461 0.9068331105769231 0.5688333173076923 0.6914643870192307 0.42673243509615383 0.6964266586538461 0.43425327644230766 0.9117953822115384 0.5763541586538461 0.9068331105769231
1 0.42634811298076924 1 0.44231702403846157 0.9994423533653846 0.43507101442307694 0.7919438341346154 0.13587838701923077 0.8023918701923077 0.14277901442307692 1 0.42634811298076924 1
1 0.7714790264423077 0.5756966298076923 0.7697078774038462 0.524977545673077 0.7120086730769231 0.5269924471153846 0.7137798221153846 0.5777115312500001 0.7714790264423077 0.5756966298076923