1 1 0.08947619951923078 0.8404586009615385 0.0613447451923077 0.8186239495192308 0.1851752019230769 1 0.2171566923076923 1 0.08947619951923078
1 0.8121053125 0.3319207956730769 0.8263026586538461 0.2514036442307692 0.6671433629807692 0.22333956490384616 0.6529460168269231 0.30385671875 0.8121053125 0.3319207956730769
1 0.0776202764423077 0.024147483173076925 0.051975012019230764 0.16958899759615387 0.29407358653846155 0.21227750961538464 0.3197188485576923 0.06683599278846154 0.0776202764423077 0.024147483173076925
1 0.09784994230769231 0 0.08237001923076924 0.08779100961538461 0.21942243269230768 0.11195704567307693 0.23916348076923077 0 0.09784994230769231 0
1 0.3632873942307692 0.3305374399038462 0.37340079086538464 0.27318150721153844 0.23521995432692308 0.2488164951923077 0.22510655528846155 0.30617242788461535 0.3632873942307692 0.3305374399038462
1 0.26633048317307695 0.29313278846153845 0.2594006346153846 0.33243391346153844 0.38840018990384617 0.3551800144230769 0.39533003846153847 0.31587888942307696 0.26633048317307695 0.29313278846153845
1 0.22527823557692306 0.8600803100961538 0.24867250240384614 0.7274048221153847 0.12151946153846153 0.7049843100961539 0.09812519471153847 0.837659798076923 0.22527823557692306 0.8600803100961538
1 0.20011938461538462 0.9163816802884616 0.21946186298076925 0.8066850384615385 0.04999286298076923 0.7768030817307692 0.030650387019230767 0.8864997235576924 0.20011938461538462 0.9163816802884616
1 0 0.9097716322115385 0.11694373317307692 0.9303919687500001 0.13281324759615384 0.8403914807692308 0 0.816972923076923 0 0.9097716322115385
1 0.11486282211538461 0.9367945576923078 0.12208208413461538 0.8958520889423076 0.05483818028846154 0.8839951754807692 0.04761891826923077 0.9249376442307693 0.11486282211538461 0.9367945576923078
1 0.8124540408653846 1 0.8246413365384615 0.9308824134615384 0.7225701153846154 0.9128845024038461 0.7072093028846154 1 0.8124540408653846 1
1 0.6663794591346155 0.8185457307692308 0.6403965456730769 0.9659021490384615 0.7317477235576924 0.982009826923077 0.7577306370192307 0.8346534086538462 0.6663794591346155 0.8185457307692308
1 0.6384538149038461 0.7657650048076923 0.6208799759615384 0.8654311971153846 0.6999723485576923 0.8793773173076923 0.7175461875 0.779711125 0.6384538149038461 0.7657650048076923
1 0.6582610817307692 0.8016007788461538 0.6700466490384615 0.7347615120192308 0.6071112764423077 0.7236643076923077 0.5953257115384616 0.7905035745192308 0.6582610817307692 0.8016007788461538
1 0.5880733918269231 0.6879641971153846 0.5774937163461538 0.7479645216346154 0.6097564278846154 0.7536533076923077 0.6203361033653846 0.6936529831730769 0.5880733918269231 0.6879641971153846
1 0.5935090432692308 0.7156246081730769 0.6031240072115385 0.6610954375 0.5739388197115385 0.6559493028846154 0.5643238557692307 0.7104784711538461 0.5935090432692308 0.7156246081730769
1 0.3392893341346154 0.6771922403846153 0.3461387908653846 0.6383470480769231 0.3183897788461539 0.6334541490384615 0.31154032451923075 0.6722993413461539 0.3392893341346154 0.6771922403846153
1 0.3259336177884615 0.7061462548076923 0.3339568076923077 0.6606444879807692 0.29718039423076925 0.6541598149038462 0.28915720432692305 0.6996615817307692 0.3259336177884615 0.7061462548076923
1 0.30581400240384615 0.7455662139423077 0.3178407475961539 0.6773591586538461 0.21812896153846154 0.6597772788461539 0.20610221875 0.7279843365384615 0.30581400240384615 0.7455662139423077
1 0.46157379086538464 0.5697575024038461 0.46541656009615384 0.5479640721153847 0.4280759326923077 0.5413799110576923 0.4242331610576923 0.5631733413461538 0.46157379086538464 0.5697575024038461
1 0.46199381009615387 0.5454801298076923 0.45782946874999997 0.5690972764423077 0.49301582932692306 0.5753015817307692 0.4971801682692308 0.5516844326923077 0.46199381009615387 0.5454801298076923
1 0.5286861370192308 0.5757619182692307 0.5321912572115385 0.555883391826923 0.49910787259615386 0.5500498990384616 0.49560275240384616 0.5699284254807693 0.5286861370192308 0.5757619182692307
1 0.47979341586538465 0.44933252163461535 0.4843275625 0.42361809615384616 0.44693564423076926 0.4170248918269231 0.4424014975961538 0.4427393173076923 0.47979341586538465 0.44933252163461535
1 0.5276913461538462 0.32915751442307695 0.5306015600961538 0.3126528653846154 0.5005956995192308 0.3073620240384615 0.49768548557692305 0.3238666730769231 0.5276913461538462 0.32915751442307695