1 1 0.1592279423076923 0.9486888052884616 0.15292771875 0.9415966850961539 0.2106883918269231 1 0.21785941586538463 1 0.1592279423076923
1 0.9116968966346154 0.24521857211538461 0.9183827836538462 0.19076638942307692 0.8442519927884615 0.1816642716346154 0.8375661057692307 0.23611645673076923 0.9116968966346154 0.24521857211538461
1 0.8314995480769232 0.2586002764423077 0.8385408894230769 0.20125316346153846 0.7654956947115384 0.19228434134615385 0.7584543557692308 0.24963145432692307 0.8314995480769232 0.2586002764423077
1 0.7575426490384616 0.2660314759615385 0.7634160745192309 0.21819626682692309 0.7252650817307693 0.21351191346153844 0.71939165625 0.261347125 0.7575426490384616 0.2660314759615385
1 0.7187665408653847 0.27092567067307693 0.7241660288461538 0.22695036298076923 0.6929938774038462 0.22312290384615385 0.6875943870192308 0.2670982115384615 0.7187665408653847 0.27092567067307693
1 0.926211983173077 0.31290873557692306 0.9307651586538461 0.27582610817307696 0.8889696610576923 0.2706942668269231 0.8844164855769231 0.30777689423076926 0.926211983173077 0.31290873557692306
1 0.884318110576923 0.30216753846153843 0.8880249711538462 0.27197759375 0.8547591658653846 0.2678930673076923 0.8510523076923077 0.29808300961538464 0.884318110576923 0.30216753846153843
1 0.8621258389423077 0.8412590649038462 0.8842485096153846 0.6610843677884616 0.6660434399038462 0.6342921538461539 0.6439207692307692 0.8144668509615385 0.8621258389423077 0.8412590649038462
1 0.9510208365384615 0.9256382572115385 0.9723141177884614 0.7522183870192307 0.8767040096153846 0.7404789423076923 0.8554107259615384 0.9138988100961538 0.9510208365384615 0.9256382572115385
1 0.71647134375 0.7191256610576923 0.7303170552884615 0.6063613894230769 0.5551481682692307 0.5848533557692307 0.5413024567307693 0.697617625 0.71647134375 0.7191256610576923
1 0.5011046923076923 0.5365179375 0.4893747668269231 0.6320505048076923 0.5559839206730769 0.6402290793269232 0.56771384375 0.5446965144230769 0.5011046923076923 0.5365179375
1 0.5086957692307692 0.5811087644230769 0.5164310889423077 0.5181096538461538 0.4525359302884615 0.5102643149038462 0.4448006105769231 0.5732634254807693 0.5086957692307692 0.5811087644230769
1 0.46456922115384613 0.5103425 0.4701041201923077 0.46526436057692305 0.4294717620192308 0.46027533413461535 0.4239368629807692 0.5053534735576923 0.46456922115384613 0.5103425
1 0.45739174759615386 0.5566182740384615 0.4642299711538461 0.50092540625 0.42507092548076925 0.49611728125000004 0.41823269951923076 0.5518101466346154 0.45739174759615386 0.5566182740384615
1 0.40884960576923074 0.48335079567307687 0.40331470673076925 0.5284289326923077 0.42122706249999997 0.5306282932692308 0.42676196394230764 0.48555015625000003 0.40884960576923074 0.48335079567307687
1 0.4097657956730769 0.5124291971153846 0.4144882331730769 0.47396803365384615 0.3861851586538462 0.47049285336538466 0.38146272115384616 0.5089540168269231 0.4097657956730769 0.5124291971153846
1 0.3937322572115385 0.49492808173076924 0.39845469471153844 0.4564669182692308 0.3716249326923077 0.4531726370192307 0.3669024951923077 0.49163380048076927 0.3937322572115385 0.49492808173076924
1 0.36526643269230774 0.4523919110576923 0.3615934254807692 0.48230614903846153 0.36872735096153847 0.48318208653846156 0.37240035817307693 0.4532678461538462 0.36526643269230774 0.4523919110576923
1 0.3636060649038461 0.46911980528846153 0.3658911153846154 0.45050956490384614 0.3591449014423077 0.4496812355769231 0.3568598533653846 0.4682914759615385 0.3636060649038461 0.46911980528846153
1 0.35234241346153844 0.4467470168269231 0.34980346875 0.46742506009615387 0.3565496826923077 0.4682533894230769 0.359088625 0.4475753485576923 0.35234241346153844 0.4467470168269231
1 0.35403489663461535 0.46052822355769235 0.3562353173076923 0.44260725 0.3450691730769231 0.4412362211538462 0.3428687548076923 0.4591571923076923 0.35403489663461535 0.46052822355769235
1 0.4598285673076923 0.27201608653846154 0.4634169423076923 0.24279111778846152 0.36679877884615386 0.23092789903846153 0.36321040384615383 0.26015286778846153 0.4598285673076923 0.27201608653846154
1 0.42225798557692307 0.3004269326923077 0.42608332932692305 0.2692720120192308 0.3570703557692308 0.26079828365384616 0.3532450120192308 0.29195320673076924 0.42225798557692307 0.3004269326923077
1 0.4937239735576923 0.23699698076923076 0.4990726850961539 0.19343523557692308 0.39431254086538464 0.1805723076923077 0.3889638293269231 0.22413405288461538 0.4937239735576923 0.23699698076923076
1 0.42171649759615387 0.12726466346153847 0.4150306105769231 0.18171684615384615 0.5449921225961538 0.19767411298076926 0.5516780096153846 0.14322193028846153 0.42171649759615387 0.12726466346153847
1 0.4674309423076923 0.041502146634615385 0.45796914182692305 0.11856232692307692 0.6336032860576922 0.14012748798076924 0.6430650865384616 0.0630673076923077 0.4674309423076923 0.041502146634615385
1 0.49692739423076926 0 0.48926875 0.06237464182692308 0.691189858173077 0.08716743509615385 0.6992975552884615 0.021135545673076923 0.5271623557692308 0 0.49692739423076926 0
1 0.7049931802884615 0.026032838942307693 0.6990859014423076 0.07414375480769231 0.8917018894230769 0.09779402403846153 0.8976091682692308 0.049683108173076924 0.7049931802884615 0.026032838942307693
1 0.8101980336538461 0.12822693509615385 0.8194905697115384 0.05254529086538462 0.6624666682692308 0.03326518028846154 0.6531741298076923 0.10894682451923078 0.8101980336538461 0.12822693509615385
1 0.6801782163461538 0.19608173076923074 0.6881166490384616 0.13142837500000001 0.5348923365384615 0.11261479567307692 0.5269539038461539 0.17726814903846153 0.6801782163461538 0.19608173076923074
1 0.44275544471153844 0.11361581490384615 0.44886583894230764 0.06385065625 0.3779142956730769 0.055138901442307695 0.37180390384615386 0.1049040625 0.44275544471153844 0.11361581490384615
1 0.43078218990384615 0.14894778125 0.4357077427884616 0.108832375 0.3680129927884615 0.10052050480769231 0.3630874399038462 0.1406359110576923 0.43078218990384615 0.14894778125
1 0.039927788461538466 0.17372149278846155 0.029010326923076923 0.2626370865384616 0.08972623557692307 0.2700920625 0.10064369711538462 0.18117646874999999 0.039927788461538466 0.17372149278846155
1 0.1243011514423077 0.2859516778846154 0.13274737259615385 0.21716271634615386 0.08761754086538462 0.21162146875 0.07917131730769231 0.2804104326923077 0.1243011514423077 0.2859516778846154
1 0.1501782668269231 0.30662047836538464 0.15710112259615386 0.25023834375000004 0.11895012980769232 0.24555399038461537 0.11202727403846155 0.301936125 0.1501782668269231 0.30662047836538464
1 0.17584605528846156 0.1642428894230769 0.18979332451923078 0.05065149519230769 0.09627686538461538 0.03916911778846154 0.08232959615384615 0.15276051201923077 0.17584605528846156 0.1642428894230769
1 0.06952283413461538 0 0.05693914903846154 0.10248589903846154 0.15161874759615385 0.11411109375 0.1656298269230769 0 0.06952283413461538 0
1 0 0.6711745721153846 0.05802327403846154 0.6782989326923077 0.07153045913461539 0.568291735576923 0.012210317307692307 0.5610081370192308 0 0.6604531947115385 0 0.6711745721153846
1 0 0.7212701971153846 0.01001307451923077 0.7224996490384614 0.024518913461538464 0.6043590865384615 0 0.6013485432692307 0 0.7212701971153846
1 0.09310048317307693 0.6124999807692307 0.1020883485576923 0.539299701923077 0.0689776298076923 0.5352342163461539 0.05998976442307692 0.6084344951923076 0.09310048317307693 0.6124999807692307
1 0.12872700240384616 0.5813316586538462 0.13761330769230767 0.5089585024038462 0.10178859615384615 0.50455978125 0.09290228846153846 0.5769329375 0.12872700240384616 0.5813316586538462