1 0.7005169927884616 0.6135954086538461 0.7122887163461539 0.5298352331730769 0.5239056899038462 0.5033597259615384 0.5121339663461538 0.5871199014423077 0.7005169927884616 0.6135954086538461
1 0.5306991754807693 0.5616783028846154 0.5428574927884615 0.47516738461538466 0.4803468221153846 0.4663820841346154 0.46818850480769225 0.5528930024038462 0.5306991754807693 0.5616783028846154
1 0.7848798341346155 0.5847782211538461 0.7929789350961538 0.5271501201923077 0.70029603125 0.5141243870192308 0.6921969302884615 0.5717524879807692 0.7848798341346155 0.5847782211538461
1 0.8467885096153847 0.5641658677884616 0.8548876105769231 0.5065377692307692 0.7854141153846155 0.49677390625 0.7773150144230769 0.5544020048076923 0.8467885096153847 0.5641658677884616
1 0.7391395649038461 0.3634809807692308 0.74341140625 0.3330852524038462 0.7177263293269232 0.3294754495192308 0.7134544879807693 0.3598711778846154 0.7391395649038461 0.3634809807692308
1 0.7805101153846153 0.36663040865384616 0.7840474302884615 0.34146109375000006 0.7411873918269231 0.3354375072115384 0.7376500745192308 0.36060682211538464 0.7805101153846153 0.36663040865384616
1 0.8025783365384616 0.369030625 0.8058257091346154 0.3459243701923077 0.7830804879807692 0.3427277379807692 0.7798331153846154 0.3658339927884615 0.8025783365384616 0.369030625
1 0.8334468485576922 0.3733689110576923 0.8370614831730769 0.34764944711538465 0.8039493942307693 0.34299584615384615 0.8003347596153846 0.3687153100961539 0.8334468485576922 0.3733689110576923
1 0.8546447740384615 0.3763480865384615 0.8581820889423077 0.35117877403846154 0.8351274110576923 0.34793864903846156 0.8315900961538462 0.3731079615384615 0.8546447740384615 0.3763480865384615
1 0.8757072067307692 0.3780459326923077 0.8784133509615385 0.35879072115384614 0.8593816370192309 0.3561159879807692 0.8566754927884616 0.37537119951923076 0.8757072067307692 0.3780459326923077
1 0.9020641225961538 0.5542623677884616 0.908616858173077 0.5076372451923077 0.8598771009615385 0.5007873197115384 0.8533243677884615 0.5474124423076924 0.9020641225961538 0.5542623677884616
1 0.9386569278846154 0.550989920673077 0.9461374831730769 0.4977630120192308 0.8952315144230769 0.4906086442307692 0.8877509615384616 0.5438355528846154 0.9386569278846154 0.550989920673077
1 0.9658493461538461 0.5393836418269231 0.9716482235576923 0.49812247355769235 0.9345131706730769 0.492903483173077 0.9287142932692307 0.5341646514423076 0.9658493461538461 0.5393836418269231
1 0.9927324423076923 0.5294169399038462 0.998434673076923 0.4888434591346154 0.9702739230769232 0.48488572355769227 0.9645716923076922 0.5254592067307692 0.9927324423076923 0.5294169399038462
1 1 0.2403934110576923 0.9780092115384615 0.2373028076923077 0.972983514423077 0.27306248798076926 1 0.27685940625 1 0.2403934110576923
1 0.9639272620192307 0.21624919711538462 0.9717557499999999 0.16054661778846152 0.8652245673076924 0.14557463701923076 0.8573960793269231 0.20127721634615386 0.9639272620192307 0.21624919711538462
1 0.9231368317307692 0.21177875961538462 0.9340193966346154 0.13434529807692308 0.8368493413461539 0.1206889375 0.8259667788461538 0.19812239903846154 0.9231368317307692 0.21177875961538462
1 0.8748977475961539 0.17835097115384618 0.8885637716346154 0.08111214903846155 0.7679522163461538 0.06416129807692307 0.7542861899038461 0.16140012259615383 0.8748977475961539 0.17835097115384618
1 0.8132763293269231 0.16436100240384616 0.82968715625 0.04759188942307692 0.6860982884615384 0.027411790865384613 0.6696874591346155 0.1441809014423077 0.8132763293269231 0.16436100240384616
1 0.7314221682692307 0.12480638221153846 0.7443536682692307 0.03279397596153846 0.5838219326923076 0.01023271153846154 0.5708904302884615 0.10224511778846154 0.7314221682692307 0.12480638221153846
1 0.7750677548076923 0.2751213076923077 0.7786823894230769 0.24940184375 0.7283179759615385 0.24232358653846153 0.7247033413461538 0.26804305048076926 0.7750677548076923 0.2751213076923077
1 0.8861436610576923 0.28526210817307696 0.8827029927884615 0.3097437355769231 0.9083880721153845 0.31335353846153846 0.9118287403846155 0.28887190865384615 0.8861436610576923 0.28526210817307696
1 0.8876344951923076 0.30440589663461537 0.890340639423077 0.2851506850961539 0.84423128125 0.2786704375 0.8415251370192307 0.2979256490384615 0.8876344951923076 0.30440589663461537
1 0.44388418509615385 0 0.43851568990384615 0.03819881971153846 0.5082212788461539 0.047995302884615385 0.5146580360576923 0.002195403846153846 0.4990369254807692 0 0.44388418509615385 0
1 0.43481982692307697 0.2514262355769231 0.4428609399038462 0.19421075000000002 0.3801181730769231 0.18539282932692308 0.37207706249999994 0.24260831490384616 0.43481982692307697 0.2514262355769231
1 0.3708589735576923 0.2473460096153846 0.37810757211538465 0.1957695480769231 0.3169894639423077 0.18717995673076923 0.3097408653846154 0.23875642067307692 0.3708589735576923 0.2473460096153846
1 0.31030304326923075 0.25440360336538465 0.3179382355769231 0.20007639903846153 0.25519546875 0.1912584783653846 0.24756027884615386 0.2455856826923077 0.31030304326923075 0.25440360336538465
1 0.23795541346153845 0.3375046033653846 0.2429231201923077 0.3021575336538462 0.1839712235576923 0.29387238701923074 0.1790035168269231 0.3292194543269231 0.23795541346153845 0.3375046033653846
1 0.23621575 0.34988295432692307 0.24064222836538463 0.31838692788461537 0.1762748028846154 0.3093406778846154 0.17184832451923077 0.34083670192307697 0.23621575 0.34988295432692307
1 0.2427878125 0.3031202956730769 0.23716289903846155 0.3431436298076923 0.29828100721153844 0.35173322115384614 0.3039059206730769 0.31170988701923075 0.2427878125 0.3031202956730769
1 0.3597847331730769 0.34579060576923076 0.36446249759615384 0.3125065961538462 0.2995535192307692 0.30338423557692307 0.29487575721153847 0.3366682451923077 0.3597847331730769 0.34579060576923076
1 0.3705928509615385 0.30369064663461537 0.3656444735576923 0.33890017788461535 0.42459636778846155 0.3471853269230769 0.42954474519230773 0.31197579567307687 0.3705928509615385 0.30369064663461537
1 0.4854432139423077 0.3498461346153846 0.49093281971153846 0.3107855600961538 0.42772586538461543 0.3019024014423077 0.42223625961538463 0.34096297596153846 0.4854432139423077 0.3498461346153846
1 0.5334278653846154 0.3469124230769231 0.5381056274038462 0.31362841346153847 0.49307937740384616 0.3073003846153846 0.4884016153846154 0.34058439423076925 0.5334278653846154 0.3469124230769231
1 0.5516772740384616 0.24456734375 0.5570315721153846 0.20646953124999998 0.48840909134615385 0.19682527163461538 0.4830547908653846 0.23492308413461538 0.5516772740384616 0.24456734375
1 0.4144357620192308 0.5014390985576923 0.4200606730769231 0.4614157620192308 0.3589425673076923 0.4528261730769231 0.3533176538461538 0.4928495096153846 0.4144357620192308 0.5014390985576923
1 0.4624204134615385 0.49850538701923075 0.4675040961538462 0.46233309375 0.4181454230769231 0.45539618509615387 0.41306173798076923 0.49156847836538464 0.4624204134615385 0.49850538701923075
1 0.3416371129807692 0.5097214206730769 0.34780325480769225 0.46584704326923077 0.27972232451923074 0.45627889182692305 0.2735561826923077 0.5001532692307692 0.3416371129807692 0.5097214206730769
1 0.2787790168269231 0.5095830312499999 0.2868008004807692 0.4525050793269231 0.2225107403846154 0.44346969951923076 0.21448895673076923 0.5005476514423077 0.2787790168269231 0.5095830312499999
1 0.21781651923076922 0.5116746009615385 0.22491048076923076 0.4611984350961539 0.1670416923076923 0.45306550721153843 0.15994772836538462 0.5035416730769231 0.21781651923076922 0.5116746009615385
1 0.14984556971153845 0.19426474759615384 0.15989695913461538 0.12274538942307692 0.05808502403846154 0.10843665384615385 0.04803363221153846 0.1799560144230769 0.14984556971153845 0.19426474759615384
1 0.16369625721153847 0.22538413221153847 0.1719499951923077 0.16665573557692306 0.08483735096153847 0.15441285096153848 0.07658361298076923 0.21314125 0.16369625721153847 0.22538413221153847
1 0.18358018750000002 0.2427650360576923 0.19073213701923078 0.19187625961538463 0.09155060096153847 0.1779372043269231 0.0843986514423077 0.22882598076923077 0.18358018750000002 0.2427650360576923
1 0.06780230528846154 0 0.06063328846153847 0.05101021394230769 0.08221803846153845 0.05404375240384615 0.08981339182692308 0 0.06780230528846154 0
1 0 0.6497878413461537 0.00006817548076923077 0.649797423076923 0.01126001201923077 0.5701633653846154 0 0.5685808725961539 0 0.6497878413461537
1 0 0.6050468701923077 0.051028475961538464 0.612218454326923 0.06106053605769231 0.5408366322115384 0.00009715865384615385 0.5322687884615385 0 0.5329601081730769 0 0.6050468701923077
1 0.08052041826923076 0.5758299182692308 0.08919940865384615 0.5140757019230769 0.05368901442307693 0.5090850408653846 0.04501002403846154 0.5708392572115385 0.08052041826923076 0.5758299182692308
1 0.11088330528846153 0.5467167331730769 0.11735872115384614 0.5006417620192308 0.0874185841346154 0.4964339495192308 0.08094316826923077 0.5425089206730769 0.11088330528846153 0.5467167331730769
1 0.11033994711538461 0.5247607716346153 0.13223415384615383 0.5278378028846153 0.1345730360576923 0.5111957980769231 0.15066489182692308 0.513457360576923 0.15368031009615385 0.49200155288461533 0.13580906490384617 0.4894899134615385 0.13491990384615385 0.495816625 0.11480508413461539 0.492989670673077 0.11033994711538461 0.5247607716346153