2 0.017417983173076922 0.33836721634615385 0.0667277860576923 0.6892246923076922 0.2361564639423077 0.6654130456730769 0.18684666105769232 0.31455556730769235 0.017417983173076922 0.33836721634615385
1 0 0.33688804567307695 0.036604752403846155 0.3317435841346154 0.021179733173076924 0.22198887259615382 0 0.22496549038461539 0 0.33688804567307695
1 0 0.4569453245192308 0.022282375 0.4538137403846154 0.012965509615384617 0.38752079567307696 0 0.3893429783653846 0 0.4569453245192308
1 0.0817741778846154 0.69973290625 0.07197407211538462 0.6300015264423077 0.01542048076923077 0.6379496153846154 0.02522058653846154 0.7076809951923076 0.0817741778846154 0.69973290625
1 0 0.37890775480769234 0.004820848557692307 0.4132098725961538 0.06330855769230768 0.4049899615384615 0.05768364423076923 0.36496662500000004 0 0.37307353125 0 0.37890775480769234
1 0.24105308173076923 0.3903883798076923 0.23527353365384615 0.3492647475961539 0.19280031730769231 0.35523396875 0.1985798653846154 0.39635760096153844 0.24105308173076923 0.3903883798076923
1 0.26529429567307694 0.5398581730769231 0.2609451370192308 0.5089122956730769 0.22489318990384616 0.5139790673076923 0.22924234855769232 0.5449249447115384 0.26529429567307694 0.5398581730769231
1 0.5986879278846154 0.1395631033653846 0.5866455889423077 0.05387740865384615 0.45350095192307693 0.07258966826923077 0.4655432932692308 0.1582753605769231 0.5986879278846154 0.1395631033653846
1 0.44880392788461543 0.2726907355769231 0.4436429254807692 0.23596829567307692 0.38708933413461544 0.24391638461538462 0.3922503389423077 0.2806388245192308 0.44880392788461543 0.2726907355769231
1 0.44063762259615386 0.3262933653846154 0.4354959519230769 0.2897084639423077 0.3930227355769231 0.2956776850961539 0.39816440625 0.3322625865384615 0.44063762259615386 0.3262933653846154
1 0.39623029086538464 0.3325344110576923 0.39205509615384615 0.30282636778846156 0.36118658413461535 0.3071646538461538 0.3653617764423077 0.3368726971153846 0.39623029086538464 0.3325344110576923
1 0.36454877644230765 0.3451216802884615 0.3603735841346154 0.31541363942307693 0.3185192860576923 0.3212958774038462 0.3226944783653846 0.3510039182692308 0.36454877644230765 0.3451216802884615
1 0.39414817788461537 0.4855634519230769 0.3923698557692308 0.47291002884615385 0.34920035576923075 0.4789771057692308 0.3509786802884615 0.4916305288461539 0.39414817788461537 0.4855634519230769
1 0.4869466418269231 0.4784121394230769 0.48356396153846154 0.454343125 0.41857762019230765 0.46347636057692304 0.4219602980769231 0.48754537499999995 0.4869466418269231 0.4784121394230769
1 0.6698416153846154 0.15971767788461538 0.6547065408653846 0.05202602403846154 0.5405162548076923 0.06807442307692307 0.5556513293269231 0.17576607451923076 0.6698416153846154 0.15971767788461538
1 0.6691438052884616 0.17832925480769232 0.6596336442307693 0.11066093509615384 0.5985155360576923 0.11925052644230769 0.6080256995192308 0.18691884375 0.6691438052884616 0.17832925480769232
1 0.6001109110576923 0.23950434855769231 0.5956844326923076 0.20800832451923076 0.53348321875 0.21675013461538464 0.5379096971153846 0.24824616105769232 0.6001109110576923 0.23950434855769231
1 0.5105596802884615 0.2714449831730769 0.5041422548076923 0.22578262259615386 0.43497821875000003 0.2355029951923077 0.4413956442307692 0.28116535576923074 0.5105596802884615 0.2714449831730769
1 0.7701964687499999 0.22429612259615384 0.7652674230769231 0.18922412740384614 0.701828375 0.19813990384615382 0.7067574206730769 0.23321189903846154 0.7701964687499999 0.22429612259615384
1 0.6961395913461538 0.22895373076923078 0.6914618293269231 0.19566972115384618 0.6610575048076923 0.19994276923076923 0.6657352668269231 0.23322677884615384 0.6961395913461538 0.22895373076923078
1 0.6781719783653847 0.2274115528846154 0.674151420673077 0.19880380769230768 0.6151221610576922 0.20709982932692308 0.6191427163461539 0.23570757451923077 0.6781719783653847 0.2274115528846154
1 0.66028040625 0.47621177403846154 0.6499004134615384 0.4023542788461538 0.5087098485576923 0.42219731971153845 0.5190898413461539 0.4960548125 0.66028040625 0.47621177403846154
1 0.7360581274038461 0.47762373798076924 0.7275724350961539 0.41724489182692304 0.609204454326923 0.4338804278846154 0.6176901466346153 0.4942592740384616 0.7360581274038461 0.47762373798076924
1 0.7987449423076923 0.44370824759615385 0.7925014831730769 0.39928371874999996 0.7179219182692307 0.4097651923076923 0.7241653774038461 0.45418972115384615 0.7987449423076923 0.44370824759615385
1 0.8333262908653847 0.21261872596153844 0.8310840576923078 0.19666440865384616 0.7858257115384616 0.20302505528846154 0.7880679447115385 0.21897937259615385 0.8333262908653847 0.21261872596153844
1 0.7882884423076923 0.12511857211538463 0.7821416298076923 0.08138173076923076 0.6615300745192307 0.09833257932692309 0.6676768870192308 0.14206942067307693 0.7882884423076923 0.12511857211538463
1 1 0.4824384807692308 0.9986699158653847 0.47297443990384613 0.8296280625 0.49673172355769235 0.8471793365384616 0.6216155288461539 1 0.6001379855769231 1 0.4824384807692308