1 1 0.10994226923076923 0.9002585072115384 0.09945901682692308 0.8798173846153846 0.2939432980769231 0.9847601658653846 0.30497322836538465 1 0.15997589903846154 1 0.10994226923076923
1 0.9760157740384615 0.3662467043269231 0.9908239735576923 0.2253561033653846 0.8926149375 0.21503391826923077 0.8778067379807692 0.3559245192307693 0.9760157740384615 0.3662467043269231
1 0.9689878918269231 0.41168694471153844 0.9821313798076924 0.28663502163461535 0.8794159158653846 0.2758391923076923 0.8662724278846153 0.40089111538461536 0.9689878918269231 0.41168694471153844
1 0.96433375 0.4773937355769231 0.9766352019230768 0.36035324038461536 0.8761988509615384 0.3497969543269231 0.8638973990384616 0.46683744951923073 0.96433375 0.4773937355769231
1 0.9547566490384616 0.5366245360576923 0.9664386706730769 0.4254775048076923 0.8603563365384616 0.4143278028846154 0.8486743125 0.5254748341346154 0.9547566490384616 0.5366245360576923
1 0.9524387980769231 0.5905666442307692 0.9612075745192308 0.5071373076923077 0.8507224086538462 0.4955248485576923 0.8419536322115384 0.5789541850961538 0.9524387980769231 0.5905666442307692
1 0.9490184855769231 0.6664581971153846 0.9596649014423076 0.5651643028846154 0.8457610673076924 0.5531925264423078 0.8351146490384616 0.6544864230769231 0.9490184855769231 0.6664581971153846
1 0.9500771850961538 0.72066209375 0.9605009951923077 0.6214861610576924 0.8376878990384615 0.6085779831730769 0.8272640889423077 0.7077539158653846 0.9500771850961538 0.72066209375
1 0.9417767379807693 0.8100992211538462 0.9567881875 0.6672748269230768 0.8463030192307692 0.6556623677884615 0.8312915721153846 0.7984867620192309 0.9417767379807693 0.8100992211538462
1 0.8359457139423078 0.7327799711538462 0.8223860480769231 0.8617915600961539 0.9362380865384616 0.873757891826923 0.94979775 0.7447463028846154 0.8359457139423078 0.7327799711538462
1 0.9275879663461539 0.945096360576923 0.9444867355769231 0.7843153197115385 0.8373166394230769 0.7730512884615385 0.8204178725961538 0.9338323317307692 0.9275879663461539 0.945096360576923
1 0.9173135216346153 1 0.9308568293269232 0.8711440432692308 0.8236867355769231 0.8598800120192307 0.8089595312500001 1 0.9173135216346153 1
1 0.9173135216346153 1 0.9241786201923077 0.9346829423076923 0.8226027139423077 0.9240068846153846 0.8146155144230769 1 0.9173135216346153 1
1 1 0.18814846875 0.9892497956730769 0.18701857692307694 0.9779839495192307 0.2942059375 1 0.2965199182692308 1 0.18814846875
1 1 0.2343273701923077 0.9922707283653847 0.23351499038461537 0.9784981370192308 0.3645524567307692 1 0.3668123942307692 1 0.2343273701923077
1 1 0.3386954038461539 0.9702326899038461 0.33556673317307695 0.9595959519230769 0.43676854567307694 1 0.44101518028846154 1 0.3386954038461539
1 1 0.4169016057692308 0.9654695697115384 0.41327231009615384 0.9535746177884616 0.5264452163461538 0.9970849495192307 0.5310183365384615 1 0.5032834831730769 1 0.4169016057692308
1 1 0.5072111418269231 0.9571691225961538 0.5027094350961538 0.9494456322115384 0.5761935528846154 0.9940955216346155 0.5808864447115385 1 0.5247090745192308 1 0.5072111418269231
1 0.981605170673077 0.6678349399038462 0.9922419110576922 0.5666331274038462 0.9520466514423076 0.5624084375 0.9414099110576923 0.6636102475961538 0.981605170673077 0.6678349399038462
1 0.9708741610576923 0.7589717620192308 0.9823432572115384 0.6498506081730769 0.9555636826923077 0.6470359615384615 0.9440945865384616 0.7561571153846154 0.9708741610576923 0.7589717620192308
1 0.9662103389423078 0.8247706370192307 0.9760147211538462 0.7314881682692308 0.9447805192307693 0.7282053197115383 0.9349761370192307 0.8214877908653846 0.9662103389423078 0.8247706370192307
1 0.9499369399038462 0.9153249302884615 0.96266425 0.7942326802884616 0.9447939326923076 0.7923544350961538 0.9320666249999999 0.9134466826923078 0.9499369399038462 0.9153249302884615
1 0.9492690985576923 0.9754921298076924 0.9590734807692307 0.8822096586538462 0.932242108173077 0.8793895697115384 0.9224377259615385 0.9726720384615385 0.9492690985576923 0.9754921298076924
1 0.9466932163461539 1 0.9526082019230769 0.9437226802884615 0.9257768293269231 0.9409025889423077 0.9195654423076923 1 0.9466932163461539 1
1 0.7505551129807693 0.8361799182692308 0.7409636586538462 0.9274365096153846 0.8213541802884615 0.9358858942307692 0.8309456322115385 0.8446293028846154 0.7505551129807693 0.8361799182692308
1 0.8182810913461539 0.8794220216346154 0.8280854759615385 0.7861395528846155 0.755516454326923 0.7785122403846153 0.7457120721153847 0.8717947091346154 0.8182810913461539 0.8794220216346154
1 0.7628662427884615 0.7190473389423077 0.7518036466346154 0.82430090625 0.8321941682692308 0.8327502908653847 0.8432567644230768 0.7274967235576923 0.7628662427884615 0.7190473389423077
1 0.8371037115384615 0.7750771682692308 0.8462886658653846 0.6876881610576924 0.767037701923077 0.6793585504807692 0.7578527475961538 0.7667475576923077 0.8371037115384615 0.7750771682692308
1 0.7760799711538462 0.6361782884615385 0.7683564807692308 0.70966240625 0.8386981850961538 0.7170556177884616 0.8464216754807693 0.6435715000000001 0.7760799711538462 0.6361782884615385
1 0.8456835913461538 0.661555829326923 0.8515197644230769 0.6060283605769231 0.7800385024038461 0.5985153774038461 0.7742023317307692 0.6540428461538461 0.8456835913461538 0.661555829326923
1 0.7857656971153847 0.5549866875 0.7801327740384616 0.6085803677884616 0.8437407379807692 0.6152658341346154 0.8493736610576923 0.5616721538461539 0.7857656971153847 0.5549866875
1 0.8472502956730769 0.5714109567307692 0.8539188245192307 0.5079641442307692 0.7847166754807693 0.5006907067307692 0.7780481466346154 0.5641375192307693 0.8472502956730769 0.5714109567307692
1 0.7838287860576922 0.44436340384615386 0.7771505793269231 0.5079023028846155 0.8519469110576924 0.5157637139423077 0.8586251177884615 0.45222481490384614 0.7838287860576922 0.44436340384615386
1 0.7906955360576924 0.4009544855769231 0.784017329326923 0.4644933870192308 0.8610409759615384 0.4725888966346154 0.8677191850961539 0.4090499975961538 0.7906955360576924 0.4009544855769231
1 0.859065329326923 0.4161472668269231 0.8651144302884616 0.35859391826923076 0.7947727235576922 0.3512007067307692 0.7887236225961539 0.40875405528846154 0.859065329326923 0.4161472668269231
1 0.796783375 0.2892194831730769 0.7873951682692308 0.3785422836538462 0.8711007620192308 0.3873400961538461 0.8804889663461538 0.29801729567307694 0.796783375 0.2892194831730769
1 0.8731114110576923 0.325358875 0.8831287235576923 0.2300505264423077 0.8094719447115384 0.22230888701923077 0.7994546346153846 0.31761723557692306 0.8731114110576923 0.325358875
1 0.7921292331730769 0.3549262764423077 0.7992139399038461 0.2875197908653846 0.7456029927884615 0.2818850528846154 0.7385182860576923 0.3492915384615385 0.7921292331730769 0.3549262764423077
1 0.7912206923076923 0.38499603365384616 0.795808329326923 0.3413475721153846 0.7467038100961538 0.3361864783653846 0.742116173076923 0.37983493990384615 0.7912206923076923 0.38499603365384616
1 0.7892765456730769 0.42491892548076926 0.7934480072115384 0.38523013221153846 0.7387493028846154 0.3794810673076923 0.7345778413461539 0.41916985817307695 0.7892765456730769 0.42491892548076926
1 0.7851050865384616 0.46460771394230765 0.7892765456730769 0.42491892548076926 0.7301232139423077 0.4187016586538462 0.7259517548076923 0.4583904471153846 0.7851050865384616 0.46460771394230765
1 0.77409090625 0.5155875432692307 0.7795109014423077 0.46401974038461535 0.7304063822115385 0.4588586490384615 0.7249863894230769 0.5104264495192308 0.77409090625 0.5155875432692307
1 0.7723075384615385 0.54351709375 0.7773113533653846 0.49590896394230766 0.7337492235576922 0.49133039903846154 0.7287454062500001 0.53893853125 0.7723075384615385 0.54351709375
1 0.7642440504807693 0.59881046875 0.7713287572115385 0.5314039831730769 0.7299939399038462 0.5270595192307692 0.7229092331730769 0.5944660024038462 0.7642440504807693 0.59881046875
1 0.7294965528846155 0.5751412932692308 0.7228280240384616 0.6385881081730769 0.7674779134615384 0.643281 0.7741464423076923 0.5798341875 0.7294965528846155 0.5751412932692308
1 0.7551777524038462 0.6741086033653846 0.76184628125 0.6106617908653846 0.7161086346153845 0.6058545721153846 0.7094401057692308 0.6693013846153846 0.7551777524038462 0.6741086033653846
1 0.7132378605769231 0.6436318100961539 0.7059402259615385 0.7130641730769232 0.7505901129807693 0.717757064903846 0.7578877475961538 0.6483247043269231 0.7132378605769231 0.6436318100961539
1 0.7556254350961538 0.7665134567307692 0.765013639423077 0.6771906562500001 0.7147695649038461 0.6719097908653846 0.7053813581730769 0.7612325913461538 0.7556254350961538 0.7665134567307692
1 0.7127164399038463 0.7238314639423076 0.7049929471153846 0.7973155841346155 0.7462759663461539 0.8016546033653846 0.7539994591346153 0.7281704855769231 0.7127164399038463 0.7238314639423076
1 0.7435512620192307 0.8495022788461538 0.7516909326923076 0.7720584903846154 0.7081288004807693 0.7674799254807693 0.6999891322115384 0.8449237139423077 0.7435512620192307 0.8495022788461538
1 0 0.9218057259615384 0.14849810817307693 0.9374135048076924 0.17123305048076926 0.7211049927884615 0 0.7031076730769231 0 0.9218057259615384
1 0 0.8094308629807692 0.14676444471153846 0.8248564278846153 0.16637321153846155 0.6382914855769232 0 0.6208049567307692 0 0.8094308629807692
1 0 0.7071110841346153 0.14957968269230767 0.7228325432692307 0.16480406009615384 0.5779822716346155 0.0007079471153846154 0.5607350769230769 0 0.5674707427884615 0 0.7071110841346153
1 0 0.6188498028846153 0.1532125721153846 0.63495309375 0.16823369951923078 0.49203661298076923 0.0063649038461538465 0.47502351682692306 0 0.53558153125 0 0.6188498028846153
1 0.014050947115384616 0.3695081634615385 0.001323639423076923 0.4906004134615385 0.1754685673076923 0.5089037836538461 0.18819587740384616 0.3878115336538462 0.014050947115384616 0.3695081634615385
1 0.17857665384615384 0.44694480288461536 0.19109103365384617 0.32787843028846153 0.025907163461538464 0.31051690625000006 0.013392781250000001 0.4295832788461539 0.17857665384615384 0.44694480288461536
1 0.043051653846153844 0.15786162259615383 0.023026709134615384 0.34838623317307693 0.1771258076923077 0.3645827019230769 0.19715075240384616 0.17405808894230768 0.043051653846153844 0.15786162259615383
1 0 0.9478744567307692 0.14464855528846154 0.9630776322115384 0.15548854326923076 0.8599420288461539 0.008174987980769231 0.84445875 0 0.9222385528846153 0 0.9478744567307692
1 0 0.9499227115384615 0.1377536826923077 0.9644012091346154 0.15527187740384615 0.7977267067307692 0 0.7814069759615384 0 0.9499227115384615
1 0.23529113942307692 0.9706493966346154 0.24592787740384617 0.8694475841346154 0.16890423076923078 0.8613520721153846 0.15826749038461538 0.9625538846153846 0.23529113942307692 0.9706493966346154
1 0.15527187740384615 0.7977267067307692 0.13941839423076924 0.9485625264423077 0.23208504567307695 0.9583021850961538 0.24793852884615383 0.8074663653846154 0.15527187740384615 0.7977267067307692
1 0.2349377283653846 0.8883095384615385 0.24870064182692309 0.7573641538461539 0.15712175240384615 0.7477388245192308 0.1433588389423077 0.8786842091346153 0.2349377283653846 0.8883095384615385
1 0.24181918509615383 0.8228368461538461 0.25328828125 0.7137156947115385 0.16953088942307692 0.7049124375000001 0.15806179326923075 0.8140335889423077 0.24181918509615383 0.8228368461538461
1 0.17553751682692306 0.6372995408653845 0.16135842307692305 0.7722045913461538 0.2428367043269231 0.7807683052884615 0.2570157956730769 0.6458632524038461 0.17553751682692306 0.6372995408653845
1 0.24946275721153846 0.7072619447115385 0.26134803125 0.5941811201923077 0.17090869711538462 0.5846755649038461 0.15902342307692308 0.6977563870192308 0.24946275721153846 0.7072619447115385
1 0.2586901875 0.629932485576923 0.26723635576923077 0.5486211105769231 0.17456970673076924 0.5388814543269231 0.16602353605769232 0.620192826923077 0.2586901875 0.629932485576923
1 0.2615609591346154 0.5921552451923077 0.2717815216346154 0.4949131033653846 0.17129337259615385 0.48435137259615385 0.16107281009615385 0.5815935144230769 0.2615609591346154 0.5921552451923077
1 0.17740897596153846 0.4047396899038462 0.16698516586538462 0.503915625 0.27301570432692307 0.5150598846153847 0.2834395144230769 0.41588394951923074 0.17740897596153846 0.4047396899038462
1 0.17821356490384616 0.36469702884615385 0.17111918028846154 0.43219559855769235 0.28165614423076923 0.44381350240384615 0.2887505288461539 0.3763149326923077 0.17821356490384616 0.36469702884615385
1 0.18749279086538462 0.28737301201923077 0.17768840865384616 0.3806554831730769 0.2959950769230769 0.3930900144230769 0.30579945913461537 0.29980754567307694 0.18749279086538462 0.28737301201923077
1 0.19131457932692308 0.2295855625 0.17880019951923076 0.3486519326923077 0.2859702908653846 0.3599159639423077 0.29848467067307694 0.24084959375 0.19131457932692308 0.2295855625
1 0.2834745144230769 0.2974610985576923 0.2984859639423077 0.15463670432692306 0.19131586778846155 0.14337267307692309 0.17630442067307694 0.2861970673076923 0.2834745144230769 0.2974610985576923
1 0.05063590144230769 0 0.03581678846153846 0.1409944519230769 0.2936673076923077 0.16809563461538463 0.3107693245192307 0.005380802884615385 0.25957440625 0 0.05063590144230769 0
1 0.05513974038461538 0 0.04861433653846154 0.06208507211538462 0.29978291346153846 0.08848395432692308 0.30908295192307694 0 0.05513974038461538 0
1 0.279755625 0 0.2766121971153846 0.029907735576923077 0.30561908653846154 0.03295648317307692 0.30908295192307694 0 0.279755625 0
1 0.3020234831730769 0.10752617548076923 0.2910383173076923 0.2120430625 0.3330465048076923 0.21645830048076925 0.34403167307692306 0.11194141586538461 0.3020234831730769 0.10752617548076923
1 0.30414704086538463 0.062408396634615386 0.29291990865384615 0.16922741346153847 0.33876115384615385 0.17404552403846155 0.34998828365384616 0.06722650721153846 0.30414704086538463 0.062408396634615386
1 0.3424001225961538 0.12098709134615385 0.35290136057692306 0.021074475961538462 0.3057651658653846 0.01612026201923077 0.2952639278846154 0.11603287740384616 0.3424001225961538 0.12098709134615385
1 0.2996039423076923 0 0.29147211298076925 0.07736916586538461 0.3437881081730769 0.08286779807692309 0.3524978653846154 0 0.2996039423076923 0
1 0.3009131995192308 0 0.2971127403846154 0.03615894230769231 0.3475122067307692 0.041456139423076924 0.3518694230769231 0 0.3009131995192308 0
1 0.3498793557692308 0 0.34615363221153844 0.03544788461538462 0.3862452956730769 0.0396616875 0.39041390625 0 0.3498793557692308 0
1 0.3498793533653846 0 0.3413240288461538 0.08139848076923076 0.3852487451923077 0.08601515384615385 0.3942893028846154 0 0.3498793533653846 0
1 0.34998596634615387 0.04283337740384615 0.3432206514423077 0.10720104326923076 0.37678576682692305 0.11072887740384615 0.3835510793269231 0.04636121153846154 0.34998596634615387 0.04283337740384615
1 0.3799678293269231 0.15519396875000002 0.38841721394230766 0.07480344711538461 0.3451140721153846 0.07025210336538462 0.3366646875 0.150642625 0.3799678293269231 0.15519396875000002
1 0.34878006490384617 0.11011292548076924 0.3406984663461538 0.1870042019230769 0.37364200240384615 0.19046670673076924 0.38172360096153846 0.11357543028846154 0.34878006490384617 0.11011292548076924
1 0.3716967836538462 0.22741020192307693 0.3803881322115385 0.14471754567307693 0.3390533173076923 0.14037308173076923 0.33036196875 0.22306573798076926 0.3716967836538462 0.22741020192307693
1 0.33231901442307693 0.1919889519230769 0.32472134375 0.2642759591346154 0.3686460625 0.2688926346153846 0.3762437331730769 0.196605625 0.33231901442307693 0.1919889519230769
1 0.37377733413461534 0.17074317548076923 0.3670120192307692 0.23511084375 0.3979872307692308 0.23836647115384618 0.40475254567307695 0.1739988004807692 0.37377733413461534 0.17074317548076923
1 0.4000311778846154 0.26874654567307693 0.40667067067307694 0.20557598798076923 0.37051565865384617 0.20177594230769233 0.36387616346153845 0.2649465 0.4000311778846154 0.26874654567307693
1 0.36255810817307693 0.22766002163461538 0.3555605072115385 0.29423773798076924 0.3988118509615385 0.2987836370192308 0.40580945192307694 0.23220592307692306 0.36255810817307693 0.22766002163461538
1 0.2900372860576923 0.2549512572115385 0.2824396153846154 0.3272382668269231 0.32310106009615386 0.3315119567307692 0.3306987307692308 0.2592249471153846 0.2900372860576923 0.2549512572115385
1 0.31495566346153847 0.3840967451923077 0.32304693990384614 0.3071133822115385 0.28751350240384616 0.3033786658653846 0.27942222596153843 0.38036202884615383 0.31495566346153847 0.3840967451923077
1 0.27589316105769235 0.35215342788461534 0.26901170432692306 0.41762611778846154 0.3122630480769231 0.42217201682692307 0.3191445048076923 0.35669932692307693 0.27589316105769235 0.35215342788461534
1 0.31180222355769227 0.4639266586538462 0.3185675384615384 0.3995589927884616 0.2720529206730769 0.3946701081730769 0.26528760576923077 0.4590377740384615 0.31180222355769227 0.4639266586538462
1 0.3098992956730769 0.5194020168269231 0.31617100240384616 0.4597307043269231 0.2696563846153846 0.4548418197115385 0.2633846778846154 0.5145131346153846 0.3098992956730769 0.5194020168269231
1 0.3081863629807692 0.5541354639423077 0.3150678197115384 0.4886627716346154 0.26725825000000003 0.4836377836538462 0.26037679326923074 0.5491104759615385 0.3081863629807692 0.5541354639423077
1 0.3041367692307692 0.6175782283653847 0.3131959014423077 0.5313863317307692 0.2518152548076923 0.5249349663461539 0.2427561201923077 0.6111268629807692 0.3041367692307692 0.6175782283653847
1 0.3067379471153846 0.6491341057692307 0.31470340384615386 0.5733478533653846 0.25653423317307694 0.5672340264423077 0.2485687764423077 0.6430202788461539 0.3067379471153846 0.6491341057692307
1 0.30315149759615384 0.695215360576923 0.3110008100961539 0.6205341346153846 0.2593581899038461 0.6151062764423076 0.25150887740384614 0.6897875024038461 0.30315149759615384 0.695215360576923
1 0.2972807379807692 0.7445944254807693 0.3046267644230769 0.6747016346153847 0.25080862740384613 0.6690451225961538 0.2434625985576923 0.7389379110576922 0.2972807379807692 0.7445944254807693
1 0.29205431490384615 0.7943205192307693 0.30110376923076926 0.7082207067307693 0.2483215889423077 0.7026730769230769 0.23927213461538463 0.788772889423077 0.29205431490384615 0.7943205192307693
1 0.2894002283653846 0.8404997716346153 0.29935946875 0.7457439350961538 0.24067231490384614 0.7395756658653846 0.2307130745192308 0.8343315048076924 0.2894002283653846 0.8404997716346153
1 0.2889655721153846 0.8830019855769231 0.2981408485576923 0.7957050625 0.24903632932692307 0.79054396875 0.23986105288461537 0.877840891826923 0.2889655721153846 0.8830019855769231
1 0.2936208221153846 0.7395546225961538 0.2848133317307692 0.8233523004807692 0.3274430985576923 0.8278328701923077 0.3362505889423077 0.7440351899038462 0.2936208221153846 0.7395546225961538
1 0.3275361370192308 0.7895774711538461 0.3357532355769231 0.711397 0.29762989663461537 0.7073900745192307 0.28941279567307693 0.7855705480769231 0.3275361370192308 0.7895774711538461
1 0.30111202884615385 0.6682805528846154 0.29326271634615386 0.7429617788461538 0.3365140600961538 0.7475076802884615 0.34436337259615385 0.6728264519230769 0.30111202884615385 0.6682805528846154
1 0.3393013125 0.7025527596153847 0.34618276923076924 0.6370800673076923 0.3022580528846154 0.6324633918269231 0.29537659615384615 0.6979360841346154 0.3393013125 0.7025527596153847
1 0.3122364447115385 0.5998090168269231 0.30668094951923075 0.6526660144230768 0.34154101442307694 0.656329954326923 0.3470965096153846 0.6034729591346154 0.3122364447115385 0.5998090168269231
1 0.34456072596153847 0.6275993221153846 0.35011622115384616 0.5747423245192308 0.31328783173076924 0.5708715048076923 0.30773233653846155 0.6237285024038461 0.34456072596153847 0.6275993221153846
1 0.3130012572115385 0.5302486442307692 0.3069715144230769 0.5876178245192307 0.34830632932692307 0.5919622884615385 0.35433607451923077 0.5345931081730769 0.3130012572115385 0.5302486442307692
1 0.35017824759615385 0.5492387259615384 0.3551336706730769 0.5020910216346154 0.3086190504807692 0.4972021370192307 0.3036636274038461 0.54434984375 0.35017824759615385 0.5492387259615384
1 0.3122388341346154 0.4627622139423077 0.3071672668269231 0.5110149423076923 0.3562717860576923 0.5161760360576924 0.36134335096153847 0.46792330769230767 0.3122388341346154 0.4627622139423077
1 0.31951100961538464 0.4125063149038462 0.3131134807692308 0.47337473798076923 0.3576597740384615 0.4780567427884615 0.36405730288461535 0.41718831971153847 0.31951100961538464 0.4125063149038462
1 0.3595413677884615 0.4352410985576923 0.36581307451923073 0.3755697836538462 0.3167085576923077 0.3704086923076923 0.3104368485576923 0.4300800048076923 0.3595413677884615 0.4352410985576923
1 0.31545197836538463 0.33303556971153847 0.30844469951923076 0.39970537259615385 0.3633505961538462 0.4054762163461539 0.37035787499999995 0.33880641346153845 0.31545197836538463 0.33303556971153847
1 0.3638639375 0.3567443966346154 0.36953557451923075 0.302782375 0.3191879014423077 0.2974906225961539 0.3135162644230769 0.3514526442307692 0.3638639375 0.3567443966346154
1 0.3861008701923077 0.37537455288461535 0.39117243749999997 0.3271218221153846 0.36340870192307695 0.32420373557692306 0.35833713461538463 0.37245646634615387 0.3861008701923077 0.37537455288461535
1 0.3616529278846154 0.3658222716346154 0.35815896634615385 0.39906508653846157 0.38783923076923077 0.40218460817307694 0.3913331899038462 0.36894179326923077 0.3616529278846154 0.3658222716346154
1 0.38619960096153844 0.4426981201923077 0.3906710961538461 0.4001546850961538 0.35902250721153844 0.39682828365384615 0.3545510120192308 0.43937171875000003 0.38619960096153844 0.4426981201923077
1 0.36304660576923076 0.43328194711538465 0.3600268942307692 0.4620125793269231 0.3852007307692308 0.4646584543269231 0.3882204423076923 0.4359278245192308 0.36304660576923076 0.43328194711538465
1 0.38380306490384614 0.5028698341346154 0.3877906322115384 0.4649306658653846 0.35805857211538467 0.4618056995192308 0.3540710048076923 0.49974486778846156 0.38380306490384614 0.5028698341346154
1 0.38232994711538465 0.5293423509615385 0.38582390625 0.4960995360576923 0.35547027163461536 0.49290924038461537 0.3519763100961538 0.5261520552884615 0.38232994711538465 0.5293423509615385
1 0.37505759855769233 0.5611639134615385 0.38025498557692305 0.5117140745192308 0.351817875 0.5087252139423077 0.3466204879807692 0.5581750528846153 0.37505759855769233 0.5611639134615385
1 0.37770161778846156 0.5858346995192307 0.38108911298076925 0.5536048221153846 0.3526520048076923 0.5506159591346154 0.34926450721153846 0.5828458389423077 0.37770161778846156 0.5858346995192307
1 0.37251390865384615 0.6351924519230769 0.37952118749999997 0.5685226490384616 0.3517574519230769 0.5656045625 0.3447501730769231 0.6322743653846155 0.37251390865384615 0.6351924519230769
1 0.3710311129807692 0.6617570528846154 0.3757445721153846 0.6169114831730769 0.3434226105769231 0.6135143100961539 0.3387091514423077 0.6583598774038462 0.3710311129807692 0.6617570528846154
1 0.3691902067307692 0.6917288149038462 0.3746198798076923 0.6400689278846153 0.3397080192307692 0.6363995432692308 0.3342783461538461 0.6880594302884616 0.3691902067307692 0.6917288149038462
1 0.3684022932692308 0.7241388149038461 0.37419007211538463 0.6690717692307693 0.34186811057692307 0.6656745961538462 0.33608033173076923 0.720741639423077 0.3684022932692308 0.7241388149038461
1 0.3670571418269231 0.7553730168269231 0.37128667307692304 0.7151317139423077 0.3305734326923077 0.7108525793269231 0.3263439014423077 0.7510938846153846 0.3670571418269231 0.7553730168269231
1 0.3819310793269231 0.7070333269230769 0.3853185769230769 0.6748034519230769 0.37371582211538457 0.673583954326923 0.3703283269230769 0.7058138293269232 0.3819310793269231 0.7070333269230769
1 0.3711879447115385 0.6478081466346153 0.3679262716346154 0.6788409110576924 0.3814973509615385 0.6802672884615385 0.3847590264423077 0.6492345240384616 0.3711879447115385 0.6478081466346153
1 0.38324361778846155 0.6571751754807693 0.38625364903846154 0.6285366274038461 0.37465089423076925 0.6273171274038462 0.3716408629807692 0.6559556778846154 0.38324361778846155 0.6571751754807693
1 0.3713216730769231 0.5967088629807692 0.36745992788461534 0.6334509230769231 0.3888007115384615 0.6356939302884614 0.3926624567307692 0.5989518701923077 0.3713216730769231 0.5967088629807692
1 0.3864414975961538 0.6018359206730769 0.3893450649038461 0.5742103125 0.3777423076923077 0.5729908125000001 0.3748387403846154 0.6006164230769231 0.3864414975961538 0.6018359206730769
1 0.3790992860576923 0.5476233197115384 0.3755956466346154 0.5809582211538461 0.39564147836538466 0.5830651225961538 0.3991451177884615 0.5497302211538462 0.3790992860576923 0.5476233197115384
1 0.39374485576923074 0.5572625576923077 0.39639678125 0.5320311706730769 0.3809091754807692 0.5304033581730769 0.37825725 0.5556347451923077 0.39374485576923074 0.5572625576923077
1 0.38354927403846156 0.4993052596153846 0.3798036706730769 0.5349422956730769 0.39720780528846156 0.5367715432692308 0.40095340865384616 0.5011345072115385 0.38354927403846156 0.4993052596153846
1 0.38670663461538457 0.4752442259615384 0.38417085096153847 0.49937058894230774 0.40095340865384616 0.5011345072115385 0.4034891923076923 0.4770081418269231 0.38670663461538457 0.4752442259615384
1 0.38852603124999996 0.43949784134615383 0.3850320721153846 0.47274065625 0.39860315144230773 0.47416703365384616 0.4020971129807692 0.44092421875 0.38852603124999996 0.43949784134615383
1 0.38654428125 0.4020485048076923 0.38231475 0.4422898052884615 0.4029821586538462 0.4444620384615385 0.40721168990384615 0.40422073557692306 0.38654428125 0.4020485048076923
1 0.40026411538461537 0.42099380769230765 0.40365161298076924 0.3887639326923077 0.3868172572115384 0.3869945721153846 0.3834297596153846 0.4192244471153846 0.40026411538461537 0.42099380769230765
1 0.39257402403846153 0.3446793245192307 0.3867862451923077 0.3997463701923077 0.40491555048076927 0.40165183653846154 0.4107033293269231 0.34658479086538463 0.39257402403846153 0.3446793245192307
1 0.39342720192307695 0.6908314302884615 0.3964469134615385 0.6621007956730769 0.37904277884615384 0.660271548076923 0.37602306730769236 0.6890021802884616 0.39342720192307695 0.6908314302884615
1 0.3829475360576923 0.6350787355769231 0.37895996875 0.6730179038461538 0.3996791730769231 0.6751955793269231 0.40366674038461536 0.6372564110576923 0.3829475360576923 0.6350787355769231
1 0.3999831634615385 0.6473898461538461 0.40288673076923076 0.6197642403846154 0.3886422788461538 0.6182670865384616 0.38573870913461533 0.6458926947115384 0.3999831634615385 0.6473898461538461
1 0.3876298100961538 0.5845506274038461 0.38449395673076925 0.6143862860576923 0.4038664134615385 0.6164224134615384 0.4070022692307692 0.5865867548076923 0.3876298100961538 0.5845506274038461
1 0.40591826923076924 0.5969003149038461 0.40893798076923077 0.5681696826923077 0.392777 0.5664710961538462 0.38975728846153845 0.5952017283653845 0.40591826923076924 0.5969003149038461
1 0.39283902644230767 0.5409674975961538 0.3904290649038461 0.5638967524038462 0.3988721394230769 0.5647841538461539 0.4012821009615385 0.5418548990384615 0.39283902644230767 0.5409674975961538
1 0.4426153173076923 0.5148236129807692 0.44563502884615386 0.48609298076923074 0.40238368750000003 0.48154708173076927 0.39936397596153844 0.5102777139423077 0.4426153173076923 0.5148236129807692
1 0.44068928365384613 0.5331485985576923 0.44274113942307697 0.5136265024038461 0.4078810745192308 0.5099625625 0.4058292211538461 0.5294846586538461 0.44068928365384613 0.5331485985576923
1 0.43376321634615383 0.5556962956730769 0.4370248918269231 0.5246635288461539 0.4034597764423077 0.5211356923076923 0.4001981009615384 0.5521684591346154 0.43376321634615383 0.5556962956730769
1 0.4336796875 0.5754252716346154 0.43621546875 0.55129890625 0.4006820288461539 0.5475641923076923 0.39814624759615386 0.5716905576923077 0.4336796875 0.5754252716346154
1 0.43198593750000003 0.5915402115384615 0.4350056490384615 0.5628095769230769 0.40076716105769233 0.5592109663461539 0.3977474495192308 0.5879416009615385 0.43198593750000003 0.5915402115384615
1 0.43116540865384617 0.6053262596153846 0.4330914423076923 0.5870012716346154 0.40273780528846154 0.5838109759615384 0.4008117716346154 0.6021359639423077 0.43116540865384617 0.6053262596153846
1 0.4318721129807692 0.6170383653846153 0.43476600480769234 0.5895048413461539 0.40638069230769236 0.5865214254807692 0.4034868028846154 0.6140549471153846 0.4318721129807692 0.6170383653846153
1 0.4281265096153846 0.6526753966346154 0.4318721129807692 0.6170383653846153 0.41959598317307695 0.6157480913461538 0.41585038221153847 0.6513851249999999 0.4281265096153846 0.6526753966346154
1 0.4100371778846154 0.6449086682692309 0.4123309975961539 0.6230844375 0.3974649639423077 0.621521954326923 0.3951711466346154 0.6433461850961538 0.4100371778846154 0.6449086682692309
1 0.40987083653846157 0.677384 0.41336479807692306 0.6441411826923077 0.3959088653846154 0.6423064903846154 0.39241490384615385 0.6755493076923076 0.40987083653846157 0.677384
1 0.5114735072115384 0.555764048076923 0.5132930769230769 0.538452 0.4874458653846154 0.5357353485576923 0.48562629567307697 0.5530473966346153 0.5114735072115384 0.555764048076923
1 0.5131672548076923 0.5396491105769231 0.5114735072115384 0.555764048076923 0.5347308149038461 0.5582084903846154 0.5364245624999999 0.5420935528846154 0.5131672548076923 0.5396491105769231
1 0.746746079326923 0.40853165625000004 0.7515756826923077 0.3625810600961538 0.6740340528846154 0.35443110576923076 0.6692044519230769 0.4003817019230769 0.746746079326923 0.40853165625000004
1 0.7469475240384615 0.43750774278846155 0.752135233173077 0.3881499879807692 0.6687922259615384 0.3793902860576923 0.6636045168269231 0.42874803846153847 0.7469475240384615 0.43750774278846155
1 0.7450118125 0.4559248149038462 0.7485154519230769 0.42258991346153846 0.6651724423076922 0.41383021153846156 0.6616688052884616 0.4471651129807693 0.7450118125 0.4559248149038462
1 0.7409391129807692 0.4822172091346154 0.7450428245192308 0.44317301682692306 0.662994766826923 0.43454941826923077 0.6588910576923077 0.47359361057692306 0.7409391129807692 0.4822172091346154
1 0.7394563173076923 0.5087818125 0.7434438846153846 0.47084264423076927 0.6613958293269231 0.4622190456730769 0.6574082620192307 0.5001582139423077 0.7394563173076923 0.5087818125
1 0.7374044615384616 0.5283039086538461 0.7409081009615384 0.49496900721153847 0.6601549975961538 0.4864815144230769 0.656651358173077 0.5198164158653846 0.7374044615384616 0.5283039086538461
1 0.7350063269230769 0.5570998701923077 0.7386357884615384 0.5225678605769231 0.65596615625 0.5138789326923077 0.6523366947115385 0.5484109423076923 0.7350063269230769 0.5570998701923077
1 0.7309218028846154 0.5775255576923077 0.7336995504807693 0.5510970600961538 0.656831295673077 0.5430178798076923 0.6540535480769231 0.5694463798076923 0.7309218028846154 0.5775255576923077
1 0.731713639423077 0.6008844375 0.7349753149038462 0.5698516706730768 0.6536006322115384 0.5612988461538462 0.6503389567307691 0.5923316129807692 0.731713639423077 0.6008844375
1 0.71932296875 0.6320749375 0.7230685721153846 0.59643790625 0.6494117932692307 0.5886962668269231 0.645666189903846 0.6243333004807692 0.71932296875 0.6320749375
1 0.7190189783653846 0.6598806706730769 0.7232388317307692 0.6197314543269231 0.652171951923077 0.6122620240384615 0.6479521009615384 0.6524112403846154 0.7190189783653846 0.6598806706730769
1 0.7176523245192308 0.68534025 0.7219979999999999 0.6439939230769232 0.6444563701923076 0.63584396875 0.6401106947115385 0.6771902980769231 0.7176523245192308 0.68534025
1 0.7148842572115384 0.7116766634615386 0.7191041081730769 0.6715274471153846 0.6421840552884616 0.6634428221153846 0.637964204326923 0.7035920408653846 0.7148842572115384 0.7116766634615386
1 0.6271588701923078 0.6514361201923078 0.6242649807692308 0.6789696418269231 0.6455539639423077 0.6812072043269232 0.6484478557692307 0.6536736826923076 0.6271588701923078 0.6514361201923078
1 0.6452363798076923 0.653336141826923 0.648014125 0.6269076418269232 0.6299366177884616 0.6250076201923077 0.6271588701923078 0.6514361201923078 0.6452363798076923 0.653336141826923
1 0.6322304375 0.6031833894230769 0.6290945841346154 0.6330190456730769 0.6471720913461538 0.6349190697115384 0.6503079447115384 0.6050834110576923 0.6322304375 0.6031833894230769
1 0.64440225 0.6114453942307693 0.6463379639423077 0.5930283221153846 0.6359783605769231 0.5919394831730769 0.6340426490384616 0.6103565576923077 0.64440225 0.6114453942307693
1 0.6351650192307693 0.562805983173077 0.6321453076923077 0.5915366153846153 0.6534342932692307 0.5937741778846154 0.6564540048076922 0.5650435456730769 0.6351650192307693 0.562805983173077
1 0.6356799591346154 0.5454499158653846 0.6338700673076924 0.5626698798076923 0.6564540048076922 0.5650435456730769 0.6582638942307693 0.5478235841346154 0.6356799591346154 0.5454499158653846
1 0.6420487956730769 0.521726420673077 0.6395130120192308 0.5458527860576923 0.6582638942307693 0.5478235841346154 0.6607996778846155 0.52369721875 0.6420487956730769 0.521726420673077
1 0.6434575673076923 0.49636437259615385 0.6409217860576923 0.5204907379807693 0.6615891923076924 0.52266296875 0.6641249759615384 0.4985366033653846 0.6434575673076923 0.49636437259615385
1 0.6459933509615384 0.47223800721153847 0.6434575673076923 0.49636437259615385 0.6641249759615384 0.4985366033653846 0.6666607596153846 0.4744102403846154 0.6459933509615384 0.47223800721153847
1 0.6452133413461538 0.45474583653846157 0.6429195240384615 0.4765700649038462 0.6584071298076922 0.4781978798076923 0.6607009471153845 0.45637364903846156 0.6452133413461538 0.45474583653846157
1 0.6502228822115386 0.4319967043269231 0.6478032427884616 0.4550180456730769 0.6607009471153845 0.45637364903846156 0.6631205889423076 0.4333523076923077 0.6502228822115386 0.4319967043269231
1 0.6526328437500001 0.40906744951923074 0.6502228822115386 0.4319967043269231 0.6676270168269232 0.43382595192307694 0.6700369783653847 0.4108966971153846 0.6526328437500001 0.40906744951923074
1 0.6678784879807692 0.4129973966346154 0.6711401634615384 0.3819646298076923 0.6510943317307691 0.3798577283653846 0.64783265625 0.4108904951923077 0.6678784879807692 0.4129973966346154
1 0.8927488942307692 0.047835694711538465 0.8844930817307692 0.12638450721153846 0.9822877331730768 0.13666313942307692 0.990543545673077 0.05811432692307693 0.8927488942307692 0.047835694711538465
1 0.8782801514423078 0.20542734375 0.8900976754807692 0.09299111778846154 0.8157157259615384 0.08517325961538462 0.8038982019230769 0.19760948557692307 0.8782801514423078 0.20542734375
1 0.8215776995192308 0.04733799759615384 0.8090633197115384 0.16640436778846152 0.8834452692307693 0.17422222596153844 0.8959596490384616 0.055155855769230766 0.8215776995192308 0.04733799759615384
1 0.8160964350961539 0.03670681009615385 0.8094859759615385 0.09960111057692307 0.8801902692307693 0.1070324326923077 0.8868007259615385 0.04413812980769231 0.8160964350961539 0.03670681009615385
1 0.8008785360576923 0.11871349519230769 0.8092214567307692 0.03933591346153846 0.7645715673076924 0.034643021634615384 0.7562286466346154 0.11402060096153846 0.8008785360576923 0.11871349519230769
1 0.7589160865384615 0.025669372596153848 0.7545704134615385 0.06701569951923077 0.7982879375 0.07161059615384616 0.8026336129807692 0.03026426923076923 0.7589160865384615 0.025669372596153848
1 0.8023625552884616 0.1673759375 0.8133090096153845 0.06322739423076923 0.7621325697115384 0.05784853365384616 0.7511861153846154 0.1619970769230769 0.8023625552884616 0.1673759375
1 0.8034788004807693 0.19263096634615387 0.8133896490384616 0.0983355576923077 0.75848375 0.09256471394230768 0.7485729038461538 0.186860125 0.8034788004807693 0.19263096634615387
1 0.7935389423076923 0.23338931971153845 0.803101360576923 0.14240898317307693 0.7584514711538461 0.13771609134615384 0.7488890528846154 0.22869642548076924 0.7935389423076923 0.23338931971153845
1 0.7983005769230769 0.27727560817307695 0.8073306730769231 0.19135996634615385 0.7524765745192308 0.1855945673076923 0.7434464783653846 0.2715102091346154 0.7983005769230769 0.27727560817307695
1 0.7422230264423076 0.3080640504807692 0.7485624855769231 0.24774814182692306 0.7162405240384615 0.24435096634615386 0.7099010649038462 0.304666875 0.7422230264423076 0.3080640504807692
1 0.7108814543269231 0.3212490841346154 0.7159143076923077 0.27336469471153846 0.6917246346153847 0.27082225721153846 0.6866917836538462 0.3187066466346154 0.7108814543269231 0.3212490841346154
1 0.6959541658653846 0.23058095673076923 0.6902147788461538 0.28518757451923077 0.7138864735576923 0.28767556971153846 0.719625860576923 0.23306895192307692 0.6959541658653846 0.23058095673076923
1 0.7199276995192307 0.19930442548076924 0.7129881706730768 0.2653296274038462 0.7501273485576923 0.26923311298076924 0.757066875 0.20320791105769231 0.7199276995192307 0.19930442548076924
1 0.7538535937499999 0.23378025 0.7607931225961538 0.16775504567307692 0.72468990625 0.16396044471153845 0.7177503774038462 0.22998564903846155 0.7538535937499999 0.23378025
1 0.7178971562500001 0.2599801201923077 0.7230267932692308 0.21117487740384616 0.6982673413461539 0.20857255528846153 0.693137704326923 0.25737779807692307 0.7178971562500001 0.2599801201923077
1 0.7021197620192308 0.18188459855769232 0.6964868413461538 0.23547827884615383 0.7196405528846154 0.23791183173076924 0.7252734759615385 0.18431815144230768 0.7021197620192308 0.18188459855769232
1 0.7216389999999999 0.2139151971153846 0.7269622091346153 0.16326824759615383 0.7032905144230769 0.16078025240384616 0.6979673076923076 0.21142720192307693 0.7216389999999999 0.2139151971153846
1 0.7014265192307693 0.12669498557692307 0.6962000961538461 0.17642107932692308 0.7225652860576923 0.17919217307692306 0.7277917091346153 0.12946607932692308 0.7014265192307693 0.12669498557692307
1 0.7247573004807693 0.15335383173076925 0.7302934375000001 0.10068100480769232 0.7082274831730769 0.09836177884615385 0.7026913461538461 0.15103460576923078 0.7247573004807693 0.15335383173076925
1 0.7128676298076922 0.07464279567307693 0.7090445985576923 0.11101651442307693 0.7284170552884616 0.11305264182692308 0.7322400865384615 0.07667892307692308 0.7128676298076922 0.07464279567307693
1 0.7303902235576923 0.09976015144230768 0.7344165048076923 0.061452639423076924 0.7139562908653846 0.05930218509615385 0.7099300096153847 0.09760969471153845 0.7303902235576923 0.09976015144230768
1 0.7337499423076923 0.06231360817307692 0.7287170913461539 0.11019799519230769 0.7621268100961539 0.11370949759615384 0.7671596634615384 0.06582511298076923 0.7337499423076923 0.06231360817307692
1 0.7588070649038462 0.1452947764423077 0.7664531274038461 0.07254734134615384 0.7282261923076923 0.06852952884615385 0.7205801298076923 0.14127696394230768 0.7588070649038462 0.1452947764423077
1 0.7580996274038461 0.16747194951923075 0.7640325841346154 0.11102362259615385 0.7284991442307691 0.10728890625 0.7225661875 0.16373723317307692 0.7580996274038461 0.16747194951923075
1 0.7504806442307692 0.19860536057692307 0.7568201009615384 0.13828944711538463 0.7314908725961539 0.13562723798076923 0.7251514134615384 0.19594315144230767 0.7504806442307692 0.19860536057692307
1 0.6876047788461539 0.34589546875 0.6915342740384616 0.30850881009615383 0.6770308293269232 0.30698443750000004 0.6731013341346154 0.34437109375 0.6876047788461539 0.34589546875
1 0.6775506177884616 0.276129 0.6725274423076922 0.3239213028846154 0.6945933966346154 0.3262405264423077 0.6996165721153846 0.27844822596153845 0.6775506177884616 0.276129
1 0.6930041586538462 0.30000475961538464 0.6974369399038461 0.25782966346153846 0.6764069471153846 0.25561932451923075 0.6719741658653846 0.2977944182692308 0.6930041586538462 0.30000475961538464
1 0.6775882788461539 0.21896795192307691 0.6718488918269231 0.2735745697115385 0.6998198221153846 0.2765144326923077 0.7055592067307692 0.22190781490384615 0.6775882788461539 0.21896795192307691
1 0.7010705144230769 0.24368756009615386 0.7052903677884615 0.20353834375000002 0.6843121706730769 0.20133344471153844 0.6800923197115385 0.24148266346153846 0.7010705144230769 0.24368756009615386
1 0.6878195697115385 0.1784264326923077 0.6837932884615385 0.21673394230769233 0.7015600072115385 0.21860130048076923 0.7055862884615384 0.1802937908653846 0.6878195697115385 0.1784264326923077
1 0.7044732524038462 0.1908836081730769 0.7080930360576924 0.1564436826923077 0.6876328197115384 0.15429322596153844 0.6840130384615384 0.18873315144230768 0.7044732524038462 0.1908836081730769
1 0.6909525673076923 0.12270794711538462 0.6862294278846155 0.16764560336538462 0.7045141274038461 0.16956740384615385 0.709237264423077 0.12462974759615385 0.6909525673076923 0.12270794711538462
1 0.7049068365384615 0.14540199759615385 0.7097364375 0.0994514014423077 0.6919697163461538 0.09758404326923077 0.6871401153846153 0.14353463942307693 0.7049068365384615 0.14540199759615385
1 0.6937805120192307 0.06490914182692308 0.688244375 0.11758196875 0.7092225721153846 0.11978686538461539 0.7147587091346155 0.06711403846153846 0.6937805120192307 0.06490914182692308
1 0.7511770096153847 0.08285889423076923 0.7570131802884615 0.027331420673076923 0.7338594687500001 0.02489786778846154 0.7280232956730769 0.08042534134615384 0.7511770096153847 0.08285889423076923
1 0.7369717956730769 0.10938975240384616 0.74219821875 0.05966365865384615 0.7163510072115385 0.05694700721153846 0.7111245841346154 0.10667310096153847 0.7369717956730769 0.10938975240384616
1 0.7178049519230769 0.02218633894230769 0.7132753846153845 0.06528228846153847 0.730524125 0.06709520432692308 0.7350536899038461 0.023999254807692307 0.7178049519230769 0.02218633894230769
1 0.7135336442307693 0.0991987860576923 0.71927303125 0.04459216826923077 0.6966373004807692 0.04221305528846154 0.6908979134615384 0.09681967548076924 0.7135336442307693 0.0991987860576923
1 0.6948145192307693 0.02368025721153846 0.6904882019230769 0.06484241586538461 0.7087729014423078 0.06676421394230769 0.7130992187499999 0.02560205769230769 0.6948145192307693 0.02368025721153846
1 0.6703925937499999 0.36466207451923077 0.674012375 0.33022214903846153 0.658421173076923 0.3285834471153847 0.654801389423077 0.3630233725961538 0.6703925937499999 0.36466207451923077
1 0.6552216826923077 0.37945360817307694 0.65934475 0.34022524278846156 0.6447895072115385 0.33869542548076925 0.6406664399038462 0.37792379086538463 0.6552216826923077 0.37945360817307694
1 0.6445871610576923 0.32517427884615385 0.6418771634615384 0.35095818028846154 0.6569503870192308 0.35254243990384615 0.6596603846153847 0.32675853846153846 0.6445871610576923 0.32517427884615385
1 0.6601645721153846 0.3065151610576923 0.6564480048076924 0.3418759375 0.6774261995192308 0.34408083653846155 0.6811427668269231 0.3087200576923077 0.6601645721153846 0.3065151610576923
1 0.6763246490384615 0.3236686875 0.6803509326923076 0.2853611778846154 0.6577669951923077 0.2829875096153846 0.6537407139423077 0.3212950192307692 0.6763246490384615 0.3236686875
1 0.6548275721153847 0.3368642884615385 0.65784728125 0.3081336538461539 0.6475912740384615 0.3070557043269231 0.6445715649038462 0.3357863389423077 0.6548275721153847 0.3368642884615385
1 0.6487102283653846 0.28594591586538465 0.6462034807692307 0.3097960240384615 0.659152983173077 0.31115706971153845 0.6616597307692308 0.2873069639423077 0.6487102283653846 0.28594591586538465
1 0.6754663197115385 0.29546148076923073 0.6785828173076923 0.2658099951923077 0.6629916129807693 0.2641712932692308 0.6598751153846153 0.29382278125 0.6754663197115385 0.29546148076923073
1 0.6626112932692307 0.2418797956730769 0.6582849783653846 0.2830419519230769 0.6738761778846154 0.2846806538461539 0.6782024951923076 0.24351849519230767 0.6626112932692307 0.2418797956730769
1 0.6586808942307693 0.2947213918269231 0.6612941057692308 0.26985834375 0.6521258557692308 0.2688947235576923 0.6495126442307693 0.29375776923076924 0.6586808942307693 0.2947213918269231
1 0.6548152403846154 0.24878791346153847 0.6521923509615385 0.27374304807692307 0.6645720769230768 0.27504420913461536 0.6671949663461538 0.25008907451923074 0.6548152403846154 0.24878791346153847
1 0.6812625192307693 0.24579527403846152 0.6844854807692309 0.21513084615384617 0.6672367427884616 0.2133179326923077 0.66401378125 0.24398235817307692 0.6812625192307693 0.24579527403846152
1 0.6828026682692308 0.22566077884615382 0.6865289158653846 0.19020791346153845 0.6731132283653847 0.18879786778846153 0.669386983173077 0.22425073317307692 0.6828026682692308 0.22566077884615382
1 0.6662039927884614 0.24905389423076923 0.668817204326923 0.22419084615384616 0.6580432163461538 0.22305845432692306 0.6554300048076923 0.24792150240384617 0.6662039927884614 0.24905389423076923
1 0.6623686322115384 0.19735123798076926 0.6595521706730769 0.22414807932692307 0.6703261586538461 0.22528047115384617 0.6731426201923078 0.19848362980769232 0.6623686322115384 0.19735123798076926
1 0.6715630600961539 0.1721557764423077 0.6683400985576923 0.20282019951923078 0.6861068173076923 0.2046875576923077 0.6893297788461539 0.17402313461538463 0.6715630600961539 0.1721557764423077
1 0.6846084471153847 0.1880509110576923 0.6897380841346153 0.13924567067307692 0.6730591225961539 0.13749263942307693 0.6679294855769231 0.18629788221153848 0.6846084471153847 0.1880509110576923
1 0.6679033076923078 0.2124569639423077 0.6708165552884615 0.18473927163461537 0.6578670504807692 0.18337822355769232 0.6549538028846154 0.21109591586538462 0.6679033076923078 0.2124569639423077
1 0.6553726899038461 0.1607714278846154 0.6520529423076924 0.19235670673076924 0.6665563870192308 0.1938810817307692 0.6698761346153846 0.1622958028846154 0.6553726899038461 0.1607714278846154
1 0.6701361971153846 0.16530241826923076 0.6729526586538461 0.1385055769230769 0.6653901490384615 0.13771072596153847 0.6625736875 0.1645075673076923 0.6701361971153846 0.16530241826923076
1 0.6756879326923078 0.10201753365384615 0.6715648653846155 0.14124589903846155 0.6898495649038462 0.1431676971153846 0.6939726322115385 0.10393933413461538 0.6756879326923078 0.10201753365384615
1 0.6930325552884615 0.1183645360576923 0.6970588365384616 0.0800570264423077 0.6749410841346154 0.07773235576923078 0.6709148028846154 0.11603986778846154 0.6930325552884615 0.1183645360576923
1 0.6932922764423076 0.08450248076923078 0.6968152740384616 0.05098340865384616 0.6796183293269231 0.0491759375 0.6760953341346153 0.08269500961538462 0.6932922764423076 0.08450248076923078
1 0.6692113749999999 0.1322468894230769 0.6724246586538462 0.10167455048076923 0.66170246875 0.10054760336538462 0.658489185096154 0.1311199423076923 0.6692113749999999 0.1322468894230769
1 0.6723819783653846 0.15390063461538464 0.6757017235576923 0.12231535336538461 0.6633220000000001 0.12101419230769231 0.6600022524038462 0.15259947115384614 0.6723819783653846 0.15390063461538464
1 0.5592911418269231 0.5562278557692307 0.5607622836538462 0.5422308822115385 0.538696329326923 0.53991165625 0.5372251875 0.5539086298076923 0.5592911418269231 0.5562278557692307
1 0.5821783341346154 0.5646850673076923 0.5828074423076923 0.5586995168269231 0.5615184567307693 0.556461954326923 0.5608893509615385 0.5624475048076923 0.5821783341346154 0.5646850673076923