1 1 0.17241358894230768 0.9212926923076924 0.16690983653846156 0.9180083269230769 0.21387847596153844 1 0.21961188942307694 1 0.17241358894230768
1 0.7031730120192308 0.17713615384615386 0.7115292572115385 0.05763629326923077 0.44460293990384614 0.03897098798076923 0.43624669471153843 0.15847084615384616 0.7031730120192308 0.17713615384615386
1 0.5590649206730769 0.015961901442307695 0.5502218341346153 0.14242392548076924 0.8518290889423077 0.1635143605769231 0.8606721754807692 0.03705233653846154 0.5590649206730769 0.015961901442307695
1 0.960152375 0.9741912139423078 0.9821474639423078 0.6596467980769231 0.4954453173076923 0.6256132692307692 0.47345022836538464 0.9401576826923077 0.960152375 0.9741912139423078
1 0.6375849567307692 0.8675761730769231 0.6491383725961538 0.7023546274038461 0.17732175240384615 0.6693619951923077 0.1657683365384615 0.8345835408653847 0.6375849567307692 0.8675761730769231
1 0.27678522596153843 0.7062859927884616 0.2848580841346154 0.5908387379807692 0.07427854807692308 0.5761135817307692 0.06620568990384615 0.6915608365384615 0.27678522596153843 0.7062859927884616
1 0.07745606490384614 0.6314700793269231 0.0823680841346154 0.5612249447115384 0.043478673076923074 0.5585055336538461 0.03856665384615385 0.6287506682692308 0.07745606490384614 0.6314700793269231
1 0.038298084134615384 0.6079521033653846 0.04273052644230769 0.54456521875 0.009920021634615386 0.5422708846153846 0.005487579326923077 0.6056577692307692 0.038298084134615384 0.6079521033653846
1 0 0.5786466778846153 0.011626894230769232 0.5794597091346154 0.014933060096153845 0.5321793269230769 0 0.5311351081730769 0 0.5786466778846153
1 0.2592957644230769 0.1645797548076923 0.2664530697115385 0.062225526442307694 0.03545464423076923 0.04607254326923076 0.028297338942307695 0.14842677163461537 0.2592957644230769 0.1645797548076923
1 0.09012981490384615 0 0.0840564014423077 0.08685383894230769 0.46562465144230775 0.11353568990384615 0.47355218269230764 0.00016668990384615385 0.47116840625 0 0.09012981490384615 0