2 0.8063917235576923 0.16318172115384616 0.8299781322115384 0.5004830649038461 0.9249805216346154 0.49383985096153843 0.9013941129807693 0.15653850721153845 0.8063917235576923 0.16318172115384616
1 0.6647431322115385 0.12321527163461539 0.6678908918269231 0.1682303485576923 0.8034972548076923 0.15874782932692308 0.8003494951923076 0.11373275 0.6647431322115385 0.12321527163461539
1 0.6050937451923077 0.10232531490384617 0.60818046875 0.14646752403846153 0.7809616802884616 0.13438548557692306 0.7778749543269231 0.0902432764423077 0.6050937451923077 0.10232531490384617
1 0.5631088894230769 0.06077782211538462 0.5672681201923078 0.12025757932692308 0.7746523341346154 0.10575586298076924 0.7704931033653846 0.04627610576923077 0.5631088894230769 0.06077782211538462
1 0.52243196875 0.037934656250000004 0.5274369951923077 0.10950987740384616 0.7489273894230769 0.09402175961538463 0.7439223629807692 0.022446540865384616 0.52243196875 0.037934656250000004
1 0.5201705384615385 0 0.4414568581730769 0.005504197115384616 0.44521498798076925 0.059247959134615384 0.7239094447115384 0.0397597451923077 0.721129173076923 0 0.5201705384615385 0
1 0.2731953173076923 0.01614244230769231 0.27942108413461536 0.10517503365384616 0.48890953365384615 0.09052617307692307 0.4826837692307692 0.0014935817307692308 0.2731953173076923 0.01614244230769231
1 0.5942830168269231 0.14931890865384617 0.5894523822115384 0.08023759615384615 0.41573595432692306 0.09238503365384616 0.4205665889423077 0.16146634375000002 0.5942830168269231 0.14931890865384617
1 0.3176748173076923 0.16728287980769233 0.3205784302884615 0.2088064831730769 0.3759120600961538 0.20493717788461538 0.3730084471153846 0.16341357451923078 0.3176748173076923 0.16728287980769233
1 0.21484961057692306 0.14941207211538463 0.21823280048076923 0.1977939278846154 0.31759953125 0.19084552884615386 0.31421634134615384 0.14246367307692306 0.21484961057692306 0.14941207211538463
1 0 0.15754403125000002 0.12193949038461538 0.1490171923076923 0.11642872836538462 0.07020963221153846 0 0.0783511201923077 0 0.15754403125000002
1 0.5208846033653847 0.24203978605769233 0.5177891610576923 0.1977728798076923 0.4322168701923077 0.20375667788461538 0.4353123125 0.2480235841346154 0.5208846033653847 0.24203978605769233
1 0.652148875 0.7662852884615384 0.6428625432692308 0.6334845745192308 0.3767935072115384 0.6520899326923076 0.38607983894230774 0.7848906490384615 0.652148875 0.7662852884615384
1 0.6974215264423077 0.693575110576923 0.6903674014423077 0.5926964447115385 0.6342544254807693 0.5966202475961538 0.6413085480769231 0.6974989110576922 0.6974215264423077 0.693575110576923
1 0.7366386658653846 0.633944201923077 0.7315115649038462 0.5606232451923077 0.6788277139423078 0.5643072596153846 0.6839548149038461 0.6376282163461539 0.7366386658653846 0.633944201923077
1 0.7675766875 0.5914325192307692 0.7633302620192308 0.5307058076923077 0.7261554158653846 0.533305326923077 0.7304018413461539 0.5940320384615384 0.7675766875 0.5914325192307692
1 0.8098153581730769 0.5122933197115385 0.8071907716346154 0.47475997115384616 0.7423491081730769 0.47929414182692304 0.7449736947115385 0.5168274903846154 0.8098153581730769 0.5122933197115385
1 0.8203829038461539 0.4999009759615385 0.8174967307692308 0.4586267644230769 0.79528534375 0.46017993509615385 0.7981715168269231 0.5014541490384615 0.8203829038461539 0.4999009759615385
1 0.8397292884615385 0.48313560096153846 0.8371744567307692 0.4465998197115385 0.8143395913461539 0.4481965889423077 0.8168944230769231 0.4847323701923077 0.8397292884615385 0.48313560096153846
1 0.4337794254807692 1 0.4253537019230769 0.8795065216346154 0.2581058533653846 0.8912016298076922 0.2657137788461538 1 0.4337794254807692 1