1 0.8407054567307692 0.34428576923076926 0.8585704615384615 0.26023753125 0.6603427355769231 0.21810292788461538 0.6424777307692308 0.3021511658653846 0.8407054567307692 0.34428576923076926
1 0.7402578028846154 0.3782170817307692 0.7506341346153846 0.32940027163461544 0.6164445120192308 0.3008773870192308 0.6060681778846153 0.34969419711538463 0.7402578028846154 0.3782170817307692
1 0.7321054182692308 0.3977830024038462 0.7401908725961538 0.3597439302884615 0.5968311153846154 0.32927187259615387 0.5887456610576923 0.36731094471153847 0.7321054182692308 0.3977830024038462
1 1 0.10050367067307693 0.8218209495192308 0.06263054326923077 0.7989891658653847 0.17004564182692306 1 0.21277181250000002 1 0.10050367067307693
1 0.09835604567307692 0 0.08037308653846154 0.08460316826923077 0.20885684855769232 0.11191323317307693 0.2326447403846154 0 0.09835604567307692 0
1 0.3318016177884615 0.3180914879807692 0.34880032451923076 0.23811886778846156 0.19321372115384616 0.20504791346153844 0.17621501442307694 0.28502053605769234 0.3318016177884615 0.3180914879807692
1 0.2097719519230769 0.31477730048076924 0.23137166586538463 0.21315863461538462 0.09871039663461538 0.1849606129807692 0.07711068269230768 0.28657927884615386 0.2097719519230769 0.31477730048076924
1 0.3604905625 0 0.35733846634615385 0.014829451923076923 0.3573791538461538 0.13445194951923078 0.3285858966346154 0.27064535096153847 0.29250616105769234 0.2629763653846154 0.2827073605769231 0.3090761009615385 0.35744395192307693 0.32496185336538463 0.35744244471153847 0.3205313918269231 0.3584238317307692 0.3203518798076923 0.35744093749999994 0.31610092788461536 0.3594037115384615 0.31574190625000004 0.3672427524038462 0.27886211778846154 0.3574273774038461 0.27622676201923074 0.35738065865384616 0.1388824110576923 0.4210199495192307 0.02836537019230769 0.42704919471153846 0 0.3604905625 0
1 0.38177923076923076 0.00781320673076923 0.3718264206730769 0.05463749519230769 0.4344380552884616 0.06794600721153846 0.4443908653846154 0.021121721153846154 0.38177923076923076 0.00781320673076923
1 0.12706129567307692 0.9145767355769231 0.15693897355769232 0.7740133004807692 0.0789928389423077 0.7574453389423077 0.04911515865384616 0.8980087716346153 0.12706129567307692 0.9145767355769231
1 0.05568733653846154 0.9156874519230769 0.06895133173076923 0.8532852572115384 0.016274009615384614 0.8420883485576923 0.003010014423076923 0.9044905408653846 0.05568733653846154 0.9156874519230769
1 0.7555344447115384 1 0.7698227572115385 0.93277878125 0.6623284110576922 0.9099301538461538 0.6431834735576923 1 0.7555344447115384 1
1 0.6220644951923078 0.8220457379807692 0.5920905600961539 0.9630620144230769 0.6713612716346155 0.9799115264423077 0.7013352067307692 0.8388952475961537 0.6220644951923078 0.8220457379807692
1 0.6813818701923077 0.8728971442307691 0.7067355432692307 0.7536174807692307 0.6007186105769231 0.7310828846153845 0.5753649350961538 0.8503625504807691 0.6813818701923077 0.8728971442307691
1 0.5737329110576923 0.7155021370192307 0.5593331033653846 0.7832479134615385 0.5921418028846154 0.7902216177884616 0.6065416105769231 0.722475841346154 0.5737329110576923 0.7155021370192307
1 0.5604599086538461 0.6932753317307692 0.5504493461538462 0.7403713293269232 0.57031796875 0.7445945360576923 0.5803285312500001 0.6974985384615385 0.5604599086538461 0.6932753317307692
1 0.5668562524038461 0.717542920673077 0.5761930288461539 0.6736168461538461 0.5483769567307692 0.6677043581730769 0.5390401802884616 0.7116304326923076 0.5668562524038461 0.717542920673077
1 0.5444107307692307 0.6537980721153847 0.5380771249999999 0.68359534375 0.5499982980769231 0.6861292668269231 0.5563319038461538 0.6563319951923077 0.5444107307692307 0.6537980721153847
1 0.5516768918269231 0.6717189206730769 0.5581837596153846 0.6411065240384615 0.5379075745192308 0.6367966899038462 0.5314007091346153 0.6674090865384615 0.5516768918269231 0.6717189206730769
1 0.5312921971153846 0.6223273076923077 0.5258056394230769 0.6481395336538461 0.5438911826923077 0.6519837355769231 0.5493777403846154 0.6261715096153846 0.5312921971153846 0.6223273076923077
1 0.18773621875000002 0.8375454807692309 0.21195408173076924 0.7236093990384614 0.16467694711538464 0.7135603341346154 0.1404590841346154 0.8274964158653847 0.18773621875000002 0.8375454807692309
1 0.23472473557692305 0.7625274711538462 0.2514346730769231 0.6839133870192308 0.2110351418269231 0.6753261995192308 0.19432520192307695 0.7539402860576924 0.23472473557692305 0.7625274711538462
1 0.2721872355769231 0.7137883317307693 0.2840073990384615 0.6581788293269231 0.2504854663461539 0.6510535240384615 0.23866530048076923 0.7066630240384615 0.2721872355769231 0.7137883317307693
1 0.2938213028846154 0.6886631875 0.30442864903846156 0.638759548076923 0.2657612524038461 0.6305405384615385 0.25515390625 0.6804441778846153 0.2938213028846154 0.6886631875
1 0.3132658990384615 0.6623153701923077 0.32087007692307695 0.6265405288461537 0.29386912740384613 0.6208012980769231 0.28626494951923076 0.656576141826923 0.3132658990384615 0.6623153701923077
1 0.3247381826923077 0.6544358124999999 0.3322268533653846 0.6192043846153846 0.31495643509615384 0.6155334423076924 0.3074677644230769 0.6507648701923077 0.3247381826923077 0.6544358124999999
1 0.33876287740384614 0.6355501225961538 0.34446119711538464 0.6087416346153847 0.32897385817307695 0.6054496995192308 0.32327553846153845 0.6322581875 0.33876287740384614 0.6355501225961538
1 0.3518419230769231 0.6226164062499999 0.3583680384615385 0.5919134399038462 0.3418617980769231 0.5884049302884615 0.3353356802884615 0.6191078966346153 0.3518419230769231 0.6226164062499999
1 0.5317122235576923 0.6431473822115384 0.5377185625 0.6148897836538462 0.52758046875 0.6127348653846154 0.5215741298076924 0.6409924639423077 0.5317122235576923 0.6431473822115384
1 0.6466809182692308 0.39335133413461537 0.6511856706730769 0.37215813701923073 0.5902552259615385 0.3592069711538462 0.5857504735576924 0.38040016826923073 0.6466809182692308 0.39335133413461537
1 0.6329919326923077 0.4011383629807692 0.6368421490384615 0.38302451682692307 0.5755550889423077 0.3699975504807692 0.5717048725961539 0.38811139663461536 0.6329919326923077 0.4011383629807692
1 0.34918892548076924 0.2956607932692308 0.33950563221153846 0.3412171129807692 0.37042936057692305 0.3477901538461538 0.38011265625 0.3022338341346154 0.34918892548076924 0.2956607932692308
1 0.31442015384615385 0.31619550721153844 0.3090876033653846 0.3412831826923077 0.37745604567307695 0.35581534375 0.3827885961538462 0.3307276682692307 0.31442015384615385 0.31619550721153844
1 0.3324089807692308 0.3290119615384616 0.32707643028846156 0.35409963461538463 0.3888729423076923 0.3672348894230769 0.3942054903846154 0.34214721634615386 0.3324089807692308 0.3290119615384616
1 0.20197624759615385 0.39604345673076924 0.2059997235576923 0.37711448798076924 0.17655340625000002 0.3708554783653846 0.1725299278846154 0.38978444951923075 0.20197624759615385 0.39604345673076924
1 0.2232044278846154 0.40263818990384614 0.2273819110576923 0.3829846682692307 0.20460941346153844 0.3781442235576923 0.2004319278846154 0.39779774519230765 0.2232044278846154 0.40263818990384614
1 0.6228990745192308 0.08613790384615384 0.6138895673076923 0.12852430048076924 0.6869449663461539 0.14405270432692308 0.6959544735576924 0.10166630769230768 0.6228990745192308 0.08613790384615384
1 0.6394696057692308 0.052268918269230774 0.6298633149038462 0.09746296153846154 0.7056188076923077 0.11356528846153847 0.7152250985576922 0.0683712451923077 0.6394696057692308 0.052268918269230774
1 0.6515635360576923 0.021424170673076923 0.6439593581730769 0.05719901442307692 0.7180846057692307 0.07295482211538461 0.7256887836538461 0.037179978365384614 0.6515635360576923 0.021424170673076923