1 0.8964908966346155 0.7110912235576923 0.8696554879807692 0.6034602716346154 0.7228982572115386 0.6400509567307692 0.7497336682692308 0.7476819086538461 0.8964908966346155 0.7110912235576923
1 0.8026527716346153 0.66024534375 0.7878910552884615 0.6010393341346154 0.6751952499999999 0.6291375552884616 0.6899569663461539 0.6883435649038462 0.8026527716346153 0.66024534375
1 1 0.6272637764423077 0.8193475408653845 0.6723054903846154 0.86916553125 0.8721145360576923 1 0.8394938389423078 1 0.6272637764423077
1 0.37806284134615387 0.9102025576923077 0.35270584374999997 0.8085011899038462 0.16299281490384615 0.8558019591346154 0.18834981490384614 0.9575033269230769 0.37806284134615387 0.9102025576923077
1 0.3619112043269231 1 0.33855219951923077 0.9063121490384615 0.10436728125 0.9647010072115385 0.11316830769230769 1 0.3619112043269231 1
1 0.10991152884615385 0.8091083365384615 0.09299939663461537 0.7412774783653846 0.04943716105769231 0.7521387644230769 0.06634929326923077 0.8199696201923078 0.10991152884615385 0.8091083365384615
1 0.04109554086538462 0.7148071322115384 0.057604471153846155 0.7810208341346154 0.10389566346153846 0.7694791442307692 0.08738673317307691 0.7032654423076923 0.04109554086538462 0.7148071322115384
1 0.030934615384615387 0.6779291081730769 0.04018588942307692 0.7150339350961539 0.08738673317307691 0.7032654423076923 0.07813546153846153 0.6661606153846154 0.030934615384615387 0.6779291081730769
1 0.018457718749999998 0.6278870048076922 0.030934615384615387 0.6779291081730769 0.07085824278846155 0.6679750288461539 0.05838134615384615 0.6179329278846153 0.018457718749999998 0.6278870048076922
1 0.006003221153846153 0.5779347427884616 0.018457718749999998 0.6278870048076922 0.05838134615384615 0.6179329278846153 0.04592684855769231 0.5679806634615384 0.006003221153846153 0.5779347427884616
1 0 0.5538571346153847 0.006003221153846153 0.5779347427884616 0.04319789182692308 0.5686610697115385 0.033140211538461535 0.5283219230769232 0 0.5365847067307692 0 0.5538571346153847
1 0 0.5365847067307692 0.033140211538461535 0.5283219230769232 0.017437689903846153 0.46534254326923075 0 0.46969024759615385 0 0.5365847067307692
1 0.13026965144230768 0.5503870216346154 0.1194055673076923 0.5068135552884615 0.043146387019230764 0.5258271033653846 0.05401047355769231 0.5694005697115384 0.13026965144230768 0.5503870216346154
1 0.14312735336538462 0.6019564423076923 0.13026965144230768 0.5503870216346154 0.05855873317307692 0.5682665600961538 0.07141643509615385 0.6198359831730769 0.14312735336538462 0.6019564423076923
1 0.18570887259615385 0.5794112788461538 0.17804801201923076 0.5486852451923077 0.1725900985576923 0.5500460576923077 0.16495163942307695 0.5194098701923078 0.12138940144230768 0.5302711538461539 0.1290278605769231 0.5609073413461538 0.12629890384615383 0.5615877475961539 0.13395976442307694 0.59231378125 0.18570887259615385 0.5794112788461538
1 0.1667709423076923 0.5189562668269231 0.15429404567307692 0.4689141610576923 0.09435806971153847 0.4838578798076923 0.10683496634615385 0.533899983173077 0.1667709423076923 0.5189562668269231
1 0.21966813461538462 0.5726619735576923 0.21200727403846154 0.5419359423076924 0.17663191105769233 0.5507560120192307 0.18429276923076923 0.5814820408653846 0.21966813461538462 0.5726619735576923
1 0.2042655673076923 0.514760875 0.19622390384615385 0.48250752403846153 0.1617581923076923 0.49110079086538466 0.1697998557692308 0.5233541418269231 0.2042655673076923 0.514760875
1 0.22059734615384616 0.5415118846153846 0.21295888701923077 0.5108756947115385 0.16484839182692307 0.5228709879807693 0.17248685096153846 0.5535071778846153 0.22059734615384616 0.5415118846153846
1 0.14684251682692306 0.46227901682692313 0.1556905841346154 0.4977666826923077 0.19470455769230768 0.48803940865384615 0.18585648798076923 0.45255174278846155 0.14684251682692306 0.46227901682692313
1 0.38078346153846154 0.7895722548076923 0.3695161730769231 0.7443816298076923 0.28779907932692306 0.7647559879807692 0.2990663677884615 0.8099466129807692 0.38078346153846154 0.7895722548076923
1 0.38107893509615387 0.44672412499999997 0.37220846634615384 0.4111466153846154 0.3023168509615385 0.42857255048076925 0.3111873221153846 0.46415006009615384 0.38107893509615387 0.44672412499999997
1 0.31058740625000003 0.45399350000000005 0.3037553533653846 0.42659162980769233 0.24568921875 0.44106914423076926 0.2525212716346154 0.4684710144230769 0.31058740625000003 0.45399350000000005
1 0.4532195120192308 0.6548998942307692 0.44477464663461536 0.6210293870192308 0.3667466995192308 0.6404839399038462 0.37519156490384614 0.6743544471153846 0.4532195120192308 0.6548998942307692
1 0.44548758653846154 0.6122631826923077 0.4563516706730769 0.6558366490384615 0.5271529375 0.6381839110576923 0.5162888533653847 0.5946104447115385 0.44548758653846154 0.6122631826923077
1 0.6190321634615384 0.6084050889423077 0.609780889423077 0.5713002620192308 0.5199274615384616 0.5937032379807692 0.529178733173077 0.6308080649038461 0.6190321634615384 0.6084050889423077
1 0 0.33981384375 0.19900109615384617 0.29019730048076925 0.1698360673076923 0.17322275961538464 0 0.2155676466346154 0 0.33981384375
1 0 0.29124140625 0.19214766586538462 0.24333361298076922 0.16432664903846156 0.1317496033653846 0 0.17272083894230766 0 0.29124140625
1 0 0.14932747115384615 0.020588978365384616 0.23190535576923077 0.17942436778846152 0.19230324519230768 0.15090894471153846 0.0779341298076923 0 0.11555995432692308 0 0.14932747115384615
1 0.09491479567307692 0.09189503846153846 0.10732449278846154 0.1416676153846154 0.15124048076923077 0.13071812980769232 0.13883078365384616 0.08094555288461538 0.09491479567307692 0.09189503846153846
1 0.041720495192307694 0.30374184375 0.062171855769230774 0.3857677692307692 0.24976236298076923 0.33899620192307695 0.22931100240384616 0.25697027884615387 0.041720495192307694 0.30374184375
1 0.2431944014423077 0.29349275 0.21360733173076923 0.17805484375 0.17201600961538463 0.18842472596153848 0.18809933413461538 0.25293142307692307 0.1956797692307692 0.25104140865384617 0.20842546874999998 0.30216161778846157 0.2431944014423077 0.29349275
1 0.17102430048076922 0.1586124206730769 0.1871300264423077 0.22320896153846154 0.21815927884615385 0.2154725 0.20205355048076923 0.15087595913461538 0.17102430048076922 0.1586124206730769
1 0.15123679567307693 0.09216646153846154 0.17872181250000002 0.20240283894230768 0.21278323557692308 0.19391037259615385 0.18529822115384614 0.0836739951923077 0.18302408894230768 0.084241 0.17966406490384615 0.07076467307692308 0.15697329326923076 0.07642211778846154 0.16033331730769232 0.08989844471153846 0.15123679567307693 0.09216646153846154
1 0.11476359134615384 0.34545842788461534 0.12918930528846154 0.40331680288461536 0.2804947956730769 0.36559210817307697 0.2660690817307692 0.30773373317307695 0.11476359134615384 0.34545842788461534
1 0.23558661538461537 0.2853697307692308 0.24900431971153847 0.33918520432692306 0.27245313221153844 0.3333387596153846 0.25903542788461537 0.27952328365384616 0.23558661538461537 0.2853697307692308
1 0.23204267548076923 0.25199497115384617 0.24543798076923076 0.30572060336538465 0.26737070673076924 0.3002521610576923 0.2539754014423077 0.24652652884615384 0.23204267548076923 0.25199497115384617
1 0.2258531033653846 0.22071125240384618 0.23891240384615384 0.2730892524038462 0.25634740625 0.26874221875 0.24328810336538462 0.21636421875 0.2258531033653846 0.22071125240384618
1 0.21059514423076922 0.1915931081730769 0.2260288653846154 0.25349438221153847 0.25326789423076923 0.24670293028846152 0.23783417307692306 0.18480165625 0.21059514423076922 0.1915931081730769
1 0.2009595048076923 0.14971732932692308 0.2170652307692308 0.21431386778846154 0.24127208653846152 0.20827842067307692 0.22516636298076922 0.14368188221153846 0.2009595048076923 0.14971732932692308
1 0.1903077091346154 0.11668335336538461 0.20574143028846154 0.178584625 0.2238839375 0.17406118990384614 0.20845021634615385 0.11215991826923077 0.1903077091346154 0.11668335336538461
1 0.18486802884615386 0.09809533413461538 0.1982633341346154 0.15182096634615386 0.2217121466346154 0.14597452163461538 0.20831684134615386 0.09224888701923077 0.18486802884615386 0.09809533413461538
1 0.13622247596153847 0.3701676923076923 0.14793776682692308 0.41715516105769235 0.3022248942307692 0.3786870600961538 0.2905096009615385 0.33169959134615384 0.13622247596153847 0.3701676923076923
1 0.2576751153846154 0.29990215625 0.2717424254807692 0.35632305528846153 0.2997395 0.34934260096153846 0.28567218990384613 0.2929217019230769 0.2576751153846154 0.29990215625
1 0.25668340865384615 0.2700898533653846 0.27245313221153844 0.3333387596153846 0.29362781490384615 0.32805931730769233 0.27785809134615386 0.2648104110576923 0.25668340865384615 0.2700898533653846
1 0.2589375528846154 0.25674058894230767 0.26798722355769233 0.2930368365384615 0.2823900504807692 0.2894458076923077 0.2733403798076923 0.25314956009615386 0.2589375528846154 0.25674058894230767
1 0.24687569471153845 0.23398260817307692 0.25592536538461536 0.2702788533653846 0.27710004807692307 0.26499941346153844 0.26805037740384613 0.2287031658653846 0.24687569471153845 0.23398260817307692
1 0.2399280769230769 0.20288788942307695 0.2526737764423077 0.2540080985576923 0.26475193750000003 0.25099667548076926 0.27781124038461535 0.3033746778846154 0.34436746153846154 0.2867803485576923 0.32794813221153846 0.2209260168269231 0.2765022475961538 0.23375291826923078 0.2671165721153846 0.1961090360576923 0.2399280769230769 0.20288788942307695
1 0.3326558557692308 0.27834454326923075 0.3272798125 0.25678241346153846 0.2712856634615385 0.2707433245192308 0.27666170432692305 0.29230545192307694 0.3326558557692308 0.27834454326923075
1 0.3335472740384615 0.29806656971153844 0.3292016394230769 0.2806371850961539 0.2823040120192308 0.29233007451923076 0.2866496466346154 0.30975946153846157 0.3335472740384615 0.29806656971153844
1 0.28513356009615387 0.31013746394230773 0.29451923317307693 0.34778134615384615 0.3557691514423077 0.3325100264423077 0.35075151201923077 0.31238537259615384 0.34170552644230767 0.3146407884615385 0.3373374927884615 0.2971215625 0.28513356009615387 0.31013746394230773
1 0.3583711346153846 0.34617535576923075 0.3550111081730769 0.3326990264423077 0.29527727644230767 0.34759234375 0.2986373028846154 0.3610686730769231 0.3583711346153846 0.34617535576923075
1 0.3586129471153846 0.3632919591346154 0.35424491346153847 0.34577273076923076 0.29526912740384614 0.3604770456730769 0.2996371610576923 0.3779962740384616 0.3586129471153846 0.3632919591346154
1 0.3632945841346154 0.3820689783653846 0.3586129471153846 0.3632919591346154 0.28902455048076925 0.38064229567307695 0.2937061875 0.39941931490384613 0.3632945841346154 0.3820689783653846
1 0.37263292067307696 0.3969175625 0.3679288846153846 0.37805069951923076 0.2945502692307692 0.3963460432692308 0.29925430528846153 0.41521290624999996 0.37263292067307696 0.3969175625
1 0.38118266346153845 0.42475000961538456 0.3738130048076923 0.3951919278846154 0.4295374423076923 0.2750878028846154 0.5376480817307692 0.16123332692307693 0.5400539182692308 0.16136220192307693 0.5396501298076923 0.15912491105769233 0.5426861971153847 0.16070589903846155 0.5663767043269231 0.1547991923076923 0.5616726682692308 0.1359323317307692 0.5416521802884615 0.15701649519230768 0.5347893605769231 0.1626748028846154 0.5058342956730769 0.16989411057692308 0.5011302572115385 0.15102725 0.42753539423076925 0.2771962211538461 0.3014063149038461 0.41002644471153843 0.3024962692307692 0.41297318749999995 0.2994042644230769 0.4121348605769231 0.2999492427884615 0.41360823317307693 0.2974022163461539 0.4142432764423077 0.304771875 0.4438013581730769 0.38118266346153845 0.42475000961538456
1 0.5649939927884615 0.17508822596153847 0.5603123557692308 0.15631120432692308 0.5050762524038461 0.17008311298076922 0.5097578894230769 0.18886013221153847 0.5649939927884615 0.17508822596153847
1 0.5690260240384615 0.19125981971153846 0.5649939927884615 0.17508822596153847 0.5105159326923077 0.18867113221153844 0.5145479639423077 0.20484272596153846 0.5690260240384615 0.19125981971153846
1 0.5774978774038462 0.20909183173076923 0.5728162427884615 0.1903148125 0.5145479639423077 0.20484272596153846 0.5192296009615385 0.22361974519230768 0.5774978774038462 0.20909183173076923
1 0.5796778197115384 0.22429379807692307 0.5763177932692307 0.21081746875000001 0.5150678774038462 0.22608878846153846 0.5184279038461539 0.2395651177884615 0.5796778197115384 0.22429379807692307
1 0.5922758942307692 0.24252843509615385 0.5872582548076923 0.22240378365384617 0.5184279038461539 0.2395651177884615 0.5234455432692308 0.25968976923076925 0.5922758942307692 0.24252843509615385
1 0.5955498822115385 0.25888903125 0.5911818485576923 0.24136980288461538 0.5298813966346153 0.25665372115384616 0.5342494302884615 0.27417294951923077 0.5955498822115385 0.25888903125
1 0.5772271490384615 0.2820657019230769 0.5728591129807692 0.26454647596153846 0.5365235600961539 0.27360594471153843 0.5408915961538462 0.2911251730769231 0.5772271490384615 0.2820657019230769
1 0.5809007764423076 0.29679982211538464 0.5775631514423076 0.2834133365384615 0.53895346875 0.2930398125 0.5422910937500001 0.30642629807692306 0.5809007764423076 0.29679982211538464
1 0.6087176249999999 0.3084726081730769 0.6043495889423076 0.29095337740384614 0.5422910937500001 0.30642629807692306 0.5466591274038461 0.3239455288461538 0.6087176249999999 0.3084726081730769
1 0.6130632572115384 0.32590199278846155 0.6083816225961539 0.3071249735576923 0.5493553004807692 0.3218418894230769 0.5533649302884616 0.3379236442307692 0.5495747139423077 0.3388686514423077 0.556294766826923 0.3658213076923077 0.6175952187499999 0.35053738942307694 0.611547170673077 0.32627999519230766 0.6130632572115384 0.32590199278846155
1 0.611547170673077 0.32627999519230766 0.6175952187499999 0.35053738942307694 0.6689905697115385 0.3377230889423077 0.6629425216346154 0.31346569471153846 0.611547170673077 0.32627999519230766
1 0.5775839158653846 0.20620756490384615 0.5826239567307693 0.2264220576923077 0.6423577860576923 0.2115287403846154 0.6373177475961539 0.19131424759615384 0.5775839158653846 0.20620756490384615
1 0.5583742283653846 0.15822584374999998 0.5620478557692308 0.1729599639423077 0.62557190625 0.15712163942307691 0.6218982764423077 0.14238751923076923 0.5583742283653846 0.15822584374999998
1 0.5514042115384615 0.12704128365384615 0.5591322716346154 0.15803684134615384 0.6218982764423077 0.14238751923076923 0.6141702163461539 0.11139196153846154 0.5514042115384615 0.12704128365384615
1 0.6280018125000001 0.1765555048076923 0.6229617716346154 0.1563410096153846 0.5677762019230769 0.1701003173076923 0.5728162427884615 0.1903148125 0.6280018125000001 0.1765555048076923
1 0.6349575793269231 0.19476551923076924 0.6299399399038462 0.17464086778846152 0.5694480649038461 0.18972318509615385 0.5744657043269231 0.20984783653846154 0.6349575793269231 0.19476551923076924
1 0.67026484375 0.3202284831730769 0.6639031947115386 0.29471330048076927 0.6072015360576923 0.3088506105769231 0.6135631875 0.33436579326923077 0.67026484375 0.3202284831730769
1 0.6753946057692308 0.376110375 0.6710265721153846 0.35859114663461533 0.6135163341346154 0.3729300576923077 0.6178843701923077 0.39044928605769236 0.6753946057692308 0.376110375
1 0.6833938822115384 0.3954916225961539 0.6783762427884615 0.37536696875 0.6178843701923077 0.39044928605769236 0.6229020096153846 0.4105739399038461 0.6833938822115384 0.3954916225961539
1 0.6829281899038461 0.41278462499999996 0.6788961586538461 0.39661303124999997 0.6198698341346154 0.4113299471153846 0.6239018653846155 0.4275015408653846 0.6829281899038461 0.41278462499999996
1 0.6903060000000001 0.42945800721153843 0.6849523557692307 0.4079857211538461 0.6259260336538461 0.4227026370192308 0.6312796754807692 0.4441749230769231 0.6903060000000001 0.42945800721153843
1 0.6950455360576923 0.44545319951923074 0.689355891826923 0.42263328125000005 0.6265898870192307 0.4382826033653846 0.6322795312499999 0.4611025240384615 0.6950455360576923 0.44545319951923074
1 0.7059554471153846 0.46983437499999997 0.6989217932692308 0.44162392548076923 0.6316075264423078 0.45840725721153847 0.6386411826923077 0.4866177067307692 0.7059554471153846 0.46983437499999997
1 0.7334484230769232 0.3544788942307692 0.7294163918269232 0.3383072980769231 0.67190615625 0.3526462091346154 0.6759381875 0.3688178076923077 0.7334484230769232 0.3544788942307692
1 0.7389105048076924 0.3731567524038461 0.73420646875 0.3542898942307692 0.6744726370192308 0.3691832091346154 0.679176673076923 0.3880500697115385 0.7389105048076924 0.3731567524038461
1 0.7385358004807692 0.3974886826923077 0.7331597596153846 0.3759265576923077 0.6794902764423078 0.38930786057692307 0.6848663173076923 0.41086998798076924 0.7385358004807692 0.3974886826923077
1 0.7435534399038463 0.4176133341346154 0.7385358004807692 0.3974886826923077 0.6870899110576923 0.4103155841346154 0.6921075504807692 0.4304402355769231 0.7435534399038463 0.4176133341346154
1 0.7859928245192307 0.2913742572115385 0.7806391826923077 0.2699019711538461 0.7307093798076922 0.2823508701923077 0.7360630216346155 0.30382315625 0.7859928245192307 0.2913742572115385
1 0.8315464399038461 0.27429083413461536 0.8231687764423078 0.24068985336538462 0.7777872355769231 0.2520047403846154 0.7861649014423077 0.2856057235576923 0.8315464399038461 0.27429083413461536
1 0.8241767836538462 0.24473275 0.8315464399038461 0.27429083413461536 0.8920383149038462 0.2592085168269231 0.8846686562499999 0.2296504326923077 0.8241767836538462 0.24473275
1 0.9329571442307691 0.18478380769230768 0.9212194519230769 0.13770649519230768 0.8659833485576923 0.15147840384615385 0.8777210408653846 0.19855571634615382 0.9329571442307691 0.18478380769230768
1 0.7353049783653846 0.30401215625 0.7279353197115385 0.27445407211538464 0.6780560552884616 0.2868903701923077 0.6854257139423077 0.3164484543269231 0.7353049783653846 0.30401215625