1 0.7660791129807693 0.6249118149038462 0.7782223389423077 0.5482425072115384 0.6986671274038462 0.5356421995192308 0.6865239038461539 0.6123115072115385 0.7660791129807693 0.6249118149038462
1 0.7905269663461538 0.5979037884615385 0.80006946875 0.5376548004807693 0.7256841923076922 0.5258733293269231 0.7161416899038462 0.5861223173076924 0.7905269663461538 0.5979037884615385
1 0.81146184375 0.5805905697115384 0.8173281370192308 0.5435522572115384 0.7863857139423077 0.5386514591346153 0.7805194206730769 0.5756897716346153 0.81146184375 0.5805905697115384
1 0.82543728125 0.5692623413461538 0.8305605096153846 0.5369155480769231 0.8109610697115385 0.5338113028846154 0.8058378413461539 0.56615809375 0.82543728125 0.5692623413461538
1 0.8295065769230768 0.5240928076923077 0.8246962163461539 0.5544642235576923 0.8371966490384615 0.5564440985576924 0.8420070072115385 0.5260726802884615 0.8295065769230768 0.5240928076923077
1 0.6970940504807692 0.6794162139423077 0.7104887524038461 0.5948453990384615 0.658249298076923 0.586571483173077 0.6448545961538461 0.671142298076923 0.6970940504807692 0.6794162139423077
1 0.6425051322115384 0.724430829326923 0.6593804999999999 0.6178839495192308 0.5951807596153846 0.6077157091346154 0.5783053918269231 0.7142625889423078 0.6425051322115384 0.724430829326923
1 0.5765665408653846 0.7986545793269231 0.6003445793269231 0.6485259519230768 0.4862202788461539 0.6304504375 0.46244224038461534 0.7805790649038461 0.5765665408653846 0.7986545793269231
1 0.4538208557692308 0.9174150624999999 0.4884124278846154 0.6990124783653846 0.17428123798076925 0.6492589855769231 0.13968966586538462 0.8676615697115384 0.4538208557692308 0.9174150624999999
1 0 0.922990483173077 0.28374632211538464 0.967931485576923 0.3219945480769231 0.7264416850961539 0 0.6754427572115385 0 0.922990483173077
1 0.29555798076923073 0.13325295673076923 0.3062150793269231 0.06596668990384616 0.20567149278846156 0.050042149038461534 0.19501439423076924 0.11732841826923077 0.29555798076923073 0.13325295673076923
1 0.3568736466346154 0.14764705528846153 0.3655362043269231 0.09295381490384616 0.28567234375 0.08030462019230769 0.27700978365384615 0.13499786298076924 0.3568736466346154 0.14764705528846153
1 0.12539658173076923 0.15135673798076923 0.13407869471153847 0.09654003365384616 0.06223980048076923 0.08516187259615385 0.0535576875 0.13997857451923076 0.12539658173076923 0.15135673798076923
1 0.5514062524038461 0.009629435096153846 0.54186375 0.06987842307692307 0.8062247091346154 0.11174908653846154 0.8157672115384614 0.05150009615384616 0.5514062524038461 0.009629435096153846
1 0.3284489038461539 0 0.3256905480769231 0.01741557932692308 0.5370404182692308 0.05089011057692308 0.5444123942307693 0.004345298076923077 0.5169772620192308 0 0.3284489038461539 0
1 0.6502016538461538 0.04957625240384615 0.6382735264423077 0.12488748798076924 0.8335734639423078 0.15581995913461538 0.8455015913461538 0.08050872355769231 0.6502016538461538 0.04957625240384615
1 0.6871329254807693 0.09756945192307692 0.6777468557692308 0.15683075240384614 0.8552992692307692 0.18495229086538462 0.8646853365384615 0.1256909903846154 0.6871329254807693 0.09756945192307692
1 0.71455884375 0.14165254567307692 0.7066002403846153 0.19190118990384614 0.863395764423077 0.2167351610576923 0.8713543677884614 0.1664865168269231 0.71455884375 0.14165254567307692
1 0.7999576923076923 0.22073551201923078 0.7934656634615384 0.26172457692307693 0.9075128004807692 0.2797878701923077 0.9140048317307692 0.23879880288461536 0.7999576923076923 0.22073551201923078
1 0.7823385072115384 0.20263137259615385 0.777097954326923 0.2357189326923077 0.8889845240384615 0.25344002403846155 0.894225076923077 0.22035246394230767 0.7823385072115384 0.20263137259615385
1 0.7750738341346154 0.16060248076923075 0.7667632548076924 0.2130734254807692 0.8780325192307692 0.2306967451923077 0.8863430985576923 0.1782258028846154 0.7750738341346154 0.16060248076923075
1 0.86459275 0.2905815841346154 0.8595672932692308 0.32231107211538457 0.9362674663461538 0.33445918509615385 0.941292923076923 0.3027296971153846 0.86459275 0.2905815841346154
1 0.6912659615384615 0.19782531730769232 0.70139509375 0.13387249759615386 0.5864219975961539 0.11566254807692308 0.5762928653846153 0.17961536778846154 0.6912659615384615 0.19782531730769232