1 0.9193322115384616 0.7028618942307693 0.9343289471153846 0.637903889423077 0.8706142812500001 0.6231941971153846 0.8556175432692308 0.6881522043269231 0.9193322115384616 0.7028618942307693
1 0.8645826706730768 0.6878700192307693 0.8807041634615385 0.6180401658653847 0.7937720841346153 0.5979703125 0.7776505913461539 0.6678001658653846 0.8645826706730768 0.6878700192307693
1 1 0.21528239903846155 0.8741570528846154 0.18622926682692306 0.8520602980769231 0.2819408269230769 1 0.31609539903846157 1 0.21528239903846155
1 0.86073828125 0.28394429807692306 0.8779845288461539 0.20924259134615383 0.7730113798076924 0.1850076298076923 0.7557651322115385 0.25970933653846157 0.86073828125 0.28394429807692306
1 0.49371462259615384 0.2740448822115385 0.5021268557692308 0.23760750240384618 0.4504395673076923 0.22567455048076923 0.44202733653846155 0.2621119326923077 0.49371462259615384 0.2740448822115385
1 0.10757392307692307 0 0.09729833653846155 0.044508451923076925 0.3869450625 0.11137866826923076 0.4087606298076923 0.016885069711538463 0.3356233581730769 0 0.10757392307692307 0
1 0.24246328846153847 0.15061205528846153 0.25806926682692305 0.08301513221153846 0.09295921394230769 0.04489647115384616 0.07735323557692309 0.11249339663461538 0.24246328846153847 0.15061205528846153
1 0.2680160625 0 0.5431215144230769 0.0635130985576923 0.5571575240384615 0.0027164663461538463 0.5453912163461538 0 0.2680160625 0
1 0.04400958894230769 0.561500735576923 0.017788733173076922 0.6750757475961537 0.09040975240384615 0.6918416298076924 0.11663060817307692 0.5782666201923077 0.04400958894230769 0.561500735576923
1 0 0.6022279014423076 0.042980079326923076 0.6121506346153847 0.06062467788461538 0.5357234831730769 0.017615375 0.5257940024038461 0 0.6020945721153846 0 0.6022279014423076
1 0 0.5619240817307692 0.010479490384615384 0.5643434639423077 0.02554652403846154 0.49908097115384614 0.0002738004807692308 0.49324630288461535 0 0.49443226201923074 0 0.5619240817307692
1 0.13908142067307694 0.8276246490384616 0.1759874519230769 0.6677670600961538 0.08646720192307693 0.6470996826923077 0.04956117067307692 0.8069572716346154 0.13908142067307694 0.8276246490384616
1 0.25055663461538463 0.9528908485576923 0.2954999807692308 0.758219829326923 0.15117141346153845 0.7248989543269231 0.10622806730769231 0.9195699735576923 0.25055663461538463 0.9528908485576923