1 0.8309505120192308 0.20768460096153846 0.8218396538461538 0.1501609014423077 0.6116472283653847 0.1834521105769231 0.6207580889423077 0.24097581009615385 0.8309505120192308 0.20768460096153846
1 0.6136157115384615 0.10598674038461538 0.6303020528846154 0.2113401658653846 0.8589621947115386 0.17512395673076925 0.8422758509615385 0.06977053125 0.6136157115384615 0.10598674038461538
1 0.7524528028846155 0 0.6529540600961539 0.015759052884615384 0.6716827427884616 0.13400729567307693 0.9256009543269231 0.09379060096153845 0.9107459807692307 0 0.7524528028846155 0
1 0.7016086538461538 0 0.7075314495192307 0.03739505048076923 0.9226108725961539 0.0033298149038461537 0.9220834807692307 0 0.7016086538461538 0
1 0 0.26504679086538463 0.12747950721153847 0.24485601923076925 0.09800319951923077 0.05874993028846154 0 0.07427211298076923 0 0.26504679086538463
1 0 0.34079418269230766 0.22005010576923079 0.30594166826923075 0.19859830528846154 0.17050033173076923 0 0.2019552139423077 0 0.34079418269230766
1 0.27516107692307695 0.34493005528846155 0.2565193028846154 0.22723052884615386 0.06942437980769231 0.2568634519230769 0.08806615384615385 0.3745629783653846 0.27516107692307695 0.34493005528846155
1 0.3125086730769231 0.3516705913461538 0.30102232692307695 0.2791486586538462 0.16398056971153846 0.3008539423076923 0.1754669158653846 0.37337587259615385 0.3125086730769231 0.3516705913461538
1 0.3400623485576923 0.3654933918269231 0.33087906490384617 0.30751242788461536 0.20469159374999998 0.3274985600961538 0.213874875 0.3854795240384616 0.3400623485576923 0.3654933918269231
1 0.35765233653846157 0.38998772115384617 0.3486139014423077 0.3329212836538461 0.24058548798076923 0.35003130288461537 0.24962392307692308 0.4070977403846153 0.35765233653846157 0.38998772115384617
1 0.39063245673076924 0.4081071298076923 0.38431713942307694 0.36823378605769236 0.29557951682692307 0.38228844471153844 0.3018948341346154 0.42216178846153846 0.39063245673076924 0.4081071298076923
1 0.4345798605769231 0.4362078365384615 0.43097317788461537 0.4134361346153846 0.37160899038461537 0.42283849759615383 0.37521567548076923 0.44561019951923075 0.4345798605769231 0.4362078365384615
1 0.38098190625 0.8985250360576923 0.3644259254807692 0.7939946850961538 0.22861877884615384 0.8155044254807693 0.24517475961538462 0.9200347764423077 0.38098190625 0.8985250360576923
1 0.3990063894230769 0.8255476538461538 0.38740416826923074 0.7522941033653846 0.24089706490384616 0.7754985480769231 0.25249928846153846 0.8487520985576923 0.3990063894230769 0.8255476538461538
1 0.4175729735576923 0.77263996875 0.4076364879807692 0.7099034663461539 0.3404531033653846 0.7205442692307693 0.3503895889423077 0.7832807692307693 0.4175729735576923 0.77263996875
1 0.4255161658653846 0.7362268485576924 0.41850558653846154 0.6919637788461538 0.3984431658653846 0.6951413533653846 0.4054537475961538 0.7394044230769231 0.4255161658653846 0.7362268485576924
1 0.4352864519230769 0.713680110576923 0.42817447836538464 0.668776875 0.4007043966346154 0.6731277067307692 0.4078163701923077 0.7180309447115385 0.4352864519230769 0.713680110576923
1 0.4434035625 0.6880203269230769 0.4379718100961538 0.65372559375 0.42048149519230765 0.6564957884615384 0.42591324759615384 0.6907905192307692 0.4434035625 0.6880203269230769
1 0.4505173894230769 0.6706754182692307 0.44570847836538463 0.6403131466346154 0.4319734375 0.6424885625 0.4367823485576923 0.6728508341346154 0.4505173894230769 0.6706754182692307
1 1 0.8758256586538462 0.9886195192307692 0.8039721346153846 0.8677820240384615 0.8231109134615384 0.8870466394230768 0.9447429038461539 1 0.9268528485576923 1 0.8758256586538462
1 1 0.813565841346154 0.9845366899038462 0.7159343461538461 0.788285076923077 0.7470175480769231 0.8114750360576923 0.8934331995192307 1 0.8635737788461538 1 0.813565841346154
1 0.9016812067307692 0.8020861009615385 0.8836188197115384 0.6880446778846154 0.7451366850961538 0.70997809375 0.7631990721153846 0.8240195168269231 0.9016812067307692 0.8020861009615385
1 0.7592158125 0.7535903509615385 0.7453684663461538 0.6661616418269231 0.7057580480769231 0.6724353149038461 0.7196053966346153 0.7598640240384615 0.7592158125 0.7535903509615385
1 0.684609079326923 0.6494421394230769 0.6945455649038461 0.712178639423077 0.7137849110576924 0.7091314278846154 0.7038484254807693 0.6463949254807692 0.684609079326923 0.6494421394230769
1 0.7030736802884616 0.6834538629807692 0.6934124038461539 0.6224549615384615 0.6564255336538461 0.6283131057692307 0.6660868100961538 0.6893120072115385 0.7030736802884616 0.6834538629807692
1 0.642707329326923 0.6166113341346153 0.6483563509615385 0.652277858173077 0.6688303076923077 0.6490351009615385 0.6631812860576923 0.613368579326923 0.642707329326923 0.6166113341346153
1 0.5290191105769231 0.47346708173076923 0.5275996129807692 0.46450472355769235 0.5168482139423077 0.4662075769230769 0.5182677115384615 0.47516993509615385 0.5290191105769231 0.47346708173076923
1 0.656219076923077 0.36997970673076924 0.6520040360576923 0.3433669927884615 0.5600255600961538 0.3579349519230769 0.5642406009615384 0.38454766586538464 0.656219076923077 0.36997970673076924
1 0.57012090625 0.3281182283653846 0.5741766129807693 0.35372496153846156 0.6687786370192307 0.3387414735576923 0.6647229302884615 0.31313474038461536 0.57012090625 0.3281182283653846
1 0.7432826875 0.46221778125 0.7360838052884616 0.4167658269230769 0.6381380456730769 0.4322789110576923 0.6453369278846155 0.4777308653846154 0.7432826875 0.46221778125
1 0.7372931490384615 0.2918910817307692 0.7279650192307692 0.23299559134615383 0.5901516322115385 0.2548230889423077 0.5994797596153846 0.3137185769230769 0.7372931490384615 0.2918910817307692
1 0.07084906971153847 0.47694271634615387 0.07561452644230769 0.5070306274038462 0.13086334375 0.4982800745192308 0.12609788701923078 0.46819216346153847 0.07084906971153847 0.47694271634615387
1 0.2093824182692308 0.4809690432692308 0.2121345048076923 0.4983450432692308 0.2317339471153846 0.49524079807692306 0.2289818581730769 0.47786479807692306 0.2093824182692308 0.4809690432692308
1 0.24971471634615383 0.49323664182692306 0.24783170913461536 0.4813478028846154 0.22823226923076925 0.48445204807692305 0.23011527644230767 0.4963408894230769 0.24971471634615383 0.49323664182692306
1 0.29272143269230766 0.06559579326923076 0.30175986778846153 0.12266223076923076 0.33895250721153847 0.1167714951923077 0.32991407211538465 0.059705060096153846 0.29272143269230766 0.06559579326923076