1 1 0.5561602812499999 0.7735980336538462 0.6042835048076923 0.8213310913461539 0.8288498894230769 1 0.7908726418269231 1 0.5561602812499999
1 0.6890937836538461 0.18718271874999998 0.6787559519230769 0.13854704326923079 0.6260276826923078 0.14975478365384615 0.6363655144230769 0.19839045673076922 0.6890937836538461 0.18718271874999998
1 0.64331953125 0.1969123341346154 0.6341945192307693 0.15398252403846155 0.5935402596153846 0.1626238533653846 0.6026652716346154 0.2055536658653846 0.64331953125 0.1969123341346154
1 0.5449163100961538 0 0.5487595937499999 0.018081228365384616 0.6223499158653846 0.002439122596153846 0.6218314639423077 0 0.5449163100961538 0
1 0.7273711153846154 0.4082213028846154 0.7205562307692308 0.3761597956730769 0.6798255552884616 0.38481737019230766 0.6866404375 0.41687887500000004 0.7273711153846154 0.4082213028846154
1 0.6547112211538462 0.3891616442307692 0.6593026057692307 0.41076240384615387 0.6889527043269231 0.4044600817307692 0.6843613197115384 0.3828593221153846 0.6547112211538462 0.3891616442307692
1 0.6639862740384616 0.4117547451923077 0.6581820721153846 0.38444812259615385 0.6289904783653846 0.3906529879807692 0.6276044014423078 0.3841320048076923 0.5969608701923077 0.3906454879807692 0.6033714807692308 0.4208050384615385 0.6308818822115385 0.41495752403846153 0.6316615528846155 0.4186255769230769 0.6639862740384616 0.4117547451923077
1 0.6037383942307692 0.4540951081730769 0.5957395697115385 0.41646359855769227 0.5343760913461538 0.4295068076923077 0.5423749158653846 0.46713831971153846 0.6037383942307692 0.4540951081730769
1 0.4047009567307692 0.2511820721153846 0.39254389663461536 0.19398760817307695 0.2906025769230769 0.21565590625 0.30275963701923075 0.27285036778846156 0.4047009567307692 0.2511820721153846
1 0.3841762475961538 0.27599154567307693 0.3765239423076923 0.23999027884615384 0.2895605072115385 0.2584749278846154 0.2972128125 0.29447619471153846 0.3841762475961538 0.27599154567307693
1 0.29803948317307694 0.1311519591346154 0.28671984615384616 0.07789725721153846 0.24209186298076923 0.0873832283653846 0.2534115 0.14063793028846153 0.29803948317307694 0.1311519591346154
1 0 0.3041744278846154 0.010788754807692306 0.35493153125000004 0.10707515865384616 0.33446522596153844 0.09136627644230769 0.2605607403846154 0 0.27998124278846154 0 0.3041744278846154
1 0.12674620192307692 0.3507308269230769 0.11395385817307693 0.2905475793269231 0.0279074375 0.3088373100961539 0.04069978125 0.36902056009615386 0.12674620192307692 0.3507308269230769
1 0 0.4131695 0.0618269735576923 0.4000277716346154 0.054752199519230764 0.36674358413461533 0 0.37838152403846154 0 0.4131695
1 0.15188586298076923 0.37506350240384617 0.14221219471153845 0.32955246875 0.08084871634615384 0.34259568028846155 0.09052238461538462 0.38810671153846155 0.15188586298076923 0.37506350240384617
1 0.07563989663461539 0.4281879399038461 0.06671701923076924 0.3862091033653846 0.019185158653846155 0.39631231250000004 0.028108036057692305 0.4382911490384615 0.07563989663461539 0.4281879399038461
1 0 0.48700521153846155 0.004933685096153846 0.48595652403846157 0.0009775889423076923 0.4673445480769231 0 0.46755234134615387 0 0.48700521153846155
1 0.049209526442307694 0.4650440721153846 0.05420518028846154 0.4885467860576923 0.07132276442307692 0.48490832932692307 0.06632710817307692 0.46140561778846156 0.049209526442307694 0.4650440721153846
1 0.1871402331730769 0.6555292235576923 0.17642700480769233 0.6051274519230769 0.07249882211538462 0.6272180673076923 0.08321205048076924 0.6776198413461538 0.1871402331730769 0.6555292235576923
1 0.19231307451923077 0.6268833028846154 0.18584471153846155 0.596452045673077 0.16719877163461538 0.600415360576923 0.17366713701923078 0.6308466201923076 0.19231307451923077 0.6268833028846154
1 0.19834938701923077 0.6128209879807692 0.19237192548076923 0.5846992451923076 0.1783874735576923 0.5876717307692307 0.1843649326923077 0.6157934759615386 0.19834938701923077 0.6128209879807692
1 0.20785020432692305 0.6022820216346154 0.20146847115384617 0.5722583245192308 0.18519148317307693 0.5757181033653846 0.19157321634615385 0.6057418004807692 0.20785020432692305 0.6022820216346154
1 0.21939881009615383 0.5874740072115384 0.2135946081730769 0.5601673870192307 0.19265613701923076 0.5646179951923077 0.19846033653846154 0.5919246153846154 0.21939881009615383 0.5874740072115384
1 0.1635175480769231 0.3892041466346154 0.15609625480769232 0.35428971153846156 0.09847724759615385 0.36653700961538466 0.10589854086538461 0.4014514447115385 0.1635175480769231 0.3892041466346154
1 0.2563116105769231 0.38424730048076927 0.2541169855769231 0.3739224110576923 0.23761074519230768 0.37743092067307693 0.2398053701923077 0.3877558125 0.2563116105769231 0.38424730048076927
1 0.23936524278846155 0.3195513317307693 0.24121334615384615 0.32824597836538466 0.2571082451923077 0.32486741346153847 0.2552601418269231 0.3161727668269231 0.23936524278846155 0.3195513317307693
1 0.2685722644230769 0.37880138461538465 0.26614662740384615 0.36738966105769233 0.25330843990384616 0.3701185024038462 0.2557340769230769 0.38153022596153846 0.2685722644230769 0.37880138461538465
1 0.5319091370192308 0.5332591754807692 0.5159114879807692 0.4579961514423077 0.38409081490384617 0.4860155 0.4000884639423077 0.5612785240384615 0.5319091370192308 0.5332591754807692
1 0.3788651538461538 0.5114068389423078 0.38570891346153846 0.5436041995192308 0.4016038125 0.5402256346153846 0.39476005048076923 0.5080282740384615 0.3788651538461538 0.5114068389423078
1 0.38271278365384614 0.5340176394230769 0.3759845288461538 0.5023636971153846 0.3658209639423077 0.5045240288461538 0.37254921875 0.5361779735576924 0.38271278365384614 0.5340176394230769
1 0.3536687764423077 0.5059711201923076 0.35970399278846155 0.5343645721153846 0.37131949519230767 0.5318956225961539 0.36528428125 0.5035021706730769 0.3536687764423077 0.5059711201923076
1 0.36197893028846156 0.5225216802884616 0.35605922115384614 0.4946716442307692 0.33886522115384615 0.49832634134615383 0.3447849278846154 0.5261763798076923 0.36197893028846156 0.5225216802884616
1 0.6128732740384616 0.4910591682692308 0.6006873389423076 0.43372885336538464 0.5011149687500001 0.45489361298076925 0.5133009038461538 0.5122239302884615 0.6128732740384616 0.4910591682692308