1 0.7483607764423077 0.2909279783653846 0.7336214615384615 0.2318118125 0.5649315072115384 0.2738709423076923 0.5796708221153846 0.3329871081730769 0.7483607764423077 0.2909279783653846
1 0.8114978004807691 0.2123950625 0.7886944206730769 0.12093570432692308 0.58296140625 0.17223070673076923 0.6057647836538462 0.2636900625 0.8114978004807691 0.2123950625
1 0.7578108269230769 0 0.6377679182692308 0.02993005769230769 0.6676945528846154 0.1499592355769231 0.9095104423076923 0.08966776201923077 0.8871537572115386 0 0.7578108269230769 0
1 0.52231840625 0.16883783173076922 0.5091919038461539 0.11619030288461539 0.46254695673076923 0.12782019471153847 0.47567345913461534 0.1804677235576923 0.52231840625 0.16883783173076922
1 0.35113677884615385 0.1826037668269231 0.35774482932692303 0.20910721634615384 0.38968373076923074 0.20114395432692306 0.38307567788461544 0.17464050480769233 0.35113677884615385 0.1826037668269231
1 0.37962213221153845 0.29125475 0.38835819951923073 0.3262932067307692 0.4150413341346154 0.3196403533653846 0.4063052644230769 0.28460189903846156 0.37962213221153845 0.29125475
1 0.41341469951923077 0.42377527403846155 0.40734425240384614 0.3994280360576923 0.3313377524038461 0.41837858653846155 0.3374082019230769 0.44272582211538464 0.41341469951923077 0.42377527403846155
1 0.3943925456730769 0.4165896298076923 0.38146764663461535 0.3647506826923077 0.27155133173076923 0.39215589663461536 0.2844762331730769 0.44399484375 0.3943925456730769 0.4165896298076923
1 0.23434784615384616 0.37986522115384613 0.24480872836538461 0.4218215264423077 0.3706944903846154 0.3904346826923077 0.3602336081730769 0.34847837740384613 0.23434784615384616 0.37986522115384613
1 0.058717637019230766 0.3081878557692308 0.07901219471153846 0.3895848870192308 0.28893972115384614 0.3372440745192308 0.2686451610576923 0.2558470456730769 0.058717637019230766 0.3081878557692308
1 0 0.32464092307692305 0.2045359903846154 0.2736443725961539 0.16979331730769232 0.13429912740384614 0 0.17663335576923078 0 0.32464092307692305
1 0.38450955288461536 1 0.36811601923076925 0.9342491225961538 0.28968378365384617 0.9538044759615385 0.3012016201923077 1 0.38450955288461536 1
1 0.4343164375 0.9564869399038461 0.4038073990384615 0.8341218701923078 0.3402328125 0.8499727932692308 0.3707418533653846 0.9723378653846153 0.4343164375 0.9564869399038461
1 0.446665326923077 0.8805016466346154 0.4215323293269231 0.7796986995192309 0.3738766610576923 0.79158059375 0.3990096586538462 0.8923835384615385 0.446665326923077 0.8805016466346154
1 0.4533150961538462 0.8055555913461538 0.43759017307692305 0.7424863701923077 0.4091382740384616 0.7495802259615385 0.4248631971153846 0.8126494471153846 0.4533150961538462 0.8055555913461538
1 0.4578170456730769 0.7622543125000001 0.44598975480769226 0.7148176322115384 0.4166787355769231 0.7221256899038462 0.42850602884615385 0.7695623701923077 0.4578170456730769 0.7622543125000001
1 0.45971900480769234 0.7287622932692308 0.4480709158653846 0.6820443533653846 0.42401566826923076 0.688042 0.43566375721153844 0.7347599399038462 0.45971900480769234 0.7287622932692308
1 0.4688042355769231 0.6999683341346153 0.4571785456730769 0.6533402331730769 0.42347087740384615 0.6617444975961538 0.43509656971153843 0.7083725985576923 0.4688042355769231 0.6999683341346153
1 0.07909509615384615 0.42716252884615385 0.09137039182692308 0.4763960504807692 0.21680132932692306 0.4451226057692308 0.20452603365384617 0.3958890817307692 0.07909509615384615 0.42716252884615385
1 0.09983264423076924 0.4029066394230769 0.11101033173076923 0.4477378942307692 0.17276561057692305 0.43234057451923075 0.16158792307692307 0.38750931730769234 0.09983264423076924 0.4029066394230769
1 0.20191083413461539 0.5096223413461538 0.2075556778846154 0.5322625769230769 0.23120663461538463 0.5263657307692308 0.2255617908653846 0.5037254951923077 0.20191083413461539 0.5096223413461538
1 0.2746738365384615 0.5237348798076923 0.27001460096153845 0.5050477019230769 0.25429783173076925 0.5089663317307692 0.2589570673076923 0.5276535096153846 0.2746738365384615 0.5237348798076923
1 0.2836162740384615 0.5165430649038462 0.28012184615384617 0.5025276826923076 0.27001460096153845 0.5050477019230769 0.27350902884615386 0.5190630841346153 0.2836162740384615 0.5165430649038462
1 0.9842218052884615 0.7690900072115384 0.9552359783653847 0.6528342043269231 0.8155032860576923 0.6876734759615384 0.8444891129807692 0.8039292788461538 0.9842218052884615 0.7690900072115384
1 1 0.7223092548076924 0.9160979927884616 0.7432283725961538 0.9539094879807692 0.8948820024038462 1 0.8833903485576923 1 0.7223092548076924
1 0.9302267620192308 0.72023853125 0.9048025625 0.6182676370192308 0.7699213509615385 0.6518973004807692 0.7953455504807692 0.7538681947115384 0.9302267620192308 0.72023853125
1 0.8456963629807692 0.6793820793269231 0.8289410312500001 0.6121801177884616 0.7331243269230769 0.6360699038461538 0.7498796586538461 0.7032718677884616 0.8456963629807692 0.6793820793269231
1 0.7018660649038462 0.6153307355769231 0.7166725817307692 0.6747164278846154 0.7482071923076923 0.6668539663461538 0.7334006754807691 0.6074682740384616 0.7018660649038462 0.6153307355769231
1 0.6829790961538461 0.5985686682692308 0.6941567836538461 0.6433999230769231 0.7098735552884615 0.6394812932692309 0.6986958677884616 0.5946500360576923 0.6829790961538461 0.5985686682692308
1 0.7063881225961539 0.6201197451923076 0.6960616418269231 0.5787024927884615 0.6626571899038461 0.58703115625 0.672983670673077 0.6284484086538461 0.7063881225961539 0.6201197451923076
1 0.6414881826923077 0.5744643004807692 0.6509858557692307 0.612557391826923 0.67241321875 0.6072149495192307 0.662915545673077 0.5691218581730769 0.6414881826923077 0.5744643004807692
1 0.9359963870192308 0.2527336153846154 0.9259835096153846 0.21257415144230768 0.867159329326923 0.2272406658653846 0.8771722091346154 0.26740012980769234 0.9359963870192308 0.2527336153846154
1 0.9276073725961538 0.25482523076923075 0.9348202283653847 0.28375441826923076 0.9584206490384616 0.2778701730769231 0.9512077932692308 0.24894098557692307 0.9276073725961538 0.25482523076923075