1 0.7729418798076922 0.1968782548076923 0.7680559567307692 0.17389178605769232 0.7104369495192308 0.18613908413461538 0.7153228725961539 0.20912555288461537 0.7729418798076922 0.1968782548076923
1 0.6955184278846154 0.12835305528846155 0.7038608846153847 0.1676012283653846 0.7640016778846154 0.15481790865384618 0.7556592211538462 0.11556973557692309 0.6955184278846154 0.12835305528846155
1 0.7579106899038461 0.40121874519230766 0.7495682331730769 0.36197057211538464 0.6945474302884616 0.3736656057692308 0.7028898870192308 0.4129137764423077 0.7579106899038461 0.40121874519230766
1 0.8061896875 0.38673957211538457 0.7984189879807692 0.35018130528846153 0.7467605673076924 0.3611616418269231 0.7545312668269231 0.39771990865384615 0.8061896875 0.38673957211538457
1 0.8616328557692309 0.3849225841346154 0.855005670673077 0.3537441298076923 0.7999084495192308 0.3654554038461538 0.8065356346153846 0.39663386057692307 0.8616328557692309 0.3849225841346154
1 0.2183079591346154 0.1776479014423077 0.2004535408653846 0.09364947596153847 0.04066396153846154 0.12761380048076923 0.05851837740384615 0.21161222596153847 0.2183079591346154 0.1776479014423077
1 0.4362993413461539 0.22511215384615382 0.4280088629807692 0.1861085168269231 0.33768304567307694 0.20530786298076925 0.3459735240384615 0.24431149759615384 0.4362993413461539 0.22511215384615382
1 0.5234120841346154 0.5650539375 0.51132721875 0.5081991081730769 0.3495507740384615 0.5425857548076923 0.3616356418269231 0.5994405841346153 0.5234120841346154 0.5650539375
1 0.36607337740384616 0.5872515673076923 0.35339076442307693 0.5275845625 0.24839273317307692 0.5499025841346155 0.26107534615384614 0.6095695865384616 0.36607337740384616 0.5872515673076923
1 0.9170176009615385 0.06606463701923077 0.9057643798076923 0.013122399038461538 0.8820748677884616 0.018157759615384614 0.8933280889423076 0.07109999759615385 0.9170176009615385 0.06606463701923077
1 0.9936580240384616 0.46420553124999997 0.9836522740384616 0.4171321778846154 0.9601155961538462 0.4221350528846154 0.970121346153846 0.46920840625 0.9936580240384616 0.46420553124999997
1 1 0.4553388509615385 0.9953696706730769 0.43355486778846153 0.9865052091346154 0.43543906730769233 0.9931583822115384 0.46673979086538464 1 0.46528556009615385 1 0.4553388509615385
1 0.9786904567307692 0.4321162355769231 0.9693604182692308 0.3882218605769231 0.9247324350961539 0.39770783173076923 0.9340624711538462 0.4416022067307692 0.9786904567307692 0.4321162355769231
1 0.9135289663461539 0.3885878701923077 0.9198702716346154 0.4184213725961538 0.9340839807692307 0.41540015625 0.927742673076923 0.38556665384615385 0.9135289663461539 0.3885878701923077
1 0.9185599807692307 0.4096266105769231 0.9122186730769232 0.37979311057692305 0.8970115360576922 0.3830254855769231 0.9033528413461538 0.4128589879807692 0.9185599807692307 0.4096266105769231