1 0.8240719110576923 0.33516776682692306 0.8249186754807692 0.2866566394230769 0.7454516129807692 0.28526953605769234 0.7446048485576923 0.33378066346153845 0.8240719110576923 0.33516776682692306
1 0.9037849639423077 0.32544636057692305 0.9044378125 0.28804465144230773 0.8256998076923078 0.28667027403846157 0.8250469567307692 0.3240719831730769 0.9037849639423077 0.32544636057692305
1 0.9966172620192307 0.32512201201923074 0.9974042379807693 0.2800362884615385 0.8999711610576924 0.2783355889423077 0.8991841875000001 0.32342131249999995 0.9966172620192307 0.32512201201923074
1 1 0.07236477644230768 0.9547338125 0.0715746514423077 0.9523825841346153 0.20627635576923076 1 0.20710751923076923 1 0.07236477644230768
1 0.8045060456730769 0.39965093028846155 0.8050894086538462 0.36623009615384616 0.7563989062500001 0.3653801995192308 0.7558155432692307 0.39880103365384617 0.8045060456730769 0.39965093028846155
1 0.7181522115384615 0.36008226682692307 0.7174880504807692 0.39813202644230766 0.7564404471153847 0.3988119423076923 0.7571046081730769 0.3607621826923077 0.7181522115384615 0.36008226682692307
1 0.7173054471153846 0.40859339663461536 0.7181522115384615 0.36008226682692307 0.6532141850961538 0.35894876923076924 0.6523674206730768 0.4074598990384616 0.7173054471153846 0.40859339663461536
1 0.8651138870192308 0.38922561538461536 0.865739266826923 0.35339773798076923 0.7994993557692307 0.35224151682692306 0.7988739783653845 0.38806939182692307 0.8651138870192308 0.38922561538461536
1 0.8404306201923077 0.3529559735576923 0.8401074278846153 0.3714716730769231 0.908951108173077 0.37267334374999994 0.9092743004807692 0.35415764423076923 0.8404306201923077 0.3529559735576923
1 0.9770774086538462 0.3761776610576923 0.9776025961538461 0.3460896514423077 0.9100608004807692 0.34491070673076923 0.9095356129807691 0.37499871394230766 0.9770774086538462 0.3761776610576923
1 0.9433609278846155 0.6723936009615384 0.9443886802884616 0.6135136802884615 0.8313329831730769 0.6115402860576923 0.8303052307692307 0.6704202067307693 0.9433609278846155 0.6723936009615384
1 0.012454031249999999 0 0.011472685096153845 0.056221247596153844 0.13041289903846154 0.05829735817307692 0.13143048317307693 0 0.012454031249999999 0
1 0.009666098557692309 0.09406585336538462 0.006636165865384615 0.2676505216346154 0.15255143990384615 0.2701974831730769 0.1555813701923077 0.0966128125 0.009666098557692309 0.09406585336538462
1 0.14643598317307693 0.3639013221153846 0.14943036538461538 0.19235337980769232 0.00799357451923077 0.18988459134615385 0.004999194711538461 0.36143253365384614 0.14643598317307693 0.3639013221153846
1 0.00863139903846154 0.28166896153846155 0.0060539375 0.42933165384615385 0.14525148317307693 0.43176135576923075 0.14782894471153846 0.28409866346153845 0.00863139903846154 0.28166896153846155
1 0.0022719302884615386 0.38935215144230767 0.000043516826923076923 0.5170178894230769 0.13918899038461538 0.5194466826923076 0.14141740384615384 0.39178094471153846 0.0022719302884615386 0.38935215144230767
1 0 0.6148098028846154 0.14649157451923076 0.6173668221153845 0.1488945144230769 0.4797026081730769 0.0007399975961538461 0.4771165600961539 0 0.5195110000000001 0 0.6148098028846154
1 0.15153677884615385 0.7133028173076923 0.15411424278846153 0.565640125 0.003720485576923077 0.5630149903846153 0.0011430240384615385 0.7106776826923077 0.15153677884615385 0.7133028173076923
1 0.14859776682692308 0.8190083653846153 0.15155821153846152 0.6494045721153847 0.006736521634615384 0.6468766995192308 0.0037760769230769232 0.8164804927884616 0.14859776682692308 0.8190083653846153
1 0.15032917307692306 0.9108118221153846 0.15374208653846153 0.7152860504807692 0.005587572115384616 0.7127000048076924 0.00217465625 0.9082257764423077 0.15032917307692306 0.9108118221153846
1 0 0.9880147908653847 0.1557060120192308 0.9907326490384616 0.15918841346153847 0.7912260024038461 0.003170514423076923 0.7885026995192308 0 0.9701413509615384 0 0.9880147908653847
1 0.13680280048076923 0.9784564278846154 0.13826524759615386 0.8946728942307692 0.05296574278846154 0.8931839855769231 0.05150329567307692 0.9769675192307693 0.13680280048076923 0.9784564278846154
1 0.13879803125 0.9924748677884616 0.13925050240384615 0.9665528894230769 0.10894261778846154 0.9660238629807693 0.10849014903846153 0.9919458413461538 0.13879803125 0.9924748677884616
1 0.16029951923076924 0.25903470913461535 0.1593800360576923 0.31171187019230767 0.3588808966346154 0.3151941706730769 0.35980037980769236 0.2625170096153846 0.16029951923076924 0.25903470913461535
1 0.1740825625 0.22741858894230768 0.17328427644230768 0.2731523629807692 0.3595579855769231 0.27640378365384616 0.36035627163461537 0.2306700096153846 0.1740825625 0.22741858894230768
1 0.19101473317307693 0.19743175 0.19014373076923075 0.2473315576923077 0.35616010576923074 0.2502293846153846 0.3570311105769231 0.2003295769230769 0.19101473317307693 0.19743175
1 0.30869805528846156 0.15512731490384615 0.30756203365384616 0.2202099927884615 0.3558880048076923 0.2210535240384615 0.3570240264423077 0.15597084615384615 0.30869805528846156 0.15512731490384615
1 0.3211405889423077 0.11376409134615385 0.32002718990384615 0.17755067067307692 0.3535116706730769 0.17813514423076923 0.3546250697115385 0.11434856490384616 0.3211405889423077 0.11376409134615385
1 0.26133296153846153 0.05447053365384616 0.2598575865384615 0.13899469471153847 0.3277118341346154 0.14017909375 0.3291872091346154 0.05565493509615385 0.26133296153846153 0.05447053365384616
1 0.3122501899038461 0.08591950721153846 0.3108960120192308 0.16350028125 0.3568785889423077 0.16430290865384614 0.35823276682692307 0.08672213701923076 0.3122501899038461 0.08591950721153846
1 0.31446530048076926 0.04854506490384615 0.31318384134615385 0.12195981009615385 0.35218831730769234 0.12264063461538462 0.3534697764423077 0.04922589182692308 0.31446530048076926 0.04854506490384615
1 0.3102633052884615 0.02068971153846154 0.3091983846153846 0.0816989375 0.35361869951923075 0.08247429567307692 0.3546836201923077 0.02146506971153846 0.3102633052884615 0.02068971153846154
1 0.3074801105769231 0.00406453125 0.30670606490384617 0.04840962740384615 0.3549799615384615 0.049252252403846154 0.35575400721153844 0.004907156250000001 0.3074801105769231 0.00406453125
1 0.3051609591346154 0.002634949519230769 0.30477474278846156 0.024761209134615384 0.35461090144230767 0.02563110096153846 0.35499711538461537 0.00350484375 0.3051609591346154 0.002634949519230769
1 0.39660274999999995 0.04914532211538462 0.3958303197115385 0.0933978389423077 0.45321741346153843 0.0943995360576923 0.45398984375 0.05014701682692308 0.39660274999999995 0.04914532211538462
1 0.3893176730769231 0.0009552836538461538 0.38847898798076924 0.049003519230769226 0.4463868341346154 0.05001430528846154 0.44722551923076925 0.0019660697115384614 0.3893176730769231 0.0009552836538461538
1 0.3476238317307692 0.031991610576923075 0.3469192716346154 0.07235583413461538 0.39670335576923077 0.07322481971153846 0.39740791586538465 0.03286059375 0.3476238317307692 0.031991610576923075
1 0.5142032235576923 0.1667712019230769 0.5150435240384615 0.11863038701923076 0.4733832043269231 0.11790320432692308 0.47254290384615383 0.16604401923076925 0.5142032235576923 0.1667712019230769
1 0.5635683581730769 0.1617986514423077 0.5642406009615384 0.123286 0.5269025384615384 0.12263425961538463 0.5262302956730769 0.16114691346153845 0.5635683581730769 0.1617986514423077
1 0.6114856009615385 0.1472623389423077 0.6120576514423077 0.11448955528846153 0.5741467620192308 0.11382781730769231 0.5735747091346154 0.14660060096153846 0.6114856009615385 0.1472623389423077
1 0.617644766826923 0.2897989495192308 0.6183170072115385 0.2512862956730769 0.568532923076923 0.2504173125 0.5678606802884615 0.2889299639423077 0.617644766826923 0.2897989495192308
1 0.7028310072115385 0.2172005216346154 0.7038894639423077 0.15656161057692308 0.6378578533653846 0.15540902403846155 0.6367993990384615 0.21604793509615383 0.7028310072115385 0.2172005216346154
1 0.19262635096153843 0.2811763365384615 0.19169878846153846 0.3343163894230769 0.38203437740384616 0.3376387091346154 0.3829619423076923 0.28449865625 0.19262635096153843 0.2811763365384615
1 0.37038038701923076 0.30696768509615385 0.3694560552884615 0.3599225817307692 0.3911194206730769 0.36030071634615385 0.39204375240384615 0.30734582211538464 0.37038038701923076 0.30696768509615385
1 0.38652740625 0.33688367548076925 0.3857856778846154 0.3793772043269231 0.4025018822115385 0.3796689855769231 0.4032436105769231 0.3371754591346154 0.38652740625 0.33688367548076925
1 0.38067390624999997 0.3111294471153846 0.3800016658653846 0.3496420985576923 0.4020816322115385 0.35002750721153847 0.40275387500000004 0.31151485336538465 0.38067390624999997 0.3111294471153846
1 0.38334622355769227 0.28635749759615386 0.3826190408653846 0.3280178197115384 0.4056363701923077 0.32841958894230766 0.40636355288461534 0.2867592668269231 0.38334622355769227 0.28635749759615386
1 0.3837518317307692 0.26312029807692305 0.38295516105769234 0.30876149278846154 0.39967136538461534 0.3090532764423077 0.4004680360576923 0.26341207932692307 0.3837518317307692 0.26312029807692305
1 0.3841299663461539 0.24145693028846155 0.38334622355769227 0.28635749759615386 0.3960005480769231 0.2865783798076923 0.39678428846153846 0.2416778125 0.3841299663461539 0.24145693028846155
1 0.3762453677884615 0.22761351201923075 0.37557312740384613 0.2661261658653846 0.3985904543269231 0.26652793509615386 0.3992626947115384 0.22801528124999998 0.3762453677884615 0.22761351201923075
1 0.37593375240384613 0.19473269711538463 0.37506598076923076 0.24444734375 0.3994372692307693 0.24487274759615385 0.4003050408653846 0.19515809855769228 0.37593375240384613 0.19473269711538463
1 0.3762553293269231 0.17630957692307694 0.3754715865384615 0.22121014423076923 0.39760363221153844 0.2215964591346154 0.39838737500000004 0.17669589423076923 0.3762553293269231 0.17630957692307694
1 0.3645447788461539 0.14887879807692309 0.36377558173076924 0.1929461610576923 0.39762459134615386 0.19353699759615386 0.3983937884615385 0.1494696346153846 0.3645447788461539 0.14887879807692309
1 0.3608901201923077 0.1254781201923077 0.3600352764423077 0.1744521418269231 0.3988314495192308 0.17512933173076922 0.3996862956730769 0.12615531009615386 0.3608901201923077 0.1254781201923077
1 0.3930070360576923 0.14770868990384617 0.3938037067307692 0.10206749278846153 0.35860073317307695 0.10145302163461538 0.35780406490384614 0.14709421875 0.3930070360576923 0.14770868990384617
1 0.35457435576923074 0.07248945432692308 0.35362255288461536 0.12701818509615384 0.3969492860576923 0.12777445432692308 0.3979010889423077 0.07324572596153846 0.35457435576923074 0.07248945432692308
1 0.39716739182692307 0.08842041586538461 0.3963545625 0.13498739663461537 0.4134873677884615 0.13528644951923077 0.41430019951923075 0.08871947115384615 0.39716739182692307 0.08842041586538461
1 0.4019015336538461 0.35437687740384616 0.4013973533653846 0.3832613677884616 0.4108750745192308 0.3834268004807692 0.41137925480769233 0.35454231249999996 0.4019015336538461 0.35437687740384616
1 0.40128288701923076 0.33908597596153844 0.40083526442307693 0.3647302163461538 0.4116669447115384 0.3649192836538461 0.4121145673076923 0.33927504326923075 0.40128288701923076 0.33908597596153844
1 0.4102838990384615 0.3665620649038462 0.40980880528846153 0.3937801394230769 0.41881784855769233 0.39393739182692306 0.41929294230769226 0.3667193173076923 0.4102838990384615 0.3665620649038462
1 0.41916689663461537 0.3739404375 0.4186352451923077 0.40439876201923075 0.4267590072115385 0.4045405625 0.4272906586538462 0.3740822403846154 0.41916689663461537 0.3739404375
1 0.24964134855769232 0.36616581009615384 0.24913716826923077 0.3950503004807692 0.39260489663461534 0.3975545384615385 0.39310907692307695 0.36867005048076923 0.24964134855769232 0.36616581009615384
1 0.3905237524038461 0.4391912259615385 0.3912929495192307 0.3951238629807692 0.2514705 0.39268325240384616 0.2507013004807692 0.43675061538461535 0.3905237524038461 0.4391912259615385
1 0.39187416586538465 0.46329253846153845 0.39254640625000004 0.4247798846153846 0.2572545144230769 0.42241835576923076 0.2565822740384615 0.4609310096153846 0.39187416586538465 0.46329253846153845
1 0.39192269471153846 0.48737112740384614 0.39266442067307694 0.4448776009615385 0.2514880096153846 0.4424133557692308 0.25074628365384616 0.4849068846153846 0.39192269471153846 0.48737112740384614
1 0.3922763221153846 0.5178449014423077 0.3929065480769231 0.48173929086538464 0.3004727115384615 0.48012585336538466 0.29984248798076923 0.5162314639423077 0.3922763221153846 0.5178449014423077
1 0.39243796875000003 0.5354429975961539 0.3930245625 0.5018370048076923 0.29741412740384615 0.5001681177884616 0.29682753125 0.533774110576923 0.39243796875000003 0.5354429975961539
1 0.39776174999999997 0.5676704471153846 0.3983774326923077 0.5323980408653847 0.3230243269230769 0.5310827475961538 0.3224086442307692 0.5663551538461539 0.39776174999999997 0.5676704471153846
1 0.39518659375000004 0.6017973677884615 0.3959590240384615 0.5575448509615385 0.3256051586538462 0.5563168197115385 0.3248327283653846 0.6005693365384616 0.39518659375000004 0.6017973677884615
1 0.39209245913461543 0.623876360576923 0.39284873076923077 0.5805496274038462 0.32733787499999994 0.5794061298076923 0.3265816033653846 0.6227328653846154 0.39209245913461543 0.623876360576923
1 0.39375730288461536 0.6508539711538461 0.39454750961538465 0.6055830865384615 0.31393479086538456 0.6041759879807692 0.3131445841346154 0.6494468701923076 0.39375730288461536 0.6508539711538461
1 0.3168899543269231 0.5900587451923077 0.3179581057692307 0.5288643629807692 0.20750618028846152 0.5269364182692308 0.20643802884615384 0.5881308004807692 0.3168899543269231 0.5900587451923077
1 0.3183335697115384 0.6177733461538462 0.31911892788461543 0.5727801995192308 0.20674021394230768 0.5708186225961538 0.20595485576923078 0.6158117692307693 0.3183335697115384 0.6177733461538462
1 0.32812327163461535 0.6537830192307692 0.32909123557692305 0.5983285024038462 0.20114197596153846 0.5960951394230769 0.20017401201923077 0.6515496562499999 0.32812327163461535 0.6537830192307692
1 0.32181536778846154 0.6779358701923077 0.32260234374999996 0.6328501442307692 0.21741003365384615 0.6310140048076923 0.21662306009615387 0.6760997307692308 0.32181536778846154 0.6779358701923077
1 0.3750609254807692 0.7192417932692308 0.37614846875 0.65693646875 0.21893283173076925 0.6541922596153846 0.21784528846153844 0.7164975841346154 0.3750609254807692 0.7192417932692308
1 0.38757257932692313 0.6709342764423076 0.38795556249999996 0.6489931730769231 0.37300992307692304 0.6487322956730769 0.37262693990384615 0.6706733990384616 0.38757257932692313 0.6709342764423076
1 0.3953430168269231 0.7092238677884615 0.3959877860576923 0.6722850504807693 0.37588668269230774 0.6719341850961539 0.37524191105769233 0.7088730024038461 0.3953430168269231 0.7092238677884615
1 0.3799522596153846 0.7284952331730769 0.3805760216346154 0.6927599375 0.3565171850961538 0.6923399879807692 0.35589342307692307 0.7280752860576923 0.3799522596153846 0.7284952331730769
1 0.36011360817307697 0.784731641826923 0.36134174038461536 0.7143719903846153 0.1905344278846154 0.7113905360576923 0.1893062956730769 0.7817501899038461 0.36011360817307697 0.784731641826923
1 0.4402077764423077 0.2219696923076923 0.43975207451923076 0.2480768245192308 0.4510003605769231 0.24827316586538462 0.45145606250000003 0.22216603125 0.4402077764423077 0.2219696923076923
1 0.44251405048076925 0.25099584375 0.44202926201923076 0.27876939182692306 0.45864131249999995 0.27905935576923074 0.45912610096153844 0.2512858076923077 0.44251405048076925 0.25099584375
1 0.4115115985576923 0.4514112283653846 0.41196083653846155 0.42567440625 0.3894121875 0.4252808173076923 0.3889629495192307 0.4510176394230769 0.4115115985576923 0.4514112283653846
1 0.4120753028846154 0.46984980048076924 0.4124809086538462 0.4466125985576923 0.38857830048076925 0.4461953774038462 0.3881726923076923 0.46943257932692306 0.4120753028846154 0.46984980048076924
1 0.41171171153846153 0.4906799591346154 0.4121043894230769 0.4681833846153846 0.3904930985576923 0.4678061586538461 0.3901004182692308 0.49030273317307693 0.41171171153846153 0.4906799591346154
1 0.4113626634615385 0.5106769134615384 0.41186522596153846 0.48188500240384613 0.38796261778846153 0.48146778125 0.3874600528846154 0.5102596899038462 0.4113626634615385 0.5106769134615384
1 0.41102654086538465 0.5299332379807692 0.4113626634615385 0.5106769134615384 0.3933445721153846 0.5103624062500001 0.3930084519230769 0.5296187307692308 0.41102654086538465 0.5299332379807692
1 0.4127440264423077 0.6672989495192307 0.4132482067307693 0.6384144591346155 0.4046557644230769 0.6382644783653847 0.4041515841346154 0.6671489687500001 0.4127440264423077 0.6672989495192307
1 0.4038574783653846 0.6839982548076923 0.4045151754807692 0.6463188100961539 0.3896216105769231 0.6460588413461538 0.38896391346153847 0.6837382860576924 0.4038574783653846 0.6839982548076923
1 0.3910486057692308 0.6180239182692309 0.3904894807692308 0.650056076923077 0.4148086923076923 0.6504805697115384 0.41536781730769234 0.6184484110576923 0.3910486057692308 0.6180239182692309
1 0.4130590889423077 0.6223902019230769 0.4135212548076923 0.5959127524038462 0.3977424086538462 0.5956373317307693 0.3972802427884616 0.6221147812500001 0.4130590889423077 0.6223902019230769
1 0.39403118990384617 0.5754768990384616 0.3935124663461539 0.6051945937500001 0.41470715384615386 0.6055645480769231 0.4152258774038462 0.5758468533653847 0.39403118990384617 0.5754768990384616
1 0.4123919110576923 0.5830207091346155 0.4129235625 0.5525623870192308 0.39579075721153845 0.5522633317307692 0.39525910576923073 0.5827216538461538 0.4123919110576923 0.5830207091346155
1 0.3942751514423077 0.5346416033653847 0.393897016826923 0.5563049711538461 0.41285246153846156 0.5566358413461538 0.41323059615384616 0.5349724711538462 0.3942751514423077 0.5346416033653847
1 0.42161641346153844 0.46936809375 0.4219945480769231 0.4477047259615385 0.4075696610576923 0.44745293990384616 0.40719152644230766 0.4691163052884615 0.42161641346153844 0.46936809375
1 0.42530177403846153 0.49100978124999994 0.42567829326923073 0.4694389927884615 0.40719152644230766 0.4691163052884615 0.4068150048076923 0.49068709375 0.42530177403846153 0.49100978124999994
1 0.4249511105769231 0.5110993125 0.42530177403846153 0.49100978124999994 0.4099395288461538 0.49074163221153844 0.4095888653846154 0.5108311634615385 0.4249511105769231 0.5110993125
1 0.42606752403846154 0.5247319855769231 0.4263050697115384 0.5111229471153846 0.4095888653846154 0.5108311634615385 0.4093513197115385 0.5244402043269231 0.42606752403846154 0.5247319855769231
1 0.42382473317307695 0.5487705793269231 0.4242303413461539 0.5255333774038461 0.4098054543269231 0.5252815889423077 0.40939984615384617 0.5485187932692308 0.42382473317307695 0.5487705793269231
1 0.4212218990384615 0.5695616514423076 0.42158549038461535 0.5487314927884616 0.40939984615384617 0.5485187932692308 0.40903625480769235 0.5693489519230769 0.4212218990384615 0.5695616514423076
1 0.42043164423076923 0.5879765913461539 0.42075322115384617 0.5695534711538461 0.40721361778846155 0.5693171370192307 0.4068920408653846 0.5877402572115384 0.42043164423076923 0.5879765913461539
1 0.4237161971153846 0.6057218028846154 0.42402484615384617 0.5880393100961538 0.4068920408653846 0.5877402572115384 0.40658339182692305 0.6054227475961539 0.4237161971153846 0.6057218028846154
1 0.4233380625 0.627385170673077 0.4237307403846154 0.6048885961538462 0.4120137764423077 0.6046840769230769 0.4116210961538461 0.6271806490384615 0.4233380625 0.627385170673077
1 0.42113442067307694 0.6521653004807693 0.42156750000000004 0.627354264423077 0.4116210961538461 0.6271806490384615 0.4111880192307692 0.6519916850961539 0.42113442067307694 0.6521653004807693
1 0.49858792307692307 0.43765104567307694 0.49891111778846153 0.4191353461538462 0.46100022596153845 0.41847360817307694 0.46067703365384616 0.4369893076923077 0.49858792307692307 0.43765104567307694
1 0.49755715625 0.41911171153846155 0.49727598076923074 0.4352203725961538 0.5320102692307692 0.4358266610576923 0.5322914471153847 0.41971800240384616 0.49755715625 0.41911171153846155
1 0.4954843581730769 0.4095370432692308 0.4953179134615385 0.41907262740384615 0.5318227692307692 0.41970982211538466 0.5319892139423077 0.41017423798076924 0.4954843581730769 0.4095370432692308
1 0.49573644951923074 0.39509479807692305 0.4954843581730769 0.4095370432692308 0.5346971346153846 0.41022150480769226 0.5349492259615385 0.3957792596153846 0.49573644951923074 0.39509479807692305
1 0.4986269735576923 0.38468069471153843 0.4983328701923077 0.4015299807692308 0.5325984807692308 0.40212808894230767 0.5328925865384615 0.38527880288461536 0.4986269735576923 0.38468069471153843
1 0.4988225048076923 0.3734786995192308 0.4986269735576923 0.38468069471153843 0.5342465480769231 0.3853024375 0.534442079326923 0.37410044230769235 0.4988225048076923 0.3734786995192308
1 0.5003299831730769 0.364707375 0.5001489951923077 0.3750761682692308 0.5335293245192307 0.37565882451923077 0.5337103125 0.36529003125000004 0.5003299831730769 0.364707375
1 0.49871741826923077 0.35264035817307693 0.49850734375 0.3646755600961538 0.5341269182692308 0.36529730288461537 0.5343369927884616 0.3532620985576923 0.49871741826923077 0.35264035817307693
1 0.49710485336538457 0.3405733413461538 0.49689477884615385 0.3526085432692308 0.5343369927884616 0.3532620985576923 0.5345470697115384 0.34122689663461536 0.49710485336538457 0.3405733413461538
1 0.4973294735576923 0.32770493028846154 0.49710485336538457 0.3405733413461538 0.527777266826923 0.3411087283653846 0.5280018846153847 0.3282403197115385 0.4973294735576923 0.32770493028846154
1 0.49611610096153846 0.31962696634615384 0.4959755120192308 0.32768129807692303 0.5280018846153847 0.3282403197115385 0.5281424735576923 0.32018598798076925 0.49611610096153846 0.31962696634615384
1 0.49631163461538463 0.30842497115384615 0.49611610096153846 0.31962696634615384 0.5317877524038461 0.3202496177884615 0.5319832836538462 0.3090476225961538 0.49631163461538463 0.30842497115384615
1 0.49758511057692306 0.2891850048076923 0.4972489903846154 0.30844133173076926 0.5319832836538462 0.3090476225961538 0.5323194038461538 0.28979129567307693 0.49758511057692306 0.2891850048076923
1 0.5680715360576923 0.3096775432692308 0.56840765625 0.29042121875 0.5304967644230769 0.2897594807692308 0.5301606442307693 0.3090158076923077 0.5680715360576923 0.3096775432692308
1 0.566576985576923 0.31770824038461537 0.5667450456730769 0.30808007692307693 0.5315420769230769 0.30746560576923077 0.5313740168269231 0.31709376923076926 0.566576985576923 0.31770824038461537
1 0.5640335793269231 0.3321104879807692 0.5643422283653846 0.3144279975961538 0.5323158557692308 0.31386897596153845 0.5320072067307693 0.33155146634615384 0.5640335793269231 0.3321104879807692
1 0.5652760360576923 0.33852203605769227 0.5655281274038462 0.32407979326923075 0.529439875 0.3234498701923077 0.5291877836538462 0.3378921129807692 0.5652760360576923 0.33852203605769227
1 0.56460734375 0.3529570096153846 0.5649014495192307 0.3361077259615385 0.5305837620192307 0.3355087067307692 0.53028965625 0.3523579927884616 0.56460734375 0.3529570096153846
1 0.5672037644230769 0.35939219230769226 0.5673718245192307 0.3497640288461538 0.53263753125 0.3491577403846154 0.5324694711538461 0.35878590384615383 0.5672037644230769 0.35939219230769226
1 0.5664829951923077 0.37382625721153845 0.5666930697115384 0.3617910528846154 0.5314900985576924 0.3611765841346154 0.5312800240384615 0.3732117860576923 0.5664829951923077 0.37382625721153845
1 0.5644648221153846 0.3849964399038462 0.5647573125 0.3682397331730769 0.5331996201923077 0.36768889182692305 0.5329071298076923 0.38444559855769234 0.5644648221153846 0.3849964399038462
1 0.5655941658653846 0.39788848317307696 0.5658737283653846 0.3818724038461539 0.5311394350961538 0.3812661153846154 0.5308598725961539 0.39728219471153847 0.5655941658653846 0.39788848317307696
1 0.566836625 0.40430003365384615 0.5671161850961538 0.3882839543269231 0.5342045336538461 0.3877094783653846 0.5339249711538462 0.40372555769230767 0.566836625 0.40430003365384615
1 0.5679659639423077 0.4171920769230769 0.5682875408653846 0.39876895673076923 0.5340219302884616 0.3981708485576923 0.5337003533653847 0.41659396875 0.5679659639423077 0.4171920769230769
1 0.5686803197115384 0.42998426923076927 0.5690018966346154 0.4115611490384615 0.5337989254807692 0.41094668028846154 0.5334773509615385 0.4293697980769231 0.5686803197115384 0.42998426923076927
1 0.5716157259615385 0.41401455048076924 0.5714331225961539 0.4244759182692308 0.6111666538461539 0.42516946875 0.6113492572115384 0.4147081009615385 0.5716157259615385 0.41401455048076924
1 0.5754840072115385 0.4013023461538462 0.5752610048076924 0.4140781778846154 0.6113492572115384 0.4147081009615385 0.6115722620192308 0.40193226923076925 0.5754840072115385 0.4013023461538462
1 0.5756245961538462 0.39324801682692306 0.5754145216346154 0.40528321874999995 0.6087948533653846 0.405865875 0.6090049278846154 0.3938306730769231 0.5756245961538462 0.39324801682692306
1 0.5735288125 0.3820060240384615 0.5733332812499999 0.3932080216346154 0.6090049278846154 0.3938306730769231 0.6092004591346154 0.38262867548076923 0.5735288125 0.3820060240384615
1 0.5737663581730769 0.368396985576923 0.5735288125 0.3820060240384615 0.6078465000000001 0.38260504086538466 0.608084045673077 0.36899600480769235 0.5737663581730769 0.368396985576923
1 0.5739214903846154 0.35950945192307693 0.5737534302884616 0.36913761298076925 0.6071337620192307 0.3697202692307692 0.6073018221153846 0.3600921057692308 0.5739214903846154 0.35950945192307693
1 0.5741590384615385 0.3459004134615385 0.5739214903846154 0.35950945192307693 0.6073018221153846 0.3600921057692308 0.6075393677884615 0.34648306971153847 0.5741590384615385 0.3459004134615385
1 0.5729311201923077 0.33865565625 0.5727355889423077 0.34985765384615386 0.6070532788461539 0.3504566706730769 0.6072488125000001 0.3392546730769231 0.5729311201923077 0.33865565625
1 0.5732252259615385 0.32180637259615386 0.5729311201923077 0.33865565625 0.6058948485576923 0.33923104086538464 0.6061889543269231 0.32238175480769227 0.5732252259615385 0.32180637259615386
1 0.5746761466346154 0.31627529567307694 0.5744531418269231 0.3290511298076923 0.6069481923076923 0.32961833173076927 0.6071711971153846 0.31684249999999997 0.5746761466346154 0.31627529567307694
1 0.5744566875 0.3049734495192308 0.5742595408653846 0.31626802403846155 0.607639875 0.3168506802884616 0.6078370216346154 0.30555610576923076 0.5744566875 0.3049734495192308
1 0.5734388485576922 0.2856934903846154 0.5731027283653846 0.30494981490384615 0.6078370216346154 0.30555610576923076 0.6081731418269231 0.2862997788461538 0.5734388485576922 0.2856934903846154
1 0.6308863028846154 0.30114288461538463 0.6311658653846154 0.2851268028846154 0.6099711754807692 0.2847568485576923 0.6096916153846154 0.3007729278846154 0.6308863028846154 0.30114288461538463
1 0.6352197163461538 0.3125165408653846 0.6353877764423077 0.30288837740384617 0.6105998846153846 0.3024557019230769 0.6104318245192307 0.31208386538461536 0.6352197163461538 0.3125165408653846
1 0.6328140288461538 0.32201303846153845 0.6329804735576924 0.3124774543269231 0.6094944663461539 0.31206750480769235 0.6093280216346154 0.3216030865384615 0.6328140288461538 0.32201303846153845
1 0.6326039543269231 0.3340482427884615 0.6328140288461538 0.32201303846153845 0.6075574615384615 0.32157218269230764 0.6073473846153846 0.33360738701923076 0.6326039543269231 0.3340482427884615
1 0.6381972379807692 0.3478516658653846 0.6384363990384615 0.33415004807692306 0.6091179471153846 0.3336382932692308 0.6088787836538462 0.3473399110576923 0.6381972379807692 0.3478516658653846
1 0.6379871610576924 0.3598868677884616 0.6381972379807692 0.3478516658653846 0.6111701033653846 0.34737990384615386 0.6109600288461539 0.3594151081730769 0.6379871610576924 0.3598868677884616
1 0.631049298076923 0.36939686298076924 0.6312173581730769 0.3597687019230769 0.6109600288461539 0.3594151081730769 0.61079196875 0.36904327163461537 0.631049298076923 0.36939686298076924
1 0.6308828533653846 0.3789324471153846 0.631049298076923 0.36939686298076924 0.6121459278846154 0.36906690384615387 0.6119794831730769 0.37860248798076923 0.6308828533653846 0.3789324471153846
1 0.6320962259615384 0.38701040865384617 0.6322368149038462 0.3789560817307692 0.6119794831730769 0.37860248798076923 0.6118388942307692 0.3866568173076923 0.6320962259615384 0.38701040865384617
1 0.6318166634615385 0.40302648798076923 0.6320962259615384 0.38701040865384617 0.6136094591346154 0.38668772115384614 0.6133298966346155 0.4027038004807692 0.6318166634615385 0.40302648798076923
1 0.6262977668269231 0.4118203990384615 0.6264528990384615 0.40293286298076925 0.6133298966346155 0.4027038004807692 0.613174764423077 0.4115913365384615 0.6262977668269231 0.4118203990384615
1 0.6111811971153845 0.4243362620192308 0.6314385288461538 0.42468985576923074 0.6316486033653846 0.4126546514423077 0.6113912740384616 0.41230106009615386 0.5157829086538461 0.38602783653846157 0.41372335576923075 0.34857408173076926 0.4144329447115384 0.3079218389423077 0.3977167403846154 0.30763005769230767 0.3969184543269231 0.35336383173076924 0.4124225144230769 0.35762435336538456 0.4136346586538462 0.3536556129807692 0.4150065216346154 0.3583344423076923 0.5131988966346154 0.38531774999999996 0.6112862355769231 0.41831866105769233 0.6111811971153845 0.4243362620192308
1 0.39671182932692306 0.28760946875 0.3959571730769231 0.330843625 0.4140273365384616 0.3311590408653846 0.4147819927884615 0.2879248846153846 0.39671182932692306 0.28760946875
1 0.4014944783653846 0.27324630528846156 0.4010048413461539 0.3012975889423077 0.4136070889423077 0.3015175600961538 0.41409672596153846 0.2734662788461538 0.4014944783653846 0.27324630528846156