2 0.3102463942307692 0.5049412163461539 0.29626868509615384 0.44887968509615384 0.25821489903846156 0.4583675576923077 0.27219261057692307 0.5144290913461538 0.3102463942307692 0.5049412163461539
1 0.8206738100961538 0 0.8354412235576922 0.05922885817307692 0.8989652716346155 0.04339053365384615 0.8881467980769231 0 0.8206738100961538 0
1 0.7335939543269231 0.1377274639423077 0.7191122427884615 0.07964448557692308 0.6609703028846153 0.09414089903846154 0.6754520168269231 0.15222387740384616 0.7335939543269231 0.1377274639423077
1 0.44434878125000005 0 0.3207782884615385 0.030809584134615382 0.3368728149038462 0.09536120192307693 0.56284559375 0.039019860576923075 0.5531168485576923 0 0.44434878125000005 0
1 0.57076303125 0.09015105288461538 0.5534588942307692 0.020747954326923078 0.30754957211538464 0.08206003605769231 0.3248537067307692 0.15146313221153845 0.57076303125 0.09015105288461538
1 0.4485518341346154 0.17029157932692307 0.4287276778846154 0.09078123317307692 0.2975861466346154 0.12347849038461539 0.31741030048076924 0.20298883413461538 0.4485518341346154 0.17029157932692307
1 0.4577197235576923 0.18833175721153847 0.4437420144230769 0.13227022596153845 0.29243652403846154 0.16999492307692307 0.3064142331730769 0.22605645192307694 0.4577197235576923 0.18833175721153847
1 0.41354761298076925 0.2314086346153846 0.40407233894230765 0.19340538701923077 0.28619656971153845 0.22279511778846153 0.29567184375 0.26079836538461537 0.41354761298076925 0.2314086346153846
1 0.41867658894230775 0.2574697283653846 0.40889891346153845 0.21825361057692308 0.2885215985576923 0.24826704567307692 0.2982992764423077 0.28748316346153846 0.41867658894230775 0.2574697283653846
1 0.22928243509615387 0.053622062500000005 0.23684249519230768 0.08394380528846154 0.31567902163461536 0.06428765144230769 0.3081189615384616 0.033965908653846154 0.22928243509615387 0.053622062500000005
1 0.3252953100961538 0.11900321153846154 0.3085287788461538 0.05175632932692308 0.2240827283653846 0.07281109375 0.24084925961538461 0.1400579783653846 0.3252953100961538 0.11900321153846154
1 0.08293737980769231 0.19746556971153847 0.09127024519230768 0.23088686778846151 0.13334166105769232 0.22039728365384617 0.12500879567307693 0.18697598798076923 0.08293737980769231 0.19746556971153847
1 0.06656717067307692 0.1560283533653846 0.07920086778846154 0.20669935096153846 0.11990780528846154 0.19654997115384615 0.10727410817307693 0.1458789735576923 0.06656717067307692 0.1560283533653846
1 0.0915699375 0.3961397475961539 0.09738278365384614 0.4194537980769231 0.16962433173076924 0.4014419567307692 0.16381148557692307 0.37812790625 0.0915699375 0.3961397475961539
1 0.1387959591346154 0.35788393269230767 0.14598641346153846 0.3867232788461538 0.15864574278846152 0.38356695432692306 0.1514552860576923 0.3547276081730769 0.1387959591346154 0.35788393269230767
1 0.05562744230769231 0.3562902115384615 0.06513631490384615 0.3944282235576923 0.15049201923076924 0.3731466586538461 0.14098314423076924 0.33500864423076926 0.05562744230769231 0.3562902115384615
1 0.033072882211538465 0.33299925721153845 0.039860137019230774 0.3602214423076923 0.12081918509615384 0.3400360841346154 0.11403193269230769 0.3128138990384616 0.033072882211538465 0.33299925721153845
1 0 0.31402422115384615 0.008338564903846154 0.3474683798076923 0.10771807211538462 0.3226902860576923 0.09548757692307691 0.2736364471153846 0 0.2974441730769231 0 0.31402422115384615
1 0 0.32149182692307693 0.09582611778846153 0.29759969230769234 0.0760355625 0.21822411057692306 0 0.23718190625 0 0.32149182692307693
1 0 0.2867086153846154 0.06052329567307692 0.2716184639423077 0.04247995192307692 0.19925057451923076 0 0.20984201682692308 0 0.2867086153846154