1 0.9643723774038461 0.7570469110576923 0.9794087716346154 0.5420164375 0.6541873052884615 0.519274735576923 0.6391509086538462 0.7343052115384616 0.9643723774038461 0.7570469110576923
1 0.9618388629807693 0.8313567524038461 0.9775437572115385 0.6067662908653846 0.6563748942307692 0.5843079759615384 0.64067 0.8088984375 0.9618388629807693 0.8313567524038461
1 0.6633989927884615 0.6361742956730769 0.6704715240384616 0.5350323846153846 0.4894292355769231 0.5223726754807692 0.4823567043269231 0.6235145865384616 0.6633989927884615 0.6361742956730769
1 0.5126405264423076 0.5656249519230769 0.5178625745192308 0.4909461971153846 0.40781878846153846 0.48325118509615383 0.4025967427884615 0.5579299399038461 0.5126405264423076 0.5656249519230769
1 0.41068698798076925 0.5195118149038461 0.4133706754807692 0.48113330769230767 0.3739357211538462 0.4783757451923077 0.3712520336538461 0.5167542524038462 0.41068698798076925 0.5195118149038461
1 0.3650334975961539 0.4824869975961539 0.3634155360576923 0.5056249399038462 0.37744378125 0.5066058918269231 0.37906174278846155 0.48346794711538466 0.3650334975961539 0.4824869975961539
1 0.36820403125 0.49426462740384614 0.3696766682692308 0.4732049423076923 0.3584540721153846 0.4724201826923077 0.3569814350961539 0.49347986778846153 0.36820403125 0.49426462740384614
1 0.35178915865384613 0.4680557403846154 0.35008400240384613 0.492440639423077 0.35639671153846153 0.4928820673076923 0.3581018701923077 0.46849716826923077 0.35178915865384613 0.4680557403846154
1 0.3498868125 0.4863008173076923 0.35135944951923076 0.46524113221153846 0.3420072860576923 0.4645871658653846 0.3405346514423077 0.4856468509615385 0.3498868125 0.4863008173076923
1 0.5114734759615385 0.1645665841346154 0.5152035096153846 0.1112246153846154 0.3990028846153846 0.10309907692307692 0.39527285096153847 0.15644104567307693 0.5114734759615385 0.1645665841346154
1 0.48245798076923074 0.20207838701923078 0.48558733173076923 0.1573265528846154 0.3791285432692308 0.14988223076923077 0.3759991923076923 0.1946340625 0.48245798076923074 0.20207838701923078
1 0.48332295673076925 0.22218770913461539 0.4857450552884615 0.1875500673076923 0.37024584374999997 0.17947357692307692 0.3678237427884615 0.21411121875 0.48332295673076925 0.22218770913461539
1 0.4399177524038462 0.25604795432692307 0.44183605528846154 0.2286149423076923 0.3518214855769231 0.2223205096153846 0.3499031826923077 0.24975352163461537 0.4399177524038462 0.25604795432692307
1 0.4556295264423077 0 0.44978794951923073 0.08353845913461538 0.6441570697115384 0.09713007211538462 0.6500476153846153 0.01289133173076923 0.46569298317307695 0 0.4556295264423077 0
1 0.744881891826923 0.16529455048076924 0.7503849014423077 0.08659782932692309 0.60807615625 0.07664663461538462 0.6025731442307692 0.1553433533653846 0.744881891826923 0.16529455048076924
1 0.03656182451923077 0 0.030879865384615384 0.08125579326923077 0.09049990625000001 0.0854248341346154 0.09647339182692308 0 0.03656182451923077 0
1 0.11938547115384615 0.16624777884615385 0.1298586298076923 0.016474620192307693 0.034544502403846156 0.009809608173076922 0.024071341346153848 0.15958276682692307 0.11938547115384615 0.16624777884615385
1 0.13348723557692307 0.20649618028846153 0.1412185769230769 0.09593282932692307 0.039435870192307695 0.08881549038461538 0.031704528846153844 0.1993788389423077 0.13348723557692307 0.20649618028846153
1 0.15575931730769232 0.21390117307692308 0.1609910528846154 0.13908386778846155 0.053363245192307694 0.13155779807692308 0.04813150961538462 0.20637510336538462 0.15575931730769232 0.21390117307692308
1 0.16519169711538462 0.2458870576923077 0.17035561298076923 0.17203960817307692 0.06732595192307692 0.1648350721153846 0.062162033653846156 0.23868252163461537 0.16519169711538462 0.2458870576923077
1 0.18208756730769232 0.2562575841346154 0.18578853605769233 0.2033312668269231 0.0976444014423077 0.19716762980769229 0.0939434326923077 0.2500939471153846 0.18208756730769232 0.2562575841346154
1 0.09762077644230768 0.6432526225961539 0.10386010576923077 0.5540260625 0.00877978125 0.5473773966346154 0.002540454326923077 0.6366039567307692 0.09762077644230768 0.6432526225961539
1 0 0.7220515600961538 0.014507067307692308 0.7230659927884615 0.019942259615384615 0.645339125 0 0.643944625 0 0.7220515600961538
1 0.1397235985576923 0.5664190721153847 0.14270762740384615 0.5237454975961539 0.09649235336538461 0.5205138100961538 0.09350832692307692 0.5631873846153846 0.1397235985576923 0.5664190721153847
1 0.15647015384615384 0.54308596875 0.1588050576923077 0.5096952812500001 0.13877584134615384 0.508294704326923 0.1364409375 0.541685389423077 0.15647015384615384 0.54308596875
1 0.16784434374999999 0.5327430865384616 0.16994672596153848 0.5026776153846154 0.15560674278846154 0.5016748653846154 0.15350436057692307 0.5317403389423077 0.16784434374999999 0.5327430865384616
1 0.1796852860576923 0.5202051947115385 0.18167140865384615 0.491802329326923 0.16483751442307693 0.4906251899038461 0.16285139182692307 0.5190280528846154 0.1796852860576923 0.5202051947115385
1 0.18876944951923078 0.5078922139423077 0.1902033341346154 0.4873867307692308 0.18046149759615385 0.4867055144230769 0.17902761298076925 0.5072109975961538 0.18876944951923078 0.5078922139423077
1 0.17259632211538461 0 0.17096098798076922 0.023386391826923075 0.21257811298076923 0.026296545673076925 0.21441694711538462 0 0.17259632211538461 0
2 0.2318562091346154 0.3296302235576923 0.2223518894230769 0.4655483245192308 0.25703282932692306 0.4679734519230769 0.26653714663461536 0.3320553509615385 0.2318562091346154 0.3296302235576923