1 1 0.02688376201923077 0.7707058701923077 0.01887663221153846 0.7678508966346154 0.10063235576923077 1 0.1087391826923077 1 0.02688376201923077
1 1 0.08275112740384616 0.7833577908653846 0.07518581490384615 0.7783409879807692 0.2188482451923077 1 0.22658875 1 0.08275112740384616
1 0.9930083485576924 0.34405518990384615 0.9985098653846154 0.18651232932692308 0.7853585408653847 0.17906892307692307 0.7798570240384616 0.33661178124999996 0.9930083485576924 0.34405518990384615
1 1 0.29440784134615383 0.7782398221153847 0.2866638052884615 0.7727383052884615 0.4442066634615385 0.9993189423076922 0.45211903365384615 1 0.43261609855769234 1 0.29440784134615383
1 0.7732957259615384 0.4282441706730769 0.7686279182692307 0.5619126947115385 0.9952085576923076 0.5698250649038461 0.9998763653846154 0.43615654086538463 0.7732957259615384 0.4282441706730769
1 0.9903323221153847 0.7094621706730769 0.9963912644230769 0.5359568197115384 0.7585674783653846 0.5276518293269231 0.7525085360576923 0.7011571826923078 0.9903323221153847 0.7094621706730769
1 0.9887163701923077 0.7893155336538461 0.9931757524038461 0.6616155937499999 0.7676881971153846 0.6537413942307692 0.7632288149038462 0.7814413341346154 0.9887163701923077 0.7893155336538461
1 0.9832991057692309 0.9108671850961538 0.98942590625 0.7354185721153846 0.7706530072115385 0.7277788557692308 0.7645262067307693 0.9032274663461538 0.9832991057692309 0.9108671850961538
1 0.5190163581730769 0.6650697716346153 0.5129574158653847 0.8385751250000001 0.7653816778846154 0.8473899735576923 0.7714406177884615 0.6738846225961539 0.5190163581730769 0.6650697716346153
1 0.7598151706730769 0.7493582115384616 0.7650404014423077 0.5997271947115385 0.5372886009615384 0.5917739254807692 0.5320633701923076 0.7414049423076924 0.7598151706730769 0.7493582115384616
1 0.5347406466346154 0.505799298076923 0.5292391274038462 0.6633421562499999 0.7625344230769231 0.6714890072115385 0.7680359423076923 0.5139461490384616 0.5347406466346154 0.505799298076923
1 0.5351229447115384 0.4299330913461539 0.5317105504807692 0.5276513052884615 0.7796063221153846 0.5363080168269231 0.7830187163461539 0.43858980048076923 0.5351229447115384 0.4299330913461539
1 0.787406639423077 0.44277326442307696 0.7915848846153846 0.32312397355769235 0.5346321346153846 0.3141509855769231 0.5304538894230769 0.4338002764423077 0.787406639423077 0.44277326442307696
1 0.5405899086538462 0.20846118990384616 0.535088391826923 0.3660040504807692 0.7807979951923076 0.37458442067307696 0.7862995120192308 0.21704156009615383 0.5405899086538462 0.20846118990384616
1 0.7758350096153847 0.2906100600961538 0.7818939495192307 0.11710470673076924 0.5373555072115385 0.10856523798076924 0.5312965673076924 0.2820705889423077 0.7758350096153847 0.2906100600961538
1 0.5298058894230769 0.0024037548076923077 0.5230489591346154 0.19589692548076923 0.7687585649038462 0.20447729326923078 0.7755154951923077 0.010984122596153846 0.5298058894230769 0.0024037548076923077
1 0.7289832716346154 0.12123288701923077 0.7326719543269231 0.015602831730769231 0.5419288461538462 0.008941935096153845 0.5382401634615385 0.1145719903846154 0.7289832716346154 0.12123288701923077
1 0.383863375 0 0.37852363461538463 0.1529102091346154 0.53444421875 0.15835507451923075 0.5398051682692308 0.004837540865384616 0.40127614903846154 0 0.383863375 0
1 0.5336668245192308 0.21419529567307694 0.5385382115384615 0.07469699278846154 0.3994042716346154 0.06983832692307693 0.3945328822115384 0.20933663221153848 0.5336668245192308 0.21419529567307694
1 0.5474069807692308 0.2706814519230769 0.5516579326923077 0.14895009615384616 0.3923800216346154 0.14338798798076924 0.3881290673076923 0.26511934375 0.5474069807692308 0.2706814519230769
1 0.5423095240384616 0.32039494951923075 0.5462114831730769 0.2086575 0.39247706490384615 0.20328897596153844 0.38857510817307694 0.31502642548076926 0.5423095240384616 0.32039494951923075
1 0.5370036418269231 0.37607702884615385 0.54027546875 0.28238413942307694 0.3865410528846154 0.2770156153846154 0.38326922355769233 0.37070850480769235 0.5370036418269231 0.37607702884615385
1 0.5333943629807693 0.4458546826923077 0.5367388966346154 0.3500797307692308 0.3830825576923077 0.34471393269230766 0.37973802163461534 0.4404888870192308 0.5333943629807693 0.4458546826923077
1 0.5422672524038462 0.5141225985576923 0.5450543629807693 0.4343101370192307 0.3857764519230769 0.4287480288461539 0.3829893389423077 0.5085604903846154 0.5422672524038462 0.5141225985576923
1 0.5506554254807692 0.5962709399038462 0.5543489567307692 0.49050207692307696 0.3826567355769231 0.48450645192307695 0.3789632043269231 0.5902753149038461 0.5506554254807692 0.5962709399038462
1 0.5393789735576923 0.6617506201923077 0.5434166514423077 0.5461266514423077 0.3874960673076923 0.5406817860576922 0.3834583894230769 0.6563057524038461 0.5393789735576923 0.6617506201923077
1 0.5391372403846154 0.7335915024038461 0.5433154855769231 0.6139422091346154 0.39293839663461544 0.6086909254807693 0.3887601514423077 0.72834021875 0.5391372403846154 0.7335915024038461
1 0.3064724807692308 0 0.3035293966346154 0.08427891826923076 0.37707831490384613 0.08684730288461538 0.3801110889423077 0 0.3064724807692308 0
1 0.37127659375 0.12986547596153847 0.37486833413461534 0.02701150240384615 0.2985867067307692 0.024347689903846153 0.29499496634615385 0.12720166346153847 0.37127659375 0.12986547596153847
1 0.38921406490384614 0.1892776778846154 0.39290759615384613 0.08350881490384615 0.2944519831730769 0.08007066826923077 0.2907584519230769 0.18583953125000002 0.38921406490384614 0.1892776778846154
1 0.3836723798076923 0.23828079326923077 0.38723503605769233 0.13625964423076925 0.2904190504807692 0.13287875480769232 0.28685639423076925 0.23489990384615386 0.3836723798076923 0.23828079326923077
1 0.37581536298076923 0.27747490625000004 0.3793101610576923 0.17739701923076925 0.29381539903846154 0.17441147596153844 0.29032060096153844 0.2744893653846154 0.37581536298076923 0.27747490625000004
1 0.3732778293269231 0.3188004110576923 0.37593406730769235 0.24273566346153846 0.2964512668269231 0.2399600625 0.2937950264423077 0.3160248125 0.3732778293269231 0.3188004110576923
1 0.3824788966346154 0.3508076875 0.38466011538461536 0.2883457620192308 0.3061923197115385 0.2856056057692308 0.3040111009615385 0.3480675336538462 0.3824788966346154 0.3508076875
1 0.37406864182692307 0.4237530552884615 0.3772580673076923 0.3324198389423077 0.30050797596153844 0.32973966586538467 0.2973185480769231 0.42107288461538467 0.37406864182692307 0.4237530552884615
1 0.37070632451923075 0.44392577884615386 0.37262094951923075 0.3890980865384615 0.29797894711538464 0.38649153124999996 0.2960643221153846 0.44131922115384614 0.37070632451923075 0.44392577884615386
1 0.3799056826923077 0.48941343028846157 0.3817863774038462 0.43555736778846155 0.30987708413461534 0.43304624038461537 0.30799638942307694 0.4869023028846154 0.3799056826923077 0.48941343028846157
1 0.36598757211538463 0.5477132091346154 0.3680379158653846 0.48899899759615384 0.30471713942307693 0.4867877884615384 0.30266679326923074 0.545502 0.36598757211538463 0.5477132091346154
1 0.30928293749999997 0.54184178125 0.3070968725961538 0.6044425120192307 0.37525844951923076 0.606822766826923 0.3774445168269231 0.5442220360576923 0.30928293749999997 0.54184178125
1 0.37839842067307694 0.6579357115384615 0.3809868004807692 0.5838142235576923 0.3025190048076923 0.5810740673076923 0.29993062740384613 0.6551955552884615 0.37839842067307694 0.6579357115384615
1 0.2627233798076923 0.5566147644230769 0.2609105456730769 0.6085275649038462 0.3123635576923077 0.61032434375 0.3141763918269231 0.5584115432692308 0.2627233798076923 0.5566147644230769
1 0.30909637259615386 0.5785242836538461 0.3109479855769231 0.5255010480769231 0.26011959375 0.5237260817307692 0.2582679807692308 0.5767493173076923 0.30909637259615386 0.5785242836538461
1 0.2614622548076923 0.485277295673077 0.2598142235576923 0.5324707524038461 0.3079879831730769 0.5341530168269231 0.3096360144230769 0.4869595600961538 0.2614622548076923 0.485277295673077
1 0.31434109375 0.491015125 0.3160521394230769 0.4420172115384616 0.2646772043269231 0.44022315865384615 0.26296615865384615 0.48922107211538457 0.31434109375 0.491015125
1 0.2536292692307692 0.39842324278846153 0.25168071634615385 0.4542225625 0.3118003197115385 0.45632198317307693 0.313748875 0.4005226658653846 0.2536292692307692 0.39842324278846153
1 0.2665408846153846 0.35551437740384617 0.2645583990384615 0.4122853293269231 0.3132787019230769 0.4139866778846154 0.3152611875 0.3572157283653846 0.2665408846153846 0.35551437740384617
1 0.3075841778846154 0.3733465192307692 0.30930006971153845 0.3242098028846154 0.2568320528846154 0.32237757932692307 0.2551161586538461 0.3715142956730769 0.3075841778846154 0.3733465192307692
1 0.2610092115384615 0.2811093341346154 0.25889100721153846 0.34176680528846154 0.3000378004807692 0.34320368269230767 0.30215600721153846 0.28254621153846154 0.2610092115384615 0.2811093341346154
1 0.30359034134615387 0.30191362259615384 0.30594121153846154 0.23459354567307691 0.25995361778846154 0.232987625 0.25760275 0.30030769951923075 0.30359034134615387 0.30191362259615384
1 0.2639271971153846 0.19754915384615385 0.2615763293269231 0.2648692331730769 0.30163004086538464 0.2662679399038462 0.30398090865384614 0.19894786057692307 0.2639271971153846 0.19754915384615385
1 0.30218498798076926 0.21903631009615385 0.30453585576923076 0.15171623557692307 0.2655752307692308 0.15035569951923075 0.26322436057692306 0.21767577644230768 0.30218498798076926 0.21903631009615385
1 0.26498625 0.13588188221153846 0.26330428846153847 0.18404696875 0.30929188221153847 0.1856528918269231 0.31097384375 0.13748780528846155 0.26498625 0.13588188221153846
1 0.30345128125 0.16710442307692308 0.30600573076923077 0.0939545673076923 0.26540547836538464 0.09253677403846153 0.26285102884615386 0.16568663221153848 0.30345128125 0.16710442307692308
1 0.26792093269230766 0.2063049807692308 0.2702378701923077 0.13995653365384617 0.23564957932692307 0.1387486826923077 0.23333263942307692 0.20509712980769232 0.26792093269230766 0.2063049807692308
1 0.26555475721153843 0.22929196153846154 0.2674015216346154 0.1764075264423077 0.2338282355769231 0.17523512259615387 0.23198147115384618 0.22811955528846153 0.26555475721153843 0.22929196153846154
1 0.26809068509615386 0.26412390384615386 0.26987443509615383 0.21304392788461538 0.23200689423076926 0.21172156490384617 0.2302231418269231 0.2628015384615385 0.26809068509615386 0.26412390384615386
1 0.2670873245192308 0.29285638942307696 0.2689340889423077 0.2399719591346154 0.2337992548076923 0.23874502403846154 0.2319524903846154 0.29162945432692305 0.2670873245192308 0.29285638942307696
1 0.26621849759615385 0.3334063245192308 0.2682009831730769 0.276635375 0.23033343990384614 0.27531300961538463 0.22835095432692307 0.33208396153846154 0.26621849759615385 0.3334063245192308
1 0.2719028028846154 0.37210050000000006 0.2742876009615384 0.3038087908653846 0.23103271634615385 0.30229829807692304 0.22864791826923078 0.37059000480769233 0.2719028028846154 0.37210050000000006
1 0.2686029759615385 0.38824517067307696 0.2700425817307692 0.3470203004807692 0.23170657211538462 0.34568157692307694 0.23026696875000002 0.38690644951923076 0.2686029759615385 0.38824517067307696
1 0.2680055913461538 0.4210220673076923 0.2693821826923077 0.3816016514423077 0.22886000721153849 0.3801865841346154 0.22748341586538462 0.419607 0.2680055913461538 0.4210220673076923
1 0.2616779014423077 0.44776196634615384 0.2629527019230769 0.4112564423076923 0.2283644110576923 0.41004859375 0.2270896105769231 0.44655411778846155 0.2616779014423077 0.44776196634615384
1 0.26159312740384616 0.4815295793269231 0.26287277644230767 0.44488524999999995 0.2336718245192308 0.4438655288461538 0.23239217548076924 0.4805098581730769 0.26159312740384616 0.4815295793269231
1 0.26336491346153845 0.5248122259615384 0.26497416826923076 0.4787292043269231 0.23030780048076924 0.47751862740384615 0.2286985456730769 0.5236016490384615 0.26336491346153845 0.5248122259615384
1 0.23383986778846153 0.515164826923077 0.23272987019230768 0.5469510072115384 0.25927618750000003 0.5478780264423077 0.26038618750000003 0.5160918461538462 0.23383986778846153 0.515164826923077
1 0.2535035504807692 0.5900633725961538 0.25501586057692305 0.5467564375 0.23120225240384615 0.5459248485576923 0.22968993990384617 0.5892317836538461 0.2535035504807692 0.5900633725961538
1 0.2024951875 0.5285234975961539 0.20108466586538462 0.5689155408653847 0.2281775264423077 0.5698616466346154 0.22958804807692307 0.5294696009615385 0.2024951875 0.5285234975961539
1 0.23119374278846155 0.530498485576923 0.23206623076923077 0.5055137163461538 0.20177219711538463 0.5044558245192308 0.20089970913461538 0.5294405961538462 0.23119374278846155 0.530498485576923
1 0.20475277403846154 0.4795446706730769 0.20341011298076922 0.5179934567307692 0.23050297355769228 0.5189395600961538 0.2318456346153846 0.4804907740384615 0.20475277403846154 0.4795446706730769
1 0.23457834375 0.4805862019230769 0.2355186923076923 0.45365817067307695 0.2024919471153846 0.4525048509615385 0.20155160096153846 0.47943288221153846 0.23457834375 0.4805862019230769
1 0.2306337451923077 0.4525147716346154 0.23157409134615387 0.42558674038461536 0.20455931009615383 0.4246433629807692 0.20361896153846154 0.45157139423076925 0.2306337451923077 0.4525147716346154
1 0.20512276442307692 0.3928380985576923 0.20397883653846155 0.42559590625 0.23263324519230769 0.42659654086538457 0.23377717307692308 0.3938387307692308 0.20512276442307692 0.3928380985576923
1 0.23006168028846152 0.4062166033653846 0.23130255048076925 0.3706827067307692 0.19890042548076922 0.36955119951923077 0.19765955528846155 0.40508509615384614 0.23006168028846152 0.4062166033653846
1 0.20440647115384614 0.3350000865384616 0.20275843990384615 0.3821935432692308 0.2314128485576923 0.3831941778846154 0.23306087980769233 0.33600072115384616 0.20440647115384614 0.3350000865384616
1 0.22577098076923077 0.3589547355769231 0.2274529423076923 0.3107896490384615 0.2036393341346154 0.30995806009615384 0.2019573701923077 0.35812314423076924 0.22577098076923077 0.3589547355769231
1 0.20410099999999998 0.2810676850961538 0.20269047836538462 0.3214597307692308 0.23353105288461537 0.3225367067307693 0.23494157451923078 0.2821446610576923 0.20410099999999998 0.2810676850961538
1 0.23355818509615386 0.2926583413461538 0.23469726682692307 0.2600393341346154 0.21088365625000002 0.2592077451923077 0.2097445769230769 0.29182675240384615 0.23355818509615386 0.2926583413461538
1 0.21123502403846153 0.21780589903846154 0.20949005048076924 0.26777543990384617 0.23111749278846153 0.26853068509615385 0.23286246634615385 0.21856114423076922 0.21123502403846153 0.21780589903846154
1 0.23222264182692307 0.23688331009615385 0.23407425480769228 0.18386007451923078 0.20752793509615383 0.18293305769230767 0.20567632451923076 0.2359562932692308 0.23222264182692307 0.23688331009615385
1 0.30926691826923075 0.05876917067307692 0.31121062740384614 0.003108653846153846 0.2744361682692308 0.0018244615384615385 0.2724924591346154 0.05748497836538462 0.30926691826923075 0.05876917067307692
1 0.27395267067307694 0 0.2726487548076923 0.03733927163461538 0.30130316346153846 0.03833990384615385 0.3026420240384616 0 0.27395267067307694 0
1 0.26789112259615383 0.0795600625 0.26980574759615383 0.024732372596153848 0.2416978798076923 0.023750822115384616 0.23978325480769233 0.07857851442307692 0.26789112259615383 0.0795600625
1 0.23988009615384615 0.01312535576923077 0.2384065625 0.055321855769230766 0.26979368028846157 0.056417918269230774 0.27126721634615386 0.01422141826923077 0.23988009615384615 0.01312535576923077
1 0.24573235576923078 0 0.24473425240384616 0.02858195673076923 0.27018748557692307 0.02947080528846154 0.2712166298076923 0 0.24573235576923078 0
1 0.23979123557692306 0 0.2394014158653846 0.011163009615384615 0.25400189182692307 0.011672870192307692 0.2544095168269231 0 0.23979123557692306 0
1 0.2702809711538462 0.13648369951923078 0.27266577163461536 0.06819199278846154 0.23581323557692307 0.06690507451923076 0.23342843509615385 0.13519677884615386 0.2702809711538462 0.13648369951923078
1 0.23513236298076923 0.18042268509615383 0.23714393028846154 0.12281890865384616 0.20958260576923077 0.12185644471153846 0.2075710360576923 0.17946022355769228 0.23513236298076923 0.18042268509615383
1 0.2081380528846154 0.10054304807692307 0.2062912860576923 0.15342748076923077 0.23221298557692308 0.15433268509615386 0.23405975240384616 0.10144825240384615 0.2081380528846154 0.10054304807692307
1 0.23820793028846154 0.12368990625000001 0.23974932451923078 0.07955014423076924 0.21538917307692307 0.07869946875 0.21384777884615386 0.12283923076923077 0.23820793028846154 0.12368990625000001
1 0.21274974759615384 0.060262790865384615 0.21137315625000003 0.09968320673076923 0.23682639182692308 0.10057205288461539 0.23820298317307692 0.06115163701923077 0.21274974759615384 0.060262790865384615
1 0.23756315865384614 0.07947380288461538 0.23904153846153847 0.03713849759615385 0.21413484615384615 0.036268735576923075 0.2126564639423077 0.07860404086538461 0.23756315865384614 0.07947380288461538
1 0.21977904326923078 0 0.2180030769230769 0.05085706490384615 0.24017706249999998 0.051631396634615384 0.24198006971153846 0 0.21977904326923078 0
0 0.04776116346153846 0.09063438461538462 0.03043259375 0.5868596923076923 0.15317027884615386 0.5911457860576923 0.17049884855769232 0.09492047836538461 0.04776116346153846 0.09063438461538462