2 0.3112707451923077 0.030488540865384613 0.28964759855769234 0.6496944423076924 0.4828111057692308 0.656439860576923 0.5044342524038462 0.037233959134615385 0.3112707451923077 0.030488540865384613
1 0.05059037980769231 0.4595689807692308 0.05349382211538462 0.3764252139423077 0.0051639086538461535 0.3747374975961538 0.0022604639423076923 0.45788126201923074 0.05059037980769231 0.4595689807692308
1 0.06449250721153846 0.6860254399038461 0.06792429086538462 0.5877520096153847 0.004837745192307692 0.5855489783653847 0.0014059615384615384 0.6838224086538461 0.06449250721153846 0.6860254399038461
1 0.15589644471153846 0.2936986201923077 0.15816491346153846 0.22873821634615382 0.06712665384615385 0.22555909134615384 0.0648581875 0.2905194951923077 0.15589644471153846 0.2936986201923077
1 0.17646891826923075 0.3112328245192308 0.1780103125 0.2670930625 0.10813103125 0.2646528245192308 0.10658963701923077 0.30879258653846153 0.17646891826923075 0.3112328245192308
1 0.18615522355769232 0.3315832692307692 0.18738639903846155 0.29632698076923075 0.11344709374999999 0.2937449639423077 0.11221591826923076 0.32900125240384615 0.18615522355769232 0.3315832692307692
1 0.026416461538461538 0.005671040865384615 0.02249996394230769 0.11782489903846154 0.06848755769230769 0.11943082211538461 0.07240405528846154 0.007276963942307692 0.026416461538461538 0.005671040865384615
1 0.019422617788461535 0 0.01789068028846154 0.04386898557692308 0.03678541346153846 0.044528805288461544 0.03834039182692307 0 0.019422617788461535 0
1 0.10416374278846154 0.015612658653846154 0.10150750240384615 0.09167740625000001 0.19121844471153848 0.09481018269230769 0.19387468269230768 0.018745435096153847 0.10416374278846154 0.015612658653846154
1 0.5838270120192308 0.13436945432692307 0.5867304567307692 0.051225689903846156 0.42003518990384614 0.045404562499999995 0.41713174519230767 0.1285483269230769 0.5838270120192308 0.13436945432692307
1 0.760258625 0.16582376923076922 0.7655323269230769 0.01480471153846154 0.5404351586538462 0.006944144230769231 0.5351614567307692 0.15796320192307695 0.760258625 0.16582376923076922
1 0.7437808725961539 0.19220922115384614 0.7472853629807692 0.09185372355769231 0.6304815600961539 0.08777484615384615 0.6269770697115384 0.18813034375 0.7437808725961539 0.19220922115384614
1 0.8027255144230769 0.19885373798076925 0.8054253798076924 0.12153975480769232 0.6924473701923077 0.11759447596153846 0.6897475048076923 0.19490845913461538 0.8027255144230769 0.19885373798076925
1 0.9125731081730769 0.17155962740384614 0.9150209182692308 0.1014634639423077 0.7943132451923076 0.09724825961538461 0.7918654326923077 0.16734442307692307 0.9125731081730769 0.17155962740384614
1 0.9395624687499999 0.18890099519230769 0.9420151274038461 0.11866602884615385 0.850586483173077 0.11547326923076923 0.8481338221153846 0.18570823798076924 0.9395624687499999 0.18890099519230769
1 0.9650666490384616 0.21967093269230767 0.9671509254807693 0.15998509375 0.8708034038461538 0.15662056490384615 0.8687191274038462 0.21630640384615385 0.9650666490384616 0.21967093269230767
1 0.7467468701923077 0.2505427139423077 0.7477550769230769 0.22167142307692306 0.7023140264423078 0.22008458653846155 0.7013058197115385 0.24895587740384617 0.7467468701923077 0.2505427139423077
1 0.6641750432692307 0.22653525961538462 0.663336485576923 0.25054840144230767 0.7017505697115385 0.2518898509615385 0.7025891274038462 0.22787670913461539 0.6641750432692307 0.22653525961538462
1 0.6670163413461538 0.2526225360576923 0.6681941995192309 0.21889309375000002 0.621738141826923 0.2172708125 0.6205602836538462 0.2510002548076923 0.6670163413461538 0.2526225360576923
1 0.5406685096153846 0.21068751442307693 0.5393597788461538 0.24816467067307693 0.6205602836538462 0.2510002548076923 0.621869014423077 0.2135230985576923 0.5406685096153846 0.21068751442307693
1 0.56924309375 0.30799402884615384 0.5703191610576923 0.2771794783653846 0.5194907668269231 0.2754045120192308 0.5184146995192308 0.30621906249999997 0.56924309375 0.30799402884615384
1 0.5162963918269231 0.3041994591346154 0.5171688798076923 0.2792146899038462 0.47336745432692307 0.2776851081730769 0.47249496634615384 0.3026698798076923 0.5162963918269231 0.3041994591346154
1 0.6164255600961539 0.3067232331730769 0.6173998389423077 0.2788235721153846 0.570865701923077 0.27719856249999997 0.5698914254807692 0.30509822596153846 0.6164255600961539 0.3067232331730769
1 0.6146671274038462 0.27872814182692307 0.6137607115384616 0.30468454567307696 0.643508204326923 0.30572335096153846 0.6444146201923077 0.27976694711538463 0.6146671274038462 0.27872814182692307
1 0.6775941009615385 0.30788646875 0.6785344495192308 0.28095843990384617 0.6444146201923077 0.27976694711538463 0.6434742740384615 0.3066949783653846 0.6775941009615385 0.30788646875
1 0.7167922379807692 0.30244559615384614 0.7174611442307692 0.28329060576923076 0.6730351009615384 0.2817392139423077 0.6723661923076923 0.30089420432692304 0.7167922379807692 0.30244559615384614
1 0.7457556778846153 0.3102667235576923 0.7465312235576923 0.2880580408653846 0.7151441057692308 0.2869619783653846 0.7143685600961539 0.3091706610576923 0.7457556778846153 0.3102667235576923
1 0.6745991466346154 0.5413964182692308 0.6767803653846154 0.47893449278846156 0.5112562596153846 0.4731542620192308 0.5090750408653846 0.5356161899038462 0.6745991466346154 0.5413964182692308
1 0.8385289615384616 0.5323897764423077 0.8407489567307693 0.4688174158653846 0.7005219302884615 0.4639205817307692 0.6983019350961539 0.5274929399038462 0.8385289615384616 0.5323897764423077
1 0.88539978125 0.5131805096153846 0.8870526610576923 0.46584824999999996 0.8357558028846154 0.4640569230769231 0.8341029254807691 0.5113891826923077 0.88539978125 0.5131805096153846
1 0.9533440408653846 0.4837282331730769 0.9546527716346154 0.4462510769230769 0.8534644519230769 0.44271750240384616 0.8521557211538462 0.48019465865384614 0.9533440408653846 0.4837282331730769
1 0.9715582211538462 0.47477511298076924 0.97266821875 0.4429889326923077 0.9461219014423077 0.44206191346153845 0.9450119014423077 0.47384809375000003 0.9715582211538462 0.47477511298076924
1 0.8941363028846154 0.2921007331730769 0.8948149038461538 0.27266813701923076 0.8784967259615384 0.2720982932692308 0.8778181225961539 0.2915308894230769 0.8941363028846154 0.2921007331730769
1 1 0.056068206730769225 0.9706592163461539 0.055043603365384615 0.9686864254807692 0.11153694471153847 1 0.11263043990384616 1 0.056068206730769225