1 0.3477063846153846 0.7918677764423077 0.3791292355769231 0.6557604591346154 0.1604288293269231 0.6052694927884615 0.1290059783653846 0.7413768100961539 0.3477063846153846 0.7918677764423077
1 0.4001493653846154 0.9252073653846153 0.45177094471153845 0.7016097331730768 0.24152015384615386 0.6530695144230769 0.18989857451923076 0.8766671466346154 0.4001493653846154 0.9252073653846153
1 0.5446052019230769 1 0.5671858365384616 0.9021925264423077 0.36142628125 0.8546891923076922 0.3342681298076923 0.9723240769230769 0.45414572115384616 1 0.5446052019230769 1
1 0.14493780528846154 0 0.13031109375 0.06335524759615384 0.3875295673076923 0.12273881249999999 0.40934513221153845 0.028245213942307692 0.2870016730769231 0 0.14493780528846154 0
1 0.36194248076923075 0.15959423798076924 0.37909499759615384 0.08529851923076923 0.1137314014423077 0.02403450721153846 0.09657888221153846 0.0983302235576923 0.36194248076923075 0.15959423798076924
1 0.24129710096153845 0.16017823557692307 0.25844961778846154 0.08588251682692308 0.09432916105769232 0.04799232451923077 0.07717664423076923 0.12228804086538461 0.24129710096153845 0.16017823557692307
1 0.4881207283653846 0.16734344471153847 0.5033986538461538 0.10116747836538462 0.4416631754807692 0.08691472115384614 0.42638525 0.15309068750000002 0.4881207283653846 0.16734344471153847
1 0.47286210576923077 0.21502901442307693 0.48532814423076925 0.1610326730769231 0.29897986778846153 0.11801078365384615 0.2865138317307692 0.17200712499999998 0.47286210576923077 0.21502901442307693
1 0.3625463485576923 0 0.3595905625 0.01280291826923077 0.5996053125 0.06821468990384615 0.6123759711538461 0.012898889423076923 0.5565047427884615 0 0.3625463485576923 0
1 0.39825386298076926 0.5326360600961538 0.41774962019230766 0.44819065384615386 0.11310672836538462 0.37785830048076924 0.09361097115384615 0.46230370673076926 0.39825386298076926 0.5326360600961538
1 0.11631211778846154 0.6025678125 0.1344956610576923 0.5238062307692307 0.09148635576923077 0.5138767524038461 0.07330281250000001 0.5926383317307692 0.11631211778846154 0.6025678125
1 0.17149647596153847 0.6639506658653846 0.19591303846153846 0.5581909134615385 0.12420549278846155 0.5416359206730769 0.09978892788461538 0.647395673076923 0.17149647596153847 0.6639506658653846
1 0.11001198557692307 0.5336551995192308 0.12430574999999999 0.47174210096153846 0.044148586538461536 0.45323636057692307 0.029854822115384615 0.5151494615384615 0.11001198557692307 0.5336551995192308
1 0.0827525985576923 0.4822472548076923 0.09599190625000001 0.4249015192307692 0.014160045673076922 0.4060091442307692 0.0009207379807692308 0.4633548822115384 0.0827525985576923 0.4822472548076923