1 0.9491808028846154 1 0.9845930600961539 0.6630748870192308 0.6619173221153846 0.6291603004807692 0.6229405000000001 1 0.9491808028846154 1
1 0.9491808028846154 1 0.9670700240384615 0.8297954326923077 0.9011829471153846 0.8228704206730769 0.8825658798076923 1 0.9491808028846154 1
1 0.8096171177884616 0.8674321899038462 0.8352701442307692 0.6233599423076923 0.5226173245192307 0.5904988052884615 0.49696429807692305 0.8345710528846154 0.8096171177884616 0.8674321899038462
1 0.5915624879807692 0.7290199254807692 0.6083451129807692 0.5693439110576923 0.4500762764423077 0.5527091850961539 0.4332936514423077 0.7123852019230769 0.5915624879807692 0.7290199254807692
1 0.5426467355769231 0.6413432019230769 0.5557999014423077 0.5161991971153846 0.41042876923076926 0.5009200769230769 0.39727560576923077 0.6260640793269231 0.5426467355769231 0.6413432019230769
1 0.5010186322115385 0.5777546442307693 0.5074064831730769 0.5169783076923077 0.39109403846153845 0.5047533774038462 0.3847061875 0.5655297139423077 0.5010186322115385 0.5777546442307693
1 0.4722188485576923 0.5655105072115385 0.47957939423076923 0.4954795913461538 0.3755430817307692 0.4845449350961539 0.36818253605769236 0.5545758509615385 0.4722188485576923 0.5655105072115385
1 0.39093218269230773 0.5272206466346154 0.39562144471153843 0.4826052908653846 0.3632994831730769 0.4792081153846154 0.3586102211538461 0.5238234711538461 0.39093218269230773 0.5272206466346154
1 0.362734625 0.5017726826923077 0.3660882475961538 0.4698651057692308 0.35000496153846156 0.46817468509615384 0.34665134134615383 0.5000822620192308 0.362734625 0.5017726826923077
1 0.11512295432692307 0.1497953798076923 0.10838667548076922 0.21388679326923077 0.17621617548076923 0.2210159591346154 0.1829524543269231 0.15692454807692308 0.11512295432692307 0.1497953798076923
1 0.19541539663461538 0.24537850721153848 0.1997417139423077 0.20421635096153848 0.1313683341346154 0.19703001923076924 0.1270420168269231 0.23819217548076924 0.19541539663461538 0.24537850721153848
1 0.15048500721153846 0.24833709855769232 0.14705879567307692 0.2809353173076923 0.20898332211538462 0.2874438485576923 0.21240953365384613 0.2548456298076923 0.15048500721153846 0.24833709855769232
1 0.20358940384615384 0.34399537980769235 0.20732049038461536 0.3084964735576923 0.14648372115384614 0.3021022716346154 0.14275263461538462 0.3376011778846154 0.20358940384615384 0.34399537980769235
1 0.21093024038461536 0.4752037019230769 0.21274496875 0.4579376971153846 0.19596241346153848 0.45617377884615384 0.19414768269230767 0.47343978365384615 0.21093024038461536 0.4752037019230769
1 0.19712384134615385 0.4451235360576923 0.19548332451923076 0.4607320048076923 0.21288745673076923 0.46256125240384616 0.21452797355769232 0.44695278365384616 0.19712384134615385 0.4451235360576923
1 0.21377304567307692 0.45413543990384614 0.2151086875 0.44142766346153844 0.19770455288461536 0.43959841346153844 0.19636891346153848 0.4523061923076923 0.21377304567307692 0.45413543990384614
1 0.19632160576923077 0.42883936057692307 0.19492789182692308 0.4420996514423077 0.21575069471153846 0.4442882163461539 0.21714440865384615 0.43102792548076924 0.19632160576923077 0.42883936057692307
1 0.21634861778846154 0.4326201322115385 0.21791654326923077 0.4177023028846154 0.19771531730769232 0.4155790697115384 0.19614739182692306 0.43049689903846156 0.21634861778846154 0.4326201322115385
1 0.4195931971153846 0.0063911586538461535 0.41112929567307693 0.08691980528846154 0.57980953125 0.10464881490384616 0.5882734326923077 0.024120165865384617 0.4195931971153846 0.0063911586538461535
1 0.5579586201923077 0.18698247115384614 0.5662483076923077 0.10811136057692307 0.38723436538461536 0.08929623798076923 0.3789446778846154 0.1681673485576923 0.5579586201923077 0.18698247115384614
1 0.44218571875 0.25707041346153847 0.4482977307692308 0.19891850721153848 0.35855766826923074 0.18948644471153847 0.35244565624999996 0.24763835336538462 0.44218571875 0.25707041346153847
1 0.20674658173076924 0.11738957932692308 0.20192665865384615 0.1632480889423077 0.2431060793269231 0.16757622115384616 0.24792600240384616 0.12171771153846155 0.20674658173076924 0.11738957932692308
1 0.14343161538461538 0.01199958173076923 0.1379148341346154 0.06448823557692308 0.2264894423076923 0.07379780288461538 0.23200622115384617 0.02130914903846154 0.14343161538461538 0.01199958173076923
1 0.12686076201923077 0 0.1245313389423077 0.022162975961538465 0.23299638221153846 0.03356311057692308 0.23652400721153846 0 0.12686076201923077 0
1 0.05466840865384615 0 0.04745129807692308 0.06866622115384616 0.08785375 0.07291268990384615 0.0955171826923077 0 0.05466840865384615 0