1 0.9413081826923076 0.9508928245192307 0.9810003509615384 0.6276260576923077 0.661447014423077 0.5883898413461538 0.6217548461538461 0.9116566081730769 0.9413081826923076 0.9508928245192307
1 0.939292875 1 0.97182021875 0.7350860504807692 0.8849724302884615 0.724422483173077 0.8511357644230769 1 0.939292875 1
1 0.6872731995192307 0.7870457908653846 0.7103268173076922 0.5992891442307692 0.5284892596153846 0.576962298076923 0.505435641826923 0.7647189471153847 0.6872731995192307 0.7870457908653846
1 0.5214973966346154 0.6569844567307693 0.5329903509615385 0.5633818413461539 0.46180618269230767 0.5546415240384616 0.45031322596153844 0.6482441394230769 0.5214973966346154 0.6569844567307693
1 0.41676228365384616 0.5253224014423077 0.4066234326923077 0.6078967259615384 0.4716041875 0.6158753605769232 0.4817430408653846 0.5333010360576923 0.41676228365384616 0.5253224014423077
1 0.4726187548076923 0.5755596105769231 0.48191129086538464 0.49987796634615383 0.39452070432692304 0.48914775 0.3852281682692308 0.5648293942307693 0.4726187548076923 0.5755596105769231
1 0.3705808533653846 0.4918055841346154 0.36535062740384616 0.5344023533653846 0.3917151346153846 0.5376395096153846 0.39694536057692303 0.49504273798076925 0.3705808533653846 0.4918055841346154
1 0.3763039639423077 0.5093001225961539 0.3801970120192308 0.4775937860576923 0.3624397403846154 0.47541346875 0.3585466923076923 0.5071198028846153 0.3763039639423077 0.5093001225961539
1 0.3662234158653846 0.5080623870192308 0.3697779399038461 0.479113125 0.35202066826923073 0.4769328052884615 0.3484661466346154 0.5058820673076924 0.3662234158653846 0.5080623870192308
1 0.3359059711538462 0.4735548509615385 0.33353628846153843 0.49285435817307693 0.35137110336538463 0.4950441995192308 0.3537407836538462 0.47574468990384616 0.3359059711538462 0.4735548509615385
1 0.34082515865384616 0.44631239663461536 0.3366105096153846 0.48063795192307696 0.34824190865384613 0.48206611057692306 0.35245655769230766 0.4477405552884616 0.34082515865384616 0.44631239663461536
1 0.6408209663461538 0.30571357692307694 0.650942891826923 0.22327710576923077 0.44436922596153844 0.1979130480769231 0.4342472980769231 0.28034951923076923 0.6408209663461538 0.30571357692307694
1 0 0.6776114399038462 0.004438108173076923 0.6781563701923077 0.016540411057692307 0.5795910216346154 0 0.5775601153846154 0 0.6776114399038462
1 0 0.6263963581730769 0.05126549038461538 0.63269096875 0.061539752403846154 0.5490138125 0.002839951923076923 0.5418063846153847 0 0.5649359375 0 0.6263963581730769
1 0.08340186538461537 0.5889200336538462 0.09084943509615385 0.5282644350961538 0.04897639423076923 0.5231230721153847 0.041528824519230775 0.5837786706730769 0.08340186538461537 0.5889200336538462
1 0.1085175889423077 0.5606591057692307 0.11471261298076924 0.5102046778846154 0.08051629807692308 0.5060058966346154 0.07432127163461538 0.5564603245192308 0.1085175889423077 0.5606591057692307
1 0.13192144230769232 0.53736546875 0.137219375 0.49421728125000003 0.11449937259615385 0.4914276153846154 0.1092014423076923 0.5345758028846154 0.13192144230769232 0.53736546875
1 0.14649874278846153 0.5269812596153846 0.15154277884615383 0.48590087499999995 0.12913294711538462 0.4831492932692308 0.1240889110576923 0.5242296778846154 0.14649874278846153 0.5269812596153846
1 0.1591674206730769 0.5103456274038461 0.16339899519230772 0.47588222115384615 0.1461845216346154 0.4737685480769231 0.14195294951923076 0.5082319567307693 0.1591674206730769 0.5103456274038461
1 0.17041906490384615 0.4956349855769231 0.17343194711538462 0.4710970384615385 0.15365856490384616 0.4686691730769231 0.15064568509615384 0.49320712019230767 0.17041906490384615 0.4956349855769231
1 0.18072442788461537 0.48542590625 0.18365267788461537 0.4615772283653846 0.16760134615384617 0.45960637259615383 0.16467309615384615 0.4834550504807692 0.18072442788461537 0.48542590625
1 0.21679132451923078 0.32053674278846156 0.22061666826923076 0.2893818197115384 0.17440123798076923 0.2837072788461538 0.17057589423076921 0.3148622019230769 0.21679132451923078 0.32053674278846156
1 0.21400340625 0.30606130288461536 0.218488875 0.26953009134615386 0.15288777884615384 0.2614752908653846 0.14840231009615384 0.29800650240384613 0.21400340625 0.30606130288461536
1 0.12582046634615385 0.2953737331730769 0.13120302884615384 0.25153627884615387 0.0769231610576923 0.24487154807692307 0.0715405985576923 0.28870900240384617 0.12582046634615385 0.2953737331730769
1 0.16152076682692307 0.2309106730769231 0.1705424831730769 0.1574346875 0.06741073557692308 0.14477170192307692 0.05838901923076923 0.2182476875 0.16152076682692307 0.2309106730769231
1 0.13852473798076922 0.17267407451923075 0.15270897596153846 0.057152733173076925 0.06632644471153847 0.046546293269230765 0.05214220673076923 0.16206763461538462 0.13852473798076922 0.17267407451923075
1 0.060707122596153844 0 0.047865064903846156 0.10459017788461539 0.11199285096153845 0.11246407932692308 0.1258017043269231 0 0.060707122596153844 0
1 0.06259620673076924 0 0.061066709134615385 0.012456747596153846 0.09084309374999999 0.016112829326923078 0.09282149999999999 0 0.06259620673076924 0
1 0.6033533990384615 0.13263510817307694 0.6147109447115384 0.04013531971153846 0.4289962548076923 0.01733242307692308 0.4176387091346154 0.10983221153846154 0.6033533990384615 0.13263510817307694
1 0.4704498918269231 0.20923140144230767 0.47664491586538466 0.1587769735576923 0.3753741923076923 0.1463424903846154 0.3691791658653846 0.1967969206730769 0.4704498918269231 0.20923140144230767
1 0.42264078365384616 0.2626923173076923 0.42783715624999996 0.22037125240384617 0.34145462499999996 0.20976481009615386 0.33625825 0.252085875 0.42264078365384616 0.2626923173076923