1 0.7940763750000001 0.28755882932692306 0.7884890264423077 0.18094587980769233 0.6110242379807692 0.19024641346153848 0.6166115865384616 0.2968593653846154 0.7940763750000001 0.28755882932692306
1 0.7124528365384616 0.30843335817307693 0.7089007740384615 0.240656 0.5905735769230769 0.24685726682692308 0.5941256370192307 0.3146346225961538 0.7124528365384616 0.30843335817307693
1 0.7173920528846154 0.3290364278846154 0.7140532115384615 0.2653275600961539 0.5754933629807693 0.2725891754807692 0.5788322043269231 0.3362980432692308 0.7173920528846154 0.3290364278846154
1 0.6329385504807692 0.35562244711538465 0.6303265985576924 0.30578343509615385 0.567288108173077 0.3090871442307692 0.5699000600961539 0.35892615624999996 0.6329385504807692 0.35562244711538465
1 0.9217996754807692 0.3113699038461538 0.9178114807692308 0.2352706346153846 0.7535577283653846 0.24387880769230771 0.757545923076923 0.31997807932692307 0.9217996754807692 0.3113699038461538
1 0.6838214591346153 0.7304175288461539 0.6793971322115385 0.6459963485576924 0.6272291418269231 0.6487303557692308 0.6316534687500001 0.7331515360576923 0.6838214591346153 0.7304175288461539
1 0.686632079326923 0.7691197692307692 0.6824258197115385 0.6888595456730768 0.6504904783653847 0.6905332043269231 0.6546967403846153 0.7707934302884615 0.686632079326923 0.7691197692307692
1 0.7380926370192308 0.8275250913461538 0.7322193798076922 0.7154566682692308 0.6745901322115385 0.718476889423077 0.6804633894230769 0.8305453125 0.7380926370192308 0.8275250913461538
1 0.8086907211538462 0.92368428125 0.8011504663461538 0.7798076538461539 0.7342110817307692 0.7833157980769231 0.7417513365384616 0.9271924254807692 0.8086907211538462 0.92368428125
1 0.8990197139423077 0.9773637259615384 0.8927539375 0.857805576923077 0.8008488125 0.8626221201923077 0.8071145889423076 0.9821802692307693 0.8990197139423077 0.9773637259615384
1 0.3275761730769231 0.8562714831730769 0.32192098317307694 0.748364014423077 0.16307647355769234 0.756688701923077 0.16873166346153848 0.8645961706730769 0.3275761730769231 0.8562714831730769
1 0.34674268028846156 0.7900850865384614 0.3430452427884615 0.7195337596153847 0.28697635336538463 0.7224722067307692 0.29067379326923076 0.79302353125 0.34674268028846156 0.7900850865384614
1 0.366650625 0.7529738076923077 0.36323909615384614 0.6878779567307693 0.33130375721153843 0.6895516177884615 0.3347152860576923 0.7546474687500001 0.366650625 0.7529738076923077
1 0.3322471201923077 0.39307741826923076 0.32825892788461536 0.31697814903846155 0.16286091105769232 0.32564629086538466 0.1668491033653846 0.4017455600961538 0.3322471201923077 0.39307741826923076
1 0.07493092067307693 0.2620128365384615 0.0797671514423077 0.35429360336538457 0.29124776201923075 0.3432103725961539 0.28641153125 0.2509296081730769 0.07493092067307693 0.2620128365384615
1 0.002094105769230769 0.21270168509615386 0.007167786057692308 0.3095132716346154 0.24912739903846154 0.2968327043269231 0.24405371875 0.20002111778846154 0.002094105769230769 0.21270168509615386
1 0 0.2960736899038462 0.20887627163461536 0.2851269471153846 0.20107918509615383 0.13634964182692308 0 0.1468877548076923 0 0.2960736899038462
1 0 0.18100859134615385 0.12853739903846154 0.17427223076923076 0.12088084134615386 0.02817642548076923 0 0.034511521634615384 0 0.18100859134615385
1 0.2922858413461538 0.1102441778846154 0.29409821634615385 0.1448263485576923 0.36223387740384616 0.14125551201923076 0.3604215024038462 0.1066733389423077 0.2922858413461538 0.1102441778846154
1 0.24654662980769232 0.08139474519230769 0.24817970432692307 0.11255568269230769 0.3539200072115385 0.10701406971153847 0.3522869326923077 0.07585312980769231 0.24654662980769232 0.08139474519230769
1 0.23122826923076925 0.04983838461538462 0.2334670841346154 0.0925575360576923 0.3457088846153846 0.0866751923076923 0.34347006971153843 0.04395604086538462 0.23122826923076925 0.04983838461538462
1 0.23863913461538463 0.017090834134615384 0.24087310576923077 0.059717521634615384 0.33231012259615383 0.05492550961538461 0.3300761514423077 0.012298824519230768 0.23863913461538463 0.017090834134615384
1 0.5644330937500001 0.12722807211538462 0.5624365745192308 0.08913220673076923 0.49367677163461543 0.0927357548076923 0.4956732908653846 0.13083162019230768 0.5644330937500001 0.12722807211538462
1 0.5560606033653847 0.27796542788461537 0.5543112259615385 0.24458531249999999 0.5050038918269231 0.24716939903846152 0.5067532692307692 0.2805495168269231 0.5560606033653847 0.27796542788461537
2 0.3159841346153846 0.3474771754807692 0.33708812499999996 0.7501652884615384 0.4569756802884615 0.7438822475961538 0.4358716923076923 0.3411941346153846 0.3159841346153846 0.3474771754807692
2 0.5194184350961538 0.37891036298076924 0.5306512836538462 0.5932458461538461 0.5841715841346153 0.5904409663461538 0.5729387379807692 0.3761054831730769 0.5194184350961538 0.37891036298076924
1 0.18010931009615383 0.4696631730769231 0.17881544951923076 0.44497483173076924 0.14729620432692309 0.4466266850961539 0.14859006490384616 0.47131502644230766 0.18010931009615383 0.4696631730769231
1 0.2711002043269231 0.4822331201923077 0.27019401682692307 0.4649420336538462 0.2589594350961538 0.4655308125 0.25986562259615387 0.48282189903846157 0.2711002043269231 0.4822331201923077