1 0.8115446081730769 0.44764788221153845 0.8026111442307692 0.3455379254807692 0.5207191754807693 0.37020027884615386 0.5296526394230769 0.4723102331730769 0.8115446081730769 0.44764788221153845
1 0.6331595288461538 0.6622060697115385 0.6228945168269231 0.5448764711538462 0.5389962451923077 0.5522166201923077 0.5492612548076923 0.66954621875 0.6331595288461538 0.6622060697115385
1 0.8129198293269231 0.7313855096153846 0.7973407403846154 0.5533157091346154 0.6233958076923076 0.5685339182692307 0.6389748966346154 0.7466037211538462 0.8129198293269231 0.7313855096153846
1 1 0.6273232980769231 0.7819574951923076 0.646399545673077 0.79768184375 0.8261296730769231 1 0.8084291298076922 1 0.6273232980769231
1 0.7742161899038462 0.18950228125 0.7705968076923077 0.14813252884615385 0.7286476706730769 0.15180260096153847 0.7322670552884615 0.19317235576923078 0.7742161899038462 0.18950228125
1 0.6678045240384616 0 0.6190438076923077 0.004266009615384615 0.6272993942307692 0.09862778365384615 0.7735376634615385 0.08583359375 0.7660281971153846 0 0.6678045240384616 0
1 0.6799933173076924 0.14964601201923078 0.67374715625 0.07825206009615385 0.5443196730769231 0.08957549759615385 0.5505658341346154 0.16096944951923076 0.6799933173076924 0.14964601201923078
1 0.6609011057692308 0.16985914903846153 0.6560712259615384 0.11465335817307692 0.5085098846153846 0.12756330048076922 0.5133397668269231 0.18276909375 0.6609011057692308 0.16985914903846153
1 0.4829502427884615 0 0.4054034663461538 0.006784463942307693 0.41103227403846154 0.07112203846153846 0.5928378052884615 0.055216115384615384 0.5880070216346154 0 0.4829502427884615 0
1 0.5112371322115384 0.1434973533653846 0.5051967548076923 0.0744555264423077 0.3602815576923077 0.08713396394230769 0.36632193509615385 0.1561757908653846 0.5112371322115384 0.1434973533653846
1 0.3529393389423077 0.12960214903846154 0.35272818990384613 0.13576835576923077 0.3489034639423077 0.13302910817307692 0.3490090408653846 0.12994600721153846 0.34507874038461533 0.13028986298076922 0.35061070913461534 0.19352055288461537 0.3291250649038462 0.19623682211538462 0.3332044375 0.24286426682692308 0.42947731490384616 0.23444148076923074 0.42528639903846155 0.1869872764423077 0.5156832836538462 0.17907857451923076 0.5101513149038461 0.11584788461538462 0.3529393389423077 0.12960214903846154
1 0.42276312740384614 0.25719658653846156 0.41978530769230765 0.2231599326923077 0.3179088341346154 0.23207296875 0.32088665624999996 0.26610962259615384 0.42276312740384614 0.25719658653846156
1 0.35634419711538456 0.3307653293269231 0.3539474158653846 0.3033699735576923 0.3037485408653846 0.30776180769230765 0.30614532451923077 0.3351571610576923 0.35634419711538456 0.3307653293269231
1 0.28955364423076924 0.38484786538461535 0.28747158894230773 0.3610498798076923 0.26124365144230766 0.3633445264423077 0.2633257043269231 0.3871425120192308 0.28955364423076924 0.38484786538461535
1 0.26368543509615383 0.38766871634615385 0.262136 0.3699585889423077 0.2315497091346154 0.37263454086538467 0.23309914423076925 0.39034467067307693 0.26368543509615383 0.38766871634615385
1 0.23609462259615382 0.39231331009615383 0.2345451875 0.3746031826923077 0.20676069471153846 0.37703401201923076 0.2083101298076923 0.3947441370192308 0.23609462259615382 0.39231331009615383
1 0.2273756298076923 0.2890692355769231 0.22490621634615385 0.26084372115384613 0.1940086153846154 0.26354690865384617 0.19647802884615384 0.29177242548076926 0.2273756298076923 0.2890692355769231
1 0.24704295913461538 0.1866877451923077 0.2442346081730769 0.15458813701923077 0.21551618269230768 0.15710067307692308 0.21832453365384616 0.18920028125000002 0.24704295913461538 0.1866877451923077
1 0.30521322596153844 0.1721179855769231 0.3026469735576923 0.14278558653846155 0.2607756658653846 0.14644885096153845 0.26334191826923076 0.17578125 0.30521322596153844 0.1721179855769231
1 0.20038250721153844 0.20373601201923078 0.19722311057692307 0.1676239543269231 0.16788206490384613 0.17019096153846155 0.17104145913461538 0.20630301923076924 0.20038250721153844 0.20373601201923078
1 0.2775721033653846 0.4979893269230769 0.27636160576923074 0.4841532908653846 0.25106760096153846 0.4863662283653846 0.25227809615384617 0.5002022668269231 0.2775721033653846 0.4979893269230769
1 0.27429322596153843 0.47485373076923076 0.2757458221153846 0.4914569759615385 0.30259638221153845 0.4891078557692307 0.3011437860576923 0.47250461057692306 0.27429322596153843 0.47485373076923076
1 0.3168130048076923 0.47949889663461537 0.3160867067307693 0.4711972764423077 0.3011437860576923 0.47250461057692306 0.3018700841346154 0.4808062331730769 0.3168130048076923 0.47949889663461537
1 0.4656049975961538 0.5335420264423077 0.4612835240384615 0.4841473725961538 0.3923281730769231 0.4901801850961538 0.3966496442307692 0.5395748365384615 0.4656049975961538 0.5335420264423077
1 0.37810293509615384 0.4970015096153846 0.3809233918269231 0.5292394759615384 0.39656675961538457 0.5278708581730769 0.3937463028846154 0.49563289182692305 0.37810293509615384 0.4970015096153846
1 0.3812002379807692 0.5180617019230769 0.3791060769230769 0.4941253557692308 0.3678988870192308 0.4951058581730769 0.3699930456730769 0.519042204326923 0.3812002379807692 0.5180617019230769
1 0.3564894014423077 0.4910849591346154 0.3583414615384616 0.5122540961538461 0.3686925480769231 0.5113484927884615 0.3668404879807692 0.4901793557692308 0.3564894014423077 0.4910849591346154
1 0.53710915625 0.5700879855769231 0.5317708677884615 0.5090710600961539 0.43791064903846155 0.5172827644230769 0.4432489375 0.5782996899038462 0.53710915625 0.5700879855769231
1 0 0.16563886057692306 0.05764192307692308 0.16059584615384617 0.04701376442307692 0.0391154375 0 0.04322860817307693 0 0.16563886057692306
1 0.0795836298076923 0.051044399038461544 0.08453456009615384 0.10763379326923077 0.1534899110576923 0.10160098076923077 0.14853898076923078 0.04501158894230769 0.0795836298076923 0.051044399038461544
1 0.15688779326923077 0.3080627091346154 0.15302630769230768 0.26392574999999996 0.061890060096153846 0.2718991394230769 0.06575154326923077 0.31603609855769227 0.15688779326923077 0.3080627091346154
1 0.11248652163461538 0.7462388173076923 0.10326253846153846 0.6408082115384615 0.014850259615384616 0.6485432836538462 0.02407424278846154 0.753973889423077 0.11248652163461538 0.7462388173076923
1 0.13484464182692307 0.6719240528846153 0.12947003846153846 0.6104920480769231 0.09436974038461539 0.6135629254807692 0.09974434375 0.6749949326923077 0.13484464182692307 0.6719240528846153
1 0.16021156009615384 0.6454457572115384 0.155188 0.5880262019230769 0.11853114903846153 0.5912332596153846 0.12355470913461539 0.6486528173076922 0.16021156009615384 0.6454457572115384
1 0.17782190865384614 0.5966418677884615 0.17442041346153847 0.5577626009615385 0.13978708173076923 0.5607926249999999 0.14318857692307693 0.599671891826923 0.17782190865384614 0.5966418677884615
1 0.18788781490384615 0.5790308846153847 0.1850189375 0.5462394735576923 0.16423893990384614 0.5480574879807693 0.16710781490384616 0.5808488990384615 0.18788781490384615 0.5790308846153847
1 0.1955236875 0.5686034711538461 0.19266691586538462 0.5359504254807692 0.17313216105769233 0.5376594927884615 0.17598893269230767 0.5703125408653846 0.1955236875 0.5686034711538461
1 0.2086282764423077 0.4019661153846154 0.20699410576923077 0.3832874639423077 0.18380144951923078 0.38531656009615384 0.18543561778846154 0.4039952091346154 0.2086282764423077 0.4019661153846154
1 0.04222031490384615 0.43520712740384615 0.03994458173076923 0.40919537740384615 0.01037005048076923 0.4117828125 0.012645783653846155 0.4377945625 0.04222031490384615 0.43520712740384615