1 0.9423907740384615 0 0.6554895624999999 0.03015453365384615 0.6711107620192307 0.17878030528846153 0.9636659519230769 0.1480315168269231 0.9481072115384616 0 0.9423907740384615 0
1 0.7108177355769231 0 0.7196583701923077 0.0841130264423077 0.9479322235576924 0.060120478365384616 0.9416133076923077 0 0.7108177355769231 0
1 0.8356220024038462 0.22228548798076925 0.8243174423076923 0.1147297860576923 0.6447855192307692 0.13359935096153847 0.6560900793269231 0.2411550528846154 0.8356220024038462 0.22228548798076925
1 0.8474362572115385 0.23603328125 0.8399644062499999 0.16494338221153845 0.6148502331730769 0.18860383653846155 0.6223220817307692 0.2596937331730769 0.8474362572115385 0.23603328125
1 0.7345210721153846 0.2713630048076923 0.7308722548076924 0.2366468221153846 0.6136533485576924 0.2489670264423077 0.6173021658653847 0.28368320913461537 0.7345210721153846 0.2713630048076923
1 0.7385699447115385 0.32782315144230767 0.7314368461538462 0.2599562403846154 0.5881635360576923 0.27501487259615387 0.5952966346153846 0.34288178365384614 0.7385699447115385 0.32782315144230767
1 0.9563509951923077 0.22542380528846154 0.9449109350961538 0.11657890865384615 0.8402271442307693 0.12758161778846155 0.8516672043269231 0.23642651442307694 0.9563509951923077 0.22542380528846154
1 0.8708864302884615 0.25535458173076925 0.863211329326923 0.1823308894230769 0.8035400168269231 0.18860259615384617 0.8112151153846153 0.26162629086538464 0.8708864302884615 0.25535458173076925
1 0.8145622740384616 0.27105026442307695 0.8093455312500001 0.2214162548076923 0.7759876081730769 0.22492231490384615 0.7812043509615385 0.2745563221153846 0.8145622740384616 0.27105026442307695
1 0.8048794615384616 0.2985091105769231 0.7996627187500001 0.24887510336538463 0.7462071658653847 0.25449350721153846 0.7514239110576924 0.30412751682692307 0.8048794615384616 0.2985091105769231
1 0.8233393004807692 0.3675130985576923 0.8192162331730769 0.32828473798076924 0.7960625192307693 0.3307182908653846 0.8001855865384615 0.3699466514423077 0.8233393004807692 0.3675130985576923
1 0.7990684399038461 0.3797467403846154 0.7953421947115384 0.3442938798076923 0.7775754735576924 0.3461612355769231 0.7813017187500001 0.3816140985576923 0.7990684399038461 0.3797467403846154
1 0.9821767307692307 0.3092017427884616 0.97704709375 0.26039650240384615 0.9118851923076924 0.26724529326923074 0.917014829326923 0.3160505360576923 0.9821767307692307 0.3092017427884616
1 0 0.1650590216346154 0.0627378389423077 0.15846500721153844 0.05168492067307692 0.053303526442307694 0 0.058735829326923075 0 0.1650590216346154
1 0 0.291492375 0.17528171634615383 0.2730695240384616 0.15316620192307692 0.06265447596153846 0 0.07875289182692308 0 0.291492375
1 0.23705077403846156 0.3027011514423077 0.22036493509615385 0.14394598798076924 0.007164302884615384 0.16635427644230769 0.02385014423076923 0.32510943990384616 0.23705077403846156 0.3027011514423077
1 0.28628830048076925 0.34165671875000003 0.2758548125 0.24238869951923075 0.08383956971153846 0.2625703149038462 0.0942730576923077 0.36183833413461536 0.28628830048076925 0.34165671875000003
1 0.3268751826923077 0.3376701754807692 0.3196356177884615 0.2687903245192308 0.18086873557692307 0.2833753125 0.1881083004807692 0.35225516346153846 0.3268751826923077 0.3376701754807692
1 0.3458047692307692 0.36081830288461536 0.34029766826923075 0.3084217331730769 0.18599137980769231 0.3246399759615385 0.1914984807692308 0.3770365480769231 0.3458047692307692 0.36081830288461536
1 0.3687446634615385 0.36781058653846155 0.3651248822115385 0.3333706610576923 0.23050183894230772 0.34752011298076924 0.2341216201923077 0.3819600384615385 0.3687446634615385 0.36781058653846155
1 0.21666034134615383 0.03047085576923077 0.22387087019230767 0.09907444711538461 0.3450264302884615 0.08634048557692307 0.3378159014423077 0.017736891826923076 0.21666034134615383 0.03047085576923077
1 0.5431423870192308 0.5372686274038462 0.541651889423077 0.5230874831730769 0.5223830264423077 0.5251127211538461 0.5238735240384615 0.5392938677884616 0.5431423870192308 0.5372686274038462
1 0.5418203677884615 0.5226973653846154 0.5429043653846154 0.5330109254807692 0.5591171466346154 0.531306891826923 0.5580331466346153 0.5209933317307692 0.5418203677884615 0.5226973653846154
1 0.5232537427884615 0.5433624206730769 0.5215116033653846 0.5267870576923077 0.5043146634615385 0.5285945288461538 0.5060568028846154 0.5451698918269231 0.5232537427884615 0.5433624206730769
1 0.5074911947115385 0.5443674134615384 0.5058168028846154 0.5284366466346154 0.4878428942307692 0.53032578125 0.48951728365384617 0.5462565456730769 0.5074911947115385 0.5443674134615384
1 0 0.4902664639423077 0.04018881009615384 0.48604245192307693 0.03555278125 0.4419335649038461 0 0.4456703125 0 0.4902664639423077
1 0.0829126778846154 0.4899312283653846 0.0775507548076923 0.43891593990384614 0.026374314903846154 0.44429480048076925 0.03173623798076923 0.4953100889423077 0.0829126778846154 0.4899312283653846
1 0.16831811057692309 0.4893339903846154 0.1635369014423077 0.4438438221153846 0.12318624759615385 0.4480848461538462 0.12796745673076923 0.4935750144230769 0.16831811057692309 0.4893339903846154
1 0.1963816995192308 0.4807982307692308 0.19392334615384615 0.4574085504807692 0.16605601201923076 0.46033752644230774 0.16851436778846154 0.4837272067307692 0.1963816995192308 0.4807982307692308
1 0.15428050480769231 0.5276780408653846 0.1511446514423077 0.4978423822115384 0.11498963701923078 0.5016424278846153 0.11812549038461538 0.5314780841346154 0.15428050480769231 0.5276780408653846
1 0.2713240216346154 1 0.26421739903846153 0.9323850144230769 0.19517064423076924 0.9396421201923076 0.20151451442307694 1 0.2713240216346154 1
1 0.33366512259615383 0.9892334663461538 0.31888595913461537 0.8486191225961538 0.24989100240384615 0.8558707860576923 0.2646701658653846 0.9964851298076923 0.33366512259615383 0.9892334663461538
1 0.37222234134615384 0.8862128581730769 0.3603467475961538 0.7732241201923077 0.3091703052884615 0.7786029807692307 0.32104590144230766 0.89159171875 0.37222234134615384 0.8862128581730769
1 0.39289456009615387 0.8168200288461538 0.38414513942307693 0.7335748629807692 0.3415671730769231 0.7380499879807693 0.3503165913461539 0.8212951538461539 0.39289456009615387 0.8168200288461538
1 0.40908312500000005 0.7745258004807692 0.4020371322115385 0.7074876586538461 0.37085472596153846 0.7107650600961539 0.37790071875 0.7778032043269231 0.40908312500000005 0.7745258004807692
1 0.4254876682692308 0.7437535961538462 0.41935146153846153 0.6853714783653846 0.3886352379807692 0.6885998822115386 0.3947714471153846 0.7469820024038462 0.4254876682692308 0.7437535961538462
1 0.43207263461538464 0.70675146875 0.4275624254807692 0.6638396899038461 0.41533809134615385 0.6651245192307692 0.4198483004807692 0.708036298076923 0.43207263461538464 0.70675146875
1 0.44308642307692303 0.6869733485576923 0.43866332211538467 0.6448903389423077 0.4228649278846154 0.6465508173076924 0.42728803125000003 0.688633826923077 0.44308642307692303 0.6869733485576923
1 0.44855836778846153 0.6662880576923077 0.4448708341346154 0.6312035336538462 0.43186953125 0.6325700264423078 0.4355570625 0.6676545504807693 0.44855836778846153 0.6662880576923077
1 0.45335639423076923 0.6471632403846154 0.45063671875 0.6212872572115384 0.44286701682692303 0.6221038846153846 0.4455866923076923 0.6479798701923076 0.45335639423076923 0.6471632403846154
1 0.45903284375 0.6339046682692308 0.4567583798076923 0.6122646081730769 0.4456218076923077 0.6134351081730769 0.44789626923076925 0.6350751682692307 0.45903284375 0.6339046682692308
1 0.9557451418269232 0.9541085745192308 0.9409369423076923 0.8132179735576923 0.8449552211538461 0.8233060600961538 0.8597634182692308 0.9641966610576923 0.9557451418269232 0.9541085745192308
1 0.7740920961538461 0.7504996153846153 0.7884841153846154 0.8874305480769231 0.8409555048076923 0.8819155817307693 0.8265634831730769 0.7449846514423076 0.7740920961538461 0.7504996153846153
1 0.7831897355769232 0.7747742235576923 0.774256423076923 0.6897794350961538 0.7225620048076924 0.6952127379807693 0.7314953173076923 0.7802075264423076 0.7831897355769232 0.7747742235576923
1 0.6990007067307692 0.6698514471153847 0.7059983076923076 0.7364291634615385 0.7318455168269231 0.7337125120192307 0.7248479182692308 0.6671347956730769 0.6990007067307692 0.6698514471153847
1 0.7125486826923078 0.7055754423076923 0.7048155120192308 0.6319992403846153 0.6711986009615385 0.6355325192307693 0.6789317692307691 0.7091087211538463 0.7125486826923078 0.7055754423076923
1 0.6542688894230769 0.6234396153846155 0.6600566682692308 0.6785066610576924 0.6749226971153846 0.6769441778846154 0.6691349182692308 0.6218771322115385 0.6542688894230769 0.6234396153846155
1 0.6639956370192308 0.6536997716346153 0.6585659639423077 0.6020398846153846 0.6372251802884615 0.6042828918269231 0.6426548533653846 0.6559427788461538 0.6639956370192308 0.6536997716346153
1 0.6338975600961538 0.60351540625 0.6372753798076923 0.6356531971153847 0.6482565576923077 0.6344990288461538 0.6448787403846155 0.6023612379807692 0.6338975600961538 0.60351540625
1 0.6381079086538463 0.625138201923077 0.6337622331730769 0.583791875 0.6169796754807693 0.5855557932692308 0.6213253509615384 0.6269021201923077 0.6381079086538463 0.625138201923077
1 0.6162053894230769 0.15615479326923076 0.6118790721153846 0.11499263701923076 0.535425201923077 0.12302826201923077 0.5397515192307692 0.1641904206730769 0.6162053894230769 0.15615479326923076
1 0.5408824254807693 0.05337254567307692 0.5471444567307693 0.1129517716346154 0.6163466057692308 0.10567833173076924 0.6100845769230769 0.04609910576923077 0.5408824254807693 0.05337254567307692