1 0.9444410793269231 0.8821613725961538 0.9717636586538462 0.6222043990384616 0.6278766346153847 0.5860604182692307 0.6005540552884615 0.8460173918269231 0.9444410793269231 0.8821613725961538
1 0.5155592692307692 0.5702054230769231 0.49866050240384613 0.7309864639423077 0.6013759663461539 0.7417822932692307 0.6182747355769231 0.5810012548076923 0.5155592692307692 0.5702054230769231
1 0.4609011706730769 0.5423953052884616 0.45150812740384616 0.6317641466346154 0.5107132596153846 0.637986858173077 0.5201063028846155 0.548618014423077 0.4609011706730769 0.5423953052884616
1 0.46268551201923075 0.5485879639423077 0.4700605769230769 0.4784189206730769 0.4267833341346154 0.47387029807692305 0.41940826923076924 0.54403934375 0.46268551201923075 0.5485879639423077
1 0.4634342355769231 0.5915404158653846 0.47067863701923074 0.5226145240384615 0.42351654567307695 0.5176575865384615 0.41627214182692307 0.5865834807692308 0.4634342355769231 0.5915404158653846
1 0.39943154807692305 0.5046521081730769 0.39411801682692305 0.5552069687500001 0.4206127019230769 0.5579916730769231 0.42592623317307693 0.5074368125000001 0.39943154807692305 0.5046521081730769
1 0.4150325024038462 0.5423225456730769 0.42094126442307694 0.48610443509615386 0.38286972355769233 0.4821029543269231 0.3769609615384616 0.5383210673076924 0.4150325024038462 0.5423225456730769
1 0.36538789423076923 0.48026554086538464 0.3615261466346154 0.5170076009615385 0.37962955288461536 0.51891034375 0.3834913004807692 0.4821682860576923 0.36538789423076923 0.48026554086538464
1 0.35746979086538466 0.47189200240384616 0.35398550721153843 0.5050427331730769 0.36338684855769227 0.5060308533653847 0.3668711298076923 0.47288012259615386 0.35746979086538466 0.47189200240384616
1 0.35061712980769233 0.46907694951923073 0.3474667572115384 0.49905073317307697 0.3579558557692308 0.5001531826923077 0.36110622596153846 0.4701793966346154 0.35061712980769233 0.46907694951923073
1 0.35108115144230767 0.4900738100961538 0.35338948798076925 0.4681114495192308 0.3410356610576923 0.4668130096153846 0.3387273245192307 0.4887753701923077 0.35108115144230767 0.4900738100961538
1 0.3486222884615385 0.44470715384615384 0.34596552403846154 0.4699845841346154 0.3519481947115385 0.47061338942307696 0.35460495913461537 0.4453359591346154 0.3486222884615385 0.44470715384615384
1 0.36768305048076927 0.47561888461538465 0.3704124038461538 0.4496508100961538 0.3569708197115385 0.4482380432692308 0.3542414639423077 0.47420611778846156 0.36768305048076927 0.47561888461538465
1 0.4718423269230769 0.24845651923076922 0.47763494711538457 0.19334343028846154 0.36909220673076926 0.18193512740384615 0.36329958653846156 0.23704821634615386 0.4718423269230769 0.24845651923076922
1 0.4052829230769231 0.10068968509615385 0.3987353774038462 0.16298543028846155 0.5510992403846153 0.17899951682692306 0.5576467860576924 0.11670377163461539 0.4052829230769231 0.10068968509615385
1 0.44697375 0 0.43856253125 0.08002738221153846 0.6472567355769231 0.1019620264423077 0.6564174927884616 0.014803233173076923 0.5155741514423077 0 0.44697375 0
1 0.6520333461538462 0.12452938942307692 0.6550385384615385 0.09593688461538462 0.6227165769230769 0.09253970913461539 0.6197113846153847 0.12113221394230769 0.6520333461538462 0.12452938942307692
1 0.6186922043269232 0.06879452403846154 0.6151934038461538 0.10208338221153847 0.6468937884615384 0.10541522596153846 0.6503925889423077 0.07212637019230769 0.6186922043269232 0.06879452403846154
1 0.1715156346153846 0.2343476514423077 0.17900684134615386 0.16307358173076925 0.07302810336538462 0.15193476682692308 0.06553689663461539 0.2232088389423077 0.1715156346153846 0.2343476514423077
1 0.14080787980769233 0.1288934591346154 0.13537820673076922 0.18055334855769228 0.1760914471153846 0.18483248076923076 0.1815211201923077 0.13317259375 0.14080787980769233 0.1288934591346154
1 0.1790648798076923 0.24324103605769232 0.18353637500000003 0.2006975985576923 0.11026808173076923 0.19299679086538463 0.10579658653846155 0.23554022836538463 0.1790648798076923 0.24324103605769232
1 0.16845590144230768 0.17900241346153845 0.16552329807692306 0.20690427644230772 0.18082961057692307 0.20851303365384616 0.18376221394230768 0.18061117067307692 0.16845590144230768 0.17900241346153845
1 0.18753357932692308 0.2568396418269231 0.19129370192307693 0.22106447836538462 0.12361959374999999 0.21395164182692308 0.11985947355769232 0.24972680528846156 0.18753357932692308 0.2568396418269231
1 0.18255373798076924 0.19584608653846153 0.1792581875 0.2272011514423077 0.1897472860576923 0.22830360096153848 0.19304283413461537 0.19694853605769233 0.18255373798076924 0.19584608653846153
1 0 0.6819268269230769 0.03290690625 0.6853854831730769 0.04417275 0.5781981225961539 0 0.5735553774038462 0 0.6819268269230769
1 0.07831777403846153 0.5739662884615385 0.08535892548076923 0.5069741899038461 0.03959537980769231 0.5021642475961539 0.03255422596153846 0.5691563461538461 0.07831777403846153 0.5739662884615385
1 0.0766750985576923 0.6105226177884615 0.08169827163461538 0.5627303173076923 0.041839697115384614 0.5585410120192308 0.036816524038461536 0.6063333149038461 0.0766750985576923 0.6105226177884615
1 0.10900809615384616 0.5771919735576924 0.11423451923076923 0.5274658774038461 0.07491982692307692 0.5233337379807692 0.06969340384615384 0.5730598317307692 0.10900809615384616 0.5771919735576924
1 0.12995780528846154 0.5542561682692309 0.13458899759615386 0.5101933245192307 0.08773769230769231 0.5052690528846153 0.08310650240384615 0.5493318990384616 0.12995780528846154 0.5542561682692309
1 0.14363383653846154 0.5325110264423076 0.14785852884615386 0.49231576442307695 0.12959972836538464 0.4903966875 0.1253750360576923 0.5305919471153846 0.14363383653846154 0.5325110264423076
1 0.16730535817307693 0.5165646826923077 0.17068801442307693 0.48438085096153843 0.1361128389423077 0.4807468533653846 0.13273018269230769 0.5129306850961538 0.16730535817307693 0.5165646826923077
2 0.20987694951923078 0.34172349519230766 0.19515585817307693 0.4817853293269231 0.2493883798076923 0.4874853966346154 0.2641094735576923 0.3474235625 0.20987694951923078 0.34172349519230766
1 0.3898192451923077 0.3091038918269231 0.3926066706730769 0.28258331009615384 0.3242332908653846 0.27539697596153845 0.3214458653846154 0.30191756009615384 0.3898192451923077 0.3091038918269231
1 0.3466006923076923 0.11714587019230768 0.3509270096153846 0.07598371394230768 0.3143317115384615 0.07213739182692308 0.3100053942307692 0.11329954807692308 0.3466006923076923 0.11714587019230768