2 0.6647965817307693 0.40868482692307695 0.6455728076923077 0.77549625 0.9507269495192308 0.791488701923077 0.9699507211538462 0.42467727884615386 0.6647965817307693 0.40868482692307695
1 0.6683525120192308 0.6921297524038461 0.6708190865384616 0.6450647115384616 0.6410682451923078 0.6435055360576923 0.6386016706730769 0.6905705769230769 0.6683525120192308 0.6921297524038461
1 0.6290396009615384 0.6351794110576924 0.6273774495192307 0.6668951442307692 0.6392881875 0.6675193605769232 0.6409503389423077 0.635803625 0.6290396009615384 0.6351794110576924
1 0.6357756177884616 0.6519438100961538 0.637641298076923 0.616344516826923 0.6143919543269231 0.6151260697115385 0.6125262740384616 0.6507253629807692 0.6357756177884616 0.6519438100961538
1 0.6305502067307691 0.6372056899038461 0.6322123581730769 0.6054899567307692 0.6073506442307692 0.6041870096153846 0.6056884927884615 0.6359027427884616 0.6305502067307691 0.6372056899038461
1 0.41573625721153845 0.6817650048076923 0.41795084374999997 0.6395081802884615 0.3968860024038462 0.6384042187500001 0.3946714158653846 0.6806610432692307 0.41573625721153845 0.6817650048076923
1 0.3993928221153846 0.7348713245192309 0.4024118317307692 0.6772651947115385 0.29864798076923077 0.6718271634615385 0.2956289711538461 0.7294332908653847 0.3993928221153846 0.7348713245192309
1 0.31720786298076925 0.3176835408653846 0.3146831370192308 0.3658581682692308 0.42572866105769236 0.37167781730769234 0.42825338701923077 0.32350318990384613 0.31720786298076925 0.3176835408653846
1 0.41825643269230767 0.3201976802884615 0.41636167788461537 0.3563517692307692 0.4366983509615385 0.3574175697115385 0.4385931057692308 0.3212634807692308 0.41825643269230767 0.3201976802884615
1 0.4273605264423077 0.2519695360576923 0.4308835120192308 0.18474697596153847 0.31572904326923074 0.17871198557692305 0.31220606009615387 0.24593454807692308 0.4273605264423077 0.2519695360576923
1 0.6426052956730769 0.013092389423076924 0.6400030360576923 0.06274647115384616 0.8422775264423077 0.07334722836538463 0.8448797860576923 0.023693146634615383 0.6426052956730769 0.013092389423076924
1 0.81799178125 0.1137983125 0.821306391826923 0.05055177403846153 0.6334392115384616 0.040706072115384614 0.6301246009615386 0.10395261057692308 0.81799178125 0.1137983125
1 1 0.07465913701923077 0.9570672716346155 0.0724091298076923 0.9535442860576923 0.13963169230769232 1 0.14206633173076924 1 0.07465913701923077
1 1 0.049532108173076926 0.9919282283653845 0.049109084134615386 0.9894083485576922 0.09719124759615384 1 0.09774633173076924 1 0.049532108173076926
1 1 0.33288339663461536 0.9911623173076923 0.33242023317307695 0.9895486274038461 0.3632113100961538 1 0.36375904326923075 1 0.33288339663461536
1 0.9932114182692308 0.375920423076923 0.9951255576923077 0.33939647115384614 0.9540361153846154 0.33724306490384615 0.9521219759615385 0.37376701682692304 0.9932114182692308 0.375920423076923
1 1 0.39454197115384615 0.9776414134615384 0.3933702067307693 0.9762797091346154 0.4193530673076923 1 0.4205961947115385 1 0.39454197115384615
1 0.9598820889423076 0.3809422403846154 0.9611953341346153 0.3558840384615385 0.918493516826923 0.35364612980769233 0.9171802716346154 0.37870433413461535 0.9598820889423076 0.3809422403846154
1 0.22556428125 0.7965064591346154 0.23063796153846153 0.6996948749999999 0.07023309134615384 0.6912884110576923 0.06515941105769231 0.7880999975961539 0.22556428125 0.7965064591346154
1 0 0.781903545673077 0.0801281971153846 0.7861028870192308 0.08331681249999999 0.7252604591346153 0 0.7208940072115385 0 0.781903545673077