1 0.8948024326923077 0.35449480528846156 0.8911293581730769 0.33559848076923077 0.8510206850961539 0.34339481730769233 0.8546937596153845 0.3622911394230769 0.8948024326923077 0.35449480528846156
1 0.932390266826923 0.3521547139423077 0.9279778076923078 0.3294545841346154 0.8877924447115385 0.33726582692307694 0.8922049038461538 0.3599659567307692 0.932390266826923 0.3521547139423077
1 0.9255354879807692 0.3328581346153846 0.9290177524038461 0.35077282932692305 0.9674392548076922 0.3433044471153846 0.9639569903846154 0.32538975 0.9255354879807692 0.3328581346153846
1 0.7818079759615385 0.29317861298076925 0.7757497884615384 0.2620119495192308 0.730886360576923 0.27073251682692306 0.736944545673077 0.3018991802884615 0.7818079759615385 0.29317861298076925
1 0.7850051466346154 0.31904377884615387 0.7789469615384615 0.28787711538461536 0.7305558100961539 0.2972834038461538 0.7366139951923076 0.3284500649038461 0.7850051466346154 0.31904377884615387
1 0.7901863317307692 0.33955704807692305 0.7833887620192308 0.30458657932692307 0.7302428533653846 0.31491709855769234 0.7370404230769231 0.34988756730769227 0.7901863317307692 0.33955704807692305
1 0.7923883701923077 0.36357821634615384 0.7854238413461538 0.32774882451923076 0.7394100673076923 0.3366929951923077 0.7463745961538462 0.3725223894230769 0.7923883701923077 0.36357821634615384
1 0.7988204399038461 0.3839756778846154 0.7925714447115385 0.35182738942307695 0.7430299471153846 0.36145727884615386 0.7492789423076923 0.39360556971153843 0.7988204399038461 0.3839756778846154
1 0.7999370721153846 0.4052790168269231 0.7940696971153846 0.3750939807692308 0.74744240625 0.3841574086538462 0.75330978125 0.41434244471153847 0.7999370721153846 0.4052790168269231
1 0.8029316875 0.42723602884615386 0.7968735024038461 0.3960693677884616 0.757915173076923 0.4036420985576923 0.7639733605769231 0.4348087620192308 0.8029316875 0.42723602884615386
1 0.8124882548076923 0.4637076370192308 0.8056906850961538 0.42873716826923075 0.7625911153846154 0.437114875 0.7693886875 0.47208534375 0.8124882548076923 0.4637076370192308
1 0.7840364639423077 0.49585207932692305 0.7779544278846154 0.4645627115384615 0.7617729158653846 0.4677080793269231 0.7678549543269231 0.49899744471153845 0.7840364639423077 0.49585207932692305
1 0.7750029110576923 0.5173456586538461 0.7683961490384615 0.4833568173076923 0.7403277475961538 0.4888127620192308 0.7469345096153847 0.5228016033653846 0.7750029110576923 0.5173456586538461
1 0.730326451923077 0.45128154567307693 0.7379826634615385 0.49066933653846156 0.7745636129807691 0.4835587211538461 0.7669074014423077 0.4441709302884615 0.730326451923077 0.45128154567307693
1 0.764788372596154 0.4557887115384615 0.7587063341346153 0.42449934375 0.7331686899038462 0.4294633605769231 0.7392507259615384 0.4607527259615385 0.764788372596154 0.4557887115384615
1 0.7218757740384615 0.3893817379807692 0.7292696225961539 0.4274197908653846 0.7666941586538462 0.4201451971153846 0.7593003100961538 0.3821071442307692 0.7218757740384615 0.3893817379807692
1 0.7557036322115385 0.3955402259615385 0.7477612067307693 0.3546799951923077 0.7196928052884615 0.3601359399038462 0.7276352283653846 0.4009961706730769 0.7557036322115385 0.3955402259615385
1 0.7158791634615385 0.32700490625 0.7248710360576923 0.37326408653846155 0.7529394399038462 0.36780814182692306 0.7439475649038462 0.3215489615384615 0.7158791634615385 0.32700490625
1 0.6531240817307692 0.07662903125 0.6647634302884615 0.13650828846153845 0.6919882475961538 0.13121631971153846 0.6803488966346154 0.07133706249999999 0.6531240817307692 0.07662903125
1 0.7016504903846154 0.16741270673076925 0.6905358653846154 0.11023292307692308 0.6574059495192308 0.11667272836538461 0.6685205721153846 0.17385250961538462 0.7016504903846154 0.16741270673076925
1 0.6696554495192307 0.1481639951923077 0.6786473221153847 0.19442317788461538 0.70418496875 0.1894591610576923 0.69519309375 0.14319998076923077 0.6696554495192307 0.1481639951923077
1 0.7074247644230769 0.2425667139423077 0.696310141826923 0.18538693028846154 0.6775978725961539 0.18902422836538463 0.6887124975961538 0.2462040096153846 0.7074247644230769 0.2425667139423077
1 0.7160702067307692 0.2690282596153846 0.7071021850961539 0.22289178125 0.6799540576923077 0.22816884375 0.6889220817307693 0.2743053197115385 0.7160702067307692 0.2690282596153846
1 0.7221522451923076 0.300317625 0.7139713076923078 0.25823036057692306 0.6876667668269231 0.2633434447115385 0.6958477043269231 0.3054307115384615 0.7221522451923076 0.300317625
1 0.7277697740384615 0.3472327139423077 0.7182531754807692 0.2982740576923077 0.6927922211538462 0.3032231658653846 0.7023088197115384 0.35218182211538457 0.7277697740384615 0.3472327139423077
1 0.7324835000000001 0.3759865817307692 0.7234916274038461 0.32972739903846154 0.7039357740384615 0.3335286730769231 0.7129276466346154 0.3797878533653846 0.7324835000000001 0.3759865817307692
1 0.739352625 0.41132515865384617 0.7324835000000001 0.3759865817307692 0.7069458557692307 0.38095059615384613 0.7138149807692307 0.41628917548076927 0.739352625 0.41132515865384617
1 0.7431901177884614 0.44457889663461536 0.7357724182692308 0.4064181394230769 0.7136858052884616 0.41071134134615384 0.7211035048076924 0.44887209855769233 0.7431901177884614 0.44457889663461536
1 0.7554396177884615 0.4760701658653846 0.74697246875 0.4325104591346154 0.7104682067307693 0.4396061682692308 0.7189353557692308 0.483165875 0.7554396177884615 0.4760701658653846
1 0.7587046826923077 0.5063790192307692 0.7497366610576923 0.46024254326923075 0.7149195721153846 0.46701029807692307 0.72388759375 0.5131467764423077 0.7587046826923077 0.5063790192307692
1 0.7579286947115385 0.5433309975961539 0.7502486346153846 0.5038205024038461 0.7306927788461538 0.5076217764423077 0.7383728413461538 0.5471322692307692 0.7579286947115385 0.5433309975961539
1 0.7443983798076924 0.5826348245192308 0.7338323317307692 0.52827721875 0.6836773173076923 0.5380263677884616 0.6942433653846154 0.5923839711538462 0.7443983798076924 0.5826348245192308
1 0.6795774615384615 0.5034228918269231 0.6920038990384616 0.5673513629807693 0.7472971177884615 0.5566034495192308 0.7348706802884616 0.4926749807692307 0.6795774615384615 0.5034228918269231
1 0.7349308990384615 0.5110001754807693 0.723577764423077 0.45259335817307694 0.6759535072115385 0.4618505745192308 0.6873066442307691 0.5202573918269231 0.7349308990384615 0.5110001754807693
1 0.6727210889423076 0.4272058293269231 0.6843365865384615 0.4869623822115384 0.7319608437499999 0.4777051658653846 0.7203453461538462 0.4179486105769231 0.6727210889423076 0.4272058293269231
1 0.7263433125 0.4307900793269231 0.7165643533653847 0.3804816850961539 0.6664093389423077 0.3902308317307692 0.6761883004807692 0.4405392259615385 0.7263433125 0.4307900793269231
1 0.6593343509615385 0.34932932692307694 0.6701627620192308 0.4050366706730769 0.7194741899038462 0.3954515 0.7086457788461539 0.33974415625000004 0.6593343509615385 0.34932932692307694
1 0.7125085384615384 0.3501991971153846 0.7029919399038461 0.3012405408653846 0.6545240985576922 0.3106617355769231 0.6640406971153846 0.3596203894230769 0.7125085384615384 0.3501991971153846
1 0.7029919399038461 0.3012405408653846 0.6929506177884615 0.24958241105769233 0.643639189903846 0.25916758173076926 0.6536805120192307 0.3108257115384615 0.7029919399038461 0.3012405408653846
1 0.636072125 0.2112307091346154 0.6495480096153846 0.2805581298076923 0.6945648197115385 0.27180774759615384 0.6810889350961538 0.2024803269230769 0.636072125 0.2112307091346154
1 0.6955668028846154 0.21800301682692308 0.6852631153846154 0.16499514903846152 0.6308901730769231 0.1755641778846154 0.641193858173077 0.22857204567307693 0.6955668028846154 0.21800301682692308
1 0.6292483990384615 0.13067775240384616 0.6398144471153846 0.18503535817307692 0.6814569134615385 0.17694088221153845 0.6708908653846154 0.1225832764423077 0.6292483990384615 0.13067775240384616
1 0.6699743100961538 0.14530054567307693 0.6572855120192307 0.08002233653846155 0.613955875 0.08844476442307693 0.6266446730769231 0.15372297355769232 0.6699743100961538 0.14530054567307693
1 0.6112646514423077 0.03815939182692308 0.62502675 0.10895925240384616 0.6641384591346154 0.10135670432692308 0.650376360576923 0.03055684375 0.6112646514423077 0.03815939182692308
1 0.5319799399038462 0 0.5485729807692308 0.08536380288461538 0.6208912956730769 0.07130654807692308 0.6070307067307692 0 0.5319799399038462 0
1 0.6043247427884615 0 0.6085048894230769 0.021504990384615383 0.6544419735576923 0.012575725961538461 0.6519975 0 0.6043247427884615 0
1 0.6347990408653845 0.12934413942307693 0.6154796298076923 0.02995438701923077 0.5321180096153847 0.04615824278846154 0.5514374206730769 0.1455479951923077 0.6347990408653845 0.12934413942307693
1 0.5542194399038461 0.10540461538461539 0.5690309879807692 0.18160342548076924 0.6319931682692308 0.16936481730769232 0.6171816201923076 0.09316600721153846 0.5542194399038461 0.10540461538461539
1 0.6445326033653846 0.22486690865384615 0.6273359423076923 0.1363977596153846 0.5524868677884616 0.15094694471153847 0.5696835288461538 0.23941609615384613 0.6445326033653846 0.22486690865384615
1 0.6547760697115385 0.25954958173076925 0.6399645216346154 0.18335077163461538 0.5668793100961539 0.1975570985576923 0.5816908581730769 0.27375590865384614 0.6547760697115385 0.25954958173076925
1 0.6507186057692308 0.3111467692307693 0.6382921682692307 0.24721829807692305 0.5754066778846154 0.259442 0.5878331129807692 0.32337046875000003 0.6507186057692308 0.3111467692307693
1 0.6731388966346153 0.3675296875 0.6575402620192308 0.2872816658653846 0.5886729807692308 0.30066811057692305 0.6042716153846154 0.3809161322115384 0.6731388966346153 0.3675296875
1 0.6760924807692308 0.4191648004807692 0.6610185721153846 0.34161625240384613 0.6015074230769231 0.3531840480769231 0.6165813341346154 0.4307325961538462 0.6760924807692308 0.4191648004807692
1 0.6902225600961539 0.4644252163461538 0.6775337620192308 0.39914700721153845 0.6069793076923077 0.4128614038461539 0.6196681057692307 0.47813961298076924 0.6902225600961539 0.4644252163461538
1 0.6891314302884616 0.5267790288461538 0.6745822451923077 0.45192995432692307 0.6176018557692308 0.4630058197115385 0.6321510408653845 0.5378548942307693 0.6891314302884616 0.5267790288461538
1 0.6992292548076923 0.57422396875 0.6833682548076924 0.49262620913461536 0.6178753173076923 0.5053567475961539 0.6337363149038461 0.5869545072115385 0.6992292548076923 0.57422396875
1 0.7130529278846154 0.6138136634615384 0.6982652307692307 0.5377375552884616 0.6251800192307692 0.5519438822115385 0.6399677163461538 0.6280199879807692 0.7130529278846154 0.6138136634615384
1 0.7200952668269232 0.6590510600961538 0.7047589951923077 0.5801527740384615 0.6444042620192308 0.5918845456730769 0.6597405336538462 0.6707828317307692 0.7200952668269232 0.6590510600961538
1 0.6838517163461538 0.7493761802884615 0.6613839591346153 0.6337895793269231 0.5627611033653847 0.652959920673077 0.5852288605769231 0.7685465216346153 0.6838517163461538 0.7493761802884615
1 0.560421389423077 0.595475204326923 0.5863475600961539 0.728853798076923 0.6713196634615385 0.7123368942307693 0.6453934927884616 0.5789583004807692 0.560421389423077 0.595475204326923
1 0.6586799855769231 0.6243826923076923 0.6409824495192308 0.5333367716346153 0.5593079999999999 0.5492126754807692 0.5770055360576923 0.6402585961538462 0.6586799855769231 0.6243826923076923
1 0.5450248966346154 0.4982517235576923 0.562483920673077 0.5880706105769231 0.6492198846153846 0.5712108485576923 0.6317608605769232 0.48139195913461535 0.5450248966346154 0.4982517235576923
1 0.6382182572115384 0.5056046875 0.6212839591346154 0.4184852740384616 0.5353915817307692 0.4351810625 0.5523258798076923 0.5223004735576923 0.6382182572115384 0.5056046875
1 0.52638353125 0.37491767067307696 0.5427692524038462 0.4592149038461538 0.6252105985576922 0.44318993028846154 0.6088248774038462 0.35889269711538463 0.52638353125 0.37491767067307696
1 0.5112931490384616 0.31570922596153844 0.5263670600961539 0.3932577716346154 0.6131030240384615 0.3763980096153846 0.5980291129807692 0.29884946153846154 0.5112931490384616 0.31570922596153844
1 0.5937947139423077 0.31800944711538465 0.5779337163461539 0.2364116875 0.5073792620192308 0.2501260817307692 0.5232402596153846 0.33172384134615385 0.5937947139423077 0.31800944711538465
1 0.4903884639423077 0.16721985817307694 0.5112820504807692 0.2747080360576923 0.5818365024038461 0.2609936394230769 0.5609429182692307 0.15350546153846154 0.4903884639423077 0.16721985817307694
1 0.5684773365384616 0.20577822596153844 0.5486331995192308 0.10368899759615384 0.4874348798076923 0.11558474759615385 0.5072790168269231 0.2176739735576923 0.5684773365384616 0.20577822596153844
1 0.4736401346153846 0.049120778846153845 0.49427135576923076 0.15525921874999998 0.5529389182692308 0.14385539903846153 0.5323076947115385 0.03771695913461538 0.4736401346153846 0.049120778846153845
1 0.48657606730769226 0 0.4742667572115385 0.0023926875 0.49039011538461535 0.0853401826923077 0.5370940961538462 0.0762618485576923 0.5222702956730769 0 0.48657606730769226 0
1 0.30364444711538463 0.03275683413461538 0.32241528124999996 0.12932440625 0.48484390384615383 0.09775148076923078 0.46607306971153845 0.00118390625 0.30364444711538463 0.03275683413461538
1 0.5088057235576924 0.16656871634615383 0.4786579014423077 0.011471622596153846 0.30265521394230765 0.04568307932692307 0.33280303605769235 0.20078017307692309 0.5088057235576924 0.16656871634615383
1 0.33340208894230766 0.13139099519230768 0.35746787259615387 0.2551987235576923 0.5096967764423077 0.22560842067307693 0.4856309903846154 0.10180069230769231 0.33340208894230766 0.13139099519230768
1 0.5351271514423077 0.32941326442307695 0.5041922427884615 0.17026695673076922 0.33079700240384613 0.20397157692307694 0.3617319110576923 0.36311788461538463 0.5351271514423077 0.32941326442307695
1 0.5397880985576923 0.3849187043269231 0.5220905649038461 0.29387278365384617 0.3537568389423077 0.3265935456730769 0.371454375 0.4176394663461539 0.5397880985576923 0.3849187043269231
1 0.5528960048076923 0.47978556971153846 0.5338628052884615 0.38186825961538456 0.37572880288461535 0.4126063966346154 0.394762 0.5105237067307692 0.5528960048076923 0.47978556971153846
1 0.5721589158653846 0.5833885120192307 0.5459703822115385 0.44866018028846155 0.3920543052884616 0.47857843509615383 0.41824284134615386 0.6133067668269231 0.5721589158653846 0.5833885120192307
1 0.5817357331730769 0.6506723629807692 0.5566204975961538 0.5214656850961539 0.4052351826923077 0.5508920096153846 0.4303504158653846 0.6800986875 0.5817357331730769 0.6506723629807692
1 0.6072152259615384 0.7318012115384616 0.5802634567307693 0.5931463725961538 0.42297303846153844 0.6237205312499999 0.4499248076923077 0.7623753725961537 0.6072152259615384 0.7318012115384616
1 0.6045210552884616 0.8395448365384616 0.5693406466346154 0.6585573245192309 0.4316060817307692 0.6853302115384616 0.4667864903846154 0.8663177235576923 0.6045210552884616 0.8395448365384616
1 0.6296652163461538 0.9418772403846154 0.5881642620192308 0.728373326923077 0.4410735625 0.7569648629807693 0.4825745192307692 0.9704687740384615 0.6296652163461538 0.9418772403846154
1 0.4719994230769231 1 0.4566210144230769 0.9208849423076924 0.3630596730769231 0.9390714254807692 0.3749029879807692 1 0.4719994230769231 1
1 0.47462580048076924 1 0.4409056610576923 0.8265249134615384 0.17985418269230768 0.8772681802884615 0.20371083173076923 1 0.47462580048076924 1
1 0.47375034374999997 1 0.42076651682692306 0.7274218413461538 0.05173604567307692 0.7991540985576923 0.0907765360576923 1 0.47375034374999997 1
1 0.03682425240384615 0.6905031802884616 0.0955218701923077 0.9924762403846153 0.4636320625 0.9209228677884614 0.4049344471153846 0.6189498052884616 0.03682425240384615 0.6905031802884616
1 0.4311556274038461 0.7493422451923077 0.3875319206730769 0.5249177307692308 0.02026531490384615 0.5963071274038462 0.06388901923076923 0.8207316418269232 0.4311556274038461 0.7493422451923077
1 0 0.5100665192307692 0.035137079326923074 0.6908311322115386 0.4151341658653846 0.6169671802884615 0.37468265865384615 0.40886221875 0 0.48169314903846155 0 0.5100665192307692
1 0 0.49901162259615384 0.010804504807692307 0.5545959831730769 0.3832093173076923 0.4822078197115385 0.34259085336538464 0.2732439326923077 0 0.3398368485576923 0 0.49901162259615384
1 0 0.39064534375000004 0.3673686875 0.3192361057692308 0.32582002884615385 0.10548678605769231 0 0.16881978605769232 0 0.39064534375000004
1 0 0.2822793557692308 0.33587469471153847 0.21699193028846153 0.30064658413461537 0.03575900961538461 0 0.0941987860576923 0 0.2822793557692308
1 0.09120391586538462 0.07481512740384616 0.10484675961538462 0.14500147115384615 0.33844335336538467 0.09959489182692308 0.3248005096153846 0.029408548076923075 0.09120391586538462 0.07481512740384616