1 0.8576861682692307 0.27512016826923075 0.8473315913461538 0.2163964471153846 0.7367971778846154 0.23588664423076924 0.7471517548076924 0.29461036778846156 0.8576861682692307 0.27512016826923075
1 0.9415956009615385 0.2701968725961538 0.925308045673077 0.17782555288461538 0.8479083100961538 0.19147321634615383 0.8641958677884615 0.28384453365384615 0.9415956009615385 0.2701968725961538
1 0.7047574855769232 0.36611390865384613 0.6991460769230768 0.33429002884615383 0.6441096826923077 0.34399443028846155 0.6497210913461539 0.37581831009615385 0.7047574855769232 0.36611390865384613
1 0.769956358173077 0.3429589855769231 0.7639269062499999 0.3087642740384616 0.6980165961538461 0.3203860384615385 0.7040460456730769 0.3545807524038462 0.769956358173077 0.3429589855769231
1 0.8465894302884615 0.6132018341346154 0.8311540360576923 0.5256633677884616 0.7339555649038462 0.5428020817307693 0.7493909567307693 0.630340545673077 0.8465894302884615 0.6132018341346154
1 0.22737368269230768 0.44634067307692304 0.21754969951923078 0.39062608413461536 0.08572907451923076 0.41386961778846154 0.09555306009615384 0.46958420432692305 0.22737368269230768 0.44634067307692304
1 0 0.4588624495192307 0.004103822115384615 0.482136375 0.0962243798076923 0.4658930360576923 0.08861923076923077 0.4227621033653846 0 0.4383880649038462 0 0.4588624495192307
1 0.24232754326923076 0.4963556538461538 0.23563887259615385 0.45842231971153846 0.1676768798076923 0.4704058509615385 0.17436555048076924 0.5083391850961538 0.24232754326923076 0.4963556538461538
1 0.15157139903846154 0.5221365913461539 0.14475410096153846 0.48347376923076923 0.07992092307692308 0.4949056081730769 0.08673822115384616 0.5335684302884616 0.15157139903846154 0.5221365913461539
1 0.3789156802884615 0.4551596610576923 0.37362584134615384 0.42515949759615385 0.3162813076923077 0.4352708870192308 0.3215711466346154 0.4652710504807693 0.3789156802884615 0.4551596610576923
1 0.3438369399038462 0.29520991346153846 0.3294948870192308 0.21387208653846154 0.27707438942307694 0.2231152355769231 0.2914164423076923 0.3044530625 0.3438369399038462 0.29520991346153846
1 0.10447816826923077 0.068797375 0.11833786538461538 0.14739962259615386 0.22707705528846153 0.12822597115384615 0.2132173581730769 0.049623721153846154 0.10447816826923077 0.068797375
1 0.025627639423076925 0.07931609615384616 0.04122381971153846 0.16776642307692308 0.14806520192307693 0.14892740384615386 0.13246902403846156 0.06047707692307692 0.025627639423076925 0.07931609615384616
1 0.3178217668269231 0.10507963461538461 0.30579502403846154 0.036872579326923074 0.23603781009615382 0.04917265865384615 0.2480645528846154 0.11737971394230769 0.3178217668269231 0.10507963461538461
2 0.3864003389423077 1 0.2837402259615385 0.41778557451923076 0 0.4678166298076923 0 0.5281476610576923 0.08320029807692308 1 0.3864003389423077 1
2 0.29613998798076924 0.45781458413461534 0.3490866033653846 0.758089764423077 0.4949612524038462 0.7323681274038462 0.4420146370192307 0.4320929471153846 0.29613998798076924 0.45781458413461534
2 0.4803009663461539 0.6252306418269231 0.45439844711538463 0.47833015384615385 0.3971052043269231 0.4884324975961538 0.42300772596153846 0.6353329855769231 0.4803009663461539 0.6252306418269231
2 0.5044383173076923 0.5566642259615384 0.48982292788461534 0.47377623798076923 0.4342736177884615 0.48357108173076924 0.44888900480769234 0.5664590673076924 0.5044383173076923 0.5566642259615384
2 0.623002673076923 0.6136075048076923 0.5919228653846154 0.43734515384615386 0.5407846706730769 0.44636219711538466 0.5718644783653846 0.6226245480769231 0.623002673076923 0.6136075048076923
2 0.5589183317307692 0.3680419783653846 0.6136657427884615 0.6785299783653845 0.72420015625 0.6590397788461538 0.6694527451923077 0.3485517788461538 0.5589183317307692 0.3680419783653846
1 0.5789588076923077 0 0.5836679278846154 0.026706754807692308 0.6804047716346153 0.0096494375 0.6787033149038462 0 0.5789588076923077 0