1 0.5024194278846154 0.8982634495192308 0.5233657211538462 0.7276695793269231 0.18807122596153844 0.6865005913461538 0.1671249326923077 0.8570944615384615 0.5024194278846154 0.8982634495192308
1 0.23132527403846154 0.8034771947115384 0.2502404110576923 0.6494257596153846 0.11818524759615386 0.6332114254807693 0.09927010817307692 0.787262858173077 0.23132527403846154 0.8034771947115384
1 0.19673839182692307 0.6498881153846153 0.20839214903846154 0.554975889423077 0.09804893269230769 0.5414274471153846 0.08639517548076923 0.6363396730769231 0.19673839182692307 0.6498881153846153
1 0.5291573269230769 0.13111628125 0.5355681610576923 0.07890421874999999 0.41591982451923076 0.06421325 0.40950898798076923 0.1164253125 0.5291573269230769 0.13111628125
1 0.45270560096153845 0.30182156971153845 0.4576057620192308 0.2619129423076923 0.3998364759615385 0.2548197668269231 0.3949363125 0.29472839423076924 0.45270560096153845 0.30182156971153845
1 0.37306816105769236 0.26192297596153846 0.36990717307692306 0.2876671418269231 0.4035606923076923 0.2917992740384615 0.40672167788461533 0.2660551081730769 0.37306816105769236 0.26192297596153846
1 0.48749889423076925 0.2953888581730769 0.4926656466346154 0.2533090360576923 0.45397185576923077 0.2485580360576923 0.4488051033653846 0.2906378581730769 0.48749889423076925 0.2953888581730769
1 0.4686606177884615 0.33662961778846157 0.47135189903846153 0.31471089182692313 0.44483230528846157 0.31145469471153847 0.44214102403846156 0.33337342067307696 0.4686606177884615 0.33662961778846157
1 0.6888322307692308 1 0.7120673581730769 0.8107650721153846 0.2990751081730769 0.760056 0.27330481971153847 0.9699381538461539 0.5181389086538462 1 0.6888322307692308 1
1 0.20278175240384616 0 0.19837043269230767 0.035927310096153846 0.5311060216346154 0.07678210336538462 0.5395607067307693 0.007924213942307693 0.47502316346153844 0 0.20278175240384616 0
2 0.2605580745192308 0.5461634663461539 0.3098136009615385 0.14500939663461537 0.06307283173076923 0.11471343990384615 0.013817305288461538 0.5158675072115385 0.2605580745192308 0.5461634663461539