1 0.87647196875 0.999974326923077 0.9149065961538461 0.8565343413461538 0.6922908798076922 0.7968846394230769 0.65385625 0.940324625 0.87647196875 0.999974326923077
1 0.6680499759615385 0.8662232908653846 0.699464139423077 0.7489840432692307 0.4886206418269231 0.6924886995192308 0.45720648076923076 0.8097279447115385 0.6680499759615385 0.8662232908653846
1 0.7000409567307693 0.8111257620192307 0.7336227283653846 0.6857968870192307 0.4987065480769231 0.6228512860576922 0.46512477884615383 0.7481801634615385 0.7000409567307693 0.8111257620192307
1 0.7244005889423076 0.7401366033653846 0.7575617788461538 0.6163773557692308 0.5196270817307692 0.5526229447115385 0.48646589182692307 0.6763821923076924 0.7244005889423076 0.7401366033653846
1 0.7307440673076923 0.6883901995192307 0.7660081610576923 0.5567828052884616 0.5310919831730769 0.4938372043269231 0.49582788701923075 0.6254445985576923 0.7307440673076923 0.6883901995192307
1 0.7634492115384616 0.60255515625 0.7927281153846154 0.4932847956730769 0.5517749014423077 0.4287215769230769 0.5224959951923077 0.5379919350961538 0.7634492115384616 0.60255515625
1 0.7940190985576923 0.524689 0.8198686514423077 0.4282171586538462 0.5749158990384615 0.36258226682692307 0.5490663461538461 0.4590541081730769 0.7940190985576923 0.524689
1 0.8001910697115384 0.46150860336538463 0.8266229639423077 0.3628634278846154 0.602724375 0.30286998317307695 0.5762924807692308 0.4015151586538461 0.8001910697115384 0.46150860336538463
1 0.8157110096153846 0.38517443509615384 0.8389723701923076 0.2983618533653846 0.6172622091346154 0.23895479326923075 0.5940008461538462 0.32576737740384615 0.8157110096153846 0.38517443509615384
1 0.8564891346153847 0.3196198725961539 0.8807534206730769 0.22906432692307693 0.6265187235576923 0.16094234615384614 0.6022544399038462 0.2514978918269231 0.8564891346153847 0.3196198725961539
1 0.660991014423077 0.08541593028846153 0.6331032620192307 0.1894944375 0.9354833221153847 0.2705169326923077 0.9633710745192308 0.16643842307692308 0.660991014423077 0.08541593028846153
1 0.9101644783653846 0.2128748269230769 0.9390875072115384 0.10493261538461537 0.6788912379807692 0.03521323557692308 0.6499682091346154 0.14315544471153846 0.9101644783653846 0.2128748269230769
1 0.4853962884615385 0 0.4690756274038461 0.06090953846153846 0.6568274591346154 0.11121749038461538 0.6774682788461538 0.03418490625 0.5498884711538461 0 0.4853962884615385 0
1 0.6456206754807692 0.17718991826923075 0.6731849038461538 0.07431881730769231 0.4773585360576923 0.02184730048076923 0.44979430769230766 0.1247184014423077 0.6456206754807692 0.17718991826923075
1 0.6349774423076924 0.2087610048076923 0.6569447091346153 0.12677805048076923 0.46217482211538463 0.07458961538461538 0.4402075552884615 0.1565725697115385 0.6349774423076924 0.2087610048076923
1 0.6029962091346154 0.27589623076923075 0.6262252187499999 0.18920438701923076 0.4435294038461538 0.14025118990384616 0.42030039423076926 0.22694303365384616 0.6029962091346154 0.27589623076923075
1 0.5921251105769231 0.3246177259615385 0.6136394423076923 0.24432514182692305 0.42188807451923077 0.19294551682692307 0.4003737403846154 0.2732381033653846 0.5921251105769231 0.3246177259615385
1 0.5609850384615385 0.3886136923076923 0.5833728846153846 0.3050611081730769 0.40663864423076923 0.2577053125 0.3842507956730769 0.3412578966346154 0.5609850384615385 0.3886136923076923
1 0.5520662283653845 0.42582321875 0.5692776947115384 0.3615891514423077 0.38552539903846156 0.31235287259615385 0.36831393269230767 0.3765869399038462 0.5520662283653845 0.42582321875
1 0.5179173846153846 0.5010480721153846 0.5454816129807692 0.39817697115384615 0.37282237019230774 0.35191306730769234 0.34525814182692305 0.45478416826923074 0.5179173846153846 0.5010480721153846
1 0.5109383173076923 0.5473183798076924 0.5333261634615385 0.4637657956730769 0.36164793990384614 0.4177647548076923 0.33926009375000005 0.5013173389423077 0.5109383173076923 0.5473183798076924
1 0.5103480384615385 0.6418879855769231 0.543476875 0.5182494783653846 0.3487069879807692 0.46606104567307693 0.31557815144230766 0.5896995504807692 0.5103480384615385 0.6418879855769231
1 0.4972369783653846 0.6624450576923077 0.52004540625 0.57732284375 0.3233134807692308 0.5246086850961539 0.3005050528846154 0.6097308990384616 0.4972369783653846 0.6624450576923077
1 0.4521780456730769 0.7382406201923076 0.48446572355769235 0.6177413725961538 0.3208620360576923 0.5739038966346154 0.28857436057692304 0.6944031442307692 0.4521780456730769 0.7382406201923076
1 0.3168131634615384 0.6451589278846155 0.34609206971153844 0.5358885697115384 0.2205971754807692 0.5022623149038462 0.19131826923076922 0.611532673076923 0.3168131634615384 0.6451589278846155
1 0.20500262740384614 0.5686119567307693 0.2291051514423077 0.4786601153846154 0.13870053125 0.45443626923076924 0.11459800721153846 0.5443881129807692 0.20500262740384614 0.5686119567307693
1 0.12575957692307693 0.5027325600961539 0.14471807211538462 0.4319784951923077 0.07144354326923077 0.4123446442307692 0.05248504807692308 0.4830987091346154 0.12575957692307693 0.5027325600961539
1 0.05494624038461538 0.44584119471153844 0.06872835576923077 0.3944056442307692 0.017564471153846153 0.3806963221153846 0.003782358173076923 0.4321318725961539 0.05494624038461538 0.44584119471153844
1 0.03090339903846154 0.3429888413461538 0.01585954326923077 0.39913327884615385 0.06800444471153846 0.41310546394230774 0.08304830048076924 0.3569610240384616 0.03090339903846154 0.3429888413461538
1 0.08067543028846155 0.370042625 0.09141642067307693 0.3299567043269231 0.033159019230769235 0.3143466802884615 0.022418028846153848 0.35443260096153845 0.08067543028846155 0.370042625
1 0.049216247596153846 0.25834436298076924 0.03242536057692308 0.32100880048076924 0.08464572596153846 0.3350012067307692 0.10143661298076924 0.2723367692307692 0.049216247596153846 0.25834436298076924
1 0.06085024519230769 0.23907383653846154 0.05007690384615385 0.2792805 0.09226069471153846 0.29058361298076923 0.10303403846153847 0.2503769495192308 0.06085024519230769 0.23907383653846154
1 0.06836745673076923 0.2031710769230769 0.059761723557692305 0.23528811057692306 0.1239806971153846 0.25249553365384614 0.13258643028846154 0.2203785 0.06836745673076923 0.2031710769230769
1 0.07437525240384615 0.16867560336538462 0.06576951923076922 0.20079263701923075 0.12093293990384615 0.21557363221153844 0.12953867307692307 0.1834565985576923 0.07437525240384615 0.16867560336538462
1 0.13427186778846154 0.17786614903846154 0.14718046634615384 0.12969059855769233 0.08794204567307692 0.11381771153846154 0.07503344711538461 0.16199326201923075 0.13427186778846154 0.17786614903846154
1 0.09700071394230769 0.08001030769230769 0.08535385576923077 0.12347696875 0.13855524038461536 0.13773223798076922 0.15020209615384614 0.09426557451923076 0.09700071394230769 0.08001030769230769
1 0.1517769158653846 0.08446419471153846 0.16125616346153848 0.04908716105769231 0.11107329807692307 0.035640704326923074 0.10159405048076924 0.07101773557692308 0.1517769158653846 0.08446419471153846
1 0.3266135144230769 0.13467616826923076 0.3481278461538461 0.05438358413461538 0.2377255432692308 0.024801375 0.21621121153846154 0.10509395913461539 0.3266135144230769 0.13467616826923076
1 0.3100184543269231 0.17668755288461538 0.32894459615384614 0.10605422836538461 0.23257840384615386 0.08023298317307694 0.21365225961538462 0.15086631009615384 0.3100184543269231 0.17668755288461538
1 0.29191398076923075 0.22010622596153845 0.3104195408653846 0.15104252884615385 0.21707186538461537 0.12603009615384614 0.19856630528846153 0.19509379086538464 0.29191398076923075 0.22010622596153845
1 0.28041672596153844 0.2790127067307692 0.2993752211538462 0.20825864182692305 0.19900949038461538 0.18136572355769232 0.1800509951923077 0.2521197908653846 0.28041672596153844 0.2790127067307692
1 0.2732223389423077 0.32186067307692307 0.29130731971153845 0.25436660576923076 0.18792307211538464 0.22666487980769232 0.16983809134615385 0.2941589471153846 0.2732223389423077 0.32186067307692307
1 0.24972647596153846 0.3775521346153846 0.2695261322115385 0.3036588100961538 0.16508540384615383 0.27567400000000003 0.1452857451923077 0.3495673269230769 0.24972647596153846 0.3775521346153846
1 0.2392985625 0.41254556490384614 0.25822470432692307 0.3419122379807692 0.15680249278846153 0.31473624038461534 0.13787635096153844 0.38536956490384616 0.2392985625 0.41254556490384614
1 0.22908565625 0.4545847211538462 0.24759121874999998 0.38552102403846156 0.15726206250000002 0.36131739903846155 0.1387565 0.4303810961538461 0.22908565625 0.4545847211538462
1 0.2152057860576923 0.5145351057692308 0.23626718509615385 0.4359328918269231 0.1368824735576923 0.40930283653846156 0.11582107451923077 0.4879050528846154 0.2152057860576923 0.5145351057692308
1 0.3178435168269231 0.5730950889423077 0.3406519447115385 0.487972875 0.223156125 0.4564899639423077 0.2003476971153846 0.5416121778846154 0.3178435168269231 0.5730950889423077
1 0.23810222355769228 0.4088603605769231 0.2144526346153846 0.49712183173076924 0.3349669735576923 0.5294135528846154 0.3586165649038462 0.4411520793269231 0.23810222355769228 0.4088603605769231
1 0.3491696682692308 0.4764083725961538 0.3698104879807692 0.3993757884615385 0.2483151298076923 0.3668212043269231 0.22767431009615385 0.4438537884615385 0.3491696682692308 0.4764083725961538
1 0.26147109134615387 0.32557063942307696 0.2408302716346154 0.40260322355769235 0.3613446105769231 0.43489494471153844 0.3819854302884615 0.35786235817307693 0.26147109134615387 0.32557063942307696
1 0.39399378605769225 0.37311507451923076 0.41291992788461535 0.30248174759615387 0.27542642548076923 0.2656404735576923 0.25650028125 0.33627380048076927 0.39399378605769225 0.37311507451923076
1 0.29233456009615383 0.21853659615384616 0.2742819326923077 0.2859099230769231 0.39675831009615387 0.31872736778846156 0.41481093750000003 0.2513540432692308 0.29233456009615383 0.21853659615384616
1 0.41083089423076924 0.2743577644230769 0.4302099711538461 0.2020340673076923 0.3087146129807692 0.16947948557692308 0.2893355360576923 0.24180318028846154 0.41083089423076924 0.2743577644230769
1 0.43063055048076926 0.20046443990384616 0.4465479230769231 0.14106 0.3129784927884615 0.10527018028846154 0.2970611201923077 0.16467461778846154 0.43063055048076926 0.20046443990384616
1 0.33269013942307696 0.05192938461538461 0.3154786706730769 0.11616345192307692 0.4570471754807693 0.15409662019230772 0.47425864182692307 0.08986255288461538 0.33269013942307696 0.05192938461538461
1 0.4528354326923077 0.11336877163461538 0.4730556706730769 0.03790581730769231 0.34756077403846153 0.004279560096153846 0.3273405360576923 0.07974251682692308 0.4528354326923077 0.11336877163461538
1 0.3466045769230769 0 0.3374135865384615 0.034301237980769235 0.46487051682692304 0.06845322115384615 0.48321250240384617 0 0.3466045769230769 0