1 0.34725328365384617 0.27405905048076923 0.3485880697115385 0.19758921875 0.25787271875 0.1960057764423077 0.2565379326923077 0.2724756081730769 0.34725328365384617 0.27405905048076923
1 0.1994632956730769 0.27147936538461537 0.2004781201923077 0.2133400721153846 0.07612206490384615 0.21116943028846155 0.07510723798076922 0.2693087235576923 0.1994632956730769 0.27147936538461537
1 0.01079560576923077 0.0024975456730769235 0.008287632211538462 0.14617936298076922 0.12545728365384615 0.14822456490384617 0.1279652596153846 0.0045427475961538465 0.01079560576923077 0.0024975456730769235
1 0.08598759615384616 0.3741442091346154 0.0868828389423077 0.3228557259615385 0.0035101250000000002 0.32140044951923075 0.0026148798076923076 0.37268893269230774 0.08598759615384616 0.3741442091346154
1 0.0029613173076923076 0.3976061802884615 0.00230846875 0.43500789182692307 0.09349249278846153 0.4365995144230769 0.09414534375 0.39919780288461537 0.0029613173076923076 0.3976061802884615
1 0.00389496875 0.43364648317307697 0.0032162644230769232 0.47252944951923076 0.09752481490384615 0.4741756105769231 0.09820351923076923 0.43529264423076924 0.00389496875 0.43364648317307697
1 0.002629048076923077 0.4614063966346154 0.0019519615384615383 0.5001967836538461 0.11495558173076924 0.5021692692307692 0.11563267067307693 0.46337888221153845 0.002629048076923077 0.4614063966346154
1 0.10268631971153847 0.5365900120192307 0.10353308413461539 0.4880788822115385 0.002975485576923077 0.4863236442307692 0.002128721153846154 0.5348347716346153 0.10268631971153847 0.5365900120192307
1 0.10757050961538463 0.5671428677884616 0.10848837740384616 0.5145582860576924 0.003296067307692308 0.5127221490384616 0.002378199519230769 0.5653067283653846 0.10757050961538463 0.5671428677884616
1 0.10164563942307692 0.5962105600961538 0.10244392548076922 0.5504767836538462 0.0026674567307692306 0.5487351802884615 0.001869170673076923 0.594468954326923 0.10164563942307692 0.5962105600961538
1 0.1013079014423077 0.6155594639423078 0.10188803365384615 0.5823237860576923 0.0013304350961538462 0.5805685456730769 0.0007503052884615384 0.6138042235576923 0.1013079014423077 0.6155594639423078
1 0.002458002403846154 0.6054994278846154 0.0017809134615384614 0.6442898173076923 0.10462983173076923 0.6460850528846154 0.10530692067307693 0.6072946634615385 0.002458002403846154 0.6054994278846154
1 0.10970991826923077 0.6683993317307693 0.11043548557692308 0.6268315889423076 0.0013375192307692309 0.6249272764423076 0.0006119519230769232 0.6664950192307693 0.10970991826923077 0.6683993317307693
1 0 0.7080647451923077 0.1074220889423077 0.7099398052884616 0.10836581009615384 0.6558739663461538 0 0.6539824326923077 0 0.7080647451923077
1 0 0.7399214495192308 0.09285791105769231 0.7415422884615384 0.0937046778846154 0.6930311610576924 0 0.6913955408653846 0 0.7399214495192308
1 0 0.7579797548076923 0.1073322139423077 0.7598532451923077 0.1081789783653846 0.7113421177884616 0 0.7094538461538461 0 0.7579797548076923
1 0.914313641826923 0.6802211826923077 0.9148646874999999 0.6486519158653846 0.8260240504807693 0.6471011971153846 0.8254730072115385 0.6786704639423077 0.914313641826923 0.6802211826923077
1 0.8218026634615385 0.6203567836538462 0.8212209158653846 0.6536850408653846 0.9091241947115385 0.6552193966346154 0.9097059399038462 0.6218911394230768 0.8218026634615385 0.6203567836538462
1 0.9077669495192308 0.6285249783653846 0.9084925192307692 0.586957235576923 0.8233492379807692 0.5854710552884616 0.822623670673077 0.6270387980769231 0.9077669495192308 0.6285249783653846
1 0.8238711947115385 0.555568201923077 0.8232038004807692 0.5938031201923077 0.9045976514423076 0.5952238557692308 0.905265045673077 0.5569889350961538 0.8238711947115385 0.555568201923077
1 0.9050614350961539 0.5686538269230769 0.9058160889423077 0.525419673076923 0.8206728076923077 0.5239334903846153 0.8199181538461539 0.5671676466346154 0.9050614350961539 0.5686538269230769
1 0.8211091201923076 0.4989372980769231 0.8202672019230769 0.5471706923076923 0.9025984110576922 0.5486077884615385 0.903440326923077 0.5003743966346154 0.8211091201923076 0.4989372980769231
1 0.9041158990384616 0.5153884735576922 0.9048705528846154 0.47215431730769236 0.8141552067307691 0.470570875 0.8134005504807693 0.51380503125 0.9041158990384616 0.5153884735576922
1 0.8229740384615384 0.4458136057692308 0.8221919134615384 0.49062159615384615 0.9092099086538461 0.4921405 0.9099920336538462 0.4473325120192308 0.8229740384615384 0.4458136057692308
1 0.9106110456730769 0.4655868341346154 0.9113366129807693 0.42401909134615384 0.8252559759615384 0.42251655048076925 0.8245304086538462 0.4640842908653846 0.9106110456730769 0.4655868341346154
1 0.8185638509615385 0.3791524110576923 0.8176637572115385 0.43071862980769227 0.9083791057692309 0.43230207211538463 0.9092791971153846 0.38073585336538457 0.8185638509615385 0.3791524110576923
1 0.9939200408653845 0.6766099567307692 0.9945583485576923 0.6400414519230769 0.9216007115384616 0.6387679711538462 0.92096240625 0.6753364759615385 0.9939200408653845 0.6766099567307692
1 0.8223991490384616 0.69361909375 0.8230956298076924 0.6537177644230769 0.7276934975961539 0.6520525120192308 0.7269970168269231 0.69195384375 0.8223991490384616 0.69361909375
1 0.7341193533653846 0.7136555240384616 0.7352214423076924 0.6505169951923077 0.6416940216346153 0.6488844663461539 0.6405919350961539 0.7120229951923077 0.7341193533653846 0.7136555240384616
1 0.7048690408653846 0.6585070048076923 0.7054330120192307 0.6261971153846153 0.6424217764423077 0.62509725 0.6418578052884616 0.6574071394230769 0.7048690408653846 0.6585070048076923
1 0.7085614975961538 0.6319933365384615 0.7090446706730769 0.6043123677884615 0.6447315480769231 0.6031897788461539 0.644248375 0.6308707475961538 0.7085614975961538 0.6319933365384615
1 0.6452567379807692 0.5731017692307693 0.6445909615384615 0.611244108173077 0.7115078509615385 0.6124121466346154 0.7121736274038462 0.5742698076923077 0.6452567379807692 0.5731017692307693
1 0.7120524302884615 0.5812131947115384 0.7126568004807693 0.5465888389423077 0.6444380264423077 0.5453980745192308 0.6438336562500001 0.5800224302884616 0.7120524302884615 0.5812131947115384
1 0.6397059447115385 0.5210525216346154 0.6390401682692308 0.5591948605769231 0.7078838461538461 0.56039653125 0.708549625 0.5222541923076923 0.6397059447115385 0.5210525216346154
1 0.7090937307692309 0.5268940264423077 0.7096173028846154 0.49689859375 0.6394717379807692 0.49567419951923075 0.6389481658653846 0.5256696298076923 0.7090937307692309 0.5268940264423077
1 0.640531701923077 0.47374491346153846 0.6400275216346153 0.5026294038461538 0.7153285504807693 0.5039437860576923 0.7158327307692307 0.4750592980769231 0.640531701923077 0.47374491346153846
1 0.7125232572115384 0.4796318653846154 0.7131276274038462 0.4450075096153846 0.6338688701923078 0.4436240432692308 0.6332644975961539 0.47824839903846156 0.7125232572115384 0.4796318653846154
1 0.8190377908653846 0.4087022211538462 0.81984415625 0.3625055528846154 0.7217341009615384 0.3607930360576923 0.720927735576923 0.40698970432692305 0.8190377908653846 0.4087022211538462
1 0.8231045697115384 0.43535132692307693 0.8238107451923077 0.3948945288461539 0.7114320288461538 0.39293294951923075 0.7107258533653845 0.43338974999999996 0.8231045697115384 0.43535132692307693
1 0.8232656923076923 0.4619322620192308 0.82393146875 0.4237899254807692 0.7148335048076924 0.4218856129807692 0.7141677283653846 0.46002794951923076 0.8232656923076923 0.4619322620192308
1 0.8233593076923077 0.49536491346153844 0.8240638677884615 0.45500069230769236 0.7142889254807692 0.4530845625 0.7135843653846153 0.4934487836538462 0.8233593076923077 0.49536491346153844
1 0.8305529567307691 0.5279028245192308 0.8312591346153847 0.48744602403846155 0.7130479711538461 0.4853826394230769 0.7123417956730769 0.5258394399038462 0.8305529567307691 0.5279028245192308
1 0.8263374014423076 0.5485731418269231 0.8269417716346154 0.5139487860576923 0.7125841899038462 0.5119526658653846 0.7119798197115385 0.5465770216346153 0.8263374014423076 0.5485731418269231
1 0.8218467668269231 0.5820183822115385 0.8226935312499999 0.5335072524038462 0.7109917956730769 0.5315574903846154 0.7101450312500001 0.5800686201923078 0.8218467668269231 0.5820183822115385
1 0.8189408125 0.599285110576923 0.8197471778846155 0.5530884423076923 0.6976303629807692 0.5509568870192308 0.6968239975961539 0.5971535528846154 0.8189408125 0.599285110576923
1 0.8214649254807692 0.6397056899038461 0.8224312716346154 0.5843437524038462 0.70880275 0.582360358173077 0.7078364038461539 0.637722295673077 0.8214649254807692 0.6397056899038461
1 0.8231012091346154 0.6593668701923078 0.8238267764423076 0.6177991274038461 0.7069175 0.6157584687500001 0.7061919326923077 0.6573262115384615 0.8231012091346154 0.6593668701923078
1 0.6385284663461538 0.6989294326923077 0.6391942451923077 0.6607870961538461 0.5424381514423077 0.6590982139423077 0.541772375 0.6972405504807693 0.6385284663461538 0.6989294326923077
1 0.5428615336538462 0.6348426490384615 0.5420955673076923 0.6787248533653846 0.6349460048076924 0.6803455649038461 0.6357119711538461 0.6364633581730769 0.5428615336538462 0.6348426490384615
1 0.6399791298076922 0.651632733173077 0.6406853052884615 0.6111759350961539 0.5407005360576923 0.6094306923076923 0.5399943605769231 0.6498874927884616 0.6399791298076922 0.651632733173077
1 0.5386817451923077 0.575871829326923 0.5378947716346154 0.6209575552884616 0.6379316177884615 0.6227037067307692 0.6387185913461538 0.5776179807692308 0.5386817451923077 0.575871829326923
1 0.6398184783653846 0.5892130168269231 0.6404842572115383 0.5510706778846154 0.5410723173076923 0.5493354350961538 0.5404065408653846 0.5874777740384615 0.6398184783653846 0.5892130168269231
1 0.63367103125 0.5683618125 0.634517795673077 0.5198506826923077 0.5422922596153846 0.5182408798076923 0.5414454951923077 0.5667520096153846 0.63367103125 0.5683618125
1 0.6324581322115385 0.5244450649038461 0.6330237211538462 0.49204259375 0.5414751658653846 0.49044460817307695 0.5409095793269231 0.5228470793269231 0.6324581322115385 0.5244450649038461
1 0.6313582427884616 0.5128500288461538 0.6322858052884615 0.45970997596153845 0.5413621562500001 0.4581228966346154 0.54043459375 0.5112629519230769 0.6313582427884616 0.5128500288461538
1 0.6346471802884615 0.47364219951923076 0.6353323485576923 0.43438891826923076 0.5378992740384615 0.43268821875 0.5372141057692308 0.47194149759615384 0.6346471802884615 0.47364219951923076
1 0.6259092524038461 0.4549683389423077 0.6269370072115384 0.3960884182692308 0.5385650528846153 0.39454588221153847 0.5375372980769231 0.45342580048076925 0.6259092524038461 0.4549683389423077
1 0.5388866274038462 0.3761227620192308 0.5380204711538462 0.4257448341346154 0.6283192163461538 0.42732100240384613 0.6291853725961538 0.3776989326923077 0.5388866274038462 0.3761227620192308
1 0.6257563197115386 0.38912230769230766 0.6264608798076924 0.3487580865384615 0.5257991298076923 0.34700102884615386 0.5250945697115385 0.38736525 0.6257563197115386 0.38912230769230766
1 0.5460568533653846 0.5622021658653846 0.5468842259615385 0.5148019783653847 0.4670005625 0.5134076033653846 0.46617318990384615 0.5608077908653846 0.5460568533653846 0.5622021658653846
1 0.5441909975961539 0.5944893341346154 0.5449569639423077 0.5506071298076923 0.4637714134615385 0.54919003125 0.4630054471153846 0.5930722355769231 0.5441909975961539 0.5944893341346154
1 0.5458482860576923 0.6129469951923077 0.5464526562500001 0.5783226394230769 0.4613614519230769 0.5768373677884615 0.46075708173076924 0.6114617235576923 0.5458482860576923 0.6129469951923077
1 0.5439210216346153 0.6487521466346154 0.5446255817307692 0.6083879254807693 0.4627630528846154 0.6069590096153846 0.4620584927884615 0.6473232307692308 0.5439210216346153 0.6487521466346154
1 0.5439609495192308 0.6822764663461538 0.5448287211538462 0.6325618173076923 0.4584356298076923 0.6310538221153846 0.45756785817307694 0.68076846875 0.5439609495192308 0.6822764663461538
1 0.5465254639423077 0.7203825817307692 0.5474320192307692 0.6684460528846153 0.44677026923076923 0.6666889951923077 0.4458637139423077 0.7186255264423077 0.5465254639423077 0.7203825817307692
1 0.4568264975961539 0.7262254182692308 0.45813542788461536 0.6512368413461539 0.3655974399038462 0.6496215841346153 0.3642885096153846 0.7246101610576924 0.4568264975961539 0.7262254182692308
1 0.45074143028846153 0.35263639423076926 0.45173363221153845 0.2957931995192308 0.35898734375 0.2941743076923077 0.3579951418269231 0.35101750240384616 0.45074143028846153 0.35263639423076926
1 0.36235264423076924 0.28043465144230767 0.36162707692307694 0.32200239423076926 0.4489054519230769 0.32352584375 0.4496310192307692 0.28195810096153845 0.36235264423076924 0.28043465144230767
1 0.45580734855769234 0.28623320913461536 0.45634061538461534 0.2556823076923077 0.3620320649038461 0.2540361466346154 0.3614987956730769 0.2845870480769231 0.45580734855769234 0.28623320913461536
1 0.3649313485576923 0.22223005048076921 0.36423001923076925 0.2624091153846154 0.45150839423076927 0.26393256490384615 0.45220972115384617 0.2237535 0.3649313485576923 0.22223005048076921
1 0.4505505024038462 0.22928093990384615 0.45122759134615387 0.19049055288461536 0.35613790624999997 0.18883075721153847 0.3554608173076923 0.22762114423076923 0.4505505024038462 0.22928093990384615
1 0.3665798894230769 0.16956561538461537 0.3660466201923077 0.20011651682692305 0.4471280192307692 0.20153179807692306 0.4476612884615384 0.17098089663461538 0.3665798894230769 0.16956561538461537
1 0.4515184639423077 0.17382642307692306 0.45200163701923074 0.14614545432692308 0.35847421634615384 0.1445129278846154 0.35799104326923076 0.17219389663461537 0.4515184639423077 0.17382642307692306
1 0.3608105240384616 0.10019510096153847 0.36010919711538464 0.14037416586538462 0.45754227163461536 0.14207486778846154 0.45824360096153843 0.10189580288461539 0.3608105240384616 0.10019510096153847
1 0.45260600721153843 0.11152110096153846 0.45316189903846155 0.07967410096153847 0.3619778701923077 0.07808247596153846 0.3614219783653846 0.10992947596153847 0.45260600721153843 0.11152110096153846
1 0.3610458341346154 0.04194959615384616 0.3603913701923077 0.07944388461538462 0.4500131346153846 0.08100823798076923 0.45066760096153846 0.04351394951923077 0.3610458341346154 0.04194959615384616
1 0.45044944471153847 0.056012045673076924 0.45105381490384616 0.02138769230769231 0.35908865624999997 0.019782432692307693 0.3584842860576923 0.05440678846153846 0.45044944471153847 0.056012045673076924
1 0.3656849134615384 0 0.36526498557692305 0.024057543269230767 0.45488675240384613 0.025621896634615386 0.45533398317307694 0 0.3656849134615384 0
1 0.5366999350961539 0.3402458004807692 0.5376178028846155 0.2876612163461539 0.4542450865384616 0.2862059399038462 0.45332721875000004 0.33879052403846155 0.5366999350961539 0.3402458004807692
1 0.632835764423077 0.32673636057692307 0.6334158966346154 0.29350068269230767 0.5461375240384615 0.29197723317307694 0.5455573942307692 0.3252129110576923 0.632835764423077 0.32673636057692307
1 0.7270245264423078 0.32032364903846156 0.7277904951923078 0.2764414423076923 0.6309823245192308 0.27475165144230773 0.630216358173077 0.31863385576923076 0.7270245264423078 0.32032364903846156
1 0.6338672716346154 0.2586884423076923 0.6333647067307692 0.2874803533653846 0.7314747620192308 0.28919287019230766 0.7319773269230769 0.26040095913461536 0.6338672716346154 0.2586884423076923
1 0.7252061153846154 0.27528505288461536 0.7260528822115385 0.22677392307692307 0.6175798197115385 0.22488051923076924 0.6167330552884616 0.2733916490384615 0.7252061153846154 0.27528505288461536
1 0.6224933629807693 0.20301849759615387 0.6219083846153846 0.23653191105769228 0.7342871009615385 0.23849349038461537 0.7348720793269231 0.20498007451923075 0.6224933629807693 0.20301849759615387
1 0.7235493028846154 0.22098860817307694 0.7244170745192308 0.17127395673076923 0.6211515552884616 0.16947145192307692 0.6202837812499999 0.21918610096153845 0.7235493028846154 0.22098860817307694
1 0.6176288822115384 0.14746217788461538 0.6169631057692307 0.18560451442307693 0.7267380504807692 0.18752064423076925 0.7274038269230769 0.1493783076923077 0.6176288822115384 0.14746217788461538
1 0.7251631754807693 0.16434148076923077 0.7259275264423077 0.12055185336538463 0.61620465625 0.11863663221153847 0.6154403052884615 0.16242626201923077 0.7251631754807693 0.16434148076923077
1 0.6219047019230769 0.08752767307692308 0.6211791346153847 0.12909541346153847 0.730329173076923 0.1310006346153846 0.7310547403846154 0.08943289423076924 0.6219047019230769 0.08752767307692308
1 0.7286524927884616 0.11365391586538462 0.7295606658653846 0.061624805288461544 0.6100476201923077 0.05953869711538461 0.6091394495192307 0.11156780769230769 0.7286524927884616 0.11365391586538462
1 0.6150326322115385 0.036566641826923076 0.6143668533653847 0.07470898076923077 0.7312761274038462 0.07674964182692308 0.7319419038461539 0.038607302884615384 0.6150326322115385 0.036566641826923076
1 0.7279764591346154 0.04196453125 0.7285404302884615 0.009654639423076924 0.6161617163461539 0.007693060096153846 0.6155977451923077 0.04000295432692307 0.7279764591346154 0.04196453125
1 1 0.019671564903846153 0.747403766826923 0.015262483173076923 0.7462548173076923 0.08108578846153845 1 0.08551492548076924 1 0.019671564903846153
1 0.8202843774038461 0.3163951033653846 0.8210099447115385 0.2748273605769231 0.7346168557692307 0.27331936298076925 0.7338912884615384 0.31488710576923074 0.8202843774038461 0.3163951033653846
1 0.726563625 0.25123100721153846 0.7260998437499999 0.2778010336538462 0.8222310336538462 0.27947900961538463 0.8226948149038461 0.2529089831730769 0.726563625 0.25123100721153846
1 0.8225930096153846 0.25874142788461535 0.8231973798076923 0.22411707211538462 0.7283680745192308 0.22246182211538462 0.7277637043269232 0.2570861778846154 0.8225930096153846 0.25874142788461535
1 0.7289126538461539 0.1912628701923077 0.7284084735576923 0.2201473581730769 0.8232377788461539 0.22180261057692308 0.8237419591346153 0.1929181201923077 0.7289126538461539 0.1912628701923077
1 0.822137889423077 0.21020757451923078 0.8229038557692309 0.1663253701923077 0.7352088798076923 0.16479464903846155 0.7344429134615384 0.20867685336538463 0.822137889423077 0.21020757451923078
1 0.7271362572115384 0.14381723317307693 0.7266110673076922 0.17390524278846156 0.8156079302884615 0.1754586875 0.8161331177884615 0.14537067788461538 0.7271362572115384 0.14381723317307693
1 0.7738999663461539 0.1446334951923077 0.7743427403846154 0.11926699038461538 0.73085978125 0.11850799278846155 0.7304170072115385 0.14387449759615384 0.7738999663461539 0.1446334951923077
1 0.7658467355769231 0.12254514182692308 0.7663089014423077 0.09606768990384616 0.7228259399038461 0.0953086923076923 0.7223637740384615 0.12178614423076922 0.7658467355769231 0.12254514182692308
1 0.7566919975961538 0.08895432451923077 0.7571767860576923 0.06118077884615385 0.7259836225961538 0.06063630048076923 0.7254988341346155 0.08840984615384614 0.7566919975961538 0.08895432451923077
1 0.7272245745192307 0.028338223557692308 0.7266202043269231 0.06296257932692308 0.7578133677884615 0.06350705769230769 0.7584177379807693 0.028882701923076924 0.7272245745192307 0.028338223557692308
1 0.8944110961538462 0.16414708653846155 0.8949152764423077 0.13526259615384617 0.8124278413461539 0.1338227716346154 0.8119236610576923 0.16270726201923078 0.8944110961538462 0.16414708653846155
1 0.9074504783653846 0.19900959375000002 0.9081162572115384 0.16086725480769232 0.8145888365384616 0.1592347283653846 0.8139230600961539 0.19737706730769233 0.9074504783653846 0.19900959375000002
1 0.9090269711538461 0.2220961778846154 0.9095101442307693 0.19441521153846153 0.8231170552884616 0.1929072139423077 0.8226338822115384 0.2205881826923077 0.9090269711538461 0.2220961778846154
1 0.9051418509615385 0.2566632692307692 0.9057866201923077 0.21972445192307694 0.81939353125 0.2182164543269231 0.8187487620192309 0.2551552716346154 0.9051418509615385 0.2566632692307692
1 0.9027706706730769 0.28208872115384614 0.9033750408653846 0.24746436778846154 0.8241162788461539 0.24608089903846153 0.8235119086538462 0.2807052548076923 0.9027706706730769 0.28208872115384614
1 0.9086640504807693 0.31451132692307693 0.90934921875 0.27525804807692306 0.8184255673076923 0.27367097115384614 0.8177403990384615 0.3129242475961539 0.9086640504807693 0.31451132692307693
1 1 0.2768403653846154 0.9145567572115384 0.2753489471153846 0.9140929759615385 0.30191897115384614 1 0.3034184855769231 1 0.2768403653846154
1 1 0.24563190625 0.9079670072115384 0.2440254639423077 0.9074434350961538 0.27402089423076925 1 0.27563647596153845 1 0.24563190625
1 1 0.21562733653846153 0.9123962331730768 0.21409820673076924 0.9116108749999999 0.25909135336538464 1 0.2606341899038461 1 0.21562733653846153
1 1 0.19016049519230768 0.912840625 0.1886391201923077 0.9123364447115385 0.2175236105769231 1 0.21905378365384615 1 0.19016049519230768
1 1 0.1636749783653846 0.9087722307692307 0.16208259375 0.9083892475961538 0.18402369471153845 1 0.18562276682692308 1 0.1636749783653846
1 1 0.1301513533653846 0.8937345889423077 0.12829648557692308 0.8930494206730769 0.16754976442307695 1 0.16941659375 1 0.1301513533653846