1 0.9878170697115384 0.3622406706730769 0.9943071682692307 0.32543348076923073 0.9516065216346153 0.3179042043269231 0.9451164206730769 0.35471139423076925 0.9878170697115384 0.3622406706730769
1 0.8752703966346154 0.20734391586538464 0.8853854014423077 0.14997886538461538 0.7088124495192307 0.11884429086538462 0.6986974423076924 0.17620934134615382 0.8752703966346154 0.20734391586538464
1 0.7761242548076923 0.20230075240384615 0.7700031562499999 0.23701522596153846 0.8879492716346153 0.25781231009615385 0.8940703701923076 0.22309783653846155 0.7761242548076923 0.20230075240384615
1 0.7825786730769231 0.21473546153846154 0.7760234543269231 0.2519119543269231 0.8979703509615384 0.2734144831730769 0.9045255697115385 0.23623799038461538 0.7825786730769231 0.21473546153846154
1 0.8979161538461539 0.5211690192307692 0.9028000096153845 0.4934713028846154 0.8721786418269232 0.4880719278846154 0.8672947884615384 0.5157696466346153 0.8979161538461539 0.5211690192307692
1 0.9465623100961539 0.5395201322115384 0.9512942235576923 0.5126841201923077 0.8999765072115384 0.503635420673077 0.89524459375 0.5304714326923077 0.9465623100961539 0.5395201322115384
1 1 0.5212722620192308 0.9587572211538462 0.514000048076923 0.9534609519230769 0.5440366850961539 0.9978542379807693 0.5518644182692308 1 0.5396951971153846 1 0.5212722620192308
1 0.8403404375 0.5647075504807693 0.8457669423076923 0.5339323076923077 0.8299946322115385 0.5311512235576923 0.824568125 0.5619264663461538 0.8403404375 0.5647075504807693
1 0.8270234807692307 0.5794947355769231 0.8346857067307693 0.5360400937500001 0.8060647307692308 0.5309934423076923 0.7984025048076924 0.5744480841346153 0.8270234807692307 0.5794947355769231
1 0.7877932067307692 0.6116713028846154 0.7976694471153846 0.5556603629807693 0.7754343341346155 0.5517397139423077 0.7655580937500001 0.6077506538461539 0.7877932067307692 0.6116713028846154
1 0.7617771634615385 0.6323427115384616 0.7740410649038462 0.5627906634615385 0.7444198942307693 0.5575676514423077 0.7321559927884616 0.6271196995192307 0.7617771634615385 0.6323427115384616
1 0.6471316274038461 0.7448946394230769 0.6679911153846153 0.626594608173077 0.5947460384615385 0.6136795240384616 0.5738865504807692 0.7319795552884615 0.6471316274038461 0.7448946394230769
1 0.7374395721153846 0.6619411995192308 0.7519826057692308 0.5794635504807693 0.7114362235576923 0.5723141298076923 0.6968931899038461 0.6547917788461538 0.7374395721153846 0.6619411995192308
1 0.6950604230769231 0.7011782355769232 0.7089305697115384 0.6225167163461538 0.6733082283653846 0.6162355360576923 0.659438079326923 0.6948970552884616 0.6950604230769231 0.7011782355769232
1 0.5751390360576922 0.8279043605769231 0.6032049230769231 0.6687348076923076 0.5012619326923077 0.6507595072115385 0.47319604567307694 0.809929060096154 0.5751390360576922 0.8279043605769231
1 0.4597131538461538 0.9655774302884615 0.5051004471153846 0.7081733028846154 0.31229355528846153 0.6741762451923077 0.2669062620192308 0.9315803725961539 0.4597131538461538 0.9655774302884615
1 0.2818524495192308 0.9687402932692308 0.30403600480769233 0.8429311033653846 0.17878076923076922 0.8208452259615384 0.1565972139423077 0.9466544158653847 0.2818524495192308 0.9687402932692308
1 0.08283009134615385 0 0.07945036298076923 0.01916739423076923 0.11999674278846154 0.02631681490384615 0.12463710817307692 0 0.08283009134615385 0
1 0.3843532716346154 0.13728266586538462 0.3942078052884615 0.08139482451923077 0.22440540625 0.05145407932692307 0.2145508701923077 0.10734192067307692 0.3843532716346154 0.13728266586538462
1 0.8465348798076923 0.15975608173076922 0.8643555240384615 0.05869018509615384 0.6314638774038461 0.017625103365384615 0.6136432331730769 0.118691 0.8465348798076923 0.15975608173076922
1 0.6571227115384615 0.1811906418269231 0.6744441177884616 0.08295606971153847 0.48256048076923075 0.049121805288461544 0.4652390745192308 0.1473563798076923 0.6571227115384615 0.1811906418269231
1 0.3400278173076923 0 0.5395193990384615 0.03517574759615384 0.5450544326923077 0.0037849999999999997 0.5235886298076923 0 0.3400278173076923 0
1 0.21562456009615383 0.14129417548076922 0.2104585264423077 0.17059220673076922 0.2501585889423077 0.17759239903846155 0.25532462259615385 0.14829436778846156 0.21562456009615383 0.14129417548076922
1 0.16426773076923076 0.12436902403846153 0.15708303846153845 0.16511544471153844 0.21686394711538462 0.17565643269230768 0.22404863942307693 0.13491001201923078 0.16426773076923076 0.12436902403846153
1 0.09657013701923077 0.20191658173076923 0.1007376923076923 0.17828119711538462 0.07357854086538461 0.17349230528846155 0.06941098557692307 0.1971276923076923 0.09657013701923077 0.20191658173076923