1 0.8253483461538462 0.5817873990384616 0.8342854302884616 0.5090006802884616 0.6787348389423078 0.48990146875 0.6697977524038462 0.5626881874999999 0.8253483461538462 0.5817873990384616
1 0.930800735576923 0.5447796274038461 0.9360817403846154 0.5017692932692308 0.8187596826923078 0.4873639567307692 0.8134786778846154 0.5303742908653846 0.930800735576923 0.5447796274038461
1 0.9625444759615385 0.538182375 0.9669453125 0.5023404302884615 0.9315083125 0.4979893125 0.9271074759615385 0.5338312596153846 0.9625444759615385 0.538182375
1 0.9883693677884615 0.53491640625 0.9932610673076923 0.4950767043269231 0.9650355360576923 0.49161104567307695 0.9601438365384615 0.5314507451923076 0.9883693677884615 0.53491640625
1 0.5302315144230769 0.4832819014423077 0.5355802235576923 0.43972015625 0.44981803365384615 0.4291898822115385 0.44446932451923077 0.4727516298076923 0.5302315144230769 0.4832819014423077
1 0.6653391947115386 0.5720759110576923 0.6760366153846153 0.4849524158653846 0.5232000168269231 0.4661864399038462 0.5125025961538461 0.5533099375 0.6653391947115386 0.5720759110576923
1 0.5990355985576923 0.24600953125000002 0.6029455721153846 0.21416534134615384 0.5509919855769231 0.20778624278846153 0.5470820096153847 0.23963043269230772 0.5990355985576923 0.24600953125000002
1 0.649798125 0.24734476682692305 0.6532172379807691 0.2194983341346154 0.59366446875 0.21218617307692306 0.5902453557692308 0.24003260576923077 0.649798125 0.24734476682692305
1 0.6992998605769232 0.255102 0.7028205288461538 0.22642844471153845 0.6476876923076923 0.21965898317307692 0.6441670216346154 0.24833253846153847 0.6992998605769232 0.255102
1 0.7401616634615386 0.2665560673076923 0.7429037235576923 0.24422377884615384 0.6967658341346153 0.2385587596153846 0.6940237740384615 0.2608910480769231 0.7401616634615386 0.2665560673076923
1 0.7803806995192308 0.27555236778846154 0.7840029278846153 0.24605169230769233 0.7352285889423077 0.24006295673076924 0.7316063629807693 0.26956363221153845 0.7803806995192308 0.27555236778846154
1 0.8098988509615384 0.28323476923076923 0.8136226370192308 0.25290696875 0.7750839302884616 0.24817501201923076 0.7713601442307693 0.27850281009615385 0.8098988509615384 0.28323476923076923
1 0.6203520312499999 0.012141913461538461 0.608520548076923 0.10850160336538463 0.7748495721153846 0.12892423798076924 0.7866810528846154 0.032564550480769235 0.6203520312499999 0.012141913461538461
1 0.8548963173076923 0.16100192067307692 0.8690805552884615 0.04548057451923077 0.7081795168269231 0.025724413461538462 0.6939952812500001 0.14124575721153845 0.8548963173076923 0.16100192067307692
1 0.903234766826923 0.19618290384615383 0.9174359302884615 0.08052370913461539 0.7760756442307692 0.0631668485576923 0.7618744807692307 0.17882604567307692 0.903234766826923 0.19618290384615383
1 0.9438214086538461 0.2118011442307692 0.9557883004807692 0.114338625 0.8220271971153846 0.09791482692307693 0.8100603052884616 0.19537734615384617 0.9438214086538461 0.2118011442307692
1 0.9825257596153846 0.2292872451923077 0.9924953485576923 0.14809145673076923 0.9081289254807692 0.1377325625 0.8981593365384615 0.21892835096153848 0.9825257596153846 0.2292872451923077
1 1 0.2023269735576923 0.9183516802884615 0.19230181971153845 0.9102439831730769 0.2583337115384615 1 0.2693543653846154 1 0.2023269735576923
1 1 0.4910065264423077 0.9891233846153846 0.48967104567307695 0.9856027139423078 0.5183446009615384 1 0.5201123653846154 1 0.4910065264423077
1 0.5034023485576923 0.06970730528846154 0.5109684038461538 0.00808673076923077 0.4721195264423077 0.0033166899038461536 0.46455347115384615 0.06493726442307693 0.5034023485576923 0.06970730528846154
1 0.5429491105769231 0.07456303605769231 0.5505997956730769 0.012253194711538462 0.5088042980769231 0.007121353365384616 0.5011536105769231 0.06943119471153845 0.5429491105769231 0.07456303605769231
1 0.4842157355769231 0.31251221153846154 0.48763484855769235 0.28466577644230767 0.45855634615384616 0.28109538701923076 0.45513723557692304 0.3089418197115385 0.4842157355769231 0.31251221153846154
1 0.45785557451923076 0.15730952403846155 0.46097001442307695 0.13194445673076924 0.4251453004807692 0.1275457331730769 0.42203086298076925 0.1529108028846154 0.45785557451923076 0.15730952403846155
1 0.13682134375 0 0.1290607764423077 0.06320474038461538 0.19931443509615385 0.07183080528846154 0.20813414663461538 0 0.13682134375 0
1 0.10092880528846153 0 0.09253340624999999 0.06837504567307692 0.15247388701923076 0.0757348125 0.16117400480769228 0.004878045673076923 0.12144551682692308 0 0.10092880528846153 0
1 0.23482882692307694 0.1787615216346154 0.23951741105769228 0.14057606730769232 0.1996604807692308 0.13568225 0.19497189423076922 0.1738677067307692 0.23482882692307694 0.1787615216346154
1 0.25598380528846154 0.032751326923076925 0.2588104951923077 0.009729771634615384 0.22337349759615382 0.005378656250000001 0.22054680528846154 0.02840021153846154 0.25598380528846154 0.032751326923076925
1 0.22162762740384614 0.03818822115384615 0.224843625 0.01199603125 0.20654355528846152 0.009749064903846154 0.2033275576923077 0.035941257211538465 0.22162762740384614 0.03818822115384615
2 0 0.6610994735576923 0.11825193749999999 0.6756189855769231 0.17972825 0.17493459375 0.04046161778846154 0.15783480048076923 0 0.48736823557692305 0 0.6610994735576923
2 0.1676648629807692 0.2834398846153846 0.14151373317307692 0.4964237475961539 0.24038063461538461 0.5085630769230769 0.2665317644230769 0.2955792139423077 0.1676648629807692 0.2834398846153846
2 0.2338362451923077 0.30415858173076926 0.21377858413461537 0.4675151370192308 0.25836561778846157 0.4729897355769231 0.27842327884615387 0.30963318028846154 0.2338362451923077 0.30415858173076926
2 0.2587783629807692 0.3542382115384616 0.24811479567307693 0.441086 0.2897552091346154 0.4461988004807692 0.3004187764423077 0.3593510120192308 0.2587783629807692 0.3542382115384616
2 0.3500376875 0.4642353870192307 0.3657114399038462 0.33658292067307694 0.34958256490384615 0.3346025432692308 0.33390881250000004 0.46225500961538457 0.3500376875 0.4642353870192307
2 0.36195771153846157 0.2979206081730769 0.3382101153846154 0.4913292524038461 0.41249599278846155 0.5004504110576924 0.4362435865384615 0.3070417668269231 0.36195771153846157 0.2979206081730769