1 0.986402641826923 0.7467405841346154 0.9709446033653847 0.5700543846153846 0.7480460408653846 0.5895554831730769 0.7635040793269231 0.7662416802884615 0.986402641826923 0.7467405841346154
1 0.7557120408653847 0.6682144447115385 0.7443575841346154 0.5384324134615385 0.6209228365384616 0.5492315552884615 0.6322772908653846 0.6790135865384616 0.7557120408653847 0.6682144447115385
1 0.5392212548076923 0.5368607980769231 0.547803673076923 0.6349583028846154 0.6394068894230769 0.6269440600961539 0.63082446875 0.5288465552884616 0.5392212548076923 0.5368607980769231
1 0.5499782860576923 0.5791396995192307 0.543816860576923 0.5087142692307692 0.4770406850961538 0.5145564278846154 0.4832021105769231 0.5849818581730769 0.5499782860576923 0.5791396995192307
1 0.4435835264423077 0.5077241923076923 0.44829235576923077 0.561546375 0.4809021682692308 0.5586933870192308 0.4761933365384615 0.5048712019230769 0.4435835264423077 0.5077241923076923
1 0.4509732451923077 0.5473698846153846 0.4462644158653846 0.4935477019230769 0.41591160817307693 0.49620322836538466 0.4206204399038462 0.5500254134615384 0.4509732451923077 0.5473698846153846
1 0.3959963293269231 0.5007339759615385 0.3989015216346154 0.5339404663461539 0.4190588990384615 0.5321769254807692 0.41615370673076924 0.4989704350961538 0.3959963293269231 0.5007339759615385
1 0.4017034591346154 0.5211475817307692 0.3983140697115385 0.4824066754807692 0.3780788653846154 0.4841770264423077 0.3814682548076923 0.5229179326923077 0.4017034591346154 0.5211475817307692
1 0.3642687548076923 0.48677944951923074 0.3668107980769231 0.5158351274038462 0.3815202355769231 0.51454821875 0.37897819230769236 0.4854925408653846 0.3642687548076923 0.48677944951923074
1 0.49569883413461535 0 0.41118172836538464 0.007394288461538461 0.4173068389423077 0.07740463701923078 0.513346235576923 0.06900227884615386 0.5073093173076922 0 0.49569883413461535 0
1 0.51853940625 0.11581112019230769 0.5108285432692308 0.027675560096153847 0.37867709134615385 0.039237312499999996 0.38638795192307696 0.12737287259615385 0.51853940625 0.11581112019230769
1 0.4398741778846154 0.16145203365384614 0.4334101274038461 0.08756759375 0.36118601201923073 0.09388638461538462 0.36765006250000004 0.16777082451923078 0.4398741778846154 0.16145203365384614
1 0.4504790456730769 0.20109527884615386 0.4451044399038461 0.13966327403846154 0.3458741105769231 0.14834480288461538 0.35124871394230767 0.2097768076923077 0.4504790456730769 0.20109527884615386
1 0.40845884615384614 0.21829525480769232 0.4054326057692308 0.1837051610576923 0.33748901442307694 0.18964945432692307 0.3405152548076923 0.2242395480769231 0.40845884615384614 0.21829525480769232
1 0.4144028076923077 0.2485869182692308 0.4101297548076923 0.19974570432692307 0.3302785240384616 0.20673178365384615 0.3345515769230769 0.2555729951923077 0.4144028076923077 0.2485869182692308
1 0.3234469038461538 0.06052081971153846 0.3195006850961538 0.015415338942307693 0.29794240865384614 0.017301444711538463 0.30188862740384614 0.06240692548076923 0.3234469038461538 0.06052081971153846
1 0.3366654543269231 0.2178842283653846 0.3328765985576923 0.1745774326923077 0.32011285576923076 0.17569411538461538 0.32390170913461536 0.2190009110576923 0.3366654543269231 0.2178842283653846
1 0.15920965625 0.23062121153846155 0.15408925721153846 0.17209477403846155 0.11961158173076923 0.17511118028846154 0.12473198076923077 0.23363761778846154 0.15920965625 0.23062121153846155
1 0.07833077403846155 0.11291681490384614 0.07396088221153846 0.06296871875 0.027886877403846155 0.06699967307692307 0.03225676923076923 0.11694776923076923 0.07833077403846155 0.11291681490384614
1 0.12212102403846153 0.3346662884615385 0.11760587259615383 0.28305787019230766 0.04678265625 0.2892540985576923 0.05129780769230769 0.3408625168269231 0.12212102403846153 0.3346662884615385
1 0.09340701923076923 0.40535453846153846 0.08972711057692308 0.36329298317307696 0.03976172115384616 0.36766438701923077 0.04344162980769231 0.40972594230769227 0.09340701923076923 0.40535453846153846
1 0.13048953846153846 0.3837068725961539 0.12763276442307692 0.35105382451923073 0.08739583894230768 0.3545740985576923 0.09025261057692308 0.3872271490384615 0.13048953846153846 0.3837068725961539
1 0.17675216586538461 0.37017889663461534 0.17422222596153844 0.34126157692307696 0.12900432692307692 0.34521762980769233 0.13153426442307692 0.37413494951923076 0.17675216586538461 0.37017889663461534
1 0.3286037596153846 0.10691457932692307 0.32512963461538463 0.0672051514423077 0.2952437932692308 0.06981982451923077 0.2987179182692308 0.10952925240384616 0.3286037596153846 0.10691457932692307
1 0.33175809855769234 0.1313158485576923 0.3293734206730769 0.10405885576923077 0.28625686778846154 0.10783106490384615 0.2886415456730769 0.1350880576923077 0.33175809855769234 0.1313158485576923
1 0.33505776682692306 0.1511035625 0.33279413942307695 0.12523017307692308 0.28734275480769234 0.12920665384615385 0.2896063846153846 0.15508004326923078 0.33505776682692306 0.1511035625