2 0 0.46566415384615384 0.03287806730769231 0.7784780697115384 0.20707479326923076 0.7601692572115385 0.13781379807692307 0.10119490625000001 0 0.11567971875 0 0.46566415384615384
1 0.6047845024038462 0.13444029807692306 0.5926875096153846 0.019345105769230767 0.34864116105769233 0.04499541105769231 0.3607381514423077 0.16009060096153846 0.6047845024038462 0.13444029807692306
1 0.9320516394230769 0.14047294471153846 0.9229271754807692 0.05365947115384616 0.6655169375000001 0.08071437740384615 0.6746414014423077 0.16752785096153847 0.9320516394230769 0.14047294471153846
1 0.7883774495192307 0.09566217788461538 0.7996795913461539 0.20319485817307692 0.9691367980769231 0.1853841875 0.9578346586538462 0.07785150721153845 0.7883774495192307 0.09566217788461538
1 0.772677766826923 0.6226903557692308 0.7591979495192308 0.49443846875 0.5111113557692307 0.5205134206730769 0.524591173076923 0.6487653076923077 0.772677766826923 0.6226903557692308
1 0.5739430264423077 0.6310093653846154 0.5596030264423077 0.49457339423076924 0.2990849086538461 0.521954951923077 0.31342490624999997 0.658390923076923 0.5739430264423077 0.6310093653846154
1 0.3911825552884615 0.3339021177884615 0.38553148557692307 0.28013577884615387 0.30177409374999997 0.28893903605769233 0.3074251634615385 0.34270537500000003 0.3911825552884615 0.3339021177884615
1 0.4772442211538461 0.2775139903846154 0.47058053125000004 0.21411322115384615 0.32171303605769236 0.22975982451923077 0.3283767235576923 0.29316059615384615 0.4772442211538461 0.2775139903846154
1 0.6388876322115385 0.2548685985576923 0.6336720985576924 0.20524610336538462 0.5106777091346154 0.2181733341346154 0.5158932451923077 0.2677958317307692 0.6388876322115385 0.2548685985576923
1 0.4928350841346154 0.21732541586538462 0.4957313942307692 0.24488196153846153 0.6362853100961539 0.23010914903846155 0.633389 0.20255260576923076 0.4928350841346154 0.21732541586538462
1 0.4868556802884615 0.30991599038461537 0.4835238341346154 0.2782156033653846 0.4256395528846154 0.2842994879807692 0.42897139663461537 0.31599987259615386 0.4868556802884615 0.30991599038461537
1 0.6317493413461539 0.30578953846153845 0.6274048774038461 0.2644547235576923 0.5591868894230769 0.27162472115384617 0.5635313533653846 0.31295953846153846 0.6317493413461539 0.30578953846153845
1 1 0.74250171875 0.9594824423076923 0.7467602860576924 0.9677467235576922 0.825389673076923 1 0.8219997163461539 1 0.74250171875
1 0.9003264423076923 0.5964956057692308 0.8913108629807692 0.5107180913461539 0.7573611947115384 0.5247967692307692 0.7663767740384616 0.6105742836538461 0.9003264423076923 0.5964956057692308
1 1 0.5477891225961539 0.9914526322115385 0.46646634375 0.8467807764423078 0.48167196875 0.8557963557692307 0.567449483173077 1 0.5522930697115385 1 0.5477891225961539
1 0.3152624735576923 0.3193624447115385 0.31091800721153845 0.2780276274038461 0.22226570432692305 0.28734536057692306 0.22661016826923078 0.3286801778846154 0.3152624735576923 0.3193624447115385
1 0.3170389639423077 0.18678380528846153 0.3064227908653846 0.08577767548076923 0.17029760576923078 0.10008500721153846 0.18091377884615384 0.20109113942307694 0.3170389639423077 0.18678380528846153
1 0.9717235408653846 0.2398915625 0.967738391826923 0.20197541586538462 0.9117188389423077 0.2078633076923077 0.9157039879807692 0.24577945432692308 0.9717235408653846 0.2398915625