1 0.44238522115384615 0 0.4345058533653846 0.05606462740384615 0.7535578461538462 0.10090446153846154 0.7626214951923077 0.03641325240384616 0.5035277307692307 0 0.44238522115384615 0
1 0.7366345288461538 0.17135985817307692 0.7528481947115384 0.055993627403846155 0.42691074278846153 0.01018610576923077 0.41069707692307694 0.12555233653846154 0.7366345288461538 0.17135985817307692
1 0.7345795384615385 0.22976727644230768 0.7540637716346155 0.09112974519230768 0.42209187499999995 0.044474139423076924 0.4026076418269231 0.18311166826923075 0.7345795384615385 0.22976727644230768
1 0.727361358173077 0.2749524375 0.7420267235576923 0.17060293990384615 0.4229747283653846 0.12576310576923078 0.40830936298076925 0.2301126033653846 0.727361358173077 0.2749524375
1 0.7147204591346153 0.3025871033653846 0.7264805865384615 0.21890945192307693 0.40742859375 0.17406961778846153 0.3956684663461539 0.25774726923076924 0.7147204591346153 0.3025871033653846
1 0.7006270985576923 0.3776057644230769 0.7129787115384616 0.28971947115384616 0.39740812980769236 0.24536891826923077 0.3850565168269231 0.33325520913461537 0.7006270985576923 0.3776057644230769
1 0.7005031370192308 0.4222732115384616 0.7116891730769231 0.34268041586538456 0.39952263701923074 0.2988082692307692 0.38833660096153844 0.3784010649038461 0.7005031370192308 0.4222732115384616
1 0.6823837211538462 0.4827146875 0.6949093004807693 0.3935905625 0.39040187019230765 0.35079483413461543 0.37787629086538466 0.4399189591346154 0.6823837211538462 0.4827146875
1 0.6771444855769231 0.5323435120192308 0.6881391610576924 0.4541123341346154 0.3768236370192308 0.41035979086538465 0.3658289615384615 0.48859096874999997 0.6771444855769231 0.5323435120192308
1 0.670519875 0.5985660168269231 0.6857419326923077 0.49025544711538466 0.3675409495192307 0.44553521634615384 0.3523188918269231 0.5538457860576923 0.670519875 0.5985660168269231
1 0.6664288173076923 0.6400251298076923 0.6810767860576923 0.5357994158653846 0.36287580528846153 0.49107918269230766 0.3482278365384615 0.5953048990384615 0.6664288173076923 0.6400251298076923
1 0.6555002211538461 0.6987001850961538 0.6707396754807693 0.5902658317307693 0.35942415144230766 0.5465132884615385 0.34418469711538463 0.654947641826923 0.6555002211538461 0.6987001850961538
1 0.6474107860576923 0.756259516826923 0.6620587548076924 0.6520338028846153 0.34563716105769227 0.6075636466346154 0.3309891923076923 0.7117893605769231 0.6474107860576923 0.756259516826923
1 0 0.9244188629807693 0.2340784230769231 0.9573164423076924 0.26847157451923076 0.7125964447115384 0 0.6748652259615385 0 0.9244188629807693
1 0.22794001201923075 0.9622602524038462 0.24434504326923076 0.8455324038461539 0.06648361298076923 0.820535610576923 0.050078584134615384 0.9372634591346153 0.22794001201923075 0.9622602524038462
1 0 0.8547407620192308 0.2312256514423077 0.8872374086538461 0.27042027403846153 0.6083531634615384 0 0.5703480721153846 0 0.8547407620192308
1 0 0.7038977668269231 0.25201463221153847 0.7393161153846154 0.28760815384615385 0.48605505769230767 0.0030608125 0.4460645360576923 0 0.46784334855769233 0 0.7038977668269231
1 0 0.5471220384615385 0.2914151370192308 0.5880777644230769 0.32420779807692307 0.3547458509615385 0.028984129807692306 0.31325487019230774 0 0.5194876754807692 0 0.5471220384615385
1 0.045635314903846154 0.1560422860576923 0.01244253125 0.39222121875 0.33435701923076927 0.4374633509615385 0.3675498028846154 0.20128441586538462 0.045635314903846154 0.1560422860576923
1 0.07300923076923077 0 0.03938731971153846 0.23923233173076924 0.34350792788461537 0.28197369471153844 0.3779010793269231 0.03725369951923077 0.11282722596153846 0 0.07300923076923077 0
1 0.06575109615384615 0 0.054259117788461535 0.08176967067307692 0.32813012980769235 0.12025973076923077 0.34503153365384615 0 0.06575109615384615 0
1 1 0.18704085336538462 0.9785540961538461 0.18402682932692307 0.9737004350961538 0.21856242788461538 1 0.2222585889423077 1 0.18704085336538462
1 0.8525951057692308 0.12429037500000001 0.8440359591346154 0.1851918605769231 0.8697210384615384 0.18880166346153848 0.8782801826923077 0.12790017548076923 0.8525951057692308 0.12429037500000001
1 0.8593190624999999 0.11349611778846154 0.8526039591346154 0.1612765528846154 0.8752718149038461 0.16446231249999999 0.8819869182692308 0.11668187740384615 0.8593190624999999 0.11349611778846154
1 0.8629408269230769 0.08042835817307692 0.8555298581730769 0.13316013221153847 0.877114608173077 0.13619367067307692 0.884525576923077 0.08346189663461538 0.8629408269230769 0.08042835817307692
1 0.8634680024038462 0.046925680288461544 0.8558308798076923 0.10126664182692308 0.8825990625 0.10502866346153847 0.8902361875 0.05068770432692308 0.8634680024038462 0.046925680288461544
1 0.8442046105769231 0.049267526442307696 0.8367936442307692 0.10199930048076923 0.8584557572115384 0.10504371153846154 0.8658667259615385 0.0523119375 0.8442046105769231 0.049267526442307696
1 0.83733946875 0.08352043028846154 0.8269188822115384 0.15766675 0.8485036322115385 0.16070028846153847 0.8589242163461539 0.08655396875 0.83733946875 0.08352043028846154
1 0.7992561418269231 0.04799956730769231 0.7895488173076923 0.11707076682692308 0.8327956802884615 0.12314871634615385 0.8425030048076922 0.054077519230769235 0.7992561418269231 0.04799956730769231
1 0.7937628317307692 0.04217839663461539 0.7914490793269231 0.05864160336538461 0.8490857764423076 0.06674191105769231 0.8513995288461539 0.05027870432692308 0.7937628317307692 0.04217839663461539
1 0.7888630576923077 0.174155875 0.8029891274038461 0.07364366586538461 0.7402463605769231 0.06482574519230769 0.7261202908653845 0.16533795432692308 0.7888630576923077 0.174155875
1 0.7374054326923076 0.11479162980769231 0.7255931153846155 0.19884063221153847 0.7832298100961539 0.20694093990384616 0.7950421274038462 0.1228919375 0.7374054326923076 0.11479162980769231
1 0.7700993774038462 0.25546072836538464 0.7795805456730769 0.18799871634615384 0.7271272836538463 0.1806268918269231 0.7176461153846153 0.24808890384615384 0.7700993774038462 0.25546072836538464
1 0.7350443173076923 0.213549125 0.7241540216346153 0.2910376033653846 0.7612117091346153 0.2962457211538462 0.7721020048076923 0.2187572451923077 0.7350443173076923 0.213549125
1 0.7579771850961539 0.3344170432692308 0.7693197932692308 0.25371019471153844 0.7188780120192307 0.24662106490384617 0.70753540625 0.32732791346153844 0.7579771850961539 0.3344170432692308
1 0.7498864975961539 0.3768287860576923 0.7577497788461538 0.32087863942307693 0.7145802788461538 0.31481156250000003 0.706717 0.37076170673076925 0.7498864975961539 0.3768287860576923
1 0.73681603125 0.4254832283653846 0.7446967091346154 0.36940930048076925 0.7034613269230768 0.3636140456730769 0.6955806514423077 0.4196879735576923 0.73681603125 0.4254832283653846
1 0.7274760528846154 0.46948659375 0.7362787500000001 0.40685213701923073 0.6899373004807692 0.40033927163461536 0.6811346009615384 0.46297372596153846 0.7274760528846154 0.46948659375
1 0.7237118509615384 0.5108654134615385 0.7341150384615385 0.436842875 0.6929570216346155 0.43105849278846153 0.6825538341346153 0.50508103125 0.7237118509615384 0.5108654134615385
1 0.7179187692307691 0.5520853221153846 0.7262517596153846 0.4927930216346154 0.686099483173077 0.4871499855769231 0.6777664951923076 0.5464422884615385 0.7179187692307691 0.5520853221153846
1 0.7076567668269231 0.6026492115384615 0.7173640913461538 0.533578014423077 0.68239525 0.5286634639423077 0.6726879254807692 0.5977346610576924 0.7076567668269231 0.6026492115384615
1 0.7065110889423077 0.6411141009615384 0.7157661009615384 0.5752612740384616 0.6818029999999999 0.5704880721153847 0.6725479903846154 0.6363408990384615 0.7065110889423077 0.6411141009615384
1 0.7089186658653847 0.6834865360576923 0.71725165625 0.6241942355769231 0.6668098774038461 0.6171051057692308 0.6584768870192307 0.67639740625 0.7089186658653847 0.6834865360576923
1 0.7415124663461538 0.6418676850961538 0.7487668653846153 0.5902499615384615 0.7145716706730769 0.5854441418269231 0.7073172716346154 0.6370618653846154 0.7415124663461538 0.6418676850961538
1 0.718486920673077 0.5463586610576923 0.7091101322115385 0.6130779735576923 0.7488755865384615 0.6186666418269231 0.7582523725961539 0.5519473317307693 0.718486920673077 0.5463586610576923
1 0.7515351875 0.5744817836538462 0.7587895841346154 0.5228640600961538 0.7190241322115385 0.5172753918269231 0.711769735576923 0.5688931129807693 0.7515351875 0.5744817836538462
1 0.7253880384615384 0.4792914182692308 0.717681326923077 0.5341275120192308 0.7569052283653845 0.5396400721153847 0.7646119375 0.48480397836538464 0.7253880384615384 0.4792914182692308
1 0.7301895096153845 0.44512716826923077 0.7234918052884616 0.49278381971153845 0.7627157043269231 0.4982963798076923 0.7694134086538462 0.45063972836538463 0.7301895096153845 0.44512716826923077
1 0.7354258990384616 0.4078683341346154 0.72839765625 0.45787687019230766 0.77156715625 0.46394394711538467 0.7785953966346154 0.4139354110576923 0.7354258990384616 0.4078683341346154
1 0.7401229903846154 0.37444678605769227 0.7346430504807693 0.41343859134615385 0.776884173076923 0.41937519471153845 0.7823641129807692 0.3803833894230769 0.7401229903846154 0.37444678605769227
1 0.748287360576923 0.33431751201923077 0.7408068076923077 0.38754442067307693 0.7825063774038461 0.39340491346153844 0.7899869302884616 0.3401780048076923 0.748287360576923 0.33431751201923077
1 0.7578946466346154 0.2951483966346154 0.7509707836538462 0.3444142331730769 0.7886473894230769 0.3497093341346154 0.7955712524038462 0.30044349759615385 0.7578946466346154 0.2951483966346154
1 0.7819752740384616 0.12156042548076923 0.7712067548076923 0.1981824158653846 0.8162330048076923 0.20451044471153848 0.8270015240384615 0.12788845192307693 0.7819752740384616 0.12156042548076923
1 0.8102833557692308 0.24684440384615383 0.8192948149038461 0.18272454567307694 0.7799935504807693 0.17720111298076924 0.7709820913461538 0.24132097115384615 0.8102833557692308 0.24684440384615383
1 0.806647875 0.27776435336538463 0.815328798076923 0.21599638221153847 0.7738613221153846 0.2101685096153846 0.7651803990384616 0.27193648076923077 0.806647875 0.27776435336538463
1 0.7930675600961539 0.31208332932692306 0.8001479903846154 0.26170343990384615 0.7651791490384615 0.2567888918269231 0.7580987187499999 0.30716877884615384 0.7930675600961539 0.31208332932692306
1 0.819859875 0.16298609375 0.8106918461538462 0.22822000240384616 0.8421792764423077 0.23264527403846152 0.8513473052884616 0.16741136298076925 0.819859875 0.16298609375
1 0.8342887379807693 0.2629672139423077 0.83975128125 0.2240991923076923 0.80973378125 0.21988050721153846 0.8042712379807693 0.25874852884615385 0.8342887379807693 0.2629672139423077
1 0.83251553125 0.29074072115384614 0.8376649350961538 0.2541008028846154 0.7990599543269231 0.24867522596153846 0.7939105504807693 0.28531514423076926 0.83251553125 0.29074072115384614
1 0.816863764423077 0.32464234375 0.8239268004807693 0.2743862403846154 0.7953018629807692 0.2703632668269231 0.7882388293269231 0.3206193725961538 0.816863764423077 0.32464234375
1 0.8132108870192307 0.3556860769230769 0.8193171081730769 0.31223806490384615 0.7878296778846153 0.30781279567307696 0.7817234591346154 0.35126080769230766 0.8132108870192307 0.3556860769230769
1 0.8091396586538462 0.3796022211538462 0.8136453870192307 0.3475422932692308 0.7828542403846155 0.3432148798076923 0.7783485096153846 0.3752748076923077 0.8091396586538462 0.3796022211538462
1 0.8023637548076923 0.4171496081730769 0.8076697283653846 0.3793956370192308 0.7783485096153846 0.3752748076923077 0.7730425360576922 0.41302877884615385 0.8023637548076923 0.4171496081730769
1 0.79228040625 0.4529698774038462 0.7974124134615385 0.41645374038461536 0.7730425360576922 0.41302877884615385 0.7679105288461539 0.44954491346153846 0.79228040625 0.4529698774038462
1 0.7872875721153847 0.48849574278846153 0.79228040625 0.4529698774038462 0.7686841754807693 0.4496536418269231 0.7636913389423078 0.48517950961538464 0.7872875721153847 0.48849574278846153
1 0.7884554735576923 0.5318300096153846 0.7955359038461538 0.4814501225961539 0.7611859807692307 0.47662255528846154 0.754105548076923 0.5270024423076923 0.7884554735576923 0.5318300096153846
1 0.7882221971153847 0.5643641658653846 0.7956157692307693 0.5117561730769231 0.7542256586538462 0.505939173076923 0.7468320865384614 0.5585471634615384 0.7882221971153847 0.5643641658653846
1 0.7744840624999999 0.5846496033653846 0.7796334663461538 0.5480096826923077 0.755340954326923 0.54459559375 0.750191548076923 0.5812355120192307 0.7744840624999999 0.5846496033653846
1 0.7709011874999999 0.6202473990384616 0.7768508389423077 0.5779134375 0.7503921129807692 0.57419490625 0.7444424639423077 0.6165288653846154 0.7709011874999999 0.6202473990384616
1 0.7936173100961538 0.5989516225961539 0.7989232836538461 0.5611976514423077 0.7803557572115385 0.55858815625 0.7750497836538461 0.5963421250000001 0.7936173100961538 0.5989516225961539
1 0.7830610216346153 0.5286735288461538 0.7782421538461539 0.5629615600961538 0.7996721730769232 0.5659733533653847 0.8044910408653846 0.5316853221153847 0.7830610216346153 0.5286735288461538
1 0.7810241201923076 0.5016268317307693 0.7760486826923076 0.5370289134615385 0.801811125 0.5406495889423076 0.8067865649038463 0.5052475048076923 0.7810241201923076 0.5016268317307693
1 0.7847296057692308 0.4752609423076923 0.780223875 0.5073208725961538 0.8080751658653846 0.5112351153846154 0.8125808942307693 0.47917518750000004 0.7847296057692308 0.4752609423076923
1 0.7914541514423077 0.44818330048076926 0.7875920985576923 0.4756632403846154 0.8125808942307693 0.47917518750000004 0.8164429471153846 0.45169524759615387 0.7914541514423077 0.44818330048076926
1 0.7952988100961539 0.4208271466346154 0.7914541514423077 0.44818330048076926 0.8172165961538462 0.4518039759615385 0.8210612524038462 0.42444782211538457 0.7952988100961539 0.4208271466346154
1 0.8033107067307692 0.3845895240384615 0.7981613028846154 0.4212294423076923 0.8210612524038462 0.42444782211538457 0.82621065625 0.3878079038461539 0.8033107067307692 0.3845895240384615
1 0.8074859014423077 0.35488148317307694 0.8033107067307692 0.3845895240384615 0.82621065625 0.3878079038461539 0.8303858509615385 0.35809986057692306 0.8074859014423077 0.35488148317307694
1 0.8074060360576923 0.32457543028846153 0.8022740264423077 0.3610915673076923 0.8294290336538462 0.364907954326923 0.8345610432692308 0.32839181971153847 0.8074060360576923 0.32457543028846153
1 0.8333262980769232 0.34222964423076924 0.8392759495192308 0.29989568509615383 0.8135135048076924 0.2962750096153846 0.8075638557692308 0.33860896875 0.8333262980769232 0.34222964423076924