1 0.9347781754807692 0.2909686153846154 0.9475304639423077 0.2186467956730769 0.8492035649038462 0.20130911057692308 0.8364512764423077 0.2736309302884615 0.9347781754807692 0.2909686153846154
1 0.8280426009615385 0.2736290817307692 0.8379188413461538 0.21761814182692307 0.7754450985576924 0.20660233653846155 0.7655688605769231 0.2626132764423077 0.8280426009615385 0.2736290817307692
1 0.7568498509615385 0.2765188269230769 0.7664728533653846 0.22194406490384616 0.7121545504807693 0.21236628365384616 0.7025315480769231 0.2669410456730769 0.7568498509615385 0.2765188269230769
1 0.7054923725961538 0.27444417548076927 0.7139034567307692 0.22674255048076922 0.6483521923076924 0.21518409375 0.6399411081730769 0.26288571875 0.7054923725961538 0.27444417548076927
1 0.6253671346153846 0.28570160096153846 0.6335430697115385 0.2393335673076923 0.5496035961538461 0.22453277403846156 0.5414276610576922 0.2709008052884615 0.6253671346153846 0.28570160096153846
1 0.5402338293269231 0.2776713605769231 0.5471978461538461 0.23817646634615386 0.50318925 0.2304165625 0.49622523317307693 0.2699114567307692 0.5402338293269231 0.2776713605769231
1 0.4958552980769231 0.2783081153846154 0.5011370985576923 0.2483535456730769 0.44889612500000003 0.23914205288461537 0.4436143245192307 0.26909662259615386 0.4958552980769231 0.2783081153846154
1 1 0.2026186971153846 0.9600090192307692 0.1955672091346154 0.9477451177884616 0.26511925721153845 1 0.2743332043269231 1 0.2026186971153846
1 1 0.3306047620192307 0.8695702620192307 0.30760647836538463 0.8633116923076922 0.34310059375 1 0.36720243028846156 1 0.3306047620192307
1 0.8374278173076923 0.3639222331730769 0.8456218413461538 0.31745161778846154 0.7678374158653847 0.303736125 0.7596433942307693 0.35020674038461536 0.8374278173076923 0.3639222331730769
1 0.1459769326923077 0 0.13602991586538463 0.05641233173076923 0.42670207932692306 0.10766567548076923 0.4452245528846154 0.002619516826923077 0.4303685360576923 0 0.1459769326923077 0
1 0.18080289182692308 0 0.17942874759615385 0.007793158653846153 0.47733309375000005 0.06032173317307692 0.4879694423076923 0 0.18080289182692308 0
1 0.3142732596153846 0.12306405288461539 0.32823746634615386 0.043869096153846154 0.11534972836538461 0.006331242788461538 0.1013855216346154 0.08552619951923077 0.3142732596153846 0.12306405288461539
1 0.3120172235576923 0.17185097836538463 0.3286223317307692 0.07767873798076923 0.08703667788461539 0.03508066826923077 0.07043157211538462 0.12925290865384614 0.3120172235576923 0.17185097836538463
1 0.4419618509615385 0.19973508173076923 0.45379163221153845 0.13264505528846154 0.28406617067307693 0.10271787499999999 0.27223638942307693 0.16980790384615385 0.4419618509615385 0.19973508173076923
1 0 0.4835510144230769 0.017336519230769232 0.4866079110576923 0.02417391586538462 0.4478311057692308 0.005708771634615385 0.4445752019230769 0 0.47695125721153847 0 0.4835510144230769
1 0.02434089182692308 0.5094207860576924 0.03286050480769231 0.46110365625 0.017242069711538462 0.45834970432692307 0.00872245673076923 0.5066668341346154 0.02434089182692308 0.5094207860576924
1 0.03772604326923077 0.5293393653846153 0.04608286057692308 0.48194549278846155 0.026155891826923076 0.4784318317307692 0.017799072115384614 0.5258257043269231 0.03772604326923077 0.5293393653846153
1 0.057915341346153844 0.5642082716346154 0.06929291346153846 0.49968284615384617 0.04013337259615384 0.4945412331730769 0.028755798076923078 0.5590666586538462 0.057915341346153844 0.5642082716346154
1 0.08188527884615385 0.6113789014423077 0.0955781610576923 0.5337227091346154 0.05857093269230769 0.5271973365384615 0.04487805048076923 0.6048535288461538 0.08188527884615385 0.6113789014423077
1 0.1358230721153846 0.6834017908653846 0.1545264278846154 0.5773297908653846 0.08205073317307693 0.5645503701923077 0.06334737740384616 0.6706223701923076 0.1358230721153846 0.6834017908653846
1 0.25619054326923074 0.7700996875 0.27824024519230767 0.6450496177884616 0.11897836538461538 0.6169674519230769 0.09692866346153847 0.7420175216346153 0.25619054326923074 0.7700996875
1 0.4049657067307692 0.9876772139423077 0.43130234615384616 0.8383147043269231 0.2514979927884615 0.8066103461538462 0.22516135336538462 0.9559728557692307 0.4049657067307692 0.9876772139423077