1 0.7890861899038462 0 0.802946233173077 0.09861932451923076 0.8759785048076923 0.08835530769230769 0.8635609759615386 0 0.7890861899038462 0
1 0.8726197884615385 0.18402463221153847 0.853338514423077 0.04683124278846154 0.8039798413461539 0.05376815144230769 0.8232611153846154 0.1909615408653846 0.8726197884615385 0.18402463221153847
1 0.8943096466346153 0.19633411298076925 0.88294384375 0.11546222355769231 0.8181122307692308 0.12457371153846154 0.8294780336538461 0.20544560336538462 0.8943096466346153 0.19633411298076925
1 0.8996548052884615 0.2865725745192308 0.8871147307692309 0.19734529326923075 0.8315668798076923 0.20515203365384613 0.8441069567307693 0.29437931490384617 0.8996548052884615 0.2865725745192308
1 0.90818459375 0.33996759375 0.8968042932692307 0.25899254807692307 0.8402507019230769 0.26694063701923076 0.8516310024038461 0.34791568269230766 0.90818459375 0.33996759375
1 0.9125306971153846 0.4079409110576923 0.9001790841346153 0.3200546201923077 0.8559264783653846 0.3262739182692308 0.8682780913461539 0.4141602091346154 0.9125306971153846 0.4079409110576923
1 0.9183083942307693 0.47150541586538464 0.9071165576923076 0.39187136057692307 0.8556690360576924 0.39910183653846154 0.8668608725961539 0.47873589423076923 0.9183083942307693 0.47150541586538464
1 0.9138310168269231 0.5294634254807693 0.9038134519230769 0.45818475240384615 0.8709334567307692 0.46280573317307694 0.8809510216346154 0.53408440625 0.9138310168269231 0.5294634254807693
1 0.9354874519230769 0.6538053509615385 0.9181343052884615 0.5303313004807693 0.8769762884615384 0.5361156826923077 0.8943294350961538 0.6595897307692307 0.9354874519230769 0.6538053509615385
1 0.9503115216346154 0.7216735600961539 0.9372060552884616 0.6284233173076923 0.8836696875 0.6359473653846154 0.89677515625 0.7291976057692308 0.9503115216346154 0.7216735600961539
1 0.9748941346153847 0.7770201177884615 0.9627454831730768 0.69057796875 0.9092091153846155 0.698102014423077 0.9213577692307692 0.7845441634615384 0.9748941346153847 0.7770201177884615
1 0.9480023509615385 0.930906173076923 0.9244009134615384 0.7629732115384615 0.8429358918269231 0.7744223750000001 0.8665373293269231 0.9423553341346154 0.9480023509615385 0.930906173076923
1 0.9413336394230769 0.8834558293269231 0.9146732932692309 0.6937576009615385 0.3899859471153846 0.7674975985576923 0.4166462932692308 0.9571958269230769 0.9413336394230769 0.8834558293269231
1 0.9094788509615385 0.7106869495192308 0.8903135552884615 0.5743187836538461 0.4131281298076923 0.6413828221153846 0.43229342548076927 0.7777509879807692 0.9094788509615385 0.7106869495192308
1 0.9015476177884616 0.6110292355769231 0.8832086610576924 0.4805407860576923 0.38521213221153844 0.5505296346153846 0.4035510889423077 0.6810180841346154 0.9015476177884616 0.6110292355769231
1 0.91803834375 0.8142536009615384 0.8946978557692307 0.6481773942307693 0.4114779831730769 0.716089516826923 0.43481847115384614 0.8821657259615385 0.91803834375 0.8142536009615384
1 0.8916227475961538 0.529744451923077 0.8735737379807692 0.40131906250000005 0.35043368269230774 0.4748416033653846 0.3684826947115385 0.6032669927884615 0.8916227475961538 0.529744451923077
1 0.8817123774038461 0.4485628221153846 0.861430798076923 0.3042518822115384 0.36343426923076927 0.37424073076923076 0.38371584855769225 0.5185516682692307 0.8817123774038461 0.4485628221153846
1 0.8843452596153847 0.35951731009615384 0.8660063052884616 0.22902886057692307 0.3531557548076923 0.3011053052884615 0.37149471153846153 0.4315937548076923 0.8843452596153847 0.35951731009615384
1 0.8424934447115385 0.27672371634615384 0.8247198798076922 0.15025823076923078 0.3578239591346154 0.21587617307692308 0.3755975240384615 0.34234165865384614 0.8424934447115385 0.27672371634615384
1 0.312481391826923 0.12957593990384614 0.3341402043269231 0.28368640624999997 0.8617674110576924 0.2095332403846154 0.8401085961538463 0.055422771634615384 0.312481391826923 0.12957593990384614
1 0.5458711802884616 0 0.33318443509615386 0.029891173076923076 0.35707581730769233 0.19988718990384616 0.8225018076923077 0.1344758341346154 0.8036024615384616 0 0.5458711802884616 0
1 0.5032084807692307 0 0.31611150721153847 0.026294764423076926 0.3269409158653846 0.10335 0.81302328125 0.03503557692307692 0.8080993509615385 0 0.5032084807692307 0
1 0.1470819591346154 0.6625738557692308 0.14013780048076924 0.6131636033653846 0.05565555528846154 0.6250368100961539 0.06259971394230769 0.6744470600961538 0.1470819591346154 0.6625738557692308
1 0.06649945913461539 0.7021951971153846 0.05622094711538461 0.6290597740384616 0.019163259615384617 0.634267891826923 0.029441771634615383 0.7074033173076923 0.06649945913461539 0.7021951971153846
1 0.21854825240384615 0.6445354567307693 0.2088206346153846 0.57531984375 0.12735561298076922 0.5867690048076923 0.13708323076923076 0.6559846177884616 0.21854825240384615 0.6445354567307693
1 0.18320852884615385 0.33919053125 0.17597442788461537 0.2877172211538462 0.12414008413461539 0.2950020649038462 0.13137418509615384 0.34647537259615385 0.18320852884615385 0.33919053125
1 0.03085359375 0.2981195384615385 0.03834864663461539 0.3514496033653846 0.11834373798076923 0.3402070264423077 0.1108486875 0.28687696153846154 0.03085359375 0.2981195384615385
1 0.9512859615384616 0.4563516850961538 0.9410654375 0.3836288725961538 0.8916293990384615 0.39057665625 0.9018499230769231 0.4632994663461538 0.9512859615384616 0.4563516850961538
1 0.8887855697115385 0.34059014182692304 0.8988176322115385 0.4119719639423077 0.9523539975961538 0.40444791826923077 0.9423219374999999 0.3330660961538462 0.8887855697115385 0.34059014182692304
1 0.8905452884615385 0.2857490264423077 0.8980693341346153 0.3392853918269231 0.9423219374999999 0.3330660961538462 0.9347978918269231 0.27952972836538464 0.8905452884615385 0.2857490264423077
1 0.9526393076923078 0.28691017307692307 0.9426072475961539 0.21552835336538462 0.8808702211538461 0.22420492548076923 0.890902283653846 0.2955867475961539 0.9526393076923078 0.28691017307692307
1 0.8869954014423077 0.17853298798076922 0.8960561514423078 0.24300356490384617 0.9290135096153846 0.23837171153846154 0.9199527620192308 0.17390113461538462 0.8869954014423077 0.17853298798076922
1 0.9475981177884615 0.4974734591346154 0.9391172572115385 0.437129 0.8896812187500001 0.44407678125 0.898162079326923 0.5044212427884616 0.9475981177884615 0.4974734591346154
1 0.9644548533653846 0.5427556394230769 0.9544227908653846 0.47137381730769234 0.8967860961538462 0.4794741274038462 0.9068181562500001 0.5508559471153845 0.9644548533653846 0.5427556394230769
1 0.9898402451923077 0.5965167091346154 0.9788513701923077 0.5183267908653846 0.90164140625 0.5291779447115385 0.9126302836538461 0.607367860576923 0.9898402451923077 0.5965167091346154
1 0.980417516826923 0.6411794182692307 0.9705884182692308 0.571241735576923 0.9139574615384615 0.5792006971153846 0.9237865625 0.6491383798076923 0.980417516826923 0.6411794182692307
1 0.9823812019230769 0.692762295673077 0.9717692524038462 0.6172543557692307 0.9182328846153845 0.6247784014423078 0.9288448341346154 0.7002863413461539 0.9823812019230769 0.692762295673077