1 0.6388667379807692 0.9282995336538461 0.6033365600961539 0.7039708197115384 0.33635205528846157 0.7462570120192308 0.37188223317307695 0.9705857259615385 0.6388667379807692 0.9282995336538461
1 0.5233697235576923 1 0.5265126514423076 0.9995022091346153 0.48793200000000003 0.7559135721153846 0.14200959134615385 0.8107022980769231 0.17199140384615383 1 0.5233697235576923 1
1 0.34250340384615385 0.20677784375 0.3489954350961538 0.2477669110576923 0.38495346394230767 0.24207171875 0.3784614326923077 0.2010826514423077 0.34250340384615385 0.20677784375
1 0.4440687620192308 0.25523612259615386 0.43820247115384614 0.21819781009615385 0.39884926201923077 0.22443074759615383 0.40471555528846154 0.26146906009615384 0.4440687620192308 0.25523612259615386
1 0.06428799519230768 0.06378990384615385 0.07879729086538462 0.15539799759615386 0.34230945432692306 0.11366177163461538 0.32780015625000003 0.02205367788461538 0.06428799519230768 0.06378990384615385
1 0.4670415961538461 0 0.4047318197115385 0.009868899038461538 0.41783320673076924 0.09258779807692306 0.698707076923077 0.04810174759615385 0.6910885072115385 0 0.4670415961538461 0
1 0.6992049687499999 0.7688980576923077 0.6755246995192308 0.619386735576923 0.5708143028846154 0.6359712331730769 0.5944945721153846 0.7854825552884616 0.6992049687499999 0.7688980576923077
1 0.7268987524038462 0.6495970024038461 0.7124285649038461 0.5582358317307692 0.6511610216346154 0.56793965625 0.6656312091346154 0.6593008269230769 0.7268987524038462 0.6495970024038461
1 0.7596341706730769 0.5975857091346154 0.7480775745192307 0.5246202331730769 0.7045575576923077 0.5315131274038462 0.7161141538461538 0.6044786033653846 0.7596341706730769 0.5975857091346154
1 0.7834334206730769 0.5540770216346154 0.7734998317307693 0.4913588125 0.7292853461538461 0.49836169951923076 0.7392189350961539 0.5610799086538462 0.7834334206730769 0.5540770216346154
1 0.8086116466346154 0.49630197355769234 0.7999295336538462 0.44148526923076925 0.7486160384615383 0.4496125288461539 0.7572981514423076 0.5044292331730769 0.8086116466346154 0.49630197355769234
1 0.8184976514423077 0.4713229278846154 0.8138046177884615 0.4416922764423077 0.7981404975961539 0.44417323076923076 0.80283353125 0.47380387980769234 0.8184976514423077 0.4713229278846154
1 0.8250682235576924 0.4573733221153846 0.8210986971153846 0.43231073076923077 0.8089840841346153 0.4342294951923077 0.8129536081730768 0.45929208894230766 0.8250682235576924 0.4573733221153846
1 0.7580493269230769 0.11463774278846153 0.7493867692307692 0.0599445 0.5882701081730769 0.08546287259615384 0.5969326658653846 0.1401561153846154 0.7580493269230769 0.11463774278846153
1 0.7796580649038461 0.1312114423076923 0.7734984567307692 0.09232121394230769 0.6423210985576924 0.11309766586538461 0.6484807067307692 0.15198789423076925 0.7796580649038461 0.1312114423076923
1 0.8002102884615384 0.15010396394230768 0.7936987019230769 0.10899143509615385 0.6824294375 0.12661475721153848 0.6889410240384616 0.16772728365384618 0.8002102884615384 0.15010396394230768