1 0.9087491225961538 0.6597940576923077 0.9314941730769231 0.5612744182692307 0.7461354927884615 0.5184809951923077 0.7233904423076923 0.6170006346153846 0.9087491225961538 0.6597940576923077
1 0.6470702283653846 0.27139103605769227 0.6604735600961539 0.21333482211538463 0.5765863894230769 0.1939679423076923 0.5631830552884616 0.25202415625 0.6470702283653846 0.27139103605769227
1 0.7085452572115384 0.2530840360576923 0.7159186538461538 0.2211463485576923 0.6615670745192308 0.2085982980769231 0.6541936778846154 0.2405359855769231 0.7085452572115384 0.2530840360576923
1 0.7634246802884616 0.2775849543269231 0.7707980769230769 0.2456472692307692 0.7101283173076923 0.23164055048076923 0.7027549206730769 0.26357823798076924 0.7634246802884616 0.2775849543269231
1 0.8011946346153846 0.2921490649038462 0.809849002403846 0.2546628846153846 0.7707980769230769 0.2456472692307692 0.7621437115384615 0.28313344951923075 0.8011946346153846 0.2921490649038462
1 0.8351322283653846 0.2941399471153846 0.8416308149038462 0.2659914783653846 0.8095070504807692 0.25857512259615384 0.8030084663461537 0.2867235913461538 0.8351322283653846 0.2941399471153846
1 0.8662142548076923 0.3161401899038462 0.8740250552884615 0.28230789663461536 0.8391608774038463 0.2742588653846154 0.8313500769230769 0.3080911586538461 0.8662142548076923 0.3161401899038462
1 0.8902060072115384 0.32752335336538463 0.8968920528846154 0.29856291105769234 0.8694878942307693 0.29223616346153847 0.8628018509615385 0.32119660576923076 0.8902060072115384 0.32752335336538463
1 0.7721456562500001 0.05053297596153846 0.7438393149038462 0.17314120673076921 0.9704564783653846 0.2254599014423077 0.9987628197115386 0.10285167067307693 0.7721456562500001 0.05053297596153846
1 1 0.10427763221153846 0.8427659086538462 0.06797728365384616 0.81549059375 0.18611965384615384 1 0.22871700480769233 1 0.10427763221153846
1 1 0.1280821875 0.9122246249999999 0.10781764423076923 0.8779508317307693 0.25627375 1 0.2844510216346154 1 0.1280821875
1 1 0.19080077163461537 0.9529053197115385 0.17992810817307692 0.9261298942307692 0.29590521153846155 1 0.31295946874999997 1 0.19080077163461537
1 0.983706170673077 0.6185143942307693 0.9979843125 0.5566689639423077 0.928332076923077 0.5405884783653846 0.9140539350961538 0.6024339086538462 0.983706170673077 0.6185143942307693
1 0.5449558677884615 0 0.5355971274038461 0.04053716346153846 0.5945921899038461 0.05415724759615385 0.6043713100961539 0.011799216346153846 0.5532632908653846 0 0.5449558677884615 0
1 0.5109844375 0.3016939447115385 0.5188264807692308 0.2677263221153846 0.475969423076923 0.25783199038461535 0.4681273774038462 0.29179961298076923 0.5109844375 0.3016939447115385
1 0.5635663870192308 0.30627870673076923 0.5697525408653846 0.27948352884615385 0.5147919783653846 0.2667948846153846 0.5086058245192308 0.29359006009615385 0.5635663870192308 0.30627870673076923
1 0.5527642379807692 0.4965019375 0.5637930865384615 0.44873073798076923 0.47153242067307694 0.42743068509615384 0.4605035721153846 0.47520188461538465 0.5527642379807692 0.4965019375
1 0.1187552403846154 0.2356579639423077 0.1335332764423077 0.1716472644230769 0.06898125961538462 0.15674425721153848 0.05420322355769231 0.22075495673076923 0.1187552403846154 0.2356579639423077
1 0.26691956009615386 0.1415763798076923 0.28010418990384617 0.08446746875 0.23922632211538464 0.07503006730769231 0.22604168990384615 0.13213898076923078 0.26691956009615386 0.1415763798076923
1 0.23560885576923077 0.2890060625 0.2430134951923077 0.2569330456730769 0.19208743509615384 0.2451758389423077 0.1846827956730769 0.27724885336538463 0.23560885576923077 0.2890060625
2 0 0.67692003125 0.05013054567307692 0.6884935817307691 0.16766747115384614 0.17938522115384614 0.06969760576923077 0.15676709615384615 0 0.45866059375 0 0.67692003125
2 0.17119147836538462 0.2745617644230769 0.12882569471153846 0.45806812740384617 0.23303761778846152 0.48212734615384617 0.2754034014423077 0.29862098317307695 0.17119147836538462 0.2745617644230769
2 0.24876016105769233 0.46195262740384613 0.2868143798076923 0.2971216923076923 0.2402273125 0.28636621875 0.20217309134615385 0.45119715384615383 0.24876016105769233 0.46195262740384613
2 0.2806463557692308 0.31793427884615383 0.2575576298076923 0.41794254086538457 0.29577120673076923 0.4267648389423077 0.3188599326923077 0.3267565769230769 0.2806463557692308 0.31793427884615383
2 0.4345403629807692 0.5056986201923077 0.4953396346153846 0.24234804326923076 0.40521040384615387 0.22154006971153845 0.3444111322115385 0.48489064663461534 0.4345403629807692 0.5056986201923077
2 0.3821200096153846 0.46394764182692305 0.41605012740384617 0.31698015625 0.36854958653846154 0.3060137932692308 0.33461946875 0.45298127884615386 0.3821200096153846 0.46394764182692305