1 0.17742040865384615 0.5685814302884615 0.20124299519230768 0.47303425240384617 0.08632359615384615 0.4443816274038461 0.06250100721153846 0.5399288052884615 0.17742040865384615 0.5685814302884615
1 0.3419851490384615 0.3596882235576923 0.3527372331730769 0.31656396875 0.24835463942307692 0.2905384639423077 0.23760255528846155 0.33366271875 0.3419851490384615 0.3596882235576923
1 0.3289925360576923 0.4021107091346154 0.34239904086538464 0.34834015384615385 0.2372584014423077 0.32212564663461535 0.22385189663461538 0.37589620432692306 0.3289925360576923 0.4021107091346154
1 0.3218921923076923 0.44027667307692303 0.3379531177884615 0.3758598173076923 0.2320544375 0.34945631009615385 0.21599350961538463 0.4138731658653846 0.3218921923076923 0.44027667307692303
1 0.312742233173077 0.4866631971153846 0.3281647548076923 0.42480684375 0.2199919423076923 0.3978363317307692 0.20456942067307693 0.45969268509615385 0.312742233173077 0.4866631971153846
1 0.3144884495192307 0.5313290793269231 0.3319269855769231 0.4613869302884615 0.20715301923076923 0.43027728605769233 0.18971448317307693 0.5002194375 0.3144884495192307 0.5313290793269231
1 0.29443162740384615 0.58916715625 0.3122061682692308 0.5178773725961539 0.18970633173076923 0.4873347331730769 0.17193179326923075 0.558624516826923 0.29443162740384615 0.58916715625
1 0.4271917692307692 0.5979340432692308 0.44594071634615384 0.522736125 0.3105541418269231 0.48898046153846153 0.2918051947115385 0.5641783798076923 0.4271917692307692 0.5979340432692308
1 0.43781606490384617 0.5391755817307693 0.45122256971153846 0.4854050288461539 0.32114230048076925 0.452972375 0.3077357956730769 0.5067429278846154 0.43781606490384617 0.5391755817307693
1 0.3284926057692308 0.41057450721153843 0.3123980817307693 0.47512612740384613 0.4402800240384615 0.5070106778846154 0.4563745504807692 0.4424590576923077 0.3284926057692308 0.41057450721153843
1 0.4599331899038462 0.4633860360576923 0.4766997211538462 0.3961391514423077 0.33752292788461535 0.36143848076923074 0.3207563966346154 0.42868536298076926 0.4599331899038462 0.4633860360576923
1 0.35215126682692305 0.3221435 0.3347127307692308 0.39208565144230767 0.46335271875 0.4241592043269231 0.4807912548076923 0.3542170528846154 0.35215126682692305 0.3221435
1 0.47348523557692307 0.3867492451923077 0.49092377163461537 0.31680709375 0.3426504567307692 0.2798384038461538 0.3252119206730769 0.3497805552884615 0.47348523557692307 0.3867492451923077
1 0.3684540072115385 0.24061004326923077 0.35067946875 0.31189982451923076 0.4845499567307692 0.34527748798076924 0.5023244951923077 0.2739877043269231 0.3684540072115385 0.24061004326923077
1 0.4949660384615384 0.3035008653846154 0.5134125817307692 0.2295158173076923 0.37431159375 0.1948340456730769 0.3558650480769231 0.26881909375 0.4949660384615384 0.3035008653846154
1 0.38259202163461536 0.15839371634615385 0.3644814783653846 0.23103113221153848 0.5081307283653846 0.26684691346153844 0.5262412716346154 0.19420949759615386 0.38259202163461536 0.15839371634615385
1 0.5049859807692307 0.23457186778846154 0.5250789399038461 0.15398341826923076 0.38438605769230766 0.11890474278846154 0.36429310096153844 0.19949319230769233 0.5049859807692307 0.23457186778846154
1 0.39985848076923075 0.08268303125 0.38241994471153845 0.15262518269230768 0.5147743461538462 0.18562484134615384 0.5322128822115384 0.11568268990384614 0.39985848076923075 0.08268303125
1 0.51935059375 0.15112377163461538 0.5374611346153846 0.07848635576923077 0.3899458629807692 0.041706668269230765 0.3718353221153846 0.11434408413461537 0.51935059375 0.15112377163461538
1 0.5805873725961539 0.2920694230769231 0.5929858701923076 0.2423417668269231 0.5083124086538462 0.2212303028846154 0.4959139110576923 0.2709579591346154 0.5805873725961539 0.2920694230769231
1 0.5839275625 0.32711287259615385 0.5986780793269231 0.2679517860576923 0.5064241802884616 0.24495030528846154 0.49167366586538463 0.3041113942307692 0.5839275625 0.32711287259615385
1 0.5698851899038462 0.36082831971153845 0.5839637019230769 0.30436249759615386 0.4985321947115385 0.28306203125 0.4844536850961539 0.3395278533653846 0.5698851899038462 0.36082831971153845
1 0.5582284350961538 0.3849755721153846 0.5716349399038462 0.33120501682692305 0.49598219711538466 0.3123426706730769 0.4825756923076923 0.3661132235576923 0.5582284350961538 0.3849755721153846
1 0.5556427548076923 0.4244103076923077 0.5690828581730769 0.3705049903846154 0.4903979399038461 0.3508866370192308 0.47695783413461534 0.40479195432692305 0.5556427548076923 0.4244103076923077
1 0.548964451923077 0.46411290624999996 0.5633789663461538 0.40629945192307687 0.48621013221153847 0.38705910096153845 0.4717956201923077 0.44487255528846154 0.548964451923077 0.46411290624999996
1 0.54616240625 0.5076447788461539 0.5625929350961538 0.44174552884615387 0.4748114927884615 0.41985915625 0.45838096394230765 0.4857584086538462 0.54616240625 0.5076447788461539
1 0.5433883461538461 0.5155415769230769 0.5524268173076923 0.4792902475961538 0.4752579855769231 0.4600498966346154 0.4662195144230769 0.4963012259615385 0.5433883461538461 0.5155415769230769
1 0.5545075841346153 0.5868783461538462 0.5709381129807692 0.5209790961538462 0.47034573557692305 0.4958985985576923 0.4539152067307692 0.5617978509615384 0.5545075841346153 0.5868783461538462
1 0.6567718245192308 0.5923359759615384 0.6715223389423077 0.533174889423077 0.5505385913461539 0.5030102548076922 0.5357880745192308 0.5621713389423078 0.6567718245192308 0.5923359759615384
1 0.5591550216346154 0.4652222932692308 0.5454125120192308 0.5203404807692308 0.6610899567307692 0.5491821057692308 0.6748324639423077 0.49406391826923074 0.5591550216346154 0.4652222932692308
1 0.6706365072115384 0.5173516826923077 0.6834046057692308 0.4661416298076923 0.5487760745192308 0.43257496875 0.5360079759615385 0.4837850192307692 0.6706365072115384 0.5173516826923077
1 0.5602607524038462 0.40265917788461536 0.5485342596153846 0.4496915697115385 0.6687599663461538 0.4796672043269231 0.6804864567307691 0.43263481249999997 0.5602607524038462 0.40265917788461536
1 0.6939673149038461 0.4431530072115385 0.7050218028846154 0.39881588461538464 0.5794897932692308 0.36751723798076924 0.5684353052884615 0.4118543629807692 0.6939673149038461 0.4431530072115385
1 0.585701764423077 0.33614368028846153 0.5753192836538461 0.37778553605769233 0.6940289014423077 0.40738316826923077 0.7044113822115385 0.36574131249999997 0.585701764423077 0.33614368028846153
1 0.7033254879807692 0.3797846442307692 0.7147159759615385 0.33409988701923077 0.5869098365384615 0.30223423798076926 0.5755193485576923 0.3479189927884615 0.7033254879807692 0.3797846442307692
1 0.6044843125 0.26081099759615384 0.5914138100961538 0.31323391826923075 0.7101234278846154 0.34283155048076924 0.7231939302884616 0.29040862980769233 0.6044843125 0.26081099759615384
1 0.7160436874999999 0.30293995192307693 0.7264261682692308 0.26129809134615384 0.6031682884615385 0.23056645192307693 0.5927858076923077 0.27220831009615387 0.7160436874999999 0.30293995192307693
1 0.6104743076923077 0.1980342596153846 0.5987142163461538 0.24520141346153845 0.7227301394230768 0.27612205528846157 0.7344902307692307 0.22895490144230768 0.6104743076923077 0.1980342596153846
1 0.7231256442307692 0.2490239158653846 0.7361961466346153 0.19660099278846152 0.5894389182692308 0.1600103076923077 0.5763684158653846 0.21243323076923076 0.7231256442307692 0.2490239158653846
1 0.7936543966346155 0.27519715625 0.8023904639423077 0.24015869951923077 0.7252974375 0.22093724759615385 0.7165613677884616 0.25597570673076925 0.7936543966346155 0.27519715625
1 0.7866400913461539 0.3162473870192307 0.7990385889423077 0.26651973076923074 0.7257357788461539 0.24824328846153848 0.7133372812500001 0.29797094471153845 0.7866400913461539 0.3162473870192307
1 0.7801781538461537 0.35185284855769233 0.7899222283653846 0.31277149278846156 0.7150275288461538 0.2940981466346154 0.705283451923077 0.3331795024038462 0.7801781538461537 0.35185284855769233
1 0.7725697307692307 0.38559791105769226 0.7846322259615385 0.3372178870192308 0.7127696995192309 0.31930054807692304 0.700707204326923 0.36768056971153845 0.7725697307692307 0.38559791105769226
1 0.7715780240384615 0.4154102139423077 0.7823301081730769 0.37228596153846155 0.7036451899038462 0.3526676081730769 0.6928931057692308 0.3957918605769231 0.7715780240384615 0.4154102139423077
1 0.7617733581730769 0.43858783653846156 0.77249184375 0.3955983461538462 0.7059356201923077 0.3790040168269231 0.6952171370192308 0.42199350721153844 0.7617733581730769 0.43858783653846156
1 0.7576273028846153 0.4875102403846154 0.7733858269230769 0.4243062548076923 0.6924267764423077 0.40412089663461537 0.6766682524038461 0.46732488221153845 0.7576273028846153 0.4875102403846154
1 0.7446789759615384 0.5200670576923077 0.7597654951923077 0.4595583365384615 0.6879029663461539 0.4416409951923077 0.6728164495192307 0.5021497163461539 0.7446789759615384 0.5200670576923077
1 0.7451509182692307 0.5472383341346154 0.7562054038461539 0.5029012091346154 0.6805526586538462 0.4840388605769231 0.669498173076923 0.528375985576923 0.7451509182692307 0.5472383341346154
1 0.7284984110576923 0.5817344086538461 0.7435849302884615 0.5212256875 0.6747545769230769 0.5040643533653847 0.6596680576923077 0.5645730745192308 0.7284984110576923 0.5817344086538461
1 0.8006191442307693 0.5818235288461538 0.8124800384615385 0.5342520865384615 0.7473640985576923 0.518016858173077 0.7355032067307692 0.5655883004807692 0.8006191442307693 0.5818235288461538
1 0.8073040600961539 0.5259476706730769 0.7993743966346153 0.5577518076923077 0.84349253125 0.5687516947115385 0.8514221923076923 0.5369475576923077 0.8073040600961539 0.5259476706730769
1 0.85282353125 0.5423068774038462 0.8614588004807692 0.5076727091346154 0.8152939471153846 0.4961625192307692 0.8066586802884615 0.5307966875 0.85282353125 0.5423068774038462
1 0.8255112355769231 0.4729446346153846 0.8180519759615384 0.5028620865384615 0.8580008701923076 0.5128224663461538 0.8654601298076923 0.48290501201923075 0.8255112355769231 0.4729446346153846
1 0.877004673076923 0.44112346634615385 0.8839935264423077 0.4130927019230769 0.8382835024038461 0.4016959134615385 0.8312946466346154 0.4297266778846154 0.877004673076923 0.44112346634615385
1 0.8726140865384615 0.46293129567307695 0.8788973365384615 0.43773056009615385 0.8268955504807691 0.4247650576923077 0.8206123004807692 0.4499657956730769 0.8726140865384615 0.46293129567307695
1 0.8650499519230769 0.4868106875 0.8729796153846153 0.4550065480769231 0.8288614807692307 0.4440066610576923 0.8209318197115384 0.47581080048076924 0.8650499519230769 0.4868106875
1 0.8482865072115384 0.3725558293269231 0.8392144375 0.40894192067307694 0.8823471129807692 0.41969610336538465 0.8914191850961538 0.3833100144230769 0.8482865072115384 0.3725558293269231
1 0.8508106947115385 0.3424099110576923 0.8407978173076922 0.3825693725961538 0.8859772115384617 0.3938338605769231 0.8959900889423077 0.35367439903846154 0.8508106947115385 0.3424099110576923
1 0.8936114447115385 0.360954079326923 0.9036243245192307 0.3207946177884615 0.8516225360576922 0.30782911538461544 0.8416096586538462 0.34798857692307694 0.8936114447115385 0.360954079326923
1 0.8480200649038461 0.2841715360576923 0.8394183966346154 0.31867093750000003 0.8940733365384615 0.33229794471153845 0.9026750024038462 0.2977985432692308 0.8480200649038461 0.2841715360576923
1 0.9329368798076924 0.31722435817307687 0.9405977403846154 0.2864983293269231 0.8885959543269231 0.2735328269230769 0.88093509375 0.3042588581730769 0.9329368798076924 0.31722435817307687
1 0.9007274567307693 0.29430700721153846 0.8927977956730769 0.32611114423076926 0.9253936658653846 0.3342382091346154 0.933323329326923 0.30243406971153847 0.9007274567307693 0.29430700721153846
1 0.9263429855769231 0.3572342860576923 0.934239048076923 0.3255649110576923 0.899065826923077 0.31679524278846155 0.8911697668269232 0.34846461778846155 0.9263429855769231 0.3572342860576923
1 0.9019024663461538 0.3412638653846154 0.8928303966346154 0.3776499543269231 0.9201199639423077 0.38445400721153844 0.9291920336538462 0.3480679182692308 0.9019024663461538 0.3412638653846154
1 0.9186177331730769 0.40597999999999995 0.9281602067307693 0.3677072235576923 0.8935176177884615 0.3590698557692308 0.883975141826923 0.3973426322115384 0.9186177331730769 0.40597999999999995
1 0.8859169855769231 0.3918148725961539 0.8791633317307692 0.41890229807692303 0.9106979423076923 0.4267647596153846 0.9174515961538462 0.39967733413461537 0.8859169855769231 0.3918148725961539
1 0.9094099927884615 0.45421294951923075 0.9171044519230769 0.4233521514423077 0.8808699711538461 0.4143178822115384 0.8731755096153846 0.4451786778846154 0.9094099927884615 0.45421294951923075
1 0.9035369206730769 0.4755080096153846 0.9105257740384616 0.4474772451923077 0.8764138149038462 0.4389721778846154 0.8694249615384616 0.46700294471153847 0.9035369206730769 0.4755080096153846
1 0.9003436250000001 0.49961832932692307 0.9096844999999999 0.4621541322115385 0.8707968653846153 0.45245835576923077 0.8614559927884616 0.4899225552884615 0.9003436250000001 0.49961832932692307
1 0.895411360576923 0.5171400192307692 0.903542625 0.4845273028846154 0.86253246875 0.4743023221153846 0.8544012067307692 0.5069150384615384 0.895411360576923 0.5171400192307692
1 0.884828545673077 0.5482826514423077 0.8964878389423077 0.5015197884615384 0.8581308341346153 0.49195631490384617 0.8464715432692308 0.5387191778846154 0.884828545673077 0.5482826514423077
1 0.8794861057692308 0.5697100168269231 0.8878525697115385 0.5361539567307692 0.8458569591346153 0.5256832740384616 0.8374904927884615 0.5592393341346154 0.8794861057692308 0.5697100168269231
1 0.8855649447115385 0.5275677019230769 0.878340889423077 0.5565418125 0.9176833485576924 0.5663509903846153 0.92490740625 0.5373768798076923 0.8855649447115385 0.5275677019230769
1 0.9137407980769231 0.5375986899038462 0.9190832403846154 0.5161713245192308 0.8949016514423077 0.5101421778846154 0.8895592091346154 0.5315695432692308 0.9137407980769231 0.5375986899038462
1 0.8966837355769232 0.49169191586538463 0.8913412932692307 0.51311928125 0.9207533822115385 0.5204525384615384 0.9260958245192307 0.49902517307692307 0.8966837355769232 0.49169191586538463
1 0.9251103677884616 0.49877947115384613 0.9297808028846154 0.48004737499999994 0.9018848004807692 0.4730921201923077 0.8972143653846154 0.49182421875 0.9251103677884616 0.49877947115384613
1 0.9088793605769231 0.4540806490384615 0.9033017163461537 0.4764513557692308 0.9280139374999999 0.4826128028846154 0.933591579326923 0.46024209615384615 0.9088793605769231 0.4540806490384615
1 0.9114637740384615 0.4259537163461538 0.9047101225961539 0.45304113942307694 0.933591579326923 0.46024209615384615 0.9403452331730769 0.43315467307692307 0.9114637740384615 0.4259537163461538
1 0.9172766201923076 0.40263966826923075 0.9116989759615385 0.425010375 0.9389885432692308 0.4318144278846154 0.9445661875 0.40944372115384614 0.9172766201923076 0.40263966826923075
1 0.9172316105769232 0.3847358461538462 0.9109483605769231 0.4099365817307692 0.9419523413461538 0.41766674278846155 0.9482355913461539 0.39246600480769234 0.9172316105769232 0.3847358461538462
1 0.9248113221153846 0.35885637019230765 0.9168816586538462 0.39066050721153844 0.944701858173077 0.39759686057692306 0.9526315192307693 0.36579272355769227 0.9248113221153846 0.35885637019230765
1 0.9487031875 0.3728291634615385 0.9561624447115384 0.34291171153846156 0.9287970745192309 0.33608875721153847 0.9213378149038461 0.36600620913461535 0.9487031875 0.3728291634615385
1 0.9325267043269231 0.3211300336538461 0.9250674447115385 0.35104748557692306 0.9529634471153846 0.3580027403846154 0.9604227043269231 0.32808528605769227 0.9325267043269231 0.3211300336538461
1 0.9545103269230769 0.34049582211538465 0.9624399903846155 0.30869168509615386 0.9361358798076923 0.30213333173076923 0.9282062163461539 0.3339374711538462 0.9545103269230769 0.34049582211538465
1 0.9762530456730769 0.3517856610576923 0.9827714951923077 0.3256415841346154 0.9596511682692307 0.3198770384615385 0.9531327163461539 0.3460211153846154 0.9762530456730769 0.3517856610576923
1 0.9547455288461539 0.3395524783653846 0.948227076923077 0.36569655769230774 0.9733941225961539 0.37197140625 0.9799125745192309 0.34582732692307694 0.9547455288461539 0.3395524783653846
1 0.972142670673077 0.39055396875 0.976813108173077 0.37182187259615385 0.9521008894230769 0.36566042307692304 0.947430451923077 0.38439252163461535 0.972142670673077 0.39055396875
1 0.9484917139423078 0.3846571225961538 0.944560483173077 0.40042442788461535 0.9660889182692307 0.4057920697115385 0.9700201490384616 0.39002476442307693 0.9484917139423078 0.3846571225961538
1 0.9665342355769231 0.4308095961538462 0.9732878870192307 0.40372217307692304 0.9444064278846154 0.39652121875 0.9376527764423077 0.4236086394230769 0.9665342355769231 0.4308095961538462
1 0.9639961923076924 0.43905151923076924 0.9677258221153846 0.4240927932692308 0.9408910793269231 0.41740214182692303 0.937161451923077 0.4323608653846154 0.9639961923076924 0.43905151923076924
1 0.9601698365384616 0.4608568870192308 0.9655122788461538 0.4394295216346154 0.9398146033653846 0.43302237019230766 0.9344721610576923 0.45444973557692303 0.9601698365384616 0.4608568870192308
1 0.9463728076923077 0.5229753774038461 0.9526560576923077 0.4977746418269231 0.9237745985576923 0.4905736875 0.9174913485576923 0.515774420673077 0.9463728076923077 0.5229753774038461
1 0.9564459134615385 0.4848349038461538 0.9622923581730769 0.4613860913461538 0.935533423076923 0.4547143389423077 0.9296869759615384 0.4781631514423077 0.9564459134615385 0.4848349038461538
1 0.9517488509615385 0.5014132524038462 0.9575616947115384 0.47809920192307687 0.9308027596153846 0.47142744951923077 0.9249899134615384 0.4947415 0.9517488509615385 0.5014132524038462
1 0.9408160865384616 0.5384805432692308 0.9454865216346153 0.5197484471153846 0.9266112379807693 0.5150423100961539 0.9219408004807692 0.5337744086538462 0.9408160865384616 0.5384805432692308
1 0.9375359375 0.558418125 0.943583985576923 0.534160733173077 0.9204636586538462 0.5283961875000001 0.914415610576923 0.5526535817307692 0.9375359375 0.558418125
1 0.9445850192307692 0.5324063461538462 0.9380665697115386 0.5585504278846154 0.9517113533653846 0.5619524543269231 0.9582298028846155 0.535808375 0.9445850192307692 0.5324063461538462
1 0.9831227043269231 0.54802678125 0.9875579375 0.5302380288461539 0.9617844591346153 0.5238119783653846 0.9573492235576923 0.5416007307692308 0.9831227043269231 0.54802678125
1 1 0.2844183629807692 0.969805420673077 0.27689000721153845 0.9579445288461539 0.32446145192307696 0.9936483774038462 0.33336342307692307 1 0.30788845913461543 1 0.2844183629807692
1 0.9394714543269231 0.2500028942307692 0.9324825985576923 0.2780336610576923 0.9645478413461538 0.2860284230769231 0.9715366947115385 0.25799765865384616 0.9394714543269231 0.2500028942307692
1 0.9415153653846153 0.23276304326923075 0.9338545048076923 0.26348907451923076 0.9669810072115385 0.2717484399038462 0.9746418677884615 0.24102240865384614 0.9415153653846153 0.23276304326923075
1 0.9743312211538462 0.25583159855769233 0.9822608846153845 0.2240274591346154 0.9480731201923077 0.21550349278846154 0.9401434591346154 0.24730762980769233 0.9743312211538462 0.25583159855769233
1 0.9485952403846153 0.18886634615384615 0.9397583701923077 0.22430909134615387 0.9749315913461539 0.2330787596153846 0.9837684591346154 0.19763601442307693 0.9485952403846153 0.18886634615384615
1 0.9738618173076923 0.2060447091346154 0.9810858725961539 0.17707060096153848 0.952735045673077 0.1700019471153846 0.9455109879807692 0.19897605528846155 0.9738618173076923 0.2060447091346154
1 0.9564646754807692 0.15504321875 0.9501814254807692 0.18024395673076923 0.9774709927884615 0.18704800961538462 0.9837542427884615 0.16184727163461538 0.9564646754807692 0.15504321875
1 0.9791145985576922 0.1626944519230769 0.9870106610576923 0.1310250769230769 0.9591904639423077 0.12408872115384616 0.9512944014423077 0.15575809615384614 0.9791145985576922 0.1626944519230769
1 0.9603271658653847 0.11048747836538463 0.9524311057692307 0.1421568533653846 0.9818431947115385 0.14949011057692307 0.9897392548076923 0.11782073557692309 0.9603271658653847 0.11048747836538463
1 0.9623837572115386 0.09997840384615385 0.9549244975961538 0.12989585576923077 0.9843365865384615 0.13722911298076923 0.9917958461538461 0.10731166105769231 0.9623837572115386 0.09997840384615385
1 0.9135747139423077 0.2217887139423077 0.9028562283653846 0.26477820432692306 0.9338602091346153 0.27250836538461537 0.9445786947115384 0.22951887499999998 0.9135747139423077 0.2217887139423077
1 0.916279579326923 0.19769975721153846 0.9072075096153847 0.23408584615384614 0.9418500985576923 0.2427232139423077 0.9509221706730769 0.20633712499999998 0.916279579326923 0.19769975721153846
1 0.9417604399038461 0.22080031971153843 0.9510677115384615 0.18347088942307693 0.91900246875 0.175476125 0.9096951971153846 0.2128055576923077 0.9417604399038461 0.22080031971153843
1 0.9206698028846154 0.16200718509615383 0.9136809495192307 0.1900379471153846 0.9478687139423077 0.19856191346153845 0.9548575673076923 0.1705311514423077 0.9206698028846154 0.16200718509615383
1 0.9480043822115385 0.18671505769230767 0.9580172596153846 0.14655559375 0.925421389423077 0.13842853125000001 0.9154085096153846 0.17858799278846152 0.9480043822115385 0.18671505769230767
1 0.92795128125 0.11730190625 0.9191144110576922 0.1527446514423077 0.9553488918269231 0.16177892067307692 0.9641857620192307 0.12633617548076922 0.92795128125 0.11730190625
1 0.9558947379807693 0.1460263894230769 0.9642612043269231 0.11247032932692308 0.9306798749999999 0.1040975625 0.9223134110576924 0.137653625 0.9558947379807693 0.1460263894230769
1 0.9300833125 0.09292698317307693 0.9240016658653847 0.11731913942307691 0.957658798076923 0.12571080528846154 0.9637404471153845 0.10131864903846154 0.9300833125 0.09292698317307693
1 0.8701929783653846 0.19007387740384615 0.8592392932692309 0.2340067139423077 0.9133636009615385 0.24750141826923075 0.9243172860576923 0.2035685841346154 0.8701929783653846 0.19007387740384615
1 0.9145966682692308 0.21316878846153847 0.9244079447115384 0.17381790625000001 0.87824309375 0.16230771634615385 0.8684318173076923 0.2016585985576923 0.9145966682692308 0.21316878846153847
1 0.8791262115384615 0.13389974519230768 0.867970923076923 0.17864115865384617 0.9136809495192307 0.1900379471153846 0.9248362355769231 0.14529653365384615 0.8791262115384615 0.13389974519230768
1 0.9127316298076923 0.16704187259615383 0.9222741033653846 0.12876909615384616 0.8833864711538462 0.11907331971153846 0.8738439951923076 0.15734609615384618 0.9127316298076923 0.16704187259615383
1 0.8821753221153846 0.09486683653846154 0.8684328149038462 0.14998502403846153 0.9220264927884615 0.16334743028846152 0.935769 0.10822924278846154 0.8821753221153846 0.09486683653846154
1 0.8930830000000001 0.08470375480769231 0.8849181346153846 0.11745123557692307 0.9232751394230768 0.12701471153846156 0.9314400024038462 0.09426723076923077 0.8930830000000001 0.08470375480769231
1 0.8324473052884614 0.06858359134615385 0.8238120384615384 0.10321775961538462 0.8826362163461539 0.11788427403846155 0.8912714831730769 0.08325010817307692 0.8324473052884614 0.06858359134615385
1 0.8810528365384616 0.14425682211538463 0.8917713197115386 0.10126732932692308 0.8308246201923077 0.08607161057692309 0.8201061370192307 0.12906110336538462 0.8810528365384616 0.14425682211538463
1 0.8282767067307693 0.10533291346153846 0.8168862163461538 0.15101766826923077 0.8757103966346154 0.1656841826923077 0.8871008846153846 0.11999942788461539 0.8282767067307693 0.10533291346153846
1 0.872456875 0.1877755168269231 0.8834105600961538 0.14384268028846153 0.8224638605769231 0.12864696153846153 0.8115101754807692 0.17257979807692306 0.872456875 0.1877755168269231
1 0.8227075745192308 0.1544730673076923 0.8122242932692308 0.19651921634615382 0.8674098605769232 0.21027852403846153 0.8778931442307693 0.168232375 0.8227075745192308 0.1544730673076923
1 0.7500494206730769 0.10357811538461538 0.7383901274038462 0.15034098076923078 0.8145735048076923 0.16933562980769232 0.826232795673077 0.12257276442307694 0.7500494206730769 0.10357811538461538
1 0.8152103701923077 0.13771716346153845 0.8254584519230769 0.09661435817307693 0.7560974663461538 0.07932072355769232 0.7458493870192308 0.1204235264423077 0.8152103701923077 0.13771716346153845
1 0.7607888245192308 0.053723084134615386 0.7498351394230769 0.09765591826923077 0.8170736009615385 0.11442034855769231 0.8280272860576924 0.07048751682692309 0.7607888245192308 0.053723084134615386
1 0.7609638004807693 0.05076075240384615 0.7562933629807692 0.0694928533653846 0.8214093028846154 0.08572807932692307 0.8260797403846154 0.06699598076923077 0.7609638004807693 0.05076075240384615
1 0.6647376442307693 0.05854613221153847 0.6535487548076924 0.10342231009615385 0.7496686754807692 0.1273876971153846 0.7608575649038462 0.08251151923076924 0.6647376442307693 0.05854613221153847
1 0.7501248629807692 0.08971227163461538 0.7589617307692307 0.05426952403846154 0.6775478557692308 0.03397076442307692 0.668710985576923 0.06941351201923077 0.7501248629807692 0.08971227163461538
1 0.6734933653846155 0.02794993990384615 0.6678821201923076 0.05045541105769231 0.7555877572115384 0.07232288221153846 0.7611990024038462 0.049817411057692315 0.6734933653846155 0.02794993990384615
1 0.5698454471153845 0.005113567307692308 0.5633269951923077 0.03125764663461538 0.6709691778846154 0.05809585576923077 0.6774876298076923 0.03195177644230769 0.5698454471153845 0.005113567307692308
1 0.6448351466346154 0.16065318750000002 0.6736977740384614 0.04489151682692308 0.5660555913461539 0.018053307692307695 0.5371929639423076 0.13381497596153846 0.6448351466346154 0.16065318750000002
1 0.4352887475961538 0 0.42002253125 0.06122944951923077 0.5344113004807692 0.08974977163461538 0.5561170697115384 0.0026926850961538464 0.5453173004807692 0 0.4352887475961538 0
1 0.3090385769230769 0 0.28788919951923075 0.08482551682692309 0.4031118173076923 0.11355374278846155 0.4314239447115385 0 0.3090385769230769 0
1 0.18753889182692307 0 0.16745238461538461 0.08056258653846153 0.2908618701923077 0.11133202884615384 0.31862006249999997 0 0.18753889182692307 0