1 0.2784213942307692 0.2787062860576923 0.2830164951923077 0.14711982692307693 0.05164710576923077 0.13904022836538463 0.0470520048076923 0.27062668990384614 0.2784213942307692 0.2787062860576923
1 0.3283489927884615 0.3234389471153846 0.33183247836538465 0.22368493509615384 0.1690150576923077 0.21799922596153848 0.16553157211538463 0.3177532355769231 0.3283489927884615 0.3234389471153846
1 0.29122615384615386 0.8880428774038461 0.29562736778846155 0.7620085865384615 0.22473308173076922 0.7595329038461538 0.22033186778846153 0.8855671947115386 0.29122615384615386 0.8880428774038461
1 0.25153815865384616 0.9754147115384615 0.2567633894230769 0.8257836971153847 0.16718257692307692 0.8226554663461538 0.16195734615384616 0.9722864807692309 0.25153815865384616 0.9754147115384615
1 0.16767000240384616 0.9862906802884616 0.17003864423076923 0.9184616514423076 0.12485785096153847 0.9168839038461538 0.12248920913461539 0.9847129302884615 0.16767000240384616 0.9862906802884616
1 0.3273131466346154 0.8157397307692308 0.33016650240384615 0.7340302764423078 0.27015100000000003 0.7319344879807693 0.26729764423076924 0.8136439423076923 0.3273131466346154 0.8157397307692308
1 0.35263540625 0.75769921875 0.35525286778846155 0.6827449062500001 0.3141320985576923 0.6813089375 0.31151463701923077 0.7562632499999999 0.35263540625 0.75769921875
1 0.9767990384615385 1 0.9814781490384615 0.8660077884615384 0.8030972980769231 0.8597785913461539 0.7982006586538462 1 0.9767990384615385 1
1 1 0.30668383653846154 0.9670712956730768 0.30553393990384614 0.9652972379807692 0.35633630769230773 0.9984020576923077 0.3574923533653846 1 0.3117332716346154 1 0.30668383653846154
1 0.963472454326923 0.37128172836538464 0.9650041538461539 0.3274195745192308 0.9188864326923076 0.3258091081730769 0.9173547331730769 0.36967126201923073 0.963472454326923 0.37128172836538464
1 0.9242014350961539 0.37806347115384614 0.9259754927884616 0.3272611033653846 0.8610671418269231 0.3249944519230769 0.8592930841346154 0.3757968197115385 0.9242014350961539 0.37806347115384614
1 0.8639758894230769 0.9490872572115384 0.868609766826923 0.8163903653846153 0.7335879014423077 0.8116752980769231 0.7289540216346153 0.9443721899038462 0.8639758894230769 0.9490872572115384
1 0.846767360576923 0.8837246514423077 0.8510780937500001 0.760281375 0.7179821394230769 0.7556335625 0.71367140625 0.8790768365384616 0.846767360576923 0.8837246514423077
1 0.6918888245192308 0.7581503774038462 0.6896300528846153 0.8228331730769232 0.7221102548076923 0.8239674086538462 0.7243690264423077 0.7592846105769231 0.6918888245192308 0.7581503774038462
1 0.7537402668269231 0.7927374399038462 0.7572883822115385 0.6911327043269231 0.6553713365384616 0.6875736826923077 0.6518232211538462 0.7891784182692307 0.7537402668269231 0.7927374399038462
2 0.911344329326923 0.5835732860576923 0.9185019591346154 0.3786056322115385 0.8078922980769231 0.3747430576923077 0.8007346706730769 0.5797107115384615 0.911344329326923 0.5835732860576923
2 0.45374178605769233 0.6203107524038463 0.45877312980769236 0.4762319086538461 0.4245231730769231 0.475035875 0.4194918293269231 0.6191147187499999 0.45374178605769233 0.6203107524038463
1 0.9892445384615385 0.20633994230769231 0.9950481947115384 0.04014494951923077 0.7410884134615384 0.03127648076923077 0.7352847572115385 0.19747147115384617 0.9892445384615385 0.20633994230769231
1 0.9143578990384615 0.2286474326923077 0.9180805120192308 0.1220457451923077 0.695299641826923 0.11426606490384615 0.6915770288461538 0.22086775240384615 0.9143578990384615 0.2286474326923077
1 0.8671877764423077 0.2616509543269231 0.8695079471153846 0.19520997115384614 0.6716597932692309 0.18830096153846154 0.669339625 0.2547419447115385 0.8671877764423077 0.2616509543269231
1 0.39360435096153845 0.08594201923076923 0.39626382211538463 0.009784737980769231 0.29434677884615384 0.006225716346153846 0.2916873076923077 0.08238299759615385 0.39360435096153845 0.08594201923076923