1 0.9116469230769231 0.22812268269230768 0.908263733173077 0.1797408269230769 0.8313421947115385 0.1851197043269231 0.8347253822115385 0.23350156009615386 0.9116469230769231 0.22812268269230768
1 0.976491891826923 0.21243611538461538 0.9737888293269231 0.17378050721153848 0.8986597860576923 0.17903404326923075 0.9013628509615385 0.21768964903846152 0.976491891826923 0.21243611538461538
1 0.984298139423077 0.4730263629807692 0.9808190360576923 0.4232728557692308 0.8996110865384614 0.42895146875 0.9030901923076923 0.47870497596153844 0.984298139423077 0.4730263629807692
1 0.8399850937500001 0.4207157067307692 0.8435601129807692 0.4718408629807692 0.9161952451923077 0.4667617211538462 0.9126202259615385 0.4156365625 0.8399850937500001 0.4207157067307692
1 0.8194247980769231 0.16364871875 0.8144023317307691 0.09182410576923077 0.6674954399038462 0.10209683653846155 0.6725179038461538 0.17392144951923075 0.8194247980769231 0.16364871875
1 0.7037684591346154 0.22323664903846152 0.7016408870192308 0.19281094471153845 0.6377344399038462 0.19727971875 0.6398620120192308 0.22770542307692307 0.7037684591346154 0.22323664903846152
1 0.5875324735576923 0.21181704326923076 0.5893723004807693 0.2381277956730769 0.6420561514423077 0.23444378125 0.6402163245192308 0.20813303125000002 0.5875324735576923 0.21181704326923076
1 0.5848440841346154 0.18569093509615384 0.5866751923076923 0.21187699038461538 0.663518798076923 0.20650356250000002 0.6616876899038462 0.18031750721153847 0.5848440841346154 0.18569093509615384
1 0.44258303365384616 0.2769618966346154 0.43827557211538465 0.21536231490384614 0.39845094471153847 0.21814712500000003 0.40275840625 0.27974670432692306 0.44258303365384616 0.2769618966346154
1 0 0.1378711081730769 0.05619646394230769 0.13394146875 0.05174949038461539 0.07034676201923076 0 0.0739654375 0 0.1378711081730769
1 0.09386579326923077 0.5841605000000001 0.08818063942307693 0.50285903125 0.0021407403846153846 0.5088755264423077 0.007825891826923077 0.5901769975961538 0.09386579326923077 0.5841605000000001
1 0.42607100721153846 1 0.499129125 0.9948912788461539 0.4731012403846154 0.6226751923076923 0.010247108173076922 0.6550411081730769 0.03436898317307692 1 0.42607100721153846 1
1 0.6273674014423077 0.8979597091346154 0.6070421081730769 0.6072944831730769 0.2835352043269231 0.6299162908653847 0.30386049759615386 0.9205815144230769 0.6273674014423077 0.8979597091346154
1 0.6834208317307693 0.7699878870192307 0.6707513125000001 0.5888053149038461 0.3771713293269231 0.6093344278846154 0.3898408485576923 0.7905169975961539 0.6834208317307693 0.7699878870192307
1 0.7265419182692308 0.6709887548076924 0.7193046826923077 0.5674914855769231 0.6446432475961538 0.5727123197115385 0.6518804831730769 0.6762095913461538 0.7265419182692308 0.6709887548076924
1 0.7019781634615385 0.5526640024038462 0.7096339375 0.66214665625 0.768162889423077 0.6580539134615384 0.7605071177884616 0.5485712596153847 0.7019781634615385 0.5526640024038462
1 0.7803890673076922 0.5831435817307692 0.7752445264423078 0.5095732331730769 0.729185125 0.5127940192307693 0.7343296634615384 0.5863643677884616 0.7803890673076922 0.5831435817307692
1 0.8236354735576923 0.4926564423076923 0.8204092379807691 0.44651910576923076 0.7856503653846154 0.4489496826923077 0.7888766009615384 0.4950870192307692 0.8236354735576923 0.4926564423076923
1 0.8447600480769231 0.5181198942307692 0.8412024687499999 0.4672441274038462 0.8058201177884615 0.4697183028846154 0.8093776971153847 0.5205940697115385 0.8447600480769231 0.5181198942307692
1 0.8297137235576924 0.5269409591346154 0.8260863846153845 0.4750676298076923 0.7996665264423076 0.4769150865384616 0.8032938629807693 0.5287884158653846 0.8297137235576924 0.5269409591346154
1 0.8106158173076923 0.5562194831730769 0.8064565865384616 0.49673972836538466 0.757279798076923 0.5001785024038461 0.7614390264423078 0.5596582596153846 0.8106158173076923 0.5562194831730769