1 0.7840686899038461 0.19673730288461538 0.7799123677884615 0.13729911298076922 0.68865084375 0.1436807403846154 0.6928071658653846 0.20311893028846154 0.7840686899038461 0.19673730288461538
1 0.7001495552884616 0.20396297596153845 0.6971558389423076 0.16115085096153844 0.629820266826923 0.16585941105769234 0.6328139807692307 0.20867153846153846 0.7001495552884616 0.20396297596153845
1 0.8880646322115384 0.13391321153846153 0.8851653798076923 0.09245195432692307 0.78556484375 0.09941670192307693 0.7884640961538462 0.1408779591346154 0.8880646322115384 0.13391321153846153
1 0.9717096442307693 0.12388734134615385 0.9678439711538461 0.06860566586538462 0.8796998365384615 0.07476930288461539 0.8835655072115384 0.13005098076923077 0.9717096442307693 0.12388734134615385
1 0.9736930528846154 0.2418488341346154 0.9715640264423077 0.21140234615384615 0.9269853822115385 0.2145195889423077 0.9291144086538462 0.24496607692307693 0.9736930528846154 0.2418488341346154
1 0.9312186466346154 0.2448189326923077 0.9289951586538462 0.2130215793269231 0.8595553485576922 0.21787728365384615 0.8617788365384615 0.2496746394230769 0.9312186466346154 0.2448189326923077
1 0.8609784014423076 0.2539074495192308 0.858849375 0.2234609639423077 0.7976706442307692 0.22773899759615385 0.7997996682692308 0.25818548317307694 0.8609784014423076 0.2539074495192308
1 0.6342370360576923 0.24470170432692306 0.630662016826923 0.19357654567307694 0.4927955480769231 0.20321710817307695 0.49637056730769236 0.25434226682692307 0.6342370360576923 0.24470170432692306
1 0.5226849927884616 0.2733863894230769 0.5198802019230769 0.233276 0.41622706249999997 0.24052413461538463 0.4190318533653846 0.2806345240384615 0.5226849927884616 0.2733863894230769
1 0.5234470961538462 0.32460382211538463 0.521376201923077 0.2949886394230769 0.4751609302884615 0.29822032692307693 0.47723182451923074 0.3278355096153846 0.5234470961538462 0.32460382211538463
1 0.42368214663461534 0.2776988149038461 0.4213351322115385 0.2441349423076923 0.38174431009615384 0.24690340384615383 0.3840913245192308 0.2804672764423077 0.42368214663461534 0.2776988149038461
1 0.38536349759615385 0.29082042067307695 0.3832417379807692 0.26047784615384617 0.34910634134615387 0.26286482692307694 0.3512281009615385 0.29320740144230767 0.38536349759615385 0.29082042067307695
1 0.35855937499999996 0.30397221875 0.35632135576923074 0.27196703846153847 0.3197699855769231 0.2745229591346154 0.3220080048076923 0.3065281394230769 0.35855937499999996 0.30397221875
1 0.32167375480769234 0.30174814423076923 0.3204966153846154 0.28491425 0.3000777259615385 0.28634207932692307 0.30125486778846156 0.30317597115384615 0.32167375480769234 0.30174814423076923
1 0.8190073461538462 0.5507875552884616 0.8159845673076924 0.50755978125 0.7199690264423076 0.5142738413461538 0.7229918076923076 0.5575016153846154 0.8190073461538462 0.5507875552884616
1 0 0.22190915625000002 0.1406804855769231 0.21207181730769228 0.1353833533653846 0.13631929807692306 0 0.1457862235576923 0 0.22190915625000002
1 0.5437645360576924 0 0.31765550721153846 0.015811084134615384 0.32449309375 0.11359314182692308 0.6454281538461538 0.09115117548076923 0.6390542403846153 0 0.5437645360576924 0
1 0.44673586057692305 0.1817945528846154 0.4397747475961538 0.08224597355769231 0.2232721730769231 0.09738530769230769 0.23023328846153845 0.19693388701923079 0.44673586057692305 0.1817945528846154
1 0.2559524110576923 0.8279268774038461 0.24708752403846154 0.7011531153846153 0.07687815865384616 0.7130553149038461 0.08574304326923077 0.839829076923077 0.2559524110576923 0.8279268774038461
1 0.43220006971153846 0.9023763173076923 0.4191497980769231 0.7157487115384615 0.14178023076923077 0.73514428125 0.1548305048076923 0.9217718870192309 0.43220006971153846 0.9023763173076923
1 0.517460375 1 0.5733000408653847 0.9960953100961538 0.561099923076923 0.821625514423077 0.2336183485576923 0.8445252572115384 0.24449020192307694 1 0.517460375 1
1 0.2273740360576923 0.7048288798076924 0.22157553125 0.6219063677884615 0.010762189903846153 0.6366478725961537 0.016560697115384614 0.7195703846153846 0.2273740360576923 0.7048288798076924
1 0.38209878365384614 0.34492996394230774 0.38088531249999996 0.3275765048076923 0.35282882451923075 0.32953840624999997 0.35404229567307693 0.3468918653846154 0.38209878365384614 0.34492996394230774
1 0.35496098557692307 0.34547014903846157 0.3540308990384615 0.3321692956730769 0.33150777163461537 0.3337442668269231 0.3324378581730769 0.34704512019230765 0.35496098557692307 0.34547014903846157
1 0.21988805528846156 0.3357018990384616 0.21820954086538463 0.3116980144230769 0.19373804807692308 0.31340922836538465 0.1954165625 0.33741311298076926 0.21988805528846156 0.3357018990384616
1 0.2007749639423077 0.34236388942307694 0.19882032932692306 0.3144113125 0.1727901418269231 0.3162315216346154 0.17474477644230768 0.34418409855769233 0.2007749639423077 0.34236388942307694