1 1 0.5169022331730769 0.7886913317307692 0.5695873990384616 0.8500118125 0.8155304158653846 1 0.7781341610576923 1 0.5169022331730769
1 0.8920719903846154 0.6364237908653846 0.85729571875 0.49694378125 0.6275327235576923 0.5542301298076923 0.6623089951923077 0.6937101394230769 0.8920719903846154 0.6364237908653846
1 0.6584160721153847 0.6173847331730768 0.6316030625 0.509843625 0.5307832716346154 0.5349808221153846 0.5575962812499999 0.6425219302884616 0.6584160721153847 0.6173847331730768
1 0.6297446346153847 0.5721438004807692 0.6090804735576923 0.4892643725961538 0.4754373966346154 0.5225853341346154 0.49610156009615386 0.6054647620192308 0.6297446346153847 0.5721438004807692
1 0.5334107043269231 0.5616656177884616 0.5185929879807692 0.5022350048076923 0.4442289158653846 0.5207760504807692 0.45904663221153846 0.5802066634615385 0.5334107043269231 0.5616656177884616
1 0.4200944230769231 0.5189207139423077 0.4315857139423077 0.5650097596153846 0.4581930408653846 0.5583758076923077 0.44670175 0.5122867620192307 0.4200944230769231 0.5189207139423077
1 0.4383445264423077 0.54400059375 0.42816364663461537 0.5031673149038461 0.39609840384615386 0.5111620769230769 0.40627928365384613 0.5519953557692308 0.4383445264423077 0.54400059375
1 0.3814673485576923 0.5160982764423078 0.38956501201923077 0.5485762283653846 0.40813707932692306 0.5439456923076923 0.4000394158653846 0.5114677403846154 0.3814673485576923 0.5160982764423078
1 0.38812590625 0.5337621177884615 0.3810026514423077 0.5051922980769231 0.3690255625 0.5081785216346154 0.37614881971153846 0.5367483389423077 0.38812590625 0.5337621177884615
1 0.3294355841346154 0.5098903870192307 0.32553795432692306 0.49425784375000004 0.2949129951923077 0.5018935024038462 0.298810625 0.5175260480769232 0.3294355841346154 0.5098903870192307
1 0.2984111346153846 0.5233512836538462 0.2941439014423077 0.50623634375 0.2643527908653846 0.5136641009615385 0.2686200240384615 0.5307790408653846 0.2984111346153846 0.5233512836538462
1 0.27387842067307694 0.5386289855769231 0.26725916826923074 0.5120806153846154 0.24095505769230768 0.5186389663461538 0.24757431009615385 0.5451873365384615 0.27387842067307694 0.5386289855769231
1 0.24885356490384616 0.5464429302884615 0.24263751442307693 0.5215117211538461 0.22467188461538462 0.5259910552884615 0.2308879326923077 0.550922266826923 0.24885356490384616 0.5464429302884615
1 0.14687562019230768 0.8714625456730769 0.11381296153846154 0.7388554639423077 0.0512743701923077 0.7544480841346153 0.08433702884615385 0.8870551658653846 0.14687562019230768 0.8714625456730769
1 0.16066639423076923 0.7837141971153846 0.13832221875 0.694096608173077 0.09003484615384615 0.7061360024038461 0.11237901923076922 0.79575359375 0.16066639423076923 0.7837141971153846
1 0.1785732451923077 0.7257148653846154 0.16227711778846154 0.6603546682692307 0.1255120048076923 0.6695212403846154 0.1418081346153846 0.7348814374999999 0.1785732451923077 0.7257148653846154
1 0.2038801201923077 0.6315167115384616 0.19568165865384615 0.59863446875 0.1808240048076923 0.6023388990384615 0.18902246875 0.6352211418269231 0.2038801201923077 0.6315167115384616
1 0.19860832451923077 0.6581670384615385 0.18688183173076922 0.6111346490384615 0.1667936778846154 0.6161431875 0.17852017067307693 0.6631755769230769 0.19860832451923077 0.6581670384615385
1 0.1860219951923077 0.6790546201923077 0.17295149278846156 0.6266316971153846 0.15202949038461538 0.6318481394230768 0.16509999278846152 0.6842710625 0.1860219951923077 0.6790546201923077
1 0.21395838701923076 0.6215605985576923 0.2054911201923077 0.5876002475961538 0.18638842307692308 0.5923630865384616 0.19485568990384616 0.6263234350961538 0.21395838701923076 0.6215605985576923
1 0.2158665360576923 0.6004725697115385 0.20844087740384615 0.5706898822115385 0.19502350721153847 0.5740352091346154 0.2024491658653846 0.6038178966346154 0.2158665360576923 0.6004725697115385
1 0.17883894951923077 0.3056735649038461 0.1751765216346154 0.2909843653846154 0.15319325721153845 0.2964654086538462 0.15685568749999998 0.3111546081730769 0.17883894951923077 0.3056735649038461
1 0.1694592235576923 0.2896901706730769 0.17318885336538464 0.30464889903846154 0.20442024759615382 0.29686203846153847 0.20069061778846153 0.2819033100961538 0.1694592235576923 0.2896901706730769
1 0.22805888701923077 0.2838112235576923 0.22412765625 0.2680439182692308 0.19941543750000001 0.2742053653846154 0.20334666826923076 0.2899726706730769 0.22805888701923077 0.2838112235576923
1 0.22526798317307695 0.2626065336538462 0.22993841826923075 0.2813386322115385 0.26139722596153847 0.2734950721153846 0.25672678846153846 0.2547629735576923 0.22526798317307695 0.2626065336538462
1 0.2992850985576923 0.39316155048076923 0.29377465625 0.3710603677884615 0.2617094134615385 0.37905512980769235 0.2672198581730769 0.4011563125 0.2992850985576923 0.39316155048076923
1 0.2301518894230769 0.3965137379807692 0.23445272355769228 0.4137634399038461 0.2653050961538461 0.40607107932692305 0.26100426201923077 0.38882137740384615 0.2301518894230769 0.3965137379807692
1 0.2337930360576923 0.4182221418269231 0.22848419471153847 0.3969295408653846 0.20733477884615384 0.4022026826923077 0.21264362019230768 0.42349528365384614 0.2337930360576923 0.4182221418269231
1 0.18378752163461537 0.4172346826923077 0.18751714903846153 0.4321934086538462 0.21154712980769233 0.42620206250000003 0.2078175 0.4112433365384615 0.18378752163461537 0.4172346826923077
1 0.35037877163461534 0.35136488701923074 0.34355791826923077 0.3240079375 0.2804886971153846 0.3397328605769231 0.2873095504807692 0.3670898100961538 0.35037877163461534 0.35136488701923074
1 0.38163081009615385 0.27100050000000003 0.36980351923076926 0.22356382211538461 0.2752754903846154 0.2471323076923077 0.28710278125 0.29456898557692307 0.38163081009615385 0.27100050000000003
1 0.3985516658653846 0.29397840625 0.39216761538461536 0.2683733798076923 0.28710278125 0.29456898557692307 0.2934868317307692 0.32017401201923074 0.3985516658653846 0.29397840625
1 0.4430099639423077 0.18455599038461537 0.43000666346153843 0.13240259615384614 0.2956055432692308 0.16591255769230767 0.30860884615384615 0.21806595432692305 0.4430099639423077 0.18455599038461537
1 0.2949989254807692 0.11310171634615385 0.31210145913461534 0.18169623317307693 0.4499895793269231 0.14731686298076924 0.4328870456730769 0.07872234615384616 0.2949989254807692 0.11310171634615385
1 0.4609978653846154 0 0.29946621634615384 0.04027436298076924 0.32527121875 0.14377257451923076 0.5015163413461539 0.09982973076923077 0.4766259927884615 0 0.4609978653846154 0
1 0.4437746802884615 0 0.3256719711538461 0.0294463125 0.33874247596153845 0.08186923317307691 0.5096812932692308 0.039249401442307694 0.4998953173076923 0 0.4437746802884615 0
1 0.5266050504807692 0.19076700240384614 0.513198545673077 0.1369964471153846 0.3974452980769231 0.1658569735576923 0.4108518028846154 0.21962752884615386 0.5266050504807692 0.19076700240384614
1 0.5598038221153846 0.10819955288461539 0.5477413269230769 0.059819531249999995 0.46913221394230764 0.07941898557692308 0.48119470673076925 0.12779900721153845 0.5598038221153846 0.10819955288461539
1 0.62778828125 0.04372638461538462 0.6200266201923077 0.012596062500000001 0.5718908557692308 0.024597656250000002 0.5796525168269231 0.055727978365384616 0.62778828125 0.04372638461538462
1 0.5871441057692308 0.07447238942307692 0.5790128413461538 0.04185967067307693 0.544825079326923 0.05038363942307692 0.55295634375 0.08299635576923078 0.5871441057692308 0.07447238942307692
1 0.82670359375 0 0.8124608173076923 0.003551122596153846 0.8305713605769232 0.07618853846153846 0.9022064735576923 0.05832789903846154 0.8876636947115385 0 0.82670359375 0
1 0 0.3285562860576923 0.00953060576923077 0.36678145913461535 0.10981976682692308 0.3417765649038461 0.09137322115384615 0.2677915144230769 0 0.2905734182692308 0 0.3285562860576923
1 0.12332199759615385 0.3507201875 0.10910908653846155 0.2937153125 0.028453254807692306 0.31382506971153845 0.04266616586538462 0.37082994471153846 0.12332199759615385 0.3507201875
1 0.1374249591346154 0.3685318966346154 0.12516086298076923 0.3193432980769231 0.0470823798076923 0.3388104495192307 0.05934647596153846 0.3879990504807692 0.1374249591346154 0.3685318966346154
1 0.16478996875000002 0.3755936923076923 0.15669230528846154 0.34311573557692304 0.07277688701923077 0.3640381995192307 0.08087455048076923 0.39651615625 0.16478996875000002 0.3755936923076923
1 0.11340121874999999 0.16496358653846155 0.1038587451923077 0.12669081009615385 0.07740302644230769 0.13328696153846153 0.0869455 0.17155973798076923 0.11340121874999999 0.16496358653846155
1 0.05077097115384615 0.09913195432692307 0.057659024038461536 0.1267584326923077 0.08563083173076923 0.11978427644230769 0.0787427764423077 0.09215780048076924 0.05077097115384615 0.09913195432692307
1 0.22062047596153847 0.5937047908653846 0.2152444326923077 0.5721426634615384 0.20561727884615386 0.5745429807692308 0.21099332211538463 0.5961051105769231 0.22062047596153847 0.5937047908653846
1 0.36004170432692306 0.5054085216346154 0.3673329615384615 0.5346521562500001 0.3779455721153846 0.5320061370192307 0.37065431490384615 0.5027625 0.36004170432692306 0.5054085216346154
1 0.367355875 0.5250560096153847 0.36097182451923077 0.4994509855769231 0.3539220216346154 0.5012086995192307 0.36030606971153845 0.5268137235576923 0.367355875 0.5250560096153847