2 0.0103125 0.007875 0.0103125 0.9705 0.48625 0.9705 0.48625 0.007875 0.0103125 0.007875
1 0.1721875 0.10400000000000001 0.1721875 0.151125 0.231953125 0.151125 0.231953125 0.10400000000000001 0.1721875 0.10400000000000001
1 0.13234375 0.074875 0.13234375 0.1345 0.18171874999999998 0.1345 0.18171874999999998 0.074875 0.13234375 0.074875
1 0.73953125 0.5613750000000001 0.73953125 0.530875 0.686640625 0.530875 0.686640625 0.5613750000000001 0.73953125 0.5613750000000001
1 0.7666406250000001 0.55275 0.7666406250000001 0.51475 0.7269531250000001 0.51475 0.7269531250000001 0.55275 0.7666406250000001 0.55275
1 0.7846875 0.536625 0.7846875 0.499625 0.7601562500000001 0.499625 0.7601562500000001 0.536625 0.7846875 0.536625
1 0.80203125 0.527375 0.80203125 0.491625 0.783203125 0.491625 0.783203125 0.527375 0.80203125 0.527375
1 0.8171875 0.5055000000000001 0.8171875 0.4835 0.79765625 0.4835 0.79765625 0.5055000000000001 0.8171875 0.5055000000000001
1 0.830859375 0.49624999999999997 0.830859375 0.47200000000000003 0.81640625 0.47200000000000003 0.81640625 0.49624999999999997 0.830859375 0.49624999999999997
1 0.5759375 0.03275 0.5759375 0.10824999999999999 0.7609375 0.10824999999999999 0.7609375 0.03275 0.5759375 0.03275
1 0.775546875 0.144375 0.775546875 0.074875 0.61015625 0.074875 0.61015625 0.144375 0.775546875 0.144375
1 0.800625 0.16775 0.800625 0.111 0.65609375 0.111 0.65609375 0.16775 0.800625 0.16775
1 0.814453125 0.185125 0.814453125 0.141 0.699140625 0.141 0.699140625 0.185125 0.814453125 0.185125
1 0.829453125 0.195125 0.829453125 0.149 0.7041406250000001 0.149 0.7041406250000001 0.195125 0.829453125 0.195125
1 0.839921875 0.21525 0.839921875 0.17174999999999999 0.725078125 0.17174999999999999 0.725078125 0.21525 0.839921875 0.21525
1 0.9410937500000001 0.39975 0.9410937500000001 0.4125 0.9619531250000001 0.4125 0.9619531250000001 0.39975 0.9410937500000001 0.39975
1 0.940703125 0.4105 0.940703125 0.396375 0.92359375 0.396375 0.92359375 0.4105 0.940703125 0.4105
1 0.9924999999999999 0.41650000000000004 0.9924999999999999 0.398375 0.9603125 0.398375 0.9603125 0.41650000000000004 0.9924999999999999 0.41650000000000004
1 0.99875 0.41375 0.99875 0.40312499999999996 0.9878906249999999 0.40312499999999996 0.9878906249999999 0.41375 0.99875 0.41375
1 0.969921875 0.32825 0.969921875 0.30887499999999996 0.9398437500000001 0.30887499999999996 0.9398437500000001 0.32825 0.969921875 0.32825