1 0.4773545793269231 0.9918981418269232 0.49864237019230767 0.7485775865384615 0.20795587019230768 0.7231458149038462 0.18666807932692306 0.9664663701923076 0.4773545793269231 0.9918981418269232
1 0.5802130649038462 0.8470617043269232 0.5964893990384615 0.66102234375 0.44737150480769233 0.64797621875 0.4310951706730769 0.8340155793269232 0.5802130649038462 0.8470617043269232
1 0.6461122764423077 0.7974915697115385 0.6621816177884615 0.6138181706730769 0.5056700913461538 0.6001251875 0.48960075240384615 0.7837985841346153 0.6461122764423077 0.7974915697115385
1 0.6873876778846154 0.6851615072115386 0.6962230913461538 0.5841722692307691 0.5916226490384615 0.5750209182692307 0.5827872355769231 0.6760101538461538 0.6873876778846154 0.6851615072115386
1 0.729295875 0.6471694759615385 0.7365406971153846 0.5643607932692307 0.6650948581730769 0.5581100913461539 0.6578500360576923 0.6409187764423077 0.729295875 0.6471694759615385
1 0.7508956682692307 0.60376184375 0.7563320072115385 0.5416241995192308 0.6528211514423077 0.5325681730769231 0.6473848124999999 0.5947058173076922 0.7508956682692307 0.60376184375
1 0.7719726682692307 0.578879139423077 0.7762977716346153 0.5294429759615384 0.7432209951923077 0.5265491346153847 0.7388958918269231 0.5759852956730769 0.7719726682692307 0.578879139423077
1 0.7887816754807692 0.5606497716346154 0.793204829326923 0.5100928918269231 0.7651090264423076 0.5076348269230769 0.7606858725961538 0.5581917067307692 0.7887816754807692 0.5606497716346154
1 0.7997333822115384 0.5430372548076924 0.8033503461538462 0.5016951754807693 0.78895221875 0.5004355024038462 0.7853352548076923 0.5417775817307692 0.7997333822115384 0.5430372548076924
1 0.8922714615384616 0.49554676442307694 0.8947880841346154 0.46678164182692305 0.8437331057692308 0.4623149110576923 0.841216483173077 0.49108003365384617 0.8922714615384616 0.49554676442307694
1 0.8898273317307692 0.46521833653846156 0.8873107115384615 0.4939834567307692 0.9520633653846153 0.49964858173076926 0.9545799879807693 0.4708834591346154 0.8898273317307692 0.46521833653846156
1 1 0.47874699759615386 0.943891173076923 0.4738381105769231 0.9401216875 0.51692353125 0.9981033317307693 0.5219962692307692 1 0.50031725 1 0.47874699759615386
1 1 0.27346584134615387 0.9814049350961539 0.2718389831730769 0.9786486346153846 0.30334363942307696 1 0.30521164182692306 1 0.27346584134615387
1 0.9803888990384616 0.3067583076923077 0.9844416394230768 0.2604352548076923 0.9161089110576923 0.2544569158653846 0.9120561682692307 0.30077996875 0.9803888990384616 0.3067583076923077
1 0.8719605865384616 0.2705453581730769 0.8696400649038462 0.2970690408653846 0.9141575168269231 0.3009638125 0.9164780384615384 0.27444012980769233 0.8719605865384616 0.2705453581730769
1 0.8584949687500001 0.28103667307692304 0.8644324519230769 0.21317090865384614 0.7733740312499999 0.2052043293269231 0.767436545673077 0.27307009375 0.8584949687500001 0.28103667307692304
1 0.7818987548076923 0.2977996610576923 0.7866814278846154 0.24313347836538463 0.6572539447115384 0.2318100408653846 0.6524712716346154 0.2864762235576923 0.7818987548076923 0.2977996610576923
1 0.8110918509615386 0.15505080528846155 0.8205155673076923 0.04733725480769231 0.6010414230769231 0.028135754807692308 0.5916177067307692 0.13584930528846154 0.8110918509615386 0.15505080528846155
1 0.2990632451923077 0 0.2937611658653846 0.0606030625 0.7669536466346153 0.10200204086538461 0.7737626899038462 0.024174329326923077 0.49744882692307696 0 0.2990632451923077 0
1 0.12285293750000001 0.033981125 0.116033 0.11193336057692307 0.22273479326923076 0.12126855769230768 0.2295547283653846 0.043316322115384616 0.12285293750000001 0.033981125