1 0.8791267115384614 0.27371418509615386 0.8777112235576923 0.26024669951923074 0.8368425889423077 0.26454216586538465 0.8382580769230769 0.2780096514423077 0.8791267115384614 0.27371418509615386
1 0.8376422740384615 0.2586973918269231 0.8385460096153847 0.26729586298076924 0.8780160961538462 0.2631473894230769 0.8771123605769231 0.25454891826923076 0.8376422740384615 0.2586973918269231
1 0.8402838317307691 0.24197550240384616 0.8418953125 0.25730771394230767 0.878490610576923 0.25346139423076924 0.8768791298076923 0.2381291826923077 0.8402838317307691 0.24197550240384616
1 0.8391732163461539 0.23140870673076924 0.8402838317307691 0.24197550240384616 0.8782776754807693 0.23798218990384615 0.8771670600961539 0.22741539423076923 0.8391732163461539 0.23140870673076924
1 0.8263698677884614 0.2134821514423077 0.828373329326923 0.23254382211538463 0.8728937235576922 0.22786453846153845 0.8708902620192307 0.20880286778846152 0.8263698677884614 0.2134821514423077
1 0.9764954663461538 0.26735571153846155 0.9750799783653845 0.2538882283653846 0.9470313533653846 0.25683625721153847 0.9484468413461538 0.27030374038461535 0.9764954663461538 0.26735571153846155
1 0.9427519615384615 0.24377452163461538 0.9444614375 0.2600390985576923 0.9746078822115384 0.2568705793269231 0.9728984062499999 0.24060600240384614 0.9427519615384615 0.24377452163461538
1 0.9774340264423077 0.29721283173076923 0.9753216826923077 0.2771152019230769 0.9444759639423077 0.28035721874999997 0.9465883100961539 0.30045484615384616 0.9774340264423077 0.29721283173076923
1 0.9642314471153846 0.29566774759615383 0.9654400576923077 0.30716690625000004 0.9812125528846154 0.30550914903846155 0.9800039423076924 0.2940099903846154 0.9642314471153846 0.29566774759615383
1 0.9806400456730769 0.31426278125 0.9795403197115384 0.30379958173076926 0.9681188557692307 0.30500002403846155 0.9692185841346154 0.3154632259615384 0.9806400456730769 0.31426278125
1 0.9827236225961538 0.32661264182692307 0.9814170144230769 0.31418111778846153 0.9677423389423077 0.3156183846153846 0.9690489447115385 0.32804990865384615 0.9827236225961538 0.32661264182692307
1 0.9860445769230769 0.35820943028846153 0.984139110576923 0.340080125 0.9697651610576923 0.3415908870192308 0.9716706274038462 0.3597201923076923 0.9860445769230769 0.35820943028846153
1 0.9870571971153846 0.3678438605769231 0.9860445769230769 0.35820943028846153 0.9694951105769231 0.3599488485576923 0.9705077307692308 0.36958327884615383 0.9870571971153846 0.3678438605769231
1 0.985184139423077 0.37767684855769235 0.98418240625 0.36814601201923075 0.9705077307692308 0.36958327884615383 0.9715094615384616 0.37911411538461537 0.985184139423077 0.37767684855769235
1 0.9881856947115384 0.38605482932692303 0.9872819591346154 0.37745635817307693 0.9715094615384616 0.37911411538461537 0.9724131971153847 0.3877125865384615 0.9881856947115384 0.38605482932692303
1 0.9917766995192309 0.39929365624999996 0.9903612115384616 0.38582617307692313 0.9731124711538462 0.3876390889423077 0.9745279615384616 0.4011065721153846 0.9917766995192309 0.39929365624999996
1 1 0.5604949807692308 0.980963766826923 0.3793773125 0.4327335697115385 0.43699862740384615 0.4565464615384615 0.6635631466346154 1 0.6064438774038462 1 0.5604949807692308
1 1 0.5007026538461539 0.9986558822115386 0.48791422596153844 0.45415514423076925 0.5451435600961538 0.47570325240384614 0.7501601057692308 1 0.6950542956730769 1 0.5007026538461539
1 1 0.5980646418269231 0.46562061057692306 0.6542301802884616 0.4880506754807692 0.8676380048076923 1 0.8138299615384615 1 0.5980646418269231
1 1 0.6784005649038461 0.48135321634615386 0.7329125384615385 0.5077684302884615 0.9842365096153846 1 0.9325008894230769 1 0.6784005649038461
1 0.7270176009615384 0.9670579567307692 0.7117956442307692 0.8222307067307693 0.4975072548076923 0.8447533245192307 0.5127292115384615 0.9895805745192308 0.7270176009615384 0.9670579567307692
1 0.5092627187500001 1 0.6223949350961538 0.9881093245192307 0.6146750721153846 0.9146597403846154 0.4971194759615385 0.9270153317307692 0.5047904735576924 1 0.5092627187500001 1
1 0.3757265360576923 1 0.5227268557692308 0.9845496442307693 0.5022893629807692 0.7900998942307692 0.34596295192307697 0.8065304615384616 0.3662974206730769 1 0.3757265360576923 1
1 0.5507476225961538 0.9073435649038462 0.5305170096153846 0.7148621418269231 0.33844996875 0.7350491995192308 0.3586805817307692 0.9275306249999999 0.5507476225961538 0.9073435649038462
1 0.33669557692307694 0.6750078365384616 0.35192842307692307 0.8199386850961539 0.6049876274038462 0.7933410913461538 0.58975478125 0.6484102427884615 0.33669557692307694 0.6750078365384616
1 0.5262002620192308 0.7313411370192308 0.5120235889423077 0.5964591057692308 0.32151048798076926 0.6164828389423077 0.3356871610576923 0.7513648725961539 0.5262002620192308 0.7313411370192308
1 0.31104501682692304 0.5453118966346154 0.3250148125 0.6782256057692307 0.5393032019230769 0.6557029879807692 0.5253334086538461 0.5227892788461539 0.31104501682692304 0.5453118966346154
1 0.573541608173077 0.5659029975961538 0.5612268485576923 0.44873588701923073 0.2992324855769231 0.47627260336538463 0.3115472451923077 0.5934397163461539 0.573541608173077 0.5659029975961538
1 0.8260552884615385 0.46311169711538464 0.8156242187499999 0.3638666995192308 0.3021245913461538 0.4178376850961539 0.31255566105769234 0.5170826826923076 0.8260552884615385 0.46311169711538464
1 0.2804265168269231 0.3257471033653846 0.2916959903846154 0.4329689951923077 0.8111782860576924 0.37836920673076924 0.7999088125 0.27114731490384614 0.2804265168269231 0.3257471033653846
1 0.2712412980769231 0.25255627403846154 0.2810408413461538 0.34579269951923075 0.803475625 0.29088259134615385 0.7936760817307692 0.19764616346153846 0.2712412980769231 0.25255627403846154
1 0.26133596875 0.1732614423076923 0.27301920192307694 0.28441998317307693 0.798484170673077 0.22919138942307693 0.7868009350961539 0.1180328485576923 0.26133596875 0.1732614423076923
1 0.25174330528846156 0.08199334134615384 0.26509246153846155 0.20900207211538463 0.7935099158653846 0.1534631610576923 0.7801607596153846 0.026454427884615384 0.25174330528846156 0.08199334134615384
1 0.5734499879807692 0 0.24673464903846154 0.034339165865384616 0.25779724519230773 0.1395927331730769 0.7877686394230768 0.08389049519230769 0.778951391826923 0 0.5734499879807692 0
1 0.25209668269230767 0.027805387019230767 0.2581397331730769 0.08530118509615384 0.34749131009615386 0.07590995432692307 0.3414482596153846 0.018414158653846154 0.25209668269230767 0.027805387019230767
1 0.28144335096153844 0.13511736057692308 0.27017387740384613 0.027895466346153846 0.16450592548076923 0.039001617788461534 0.1757754014423077 0.1462235096153846 0.28144335096153844 0.13511736057692308
1 0.28086589423076924 0.20137401201923077 0.26938954086538464 0.09218379807692309 0.1697042596153846 0.10266114182692307 0.1811806153846154 0.21185135817307693 0.28086589423076924 0.20137401201923077
1 0.3089839134615385 0.2685947908653846 0.29604851442307695 0.14552270673076922 0.18292164903846153 0.15741281730769233 0.19585704807692308 0.2804849038461538 0.3089839134615385 0.2685947908653846
1 0.29746931490384615 0.3159955600961538 0.28557920192307695 0.20286869471153846 0.17688106730769232 0.21429332932692308 0.18877117788461537 0.3274201947115385 0.29746931490384615 0.3159955600961538
1 0.29311816586538464 0.3605486105769231 0.28498454326923073 0.28316237499999997 0.19268048076923078 0.29286392307692305 0.20081410096153848 0.37025015865384614 0.29311816586538464 0.3605486105769231
1 0.30274523076923077 0.4237426586538462 0.29378409134615385 0.338483125 0.2000037860576923 0.3483398341346154 0.20896492307692308 0.4335993653846154 0.30274523076923077 0.4237426586538462
1 0.30709884615384614 0.49356591346153844 0.29937898557692305 0.4201163293269231 0.20109225 0.43044668028846156 0.2088121129807692 0.5038962668269231 0.30709884615384614 0.49356591346153844
1 0.31904687259615383 0.5504410745192307 0.3096610889423077 0.46114129567307693 0.21440453846153848 0.47115316346153846 0.2237903221153846 0.5604529399038461 0.31904687259615383 0.5504410745192307
1 0.3252904927884615 0.6240458173076924 0.31423878365384617 0.5188958485576923 0.21602974759615384 0.5292180336538461 0.2270814543269231 0.6343680048076923 0.3252904927884615 0.6240458173076924
1 0.22733993509615386 0.5942252475961538 0.23672571874999998 0.6835250240384615 0.3275535408653846 0.6739786370192308 0.3181677548076923 0.584678858173077 0.22733993509615386 0.5942252475961538
1 0.33695652403846155 0.7492413894230769 0.32381424759615385 0.6242009783653846 0.23896909855769233 0.6331185625 0.252111375 0.7581589735576924 0.33695652403846155 0.7492413894230769
1 0.2511953894230769 0.7060945048076923 0.2624648629807692 0.8133163966346154 0.344279829326923 0.8047172980769232 0.33301035336538465 0.6974954062500001 0.2511953894230769 0.7060945048076923
1 0.2610293341346154 0.771256875 0.27355097115384613 0.8903923125000001 0.35839612019230765 0.8814747283653847 0.3458744831730769 0.7623392908653847 0.2610293341346154 0.771256875
1 0.18548991826923075 0.7110103581730769 0.19425506730769232 0.7944051634615386 0.25975365624999996 0.7875209855769231 0.2509885096153846 0.7041261778846154 0.18548991826923075 0.7110103581730769
1 0.24792392548076922 0.7325187211538461 0.2406287091346154 0.6631093774038461 0.18258903365384616 0.66920959375 0.18988425 0.7386189375 0.24792392548076922 0.7325187211538461
1 0.18778489903846152 0.6184928149038461 0.19466635576923078 0.6839655048076924 0.24229463221153846 0.6789595721153846 0.23541317548076923 0.6134868822115385 0.18778489903846152 0.6184928149038461
1 0.2426480096153846 0.6247716201923077 0.23763935336538464 0.5771174471153846 0.18107592067307693 0.5830625024038462 0.18608457692307695 0.6307166754807692 0.2426480096153846 0.6247716201923077
1 0.15735854567307694 0.5293096802884615 0.16487152884615386 0.6007909423076924 0.2407815192307692 0.5928124807692308 0.2332685360576923 0.52133121875 0.15735854567307694 0.5293096802884615
1 0.23346910336538462 0.5374401658653846 0.22700140625 0.47590412499999996 0.15699638701923077 0.4832619471153846 0.16346408653846153 0.5447979903846154 0.23346910336538462 0.5374401658653846
1 0.14649651682692308 0.44016506009615386 0.15296421634615384 0.5017011009615385 0.23035044951923078 0.4935674807692308 0.22388275240384617 0.4320314375 0.14649651682692308 0.44016506009615386
1 0.14149875 0.3926144807692307 0.14754180048076923 0.45011027884615384 0.22935676682692308 0.4415111802884616 0.2233137139423077 0.3840153822115384 0.14149875 0.3926144807692307
1 0.21183982932692308 0.3892014735576923 0.20578588942307693 0.3316020817307692 0.13881105528846155 0.3386414206730769 0.1448649951923077 0.3962408125 0.21183982932692308 0.3892014735576923
1 0.1321192764423077 0.2891740793269231 0.13983913942307694 0.36262366586538464 0.217225375 0.3544900432692308 0.20950551201923076 0.2810404591346154 0.1321192764423077 0.2891740793269231
1 0.20434404567307693 0.30368318509615383 0.1966241826923077 0.2302335985576923 0.11923794711538462 0.23836722115384615 0.12695781009615387 0.3118168052884615 0.20434404567307693 0.30368318509615383
1 0.21186746874999998 0.2653953629807692 0.20265589663461536 0.17775312019230768 0.11827693028846155 0.18662170673076922 0.1274885 0.2742639495192308 0.21186746874999998 0.2653953629807692
1 0.11610488461538462 0.13008067548076924 0.12427117067307693 0.20777769951923078 0.19870491826923078 0.19995439663461537 0.19053863221153847 0.12225737259615385 0.11610488461538462 0.13008067548076924
1 0.14283660576923077 0.24091444230769232 0.13571560576923078 0.17316263942307691 0.08979666346153846 0.17798891346153844 0.09691766586538461 0.24574071875 0.14283660576923077 0.24091444230769232
1 0.13280953846153845 0.2770563798076923 0.1272564639423077 0.22422240384615386 0.0900395889423077 0.22813405528846153 0.09559266346153847 0.28096803124999997 0.13280953846153845 0.2770563798076923
1 0.1378508581730769 0.32502134134615385 0.13298375240384616 0.27871391586538463 0.09949633653846154 0.28223358653846153 0.1043634423076923 0.32854101201923075 0.1378508581730769 0.32502134134615385
1 0.1515942451923077 0.37207168028846155 0.14551852884615385 0.31426509374999995 0.09462697836538461 0.3196140120192308 0.10070269711538461 0.37742059615384616 0.1515942451923077 0.37207168028846155
1 0.15313851923076924 0.39872292548076926 0.14827141346153846 0.3524155 0.09737986298076923 0.3577644158653846 0.10224696875 0.40407184375 0.15313851923076924 0.39872292548076926
1 0.14930356009615384 0.4459449759615385 0.14443645192307691 0.39963755048076927 0.10224696875 0.40407184375 0.10711407692307692 0.4503792692307692 0.14930356009615384 0.4459449759615385
1 0.15934114423076923 0.48165387980769225 0.15342875240384615 0.42540123317307693 0.10750981250000001 0.43022750961538464 0.11342220192307692 0.48648015384615384 0.15934114423076923 0.48165387980769225
1 0.15674933653846154 0.5287452692307693 0.1501400889423077 0.46586247596153846 0.11416636538461539 0.46964346634615384 0.12077561298076923 0.5325262596153846 0.15674933653846154 0.5287452692307693
1 0.16484691105769228 0.5579546850961539 0.16015401923076922 0.5133047980769231 0.1204508389423077 0.5174777692307692 0.12514373076923077 0.5621276562499999 0.16484691105769228 0.5579546850961539
1 0.17468662740384613 0.60373946875 0.16981951923076924 0.5574320432692308 0.12514373076923077 0.5621276562499999 0.1300108389423077 0.6084350841346153 0.17468662740384613 0.60373946875
1 0.13678378365384616 0.6011245697115385 0.1416508918269231 0.6474319951923077 0.18756983173076922 0.6426057211538462 0.18270272596153847 0.5962982956730769 0.13678378365384616 0.6011245697115385
1 0.19350587740384617 0.6871249495192308 0.18619977163461537 0.6176120120192308 0.136551375 0.6228302692307692 0.1438574783653846 0.6923432067307692 0.19350587740384617 0.6871249495192308
1 0.13254219951923077 0.6683947836538462 0.13897723317307692 0.7296200384615384 0.1873824783653846 0.7245324423076924 0.1809474471153846 0.6633071875 0.13254219951923077 0.6683947836538462
1 0.0991129783653846 0.6485512163461539 0.10501448317307692 0.7047002644230769 0.14969026923076922 0.7000046490384615 0.14378876682692307 0.6438556033653846 0.0991129783653846 0.6485512163461539
1 0.14586844951923078 0.6636424423076923 0.14047869951923075 0.6123624086538462 0.10450497836538462 0.6161433990384615 0.10989472596153846 0.6674234326923076 0.14586844951923078 0.6636424423076923
1 0.09464160817307692 0.5820920336538461 0.1003797860576923 0.636687139423077 0.14505557451923076 0.6319915240384616 0.1393173966346154 0.5773964182692308 0.09464160817307692 0.5820920336538461
1 0.13307798076923077 0.5897831370192308 0.12873351682692308 0.5484483197115385 0.09151664182692308 0.5523599711538462 0.09586110817307693 0.5936947884615384 0.13307798076923077 0.5897831370192308
1 0.08113062980769231 0.5133359927884615 0.08650949038461539 0.5645124326923077 0.13740104086538463 0.5591635168269231 0.13202218028846155 0.5079870769230769 0.08113062980769231 0.5133359927884615
1 0.07995843990384616 0.47826640625 0.08361693509615384 0.5130746730769231 0.13450848557692308 0.5077257548076923 0.1308499903846154 0.47291748798076927 0.07995843990384616 0.47826640625
1 0.07347609855769231 0.44050798557692306 0.07747213461538462 0.4785277259615385 0.1308499903846154 0.47291748798076927 0.1268539543269231 0.43489774519230767 0.07347609855769231 0.44050798557692306
1 0.07069956009615384 0.41409099759615386 0.07347609855769231 0.44050798557692306 0.11690873557692308 0.43594303125 0.11413219711538461 0.40952604326923076 0.07069956009615384 0.41409099759615386
1 0.06369457932692307 0.37135996634615387 0.06821325721153847 0.4143523173076923 0.11413219711538461 0.40952604326923076 0.10961351923076923 0.36653368990384616 0.06369457932692307 0.37135996634615387
1 0.05900168509615385 0.32671007692307696 0.06369457932692307 0.37135996634615387 0.11209982451923077 0.3662723701923077 0.10740693028846154 0.3216224783653846 0.05900168509615385 0.32671007692307696
1 0.10896396875 0.33643671153846155 0.10409686298076924 0.2901292860576923 0.05328300961538461 0.29547003846153846 0.05815011538461538 0.34177746394230774 0.10896396875 0.33643671153846155
1 0.05380980528846154 0.26535416105769233 0.058851125000000004 0.31331912259615385 0.09855430288461539 0.3091461490384615 0.09351298317307692 0.26118118990384614 0.05380980528846154 0.26535416105769233
1 0.10310977403846154 0.2568208293269231 0.09754581009615385 0.20388325961538462 0.04424565384615385 0.20948533173076925 0.04980961538461538 0.26242290384615385 0.10310977403846154 0.2568208293269231
1 0.08461529807692308 0.18848384134615384 0.07662322596153846 0.11244435336538462 0.02953883173076923 0.11739312259615384 0.037530903846153846 0.1934326105769231 0.08461529807692308 0.18848384134615384
1 0.06204967307692308 0.1524158389423077 0.055277100961538456 0.08797910817307691 0.03173490384615384 0.09045349278846154 0.038507475961538466 0.1548902235576923 0.06204967307692308 0.1524158389423077
1 0.02220907211538462 0.05961360336538461 0.02794725 0.1142087091346154 0.07130218990384615 0.10965192067307691 0.06556401201923077 0.05505681490384616 0.02220907211538462 0.05961360336538461
1 0.06837509134615384 0.06984398317307693 0.06576187980769231 0.04498093509615385 0.016191177884615385 0.0501910264423077 0.018804389423076922 0.07505407451923077 0.06837509134615384 0.06984398317307693
1 0.10672546153846155 0.14772022355769232 0.09821074759615385 0.0667081298076923 0.07086139663461538 0.06958266105769231 0.07937611057692308 0.15059475721153845 0.10672546153846155 0.14772022355769232
1 0.0646929423076923 0.04676913221153846 0.07025690384615385 0.09970670192307693 0.10871693028846154 0.09566439182692309 0.10315296874999999 0.04272681971153846 0.0646929423076923 0.04676913221153846
1 0.08921844951923076 0.040944444711538464 0.09790737740384615 0.12361407692307692 0.17607058173076923 0.11539879326923078 0.16738165384615386 0.03272916105769231 0.08921844951923076 0.040944444711538464
1 0 0.21005196875 0.004866992788461538 0.2563582980769231 0.07207491586538461 0.2492944591346154 0.06615163701923077 0.19293822115384615 0 0.19989103846153847 0 0.21005196875
1 0 0.26032627403846154 0.06295519711538461 0.2537094158653846 0.05908982211538461 0.21693282692307692 0 0.22314341586538464 0 0.26032627403846154
1 0 0.20183051201923077 0.00040812980769230764 0.20571360576923076 0.0478033125 0.20073217067307692 0.04441702644230769 0.16851380528846155 0 0.17318222355769233 0 0.20183051201923077
1 0 0.1871127019230769 0.04586518028846154 0.18229207692307695 0.0406823125 0.13298036538461538 0 0.13725625 0 0.1871127019230769
1 0 0.15233887499999998 0.03106186778846154 0.14907413942307693 0.02719649038461538 0.11229755048076923 0 0.11515601442307692 0 0.15233887499999998
1 0 0.1163081610576923 0.014418557692307692 0.1147927091346154 0.012251769230769231 0.09417709855769231 0 0.0954648125 0 0.1163081610576923
1 0 0.09661695673076923 0.017499545673076922 0.09477768028846154 0.014472574519230768 0.06597798317307692 0 0.06749911298076923 0 0.09661695673076923
1 0 0.06404267548076924 0.009839923076923078 0.06300845913461538 0.008511540865384616 0.0503697451923077 0 0.05126434375 0 0.06404267548076924
1 0 0.20921293509615382 0.013742848557692307 0.2077685048076923 0.008919295673076923 0.1618754639423077 0 0.16281292067307693 0 0.20921293509615382
1 0 0.22775199278846153 0.011319057692307693 0.2265623125 0.007464572115384616 0.18988931971153844 0 0.19067387740384617 0 0.22775199278846153
1 0 0.30945670673076925 0.00020613461538461538 0.3114179471153846 0.017454872596153845 0.30960503125 0.013948814903846153 0.2762471081730769 0 0.27771318749999996 0 0.30945670673076925
1 0.01565814903846154 0.2760674495192308 0.019164209134615386 0.3094253725961539 0.05878968990384615 0.3052605673076923 0.05528363221153846 0.27190264423076926 0.01565814903846154 0.2760674495192308
1 0.06131042067307692 0.33746516586538466 0.056116663461538464 0.28804985817307693 0.020842213942307692 0.2917573509615385 0.02603597355769231 0.34117265865384616 0.06131042067307692 0.33746516586538466
1 0 0.34234248798076927 0.0008923846153846154 0.35083296634615385 0.02847482932692308 0.3479339326923077 0.02532808653846154 0.3179946826923077 0 0.32065677163461537 0 0.34234248798076927
1 0.07100736778846153 0.35498503365384615 0.06691333653846153 0.31603292788461534 0.03847622596153846 0.31902178846153845 0.04257025721153846 0.3579738942307692 0.07100736778846153 0.35498503365384615
1 0.07401807451923077 0.3918514519230769 0.06967361057692308 0.35051663701923075 0.03867249759615384 0.35377498557692305 0.043016963942307695 0.39510980048076927 0.07401807451923077 0.3918514519230769
1 0.07437201923076922 0.40344044230769227 0.0708768485576923 0.3701861153846154 0.05020943990384615 0.3723583485576923 0.05370461057692308 0.40561267307692306 0.07437201923076922 0.40344044230769227
1 0.07871648317307692 0.4447752572115385 0.07449179086538461 0.4045799975961539 0.05296971394230769 0.40684206009615387 0.05719440625 0.44703731971153843 0.07871648317307692 0.4447752572115385
1 0.08014300240384616 0.4747905721153846 0.07664783173076922 0.44153624759615384 0.05419339182692307 0.4438963028846154 0.0576885625 0.4771506298076923 0.08014300240384616 0.4747905721153846
1 0.08474327163461538 0.5103377788461538 0.08099766826923077 0.4747007427884615 0.0576885625 0.4771506298076923 0.06143416586538461 0.5127876658653846 0.08474327163461538 0.5103377788461538
1 0.06407586538461539 0.5125100120192307 0.06806101201923077 0.5504261586538461 0.08872842067307693 0.5482539254807692 0.08474327163461538 0.5103377788461538 0.06407586538461539 0.5125100120192307
1 0.09625738221153846 0.5787799951923077 0.09107451201923077 0.5294682836538461 0.06520140384615385 0.53218765625 0.07038427403846154 0.5814993677884616 0.09625738221153846 0.5787799951923077
1 0.07109872836538461 0.5628852163461538 0.07629248798076924 0.6123005240384616 0.09952389663461539 0.6098588028846155 0.09433013942307691 0.5604434975961539 0.07109872836538461 0.5628852163461538
1 0.09924645432692307 0.6318834567307692 0.09478221875000001 0.5894090841346153 0.07326014423076924 0.5916711466346154 0.07772437980769231 0.6341455192307692 0.09924645432692307 0.6318834567307692
1 0.07919417067307692 0.6316867475961538 0.08402861057692308 0.6776833846153847 0.10127735096153846 0.6758704687499999 0.09644290865384615 0.6298738317307693 0.07919417067307692 0.6316867475961538
1 0.06172752163461538 0.6149835072115384 0.06498314903846154 0.6459587211538461 0.08735988942307693 0.643606829326923 0.08410426442307693 0.6126316153846154 0.06172752163461538 0.6149835072115384
1 0.026099129807692308 0.6071020120192308 0.029474528846153848 0.6392167836538462 0.06389431009615384 0.6355991177884615 0.06051891105769231 0.6034843461538462 0.026099129807692308 0.6071020120192308
1 0.06087822836538462 0.606903016826923 0.05750282932692308 0.5747882475961539 0.03170741826923077 0.5774994543269231 0.03508281730769231 0.6096142235576922 0.06087822836538462 0.606903016826923
1 0.08080536778846154 0.6141304903846154 0.07705976442307692 0.5784934543269231 0.04691331971153846 0.5816619735576923 0.050658923076923074 0.6172990096153845 0.08080536778846154 0.6141304903846154
1 0.05214602884615385 0.5567074711538461 0.05601140384615385 0.5934840600961538 0.08180681490384616 0.5907728533653847 0.07794143990384615 0.5539962644230769 0.05214602884615385 0.5567074711538461
1 0.029436978365384614 0.5312333293269231 0.034271420673076924 0.5772299663461539 0.055793495192307696 0.5749679062499999 0.05095905288461538 0.5289712668269231 0.029436978365384614 0.5312333293269231
1 0.05119859855769231 0.5312503798076923 0.048062745192307695 0.5014147235576923 0.01877096634615385 0.5044934134615384 0.02190681971153846 0.5343290697115385 0.05119859855769231 0.5312503798076923
1 0.016865358173076925 0.46991987259615386 0.02132959375 0.5123942451923077 0.04378403365384616 0.5100341875 0.03931979807692308 0.4675598173076923 0.016865358173076925 0.46991987259615386
1 0.016876105769230768 0.4535792355769231 0.019173552884615384 0.47543799519230767 0.041627992788461535 0.47307793990384617 0.03933054567307692 0.4512191778846154 0.016876105769230768 0.4535792355769231
1 0.01540751201923077 0.4224161971153846 0.01866313701923077 0.4533914110576923 0.03933054567307692 0.4512191778846154 0.03607491826923077 0.42024396394230773 0.01540751201923077 0.4224161971153846
1 0.012745372596153846 0.40530908413461536 0.014552843749999999 0.42250602403846155 0.03692958653846154 0.42015413461538464 0.035122115384615384 0.40295719471153846 0.012745372596153846 0.40530908413461536
1 0.007822487980769231 0.3756612524038462 0.010958341346153847 0.40549690865384613 0.035122115384615384 0.40295719471153846 0.03198626201923077 0.37312153846153845 0.007822487980769231 0.3756612524038462
1 0.0047955168269230766 0.3468615552884616 0.007822487980769231 0.3756612524038462 0.03198626201923077 0.37312153846153845 0.028959290865384617 0.34432184134615385 0.0047955168269230766 0.3468615552884616
1 0.06311789182692308 0.35466210576923074 0.059622721153846155 0.32140777884615385 0.02434827403846154 0.3251152740384615 0.02784344471153846 0.3583695985576923 0.06311789182692308 0.35466210576923074
1 0.05946937259615385 0.38646771394230767 0.056692834134615386 0.3600507259615385 0.024837055288461536 0.36339890384615386 0.027613591346153845 0.38981589182692306 0.05946937259615385 0.38646771394230767
1 0.06695625961538462 0.4158460576923077 0.06382040384615385 0.3860104014423077 0.027613591346153845 0.38981589182692306 0.030749447115384614 0.41965154807692306 0.06695625961538462 0.4158460576923077
1 0.06997234134615385 0.44454216105769234 0.06695625961538462 0.4158460576923077 0.030749447115384614 0.41965154807692306 0.033765528846153844 0.4483476490384615 0.06997234134615385 0.44454216105769234
1 0.07022157692307693 0.48054667548076924 0.06647597355769232 0.44490964423076923 0.033765528846153844 0.4483476490384615 0.03751113221153846 0.48398468269230766 0.07022157692307693 0.48054667548076924
1 0.06640569471153847 0.5017910913461539 0.06315006971153846 0.4708158774038462 0.041627992788461535 0.47307793990384617 0.0448836201923077 0.5040531538461539 0.06640569471153847 0.5017910913461539
1 0.06422696394230769 0.5311379278846153 0.06119999519230769 0.5023382331730769 0.04317428605769231 0.5042328125 0.04620125480769231 0.5330325072115385 0.06422696394230769 0.5311379278846153
1 0.040521838942307695 0.5208511057692308 0.044866302884615385 0.5621859206730769 0.07244874759615384 0.5592868894230769 0.06810428365384616 0.5179520721153846 0.040521838942307695 0.5208511057692308