1 0.5608932836538462 0.9097497524038461 0.5691906394230769 0.6721445841346154 0.40194883173076923 0.6663043725961538 0.3936514759615385 0.9039095408653846 0.5608932836538462 0.9097497524038461
1 0.4268422451923077 0.996624360576923 0.4335167716346154 0.8054908653846155 0.12089482932692307 0.7945738677884615 0.11422030048076923 0.9857073629807692 0.4268422451923077 0.996624360576923
1 0.6685464951923077 0.6856202620192308 0.6718575841346154 0.5908030576923077 0.5150781490384616 0.5853281995192308 0.5117670600961538 0.6801454038461539 0.6685464951923077 0.6856202620192308
1 0.7119468846153846 0.6314769326923078 0.7144029350961538 0.5611448028846154 0.6653703221153846 0.5594325456730769 0.6629142716346154 0.6297646754807692 0.7119468846153846 0.6314769326923078
1 0.7472022836538461 0.5934341538461538 0.7490563197115385 0.540341514423077 0.69713484375 0.5385283774038462 0.6952808076923076 0.5916210144230769 0.7472022836538461 0.5934341538461538
1 0.7648845649038462 0.5616568966346154 0.76637215625 0.5190578629807692 0.7339700312499999 0.5179263557692309 0.7324824423076923 0.5605253918269231 0.7648845649038462 0.5616568966346154
1 0.7814492740384615 0.5439742259615384 0.7827929038461539 0.5054976778846154 0.753201564903846 0.5044643269230769 0.7518579350961538 0.5429408725961539 0.7814492740384615 0.5439742259615384
1 0.7964777139423076 0.5299901923076923 0.7977646322115385 0.49313765625 0.77824528125 0.49245602403846156 0.776958360576923 0.5293085625 0.7964777139423076 0.5299901923076923
1 0.5065476634615385 0.008053829326923077 0.5037906033653846 0.08700570432692308 0.7608214302884615 0.09598141826923076 0.7635784903846154 0.01702954326923077 0.5065476634615385 0.008053829326923077
1 0.8125101538461539 0.1559468581730769 0.8153152019230769 0.07562082211538462 0.6248844014423077 0.06897083173076923 0.6220793557692308 0.1492968701923077 0.8125101538461539 0.1559468581730769
1 0.8321139735576922 0.19002678365384615 0.8344391538461539 0.1234423701923077 0.665635795673077 0.11754762740384615 0.6633106177884615 0.18413204086538462 0.8321139735576922 0.19002678365384615
1 0.9790213173076924 0.4558156875 0.9798981658653846 0.4307059927884615 0.9444510240384615 0.42946815144230766 0.9435741730769232 0.45457784615384617 0.9790213173076924 0.4558156875
1 1 0.4314079639423077 0.9816939471153846 0.4307687019230769 0.9810875697115384 0.4481331177884615 1 0.44879355288461537 1 0.4314079639423077
1 0.9936520504807693 0.32562198076923077 0.9941188293269231 0.3122551298076923 0.9523474158653846 0.31079643990384614 0.9518806370192308 0.32416329086538465 0.9936520504807693 0.32562198076923077
1 0.957032954326923 0.30645731971153845 0.9566621466346154 0.31707584615384615 0.994607766826923 0.3184009375 0.9949785745192308 0.3077824086538462 0.957032954326923 0.30645731971153845
1 0.9571071153846155 0.3043336129807692 0.9569718798076923 0.30820625240384614 0.9946051899038462 0.3095204375 0.9947404254807692 0.3056477980769231 0.9571071153846155 0.3043336129807692
1 0.9573601370192308 0.29708803125 0.9571071153846155 0.3043336129807692 0.9943500384615385 0.3056341658653846 0.9946030600961537 0.2983885817307692 0.9573601370192308 0.29708803125
1 0.960836591346154 0.2870782596153846 0.9604832331730768 0.29719709134615385 0.9946030600961537 0.2983885817307692 0.9949564182692308 0.28826975 0.960836591346154 0.2870782596153846
1 0.96085325 0.2686926394230769 0.9602119711538462 0.2870564471153846 0.9973768173076922 0.28835427163461536 0.9980180961538461 0.26999046634615387 0.96085325 0.2686926394230769
1 0.4412653052884616 0.20752201923076924 0.4425522235576923 0.1706694831730769 0.3906307475961538 0.16885634374999997 0.389343829326923 0.20570888221153846 0.4412653052884616 0.20752201923076924
1 0.5038523004807692 0.23522314903846153 0.50518284375 0.19712137259615387 0.46692491346153847 0.19578537740384616 0.4655943701923077 0.2338871514423077 0.5038523004807692 0.23522314903846153
1 0.43293775721153843 0.46613893509615384 0.43435118509615384 0.4256636057692308 0.38172701201923076 0.42382593028846155 0.3803135841346154 0.4643012572115385 0.43293775721153843 0.46613893509615384