0 0 0.28608153125 0.01643990625 0.4739905096153846 0.1831468629807692 0.45940554086538465 0.16379102403846155 0.23816730048076923 0 0.25249715865384614 0 0.28608153125
0 0.2066197139423077 0.45609715865384615 0.19012064903846154 0.2675119663461538 0.13641952884615385 0.27221020673076923 0.15291859375 0.4607953966346154 0.2066197139423077 0.45609715865384615
0 0.23669888221153845 0.48706565144230773 0.21838407211538463 0.27772640625 0.15495448798076922 0.2832757764423077 0.17326929807692307 0.4926150216346154 0.23669888221153845 0.48706565144230773
2 0.27605221634615384 0.4671711899038461 0.26624719471153846 0.3550992860576923 0.21075603846153845 0.3599541346153846 0.22056106009615384 0.47202603846153846 0.27605221634615384 0.4671711899038461
2 0.30199462259615384 0.47954056250000004 0.29383587740384615 0.38628567067307695 0.2601364783653846 0.38923398557692307 0.2682952235576923 0.48248887740384616 0.30199462259615384 0.47954056250000004
2 0.5569503076923077 0.5440931298076923 0.5446637692307692 0.4036573485576923 0.48699343509615384 0.40870284855769234 0.4992799735576923 0.5491386322115385 0.5569503076923077 0.5440931298076923
2 0.5089188581730769 0.516786548076923 0.5001306538461538 0.4163369158653846 0.4656529783653846 0.4193533221153846 0.47444118269230773 0.5198029543269231 0.5089188581730769 0.516786548076923
2 0.4824870552884616 0.49971973076923076 0.47718508173076923 0.4391178870192308 0.4483888293269231 0.44163723317307696 0.4536908028846154 0.5022390769230769 0.4824870552884616 0.49971973076923076
2 0.4639762355769231 0.4952047644230769 0.4588558365384615 0.43667832692307695 0.4281138918269231 0.4393678990384616 0.4332342908653847 0.49789433653846155 0.4639762355769231 0.4952047644230769
2 0.29663753365384615 0.39858830528846156 0.30221792067307696 0.4623724375 0.3261888557692308 0.46027525240384615 0.32060846875 0.3964911201923077 0.29663753365384615 0.39858830528846156
1 0 0.3082649278846154 0.01328889903846154 0.30710230048076925 0.010904221153846153 0.2798453052884616 0 0.28079930048076923 0 0.3082649278846154
1 0 0.32360106490384616 0.016177 0.32218575961538465 0.014276521634615385 0.3004631826923077 0 0.30171221634615386 0 0.32360106490384616
1 0 0.34270152403846155 0.01915845192307692 0.34102537740384614 0.01681008894230769 0.31418346634615385 0 0.31565415865384616 0 0.34270152403846155
1 0 0.35664346634615385 0.017255838942307693 0.35513377644230765 0.014871161057692308 0.32787678365384615 0 0.32917784134615385 0 0.35664346634615385
1 0 0.37016715144230766 0.013760358173076923 0.3689632764423077 0.011738829326923076 0.34585709375 0 0.3468841081730769 0 0.37016715144230766
1 0 0.3809024471153846 0.017027271634615385 0.37941275480769227 0.015368891826923078 0.36045738221153845 0 0.36180198557692306 0 0.3809024471153846
1 0 0.40097884375 0.016902521634615385 0.39950006490384615 0.015195721153846153 0.3799912524038461 0 0.38132070673076923 0 0.40097884375
1 0 0.4158967235576923 0.017730786057692308 0.4143454807692307 0.015503473557692308 0.38888717067307693 0 0.39024355048076925 0 0.4158967235576923
1 0 0.4322087956730769 0.016500925480769233 0.4307651514423077 0.01508464423076923 0.4145769879807692 0 0.4158967235576923 0 0.4322087956730769
1 0 0.4475449302884615 0.018377264423076925 0.44593712740384617 0.01704571875 0.4307174879807692 0 0.4322087956730769 0 0.4475449302884615