1 0.3297881754807692 0.6262199158653845 0.33454807932692304 0.48991411298076926 0.12139675480769231 0.48247070432692307 0.11663685096153846 0.6187765096153846 0.3297881754807692 0.6262199158653845
1 0.40059967788461537 0.6086805192307693 0.40280513221153846 0.5455245697115385 0.32519618749999996 0.54281440625 0.3229907331730769 0.6059703533653846 0.40059967788461537 0.6086805192307693
1 0.4026306346153846 0.5505215240384616 0.40065784375 0.6070148653846154 0.46889749759615384 0.6093978461538462 0.47087028846153844 0.5529045048076923 0.4026306346153846 0.5505215240384616
1 0.49997073798076924 0.60381221875 0.5017108653846154 0.5539814807692308 0.47087028846153844 0.5529045048076923 0.46913016105769234 0.6027352427884616 0.49997073798076924 0.60381221875
1 0 0.6462504543269231 0.07157896634615385 0.6487500456730769 0.07610620673076923 0.5191068485576923 0.0003711201923076923 0.5164621201923076 0 0.5270896129807693 0 0.6462504543269231
1 0.5552186634615385 0.24621694951923076 0.5582045096153846 0.1607135144230769 0.4608419807692308 0.15731353846153845 0.4578561346153846 0.24281697596153845 0.5552186634615385 0.24621694951923076
1 0.94311046875 0.33578096153846154 0.9400616081730769 0.4230888557692308 0.9922953942307693 0.4249128990384615 0.9953442548076924 0.3376050048076923 0.94311046875 0.33578096153846154
1 0.9460755216346153 0.4523443365384615 0.9488771754807692 0.37211546153846153 0.9005472596153846 0.37042774519230764 0.8977456057692308 0.45065661778846156 0.9460755216346153 0.4523443365384615
1 1 0.15195995432692308 0.8849430168269231 0.14794207451923078 0.8819911009615384 0.23247388221153847 1 0.23659484375 1 0.15195995432692308
1 0.8978887740384616 0.7689110408653845 0.9008116057692307 0.6852120600961539 0.8368662091346154 0.6829790384615385 0.8339433749999999 0.7666780192307693 0.8978887740384616 0.7689110408653845
1 0.9354676802884616 0.8501331153846153 0.9395053581730769 0.7345091514423078 0.8822746177884616 0.7325106105769231 0.8782369399038461 0.8481345745192308 0.9354676802884616 0.8501331153846153
1 0.9834777860576923 0.9236589927884615 0.98765603125 0.8040096995192307 0.9360468653846153 0.8022074687499999 0.9318686201923078 0.9218567596153846 0.9834777860576923 0.9236589927884615
3 0.9469849879807692 0.06589065865384615 0.9485166899038462 0.022028504807692306 0.8933940384615385 0.02010357932692308 0.8918623389423076 0.06396573317307692 0.9469849879807692 0.06589065865384615
3 0.9471829182692308 0.09827840625 0.9489569759615384 0.04747604086538461 0.8859485072115384 0.04527573798076923 0.8841744495192307 0.09607810336538461 0.9471829182692308 0.09827840625
3 0.9451333774038461 0.11891389423076923 0.9467426322115385 0.07283087259615385 0.8902926658653846 0.07085959615384615 0.8886834110576923 0.11694261778846153 0.9451333774038461 0.11891389423076923
3 0.9433357475961538 0.15248271634615385 0.9445087572115385 0.11889208173076923 0.88735609375 0.11689626682692308 0.8861830841346153 0.1504869014423077 0.9433357475961538 0.15248271634615385
3 0.9637378653846155 0.2756308725961538 0.9660354158653846 0.20983764182692305 0.9212189831730769 0.20827261778846154 0.9189214326923077 0.2740658485576923 0.9637378653846155 0.2756308725961538
3 0.9602154543269231 0.3205352956730769 0.9624306033653846 0.25710173798076924 0.9293257812500001 0.2559456923076923 0.9271106322115384 0.31937925 0.9602154543269231 0.3205352956730769
3 0.9661643629807692 0.40537792548076923 0.969882127403846 0.2989150432692308 0.9147594783653846 0.2969901177884615 0.9110417115384616 0.40345299999999995 0.9661643629807692 0.40537792548076923
3 1 0.26675210576923075 0.9514431682692308 0.2650564639423077 0.9486027379807692 0.3463957716346154 1 0.3481906057692308 1 0.26675210576923075
3 0.3710338149038461 0.1972591682692308 0.3749842451923077 0.08413367788461537 0.2431895793269231 0.07953130769230768 0.23923914903846155 0.1926567980769231 0.3710338149038461 0.1972591682692308
3 0.3841929375 0.3353025072115384 0.3850858341346154 0.32965661778846156 0.38817488701923075 0.33544156009615383 0.38862133413461536 0.3326186153846154 0.39215683413461544 0.33558061298076924 0.39534141346153845 0.24438619951923077 0.28782882211538463 0.24063177644230768 0.28609182451923076 0.24672069951923079 0.2838468725961538 0.2404927235576923 0.28255632451923074 0.24375870192307694 0.27986492548076924 0.24035367307692307 0.2758829783653846 0.2402146201923077 0.27548532451923075 0.23783470673076923 0.2507368221153846 0.21710072596153845 0.2477121995192308 0.30371460096153846 0.17122444711538462 0.3010435889423077 0.15009504326923076 0.21358623798076926 0.1470704206730769 0.3002001129807692 0.1671987764423077 0.30090300961538463 0.27343330288461537 0.31036416826923074 0.27269839903846155 0.33140903125 0.3841929375 0.3353025072115384
3 0.24618050000000002 0.3475767548076923 0.24856045192307694 0.2794238509615385 0.14143824759615384 0.2756830625 0.13905829567307693 0.3438359639423077 0.24618050000000002 0.3475767548076923
3 0.30764286778846156 0.37390446394230764 0.31082744711538457 0.28271005048076925 0.19269632692307692 0.2785848221153846 0.18951174759615386 0.3697792331730769 0.30764286778846156 0.37390446394230764
3 0.31565631971153846 0.29441348076923074 0.3121857572115384 0.3937973485576923 0.3641072331730769 0.3956104855769231 0.3675777956730769 0.29622662019230767 0.31565631971153846 0.29441348076923074
3 0.3056915576923077 0.43873696875 0.3092251298076923 0.33754864663461537 0.18461358653846152 0.33319711538461544 0.18108001201923077 0.43438543749999997 0.3056915576923077 0.43873696875
3 0.29829952403846155 0.3594028846153846 0.29501315384615384 0.4535121875 0.3604420216346154 0.4557970144230769 0.36372839182692307 0.3616877115384615 0.29829952403846155 0.3594028846153846
3 0.17668096875 0.403657639423077 0.1731522403846154 0.5047071562500001 0.2946406875 0.508949625 0.2981694158653846 0.40790011057692305 0.17668096875 0.403657639423077
3 0.13039731490384615 0.38814402403846154 0.12754234375 0.4698997451923077 0.1882865673076923 0.47202098076923077 0.19114153846153847 0.3902652572115385 0.13039731490384615 0.38814402403846154
3 0.13300993028846153 0.3133285168269231 0.13034884375 0.38953206730769235 0.19968158173076922 0.39195321875 0.20234266826923075 0.3157496682692308 0.13300993028846153 0.3133285168269231
3 0.3580132163461538 0.5029632043269231 0.3602380600961539 0.4392520384615385 0.28317565625 0.4365609591346154 0.28095081490384616 0.500272125 0.3580132163461538 0.5029632043269231
3 0.41673032211538463 0.4758292067307692 0.4191490528846154 0.4065658701923077 0.3584048293269231 0.4044446346153846 0.3559860985576923 0.4737079711538461 0.41673032211538463 0.4758292067307692
3 0.41308411778846155 0.5130857620192308 0.41501812980769226 0.45770285336538463 0.36824976201923076 0.45606966586538467 0.36631575 0.5114525745192308 0.41308411778846155 0.5130857620192308
3 0.4075217548076923 0.5156709903846154 0.40572830769230767 0.567028576923077 0.45327744951923077 0.5686890288461538 0.4550708966346154 0.5173314447115385 0.4075217548076923 0.5156709903846154
3 0.4117496201923077 0.4617579206730769 0.4098640769230769 0.5157527860576923 0.4550708966346154 0.5173314447115385 0.4569564399038461 0.46333657692307695 0.4117496201923077 0.4617579206730769
3 0.4625428966346154 0.4802084879807692 0.46462232451923074 0.4206614519230769 0.404658875 0.4185674807692308 0.4025794471153846 0.4781145192307692 0.4625428966346154 0.4802084879807692
3 0.3725160216346154 0.3786714086538462 0.3704850649038462 0.4368304014423077 0.4639437235576923 0.4400940504807692 0.46597468028846156 0.38193505528846156 0.3725160216346154 0.3786714086538462
3 0.47105717307692313 0.39309144951923075 0.4734710552884615 0.3239669182692308 0.36908156009615384 0.3203215576923077 0.36666767788461535 0.38944608894230764 0.47105717307692313 0.39309144951923075
3 0.47221041346153847 0.3376812764423077 0.46984015625000003 0.4055565697115385 0.4909210552884616 0.4062927307692308 0.49329131249999997 0.33841743750000003 0.47221041346153847 0.3376812764423077
3 0.4877163221153846 0.4532928533653846 0.4900817331730769 0.38555636298076923 0.47134315625 0.3849019975961539 0.46897774519230767 0.4526384879807692 0.4877163221153846 0.4532928533653846
3 0.45777560817307694 0.43987865625 0.4559385360576923 0.49248547836538464 0.48787219711538465 0.49360062740384614 0.48970926682692306 0.44099380288461537 0.45777560817307694 0.43987865625
3 0.4786636298076923 0.5334424086538462 0.4804522283653846 0.4822236298076923 0.4516416658653846 0.4812175432692308 0.4498530649038462 0.5324363221153846 0.4786636298076923 0.5334424086538462
3 0.45694330048076925 0.2622413966346154 0.45481055528846154 0.32331527884615385 0.5194586490384615 0.32557284134615383 0.5215913966346154 0.26449895673076923 0.45694330048076925 0.2622413966346154
3 0.7031449663461539 0.5164052067307693 0.7073086706730769 0.3971723293269231 0.61689503125 0.3940150144230769 0.612731326923077 0.5132478918269231 0.7031449663461539 0.5164052067307693
3 0.005494942307692308 0.39212075 0.001772329326923077 0.4987224375 0.03292521634615385 0.4998103197115385 0.03664782932692308 0.39320863221153846 0.005494942307692308 0.39212075