3 0.7871045961538462 0.04219336057692307 0.7738728461538462 0.12573533413461538 0.9025038197115385 0.1461084783653846 0.9157355697115384 0.06256650480769231 0.7871045961538462 0.04219336057692307
3 0.8877505360576923 0.22926884375 0.9098686322115385 0.08962068509615384 0.7773795000000001 0.06863646875 0.7552614038461538 0.208284625 0.8877505360576923 0.22926884375
3 0.7579320408653847 0.14697536298076924 0.7403766177884615 0.25781594471153846 0.8766467427884616 0.2793990120192308 0.8942021682692308 0.16855843028846154 0.7579320408653847 0.14697536298076924
3 0.8641195096153846 0.3335223341346154 0.8792849615384615 0.23777143750000002 0.7476446250000001 0.21692165624999998 0.7324791730769231 0.31267255288461543 0.8641195096153846 0.3335223341346154
3 0.7517764783653846 0.2652463125 0.7610973653846155 0.20639654807692306 0.7241362163461538 0.20054247596153846 0.714815329326923 0.2593922403846154 0.7517764783653846 0.2652463125
3 0.7452360048076923 0.29655303846153847 0.7541223509615385 0.24044685336538463 0.7133030432692308 0.2339817091346154 0.7044166971153847 0.29008789423076925 0.7452360048076923 0.29655303846153847
3 0.70311028125 0.4231888870192308 0.7215347836538462 0.30686114903846157 0.6375812740384615 0.29356422115384617 0.6191567716346154 0.4098919567307692 0.70311028125 0.4231888870192308
3 0.680782875 0.5192116442307693 0.7007282692307691 0.3932813798076923 0.6198612860576923 0.3804733076923077 0.5999158918269231 0.5064035721153846 0.680782875 0.5192116442307693
3 0.6701807379807693 0.5961390985576923 0.6883879735576923 0.48118314903846154 0.5960236802884615 0.4665540841346154 0.5778164471153846 0.58151003125 0.6701807379807693 0.5961390985576923
3 0.632879701923077 0.7122894903846154 0.658039579326923 0.55343628125 0.5787158581730769 0.540872639423077 0.5535559807692307 0.6997258485576924 0.632879701923077 0.7122894903846154
3 0.6260138173076922 0.7701218870192308 0.6474801009615384 0.6345890961538461 0.5589739663461539 0.6205711009615384 0.5375076802884615 0.7561038918269231 0.6260138173076922 0.7701218870192308
3 0.7111569326923076 0.8608076971153846 0.7363168100961539 0.7019544879807692 0.6246617283653847 0.6842700600961538 0.5995018533653846 0.8431232692307693 0.7111569326923076 0.8608076971153846
3 0.6389133557692308 0.5743124110576923 0.6076916442307693 0.7714385432692308 0.7293007716346154 0.7906995360576924 0.760522483173077 0.59357340625 0.6389133557692308 0.5743124110576923
3 0.7811754038461539 0.6529519495192309 0.8028589591346154 0.5160473701923076 0.6650455697115384 0.49421987259615385 0.6433620144230769 0.6311244543269231 0.7811754038461539 0.6529519495192309
3 0.6980539110576923 0.3802019903846154 0.6772394350961538 0.5116194110576923 0.8050987764423077 0.5318703413461539 0.825913252403846 0.4004529206730769 0.6980539110576923 0.3802019903846154
3 0.7216401923076923 0.2562545889423077 0.6969148557692308 0.41236421875 0.8193727764423078 0.43175964663461536 0.8440981129807692 0.2756500168269231 0.7216401923076923 0.2562545889423077
3 0.9717252572115385 0.43620308653846157 0.9994706466346154 0.26102558653846153 0.8501599495192308 0.23737709375 0.8224145576923078 0.41255459615384615 0.9717252572115385 0.43620308653846157
1 0.7644682788461539 0.23505447836538462 0.7841964038461539 0.11049600480769231 0.6756278485576923 0.09330043509615385 0.6558997259615384 0.21785890865384616 0.7644682788461539 0.23505447836538462
1 0.5615352572115385 0.19588203846153848 0.5517798293269232 0.2574753798076923 0.6580334903846154 0.27430430528846156 0.6677889158653846 0.2127109639423077 0.5615352572115385 0.19588203846153848
1 0.5887771201923078 0.3180364158653846 0.5985325456730769 0.25644307451923076 0.5192088269230769 0.2438794326923077 0.5094533990384615 0.3054727740384615 0.5887771201923078 0.3180364158653846
1 0.6791870168269232 0.9662716009615384 0.7166443798076922 0.7297751153846155 0.5359282788461539 0.7011524975961538 0.4984709158653846 0.937648983173077 0.6791870168269232 0.9662716009615384
1 0.8256356322115385 1 0.8374313437500001 0.9255248076923077 0.67461709375 0.8997375649038462 0.6587370841346154 1 0.8256356322115385 1
1 0.30036003846153847 0.41156959375 0.2845427764423077 0.5114358581730769 0.4238994278846154 0.5335077836538461 0.43971668990384616 0.4336415192307692 0.30036003846153847 0.41156959375
1 0.4092542836538462 0.5915142692307692 0.4246370072115385 0.49439158173076925 0.2860519855769231 0.4724418701923077 0.2706692644230769 0.5695645576923076 0.4092542836538462 0.5915142692307692
1 0.2823477043269231 0.515306798076923 0.2665304399038461 0.6151730649038462 0.39901957211538464 0.63615728125 0.4148368341346154 0.5362910144230769 0.2823477043269231 0.515306798076923
1 0.5312532067307693 0.5883377740384615 0.5386186610576923 0.5418341153846155 0.4816722572115385 0.5328146923076923 0.47430680048076923 0.5793183485576923 0.5312532067307693 0.5883377740384615
1 0.5841162259615384 0.6431151057692308 0.5945234639423077 0.5774063942307692 0.5206783269230769 0.5657104735576923 0.5102710889423077 0.6314191850961539 0.5841162259615384 0.6431151057692308
1 0.13738612980769233 0.538611170673077 0.1564624423076923 0.41816806490384617 0.04334126201923077 0.40025143028846155 0.02426494951923077 0.5206945360576923 0.13738612980769233 0.538611170673077
1 0.16611762500000002 0.4870543509615385 0.17782848317307692 0.41311490625 0.10776434134615384 0.4020178365384615 0.09605348317307692 0.47595728125000003 0.16611762500000002 0.4870543509615385
1 0.20250204086538462 0.4815674639423077 0.2146474375 0.40488443990384615 0.17459976201923075 0.39854150961538465 0.16245436538461538 0.4752245360576923 0.20250204086538462 0.4815674639423077
1 0.22181311298076922 0.4790012331730769 0.22961311057692307 0.42975399278846155 0.2127143798076923 0.4270774975961539 0.2049143846153846 0.4763247355769231 0.22181311298076922 0.4790012331730769
1 0.25979414182692306 0.45843962740384614 0.26652951442307693 0.4159141538461538 0.21807105528846152 0.4082390889423077 0.21133568269230768 0.45076456009615384 0.25979414182692306 0.45843962740384614
1 0.3487481754807692 0.12154064903846154 0.35913368509615384 0.05596911778846154 0.2661520889423077 0.04124227884615384 0.2557665769230769 0.1068138125 0.3487481754807692 0.12154064903846154
1 0.2781785048076923 0.023741495192307692 0.26900970673076924 0.08163100721153847 0.3529632139423077 0.09492793509615384 0.3621320120192308 0.03703842548076923 0.2781785048076923 0.023741495192307692
1 0.3608536466346154 0.06608494471153846 0.36869709615384616 0.016563348557692308 0.2799594735576923 0.002508689903846154 0.2721160216346154 0.052030286057692304 0.3608536466346154 0.06608494471153846
1 0.28581462980769234 0 0.2795478004807692 0.03956720673076923 0.37306954086538463 0.054379596153846146 0.38168242067307695 0 0.28581462980769234 0
3 0.6344124230769231 0.21319007451923078 0.6430597716346154 0.15859285576923077 0.5784742139423077 0.1483635096153846 0.5698268653846154 0.20296072596153847 0.6344124230769231 0.21319007451923078
3 0.5736223798076924 0.17600032451923076 0.5673432740384615 0.21564503846153846 0.6323918100961539 0.22594771394230767 0.6386709158653846 0.186303 0.5736223798076924 0.17600032451923076
3 0.5762957908653846 0.2080632860576923 0.5839436971153846 0.1597763028846154 0.5416582908653846 0.1530789519230769 0.5340103846153846 0.2013659375 0.5762957908653846 0.2080632860576923
3 0.5668435528846154 0.21880015384615387 0.5727532980769231 0.1814874855769231 0.5393416538461538 0.17619560096153847 0.5334319086538462 0.21350826923076924 0.5668435528846154 0.21880015384615387
3 0.5666194206730769 0.23170170913461538 0.5700088341346153 0.2103017956730769 0.5303469735576922 0.2040199735576923 0.5269575600961539 0.22541988942307695 0.5666194206730769 0.23170170913461538
3 0.5605644471153846 0.25844486778846154 0.5649750288461538 0.23059754326923076 0.5270879230769231 0.22459681490384617 0.5226773389423077 0.2524441394230769 0.5605644471153846 0.25844486778846154
3 0.5768258653846154 0.45591995913461536 0.582235891826923 0.4217624038461538 0.5586239663461539 0.4180226418269231 0.5532139423076923 0.45218019711538465 0.5768258653846154 0.45591995913461536
3 0.5587700336538461 0.49201197836538463 0.5646797788461538 0.45469931009615383 0.5526423269230769 0.452792764423077 0.5467325817307692 0.49010543269230766 0.5587700336538461 0.49201197836538463
3 0.5576752283653846 0.5194001298076923 0.56332425 0.4837336081730769 0.5387863677884616 0.47984718990384617 0.5331373461538461 0.5155137115384615 0.5576752283653846 0.5194001298076923
3 0.5502679110576923 0.5571787091346153 0.5567860120192308 0.5160250288461539 0.5354118197115384 0.5126396899038462 0.52889371875 0.5537933701923077 0.5502679110576923 0.5571787091346153
3 0.5743060721153846 0.5642202427884615 0.5796943701923077 0.5301998677884615 0.5538447139423077 0.5261056850961539 0.5484564158653846 0.5601260600961538 0.5743060721153846 0.5642202427884615
3 0.5816425504807692 0.4225121490384615 0.5751244471153846 0.4636658293269231 0.5978875769230769 0.46727115625000004 0.6044056802884615 0.4261174759615385 0.5816425504807692 0.4225121490384615
3 0.5830540528846154 0.48601477884615385 0.5879426298076923 0.4551495192307692 0.5665684375 0.45176418028846155 0.5616798605769231 0.4826294399038461 0.5830540528846154 0.48601477884615385
3 0.5820992043269231 0.5265027716346153 0.5883783100961538 0.48685806009615384 0.5602909230769231 0.48240945432692306 0.5540118173076923 0.5220541682692308 0.5820992043269231 0.5265027716346153
3 0.8092159807692307 0.4039956177884615 0.7826655745192308 0.5716282788461539 0.9423161370192308 0.5969144447115384 0.9688665408653846 0.42928178365384617 0.8092159807692307 0.4039956177884615
3 0.8962862620192307 0.7511965865384614 0.9265737139423076 0.5599691514423077 0.7724788990384616 0.5355629302884616 0.7421914495192308 0.7267903653846154 0.8962862620192307 0.7511965865384614
3 0.8922912692307693 0.8698097355769231 0.9241430625 0.6687054158653846 0.7334729158653845 0.6385062307692307 0.7016211201923077 0.8396105504807692 0.8922912692307693 0.8698097355769231
3 0.8526874350961537 1 0.8859609639423076 0.789919204326923 0.6971427331730768 0.7600133341346154 0.6591325793269232 1 0.8526874350961537 1
3 0.9227690048076924 1 0.9380539855769231 0.9034944278846153 0.8392079903846154 0.8878387596153845 0.8214433942307693 1 0.9227690048076924 1
3 0.8869296875000001 0.7118878293269231 0.8502544951923077 0.943445875 0.9260287115384614 0.9554473317307692 0.9627039014423077 0.7238892860576923 0.8869296875000001 0.7118878293269231
3 0.916743016826923 0.5835831274038461 0.8878678221153845 0.7658939350961538 0.9580862884615384 0.7770154471153846 0.986961483173077 0.5947046418269231 0.916743016826923 0.5835831274038461
3 1 0.4267599711538462 0.9651567932692308 0.4212413485576923 0.9388888413461539 0.5870906826923077 0.986961483173077 0.5947046418269231 1 0.5123826874999999 1 0.4267599711538462
3 1 0.2701091153846154 0.9893606826923077 0.2684240120192308 0.9651567932692308 0.4212413485576923 1 0.4267599711538462 1 0.2701091153846154
3 0.2531910889423077 0.3118519447115385 0.2622947043269231 0.25437396875 0.18729212259615385 0.24249472836538463 0.1781885048076923 0.29997270192307696 0.2531910889423077 0.3118519447115385
3 0.11645054086538462 0.14141824278846155 0.09963383413461538 0.2475947403846154 0.16746024519230768 0.25833738701923076 0.18427694951923076 0.15216089182692308 0.11645054086538462 0.14141824278846155
3 0.1839263076923077 0.4440327980769231 0.19602825240384616 0.36762412980769227 0.12480666346153847 0.35634374038461536 0.11270471875 0.43275240625 0.1839263076923077 0.4440327980769231
3 0.07345190625 0.2815559903846154 0.061893137019230764 0.35453518509615384 0.13697288461538462 0.3664266490384615 0.14853165384615383 0.2934474543269231 0.07345190625 0.2815559903846154
3 0.24225379807692307 0.4158660024038462 0.25398638221153846 0.3417893774038462 0.1546002451923077 0.3260481586538461 0.14286765865384615 0.40012478365384613 0.24225379807692307 0.4158660024038462
3 0.22338774038461537 0.0565464375 0.21145961057692306 0.13185767548076924 0.2569087091346154 0.1390561033653846 0.2688368365384615 0.06374486778846154 0.22338774038461537 0.0565464375
3 0.17752831971153846 0 0.16213540625 0.0971870360576923 0.23158224278846154 0.10818633653846153 0.24871727403846153 0 0.17752831971153846 0
3 0.25462681249999997 0.27931484134615386 0.24669645432692308 0.32938515384615386 0.29909023557692305 0.33768351442307687 0.30702059375 0.28761320192307693 0.25462681249999997 0.27931484134615386
3 0.2752414014423077 0.3509212668269231 0.2817377764423077 0.30990476682692303 0.24647421634615385 0.30431956730769233 0.2399778389423077 0.34533606971153846 0.2752414014423077 0.3509212668269231
3 0.27065700240384616 0.3798660240384616 0.2752414014423077 0.3509212668269231 0.25078068028846157 0.3470470697115384 0.24619628125 0.3759918269230769 0.27065700240384616 0.3798660240384616
3 0.2633629423076923 0.4044442475961538 0.26909887259615384 0.36822900721153845 0.24386652403846154 0.3642325961538461 0.23813059134615383 0.4004478365384615 0.2633629423076923 0.4044442475961538