1 0.8753205144230769 0.3806114735576923 0.864207920673077 0.2216939783653846 0.6737355336538461 0.23501310576923076 0.6848481274038462 0.3939306009615385 0.8753205144230769 0.3806114735576923
1 0.6750608461538461 0.30996434375 0.6825984206730769 0.4177566826923077 0.870732766826923 0.40460104807692304 0.8631951923076924 0.2968087091346154 0.6750608461538461 0.30996434375
1 0.8649409495192307 0.44385067307692305 0.8567251850961538 0.3263597956730769 0.6739683341346154 0.3391393990384615 0.6821840985576924 0.4566302788461538 0.8649409495192307 0.44385067307692305
1 0.6874957716346154 0.3993145817307692 0.6941710769230769 0.4947759182692308 0.8668743533653847 0.48269932932692305 0.8601990456730769 0.38723799038461537 0.6874957716346154 0.3993145817307692
1 0.8566148966346153 0.5375764471153845 0.849658625 0.43809714423076923 0.6941009807692308 0.4489747956730769 0.7010572524038461 0.5484540985576923 0.8566148966346153 0.5375764471153845
1 0.6902511177884616 0.5047959903846154 0.6963354326923077 0.5918057451923077 0.8596086129807692 0.5803885721153846 0.8535242980769231 0.4933788173076923 0.6902511177884616 0.5047959903846154
1 0.8678554375 0.6423252884615385 0.8613835865384616 0.5497735120192307 0.6887582451923078 0.5618446514423077 0.6952300961538461 0.6543964278846153 0.8678554375 0.6423252884615385
1 0.8632634158653846 0.6774534038461538 0.856781875 0.5847630769230769 0.6810391466346153 0.5970522067307692 0.6875206850961538 0.68974253125 0.8632634158653846 0.6774534038461538
1 0.8567026490384616 0.7404255673076924 0.8478086995192308 0.6132361514423077 0.6728453173076924 0.62547078125 0.6817392668269231 0.7526601971153847 0.8567026490384616 0.7404255673076924
1 0.8747988822115385 0.7752202187499999 0.8670675408653847 0.6646568701923077 0.6788552620192309 0.677817954326923 0.6865866033653846 0.7883813028846153 0.8747988822115385 0.7752202187499999
1 0.9828521490384615 0.39522938701923077 0.9770100456730769 0.31168339663461536 0.8608873557692308 0.31980348798076924 0.8667294591346154 0.4033494759615385 0.9828521490384615 0.39522938701923077
1 0.9836927596153846 0.4386097548076923 0.9787904302884616 0.3685031706730769 0.8729551177884616 0.37590389423076925 0.8778574471153846 0.4460104807692308 0.9836927596153846 0.4386097548076923
1 0.9901244350961539 0.4835483509615385 0.984621423076923 0.40485163221153847 0.8668621057692308 0.4130861658653846 0.8723651153846154 0.4917828846153846 0.9901244350961539 0.4835483509615385
1 0.9991253894230769 0.5349902283653847 0.9931476466346154 0.4495045336538462 0.8694652908653846 0.45815324519230766 0.8754430336538461 0.5436389423076923 0.9991253894230769 0.5349902283653847
1 1 0.56317728125 0.9955540745192307 0.49959758173076924 0.8616622740384615 0.5089602067307692 0.8672331033653846 0.5886267836538461 1 0.5793428173076923 1 0.56317728125
1 1 0.5435612091346154 0.8754981730769231 0.5522672259615384 0.8823478701923076 0.6502224735576922 1 0.6419954350961539 1 0.5435612091346154
1 1 0.6718141586538462 0.9940981009615384 0.5874130576923077 0.8817942091346154 0.5952661105769231 0.8883048149038462 0.6883720913461538 1 0.6805616033653846 1 0.6718141586538462
1 1 0.6796539350961539 0.9954999254807693 0.6152998701923077 0.8708044182692307 0.6240194302884615 0.8781869783653846 0.7295949567307692 1 0.7210769615384615 1 0.6796539350961539
1 0.87395015625 0.6768453413461538 0.8794531658653846 0.7555420625 0.9965890072115384 0.7473511274038462 0.9910859975961538 0.66865440625 0.87395015625 0.6768453413461538
1 0.9980399855769231 0.7994601778846153 0.9918587884615384 0.7110649206730769 0.8709041466346155 0.7195228918269231 0.8770853461538461 0.8079181514423077 0.9980399855769231 0.7994601778846153
2 0.014425567307692308 0.3116074903846154 0.024017084134615382 0.4487725480769231 0.08503994711538462 0.4445054134615385 0.07544843028846154 0.3073403557692308 0.014425567307692308 0.3116074903846154
1 0.2635263557692308 0.288898 0.2663263028846154 0.3289391129807692 0.3536131586538461 0.3228354206730769 0.3508132091346154 0.2827943076923077 0.2635263557692308 0.288898
1 0.34615450721153845 0.33936820673076923 0.3432479879807693 0.2978030360576923 0.26227384375 0.3034653004807692 0.26518036298076925 0.34503047115384616 0.34615450721153845 0.33936820673076923
1 0.26025081730769234 0.32045335576923073 0.2628860625 0.3581391105769231 0.34884802644230767 0.3521280649038462 0.34621278125 0.3144423100961538 0.26025081730769234 0.32045335576923073
1 0.34814775240384616 0.3745927475961538 0.3447955673076923 0.32665425240384616 0.2615613173076923 0.3324745576923077 0.26491350240384615 0.3804130528846154 0.34814775240384616 0.3745927475961538
1 0.2572857355769231 0.3553284783653846 0.2598531610576923 0.3920443774038462 0.34893251201923076 0.3858153413461538 0.34636508653846154 0.3490994447115385 0.2572857355769231 0.3553284783653846
1 0.34271198557692306 0.3998946706730769 0.33992172596153847 0.3599921105769231 0.25707714903846157 0.3657851658653846 0.25986740865384617 0.40568772836538464 0.34271198557692306 0.3998946706730769
1 0.2554130216346154 0.38678574038461544 0.2577091706730769 0.41962222355769235 0.34678852403846155 0.4133931875 0.34449237259615384 0.38055670673076925 0.2554130216346154 0.38678574038461544
1 0.3478521105769231 0.4342030216346154 0.34511029326923076 0.3949932139423077 0.26000561057692306 0.4009443125 0.2627474278846154 0.4401541201923077 0.3478521105769231 0.4342030216346154
1 0.25950166826923077 0.41949687980769235 0.2619625216346154 0.4546887235576923 0.3479244879807692 0.4486776778846154 0.34546363461538465 0.41348583413461537 0.25950166826923077 0.41949687980769235
1 0.3454317163461538 0.4712677043269231 0.34264145673076923 0.4313651418269231 0.26166731249999997 0.43702740625000003 0.2644575721153846 0.4769299663461538 0.3454317163461538 0.4712677043269231
1 0.258728875 0.45324410576923074 0.26135443028846156 0.4907913076923077 0.3436534639423077 0.4850363990384615 0.3410279086538462 0.4474891971153846 0.258728875 0.45324410576923074
1 0.3444457764423077 0.5019668149038462 0.34142299519230773 0.45873904086538464 0.2590460264423077 0.4644994014423077 0.26206880769230767 0.5077271754807693 0.3444457764423077 0.5019668149038462
1 0.25710093509615384 0.48148200721153844 0.25973618028846157 0.5191677596153846 0.34250282211538463 0.5133801514423078 0.33986757692307695 0.47569439903846156 0.25710093509615384 0.48148200721153844
1 0.36690722115384616 0.3057553581730769 0.36478546153846153 0.2754127860576923 0.3265195288461538 0.2780886009615385 0.32864128846153845 0.3084311730769231 0.36690722115384616 0.3057553581730769
1 0.36369750721153843 0.3180926418269231 0.3617404519230769 0.2901054278846154 0.3428023221153846 0.29142970913461536 0.34475937740384616 0.3194169254807692 0.36369750721153843 0.3180926418269231
1 0.35947250721153845 0.3360700432692308 0.35790298557692307 0.31362485096153847 0.3444202836538462 0.3145676538461538 0.3459898052884615 0.33701284615384614 0.35947250721153845 0.3360700432692308
1 0.36070293269230774 0.3536659639423077 0.359414375 0.3352387403846154 0.3454640673076923 0.33621424278846157 0.3467526225961538 0.3546414663461538 0.36070293269230774 0.3536659639423077
1 0.45094388461538465 0.5443633822115385 0.44848303125 0.5091715384615385 0.3544158581730769 0.5157493557692308 0.35687671153846157 0.5509411995192308 0.45094388461538465 0.5443633822115385
1 0.3541130985576923 0.49238021634615387 0.35725213942307693 0.5372705985576923 0.45085170432692306 0.5307254783653846 0.4477126610576923 0.4858350961538462 0.3541130985576923 0.49238021634615387
1 0.4504621730769231 0.50499553125 0.44788506009615386 0.46814108173076924 0.3533502788461539 0.47475159855769233 0.35592739423076925 0.5116060480769231 0.4504621730769231 0.50499553125
1 0.3547190528846154 0.46184690384615384 0.35734460817307695 0.49939410576923077 0.4518793894230769 0.49278358894230767 0.4492538341346154 0.45523638701923075 0.3547190528846154 0.46184690384615384
1 0.4504261298076923 0.4720010048076923 0.4477424423076923 0.43362249999999997 0.3545325528846154 0.44014037019230773 0.35721623798076924 0.478518875 0.4504261298076923 0.4720010048076923
1 0.355092485576923 0.427988375 0.3577277307692308 0.4656741298076923 0.4508596875 0.45916170913461535 0.4482244423076923 0.4214759543269231 0.355092485576923 0.427988375
1 0.45142175721153843 0.44144044230769236 0.44828271634615385 0.39655006009615384 0.3560080408653846 0.4030025360576923 0.35914708413461544 0.4478929182692308 0.45142175721153843 0.44144044230769236
1 0.3608455504807692 0.38818454807692304 0.36409116346153847 0.4345989855769231 0.4496634543269231 0.42861518990384617 0.44641784134615387 0.38220075 0.3608455504807692 0.38818454807692304
1 0.45168861778846153 0.40605785817307694 0.4488305408653846 0.36518544471153846 0.3574910817307692 0.3715725216346154 0.36034916105769227 0.4124449350961538 0.45168861778846153 0.40605785817307694
1 0.3583341177884615 0.3578692235576923 0.36095967307692306 0.3954164230769231 0.4500390264423077 0.3891873894230769 0.44741346875 0.35164018750000003 0.3583341177884615 0.3578692235576923
1 0.45211263221153847 0.3673228149038461 0.4494289447115385 0.3289443100961539 0.35855709375 0.33529868749999997 0.36124078125 0.3736771923076923 0.45211263221153847 0.3673228149038461
1 0.35904878125 0.3232906947115385 0.36195530048076924 0.3648558629807692 0.45150226201923077 0.35859412980769234 0.44859574278846154 0.31702896153846155 0.35904878125 0.3232906947115385
1 0.45630358173076924 0.33653881490384613 0.45372646875 0.2996843653846154 0.3596592956730769 0.3062621826923077 0.36223640865384615 0.34311663221153843 0.45630358173076924 0.33653881490384613
1 0.3651026153846154 0.28666807932692306 0.36823196634615385 0.33141991105769236 0.4524014326923077 0.32553420673076927 0.44927208173076927 0.28078237740384615 0.3651026153846154 0.28666807932692306
1 0.4496409519230769 0.3095767860576923 0.45247965144230773 0.35017210096153845 0.5095278461538462 0.34618290144230773 0.5066891442307692 0.3055875889423077 0.4496409519230769 0.3095767860576923
1 0.5072305528846154 0.36708852163461536 0.5040624447115385 0.32178249038461537 0.4511447908653846 0.3254828509615385 0.4543128966346154 0.3707888846153846 0.5072305528846154 0.36708852163461536
1 0.4553468509615385 0.3418963798076923 0.45824368269230764 0.38332299999999997 0.5073425384615384 0.3798896730769231 0.5044457067307693 0.3384630528846154 0.4553468509615385 0.3418963798076923
1 0.504580201923077 0.39414486538461535 0.5018771370192308 0.35548925721153846 0.45199893509615385 0.3589770817307692 0.4547019975961539 0.3976326875 0.504580201923077 0.39414486538461535
1 0.44491229086538464 0.3707500985576923 0.44757660096153845 0.4088515048076923 0.5034557764423077 0.40494405048076926 0.5007914663461539 0.36684264663461535 0.44491229086538464 0.3707500985576923
1 0.501402829326923 0.4237441658653846 0.49838004807692304 0.38051639182692304 0.4439816346153846 0.38432029807692303 0.44700441346153846 0.4275480745192307 0.501402829326923 0.4237441658653846
1 0.45218400961538463 0.40978237500000003 0.45433483413461534 0.44054060096153846 0.5030440168269231 0.43713452403846154 0.5008931923076922 0.40637629807692305 0.45218400961538463 0.40978237500000003
1 0.5020029375 0.4592053533653846 0.49898015865384615 0.4159775769230769 0.4524531466346154 0.41923106250000003 0.45547592788461533 0.4624588389423077 0.5020029375 0.4592053533653846
1 0.45328962500000003 0.44799277403846155 0.4552466826923077 0.47597998798076924 0.5032544519230769 0.47262295673076926 0.5012973942307692 0.4446357451923077 0.45328962500000003 0.44799277403846155
1 0.5043686177884615 0.4885562740384615 0.501898076923077 0.4532258798076923 0.4524095456730769 0.45668645432692306 0.4548800889423077 0.49201684855769234 0.5043686177884615 0.4885562740384615
1 0.4504147307692307 0.4763178701923077 0.4526043100961538 0.5076302980769231 0.5020928389423077 0.5041697235576923 0.4999032596153846 0.4728572956730769 0.4504147307692307 0.4763178701923077
1 0.503557923076923 0.5195215865384616 0.5010873822115385 0.4841911947115385 0.44855939903846154 0.48786430769230765 0.45102994230769233 0.5231947019230769 0.503557923076923 0.5195215865384616
1 0.45028393509615383 0.5125263100961539 0.4520084711538462 0.5371883076923077 0.5037571057692308 0.5335696923076922 0.5020325697115384 0.5089076923076923 0.45028393509615383 0.5125263100961539
1 0.5073638990384615 0.5526701778846154 0.5050774375 0.5199722451923077 0.4499776105769231 0.5238252019230769 0.4522640721153846 0.5565231322115385 0.5073638990384615 0.5526701778846154
1 0.5012160360576924 0.5297097668269231 0.5029890120192307 0.5550645216346154 0.5480352644230769 0.5519145793269231 0.5462622884615385 0.5265598245192308 0.5012160360576924 0.5297097668269231
1 0.5054401826923077 0.5139600745192308 0.5074456802884616 0.5426400408653846 0.547582048076923 0.5398334326923077 0.5455765480769231 0.5111534663461538 0.5054401826923077 0.5139600745192308
1 0.5478302427884615 0.527703235576923 0.5459700697115385 0.5011015288461539 0.5043529447115385 0.5040116826923077 0.5062131177884616 0.5306133894230769 0.5478302427884615 0.527703235576923
1 0.5039696826923077 0.48733111778846155 0.5060139350961539 0.5165652860576923 0.5491118197115384 0.5135515889423077 0.5470675673076923 0.4843174206730769 0.5039696826923077 0.48733111778846155
1 0.5452994326923076 0.4971108125 0.543342375 0.46912359615384613 0.5009459038461539 0.47208824759615386 0.5029029615384615 0.5000754615384616 0.5452994326923076 0.4971108125
1 0.5033480600961538 0.4571621009615384 0.5058186009615384 0.4924924927884616 0.5447859471153846 0.48976762980769234 0.54231540625 0.45443723798076924 0.5033480600961538 0.4571621009615384
1 0.5470078701923077 0.4621843341346154 0.5453317788461539 0.43821508894230765 0.5003634615384616 0.44135957932692305 0.5020395552884616 0.465328826923077 0.5470078701923077 0.4621843341346154
1 0.5029320312500001 0.42433337259615383 0.5053153774038461 0.4584168125 0.5473221754807692 0.4554794110576923 0.5449388293269231 0.42139597115384614 0.5029320312500001 0.42433337259615383
1 0.5445911850961539 0.4388237884615384 0.5424500480769231 0.40820411298076925 0.5030930288461538 0.4109562235576923 0.5052341658653846 0.4415758990384615 0.5445911850961539 0.4388237884615384
1 0.5037216370192308 0.397546375 0.5060468533653846 0.43079851201923075 0.5446245240384615 0.42810089663461537 0.5422993100961538 0.39484876201923075 0.5037216370192308 0.397546375
1 0.5459276177884615 0.408657079326923 0.5441546394230768 0.38330232451923074 0.5021478413461539 0.38623972596153844 0.5039208197115385 0.4115944807692308 0.5459276177884615 0.408657079326923
1 0.5058656274038461 0.36996852884615383 0.5080067620192308 0.40058820432692305 0.5458830216346153 0.3979396370192308 0.5437418870192308 0.3673199639423077 0.5058656274038461 0.36996852884615383
1 0.5447591682692308 0.3818677740384615 0.5426180312500001 0.35124809855769235 0.5044300336538462 0.35391846394230775 0.5065711706730769 0.38453813701923073 0.5447591682692308 0.3818677740384615
1 0.501953079326923 0.3352958822115385 0.5045205048076923 0.37201178125 0.5483977355769231 0.36894358653846154 0.5458303100961538 0.3322276875 0.501953079326923 0.3352958822115385
1 0.5884635745192308 0.39760744951923077 0.5864096346153846 0.36823472836538457 0.5451821826923077 0.37111763461538466 0.5472361225961538 0.4004903533653846 0.5884635745192308 0.39760744951923077
1 0.5527838774038462 0.3879895769230769 0.5549347019230769 0.4187478004807692 0.5928109615384616 0.4160992355769231 0.5906601370192308 0.38534100961538464 0.5527838774038462 0.3879895769230769
1 0.58931771875 0.4311016778846154 0.5867018509615385 0.3936930264423077 0.5521767836538461 0.3961072548076923 0.5547926514423077 0.43351590624999997 0.58931771875 0.4311016778846154
1 0.5495866995192308 0.4184256298076923 0.5515921995192308 0.44710559615384615 0.5917285649038462 0.4442989879807693 0.5897230673076923 0.4156190216346154 0.5495866995192308 0.4184256298076923
1 0.5866791947115385 0.4527273004807692 0.5845768125 0.4226618269230769 0.5481813100961539 0.42520684855769236 0.5502836923076923 0.4552723221153846 0.5866791947115385 0.4527273004807692
1 0.5486791225961538 0.4480054399038461 0.5504036586538461 0.47266743749999995 0.5882799182692308 0.4700188725961538 0.5865553822115385 0.44535687259615386 0.5486791225961538 0.4480054399038461
1 0.5867173774038462 0.4801525552884615 0.5848087620192307 0.45285809375 0.5488029350961539 0.45537586778846156 0.550711548076923 0.4826703269230769 0.5867173774038462 0.4801525552884615
1 0.5474998413461538 0.47481968509615385 0.5487593341346154 0.4928312572115384 0.5878046153846154 0.4901009471153846 0.5865451225961539 0.47208937259615386 0.5474998413461538 0.47481968509615385
1 0.5871452307692308 0.5075505600961538 0.5852850600961539 0.4809488509615385 0.5477205384615385 0.4835756201923077 0.5495807115384616 0.5101773269230769 0.5871452307692308 0.5075505600961538
1 0.5503062019230769 0.49815298317307694 0.5519338533653846 0.5214294783653846 0.5894204399038462 0.5188081610576923 0.5877927884615385 0.49553166586538466 0.5503062019230769 0.49815298317307694
1 0.58517734375 0.5331669014423077 0.5831718461538462 0.5044869350961538 0.5490364495192307 0.5068739134615384 0.5510419495192308 0.5355538798076923 0.58517734375 0.5331669014423077
1 0.5423276538461539 0.5240504014423076 0.5442459567307693 0.5514834134615385 0.5850837355769231 0.5486277572115384 0.5831654326923077 0.5211947475961538 0.5423276538461539 0.5240504014423076
1 0.5864034951923076 0.5619013653846154 0.5844464375 0.5339141490384616 0.5469598509615385 0.5365354663461539 0.5489169086538461 0.5645226826923077 0.5864034951923076 0.5619013653846154
1 0.6707380913461538 0.5572571682692308 0.6717747500000001 0.5720820769230769 0.69523309375 0.5704417091346154 0.6941964350961538 0.5556168004807692 0.6707380913461538 0.5572571682692308
1 0.6955570865384615 0.5638753341346153 0.6941619567307692 0.5439240528846153 0.6759252379807692 0.5451992884615385 0.6773203677884615 0.5651505697115384 0.6955570865384615 0.5638753341346153
1 0.6712424615384616 0.5375907427884615 0.6722791201923077 0.5524156538461539 0.6923083341346155 0.5510150745192308 0.6912716754807692 0.5361901634615385 0.6712424615384616 0.5375907427884615
1 0.6923403918269231 0.5436337475961538 0.6911680961538462 0.5268691298076923 0.6733989879807692 0.5281116658653846 0.6745712836538461 0.5448762836538461 0.6923403918269231 0.5436337475961538
1 0.6754093317307692 0.5187820360576922 0.6763394182692307 0.5320828918269231 0.6919263557692308 0.5309929471153846 0.6909962692307693 0.5176920913461539 0.6754093317307692 0.5187820360576922
1 0.6937719999999999 0.5193079615384616 0.6929969278846154 0.5082239134615384 0.6747602091346153 0.5094991490384616 0.67553528125 0.5205831971153846 0.6937719999999999 0.5193079615384616
1 0.6757375985576922 0.5010771225961539 0.6766095552884616 0.513546673076923 0.693287579326923 0.5123804326923077 0.6924156225961539 0.49991088221153845 0.6757375985576922 0.5010771225961539
1 0.6927185288461538 0.4975228221153846 0.6917787548076924 0.4840834182692308 0.6746331225961538 0.48528235817307697 0.6755728966346154 0.4987217620192308 0.6927185288461538 0.4975228221153846
1 0.677459858173077 0.48090785336538466 0.678496516826923 0.4957327620192308 0.6936158461538462 0.49467551682692307 0.6925791874999999 0.4798506057692308 0.677459858173077 0.48090785336538466
1 0.6913233990384615 0.4775715408653846 0.6904514423076923 0.46510199038461536 0.6740851586538461 0.4662464326923077 0.6749571129807692 0.4787159831730769 0.6913233990384615 0.4775715408653846
1 0.6763486850961539 0.4571775576923077 0.6773272115384615 0.4711711634615385 0.6929141514423077 0.47008121875 0.6919356225961538 0.4560876129807693 0.6763486850961539 0.4571775576923077
1 0.6903878990384615 0.45299359615384616 0.6898356610576923 0.4450962115384615 0.6758074158653845 0.4460771634615384 0.6763596538461538 0.45397454567307693 0.6903878990384615 0.45299359615384616
1 0.6752915096153846 0.4196599110576923 0.6735379086538462 0.3945822596153846 0.6485208750000001 0.39633162019230767 0.6502744735576923 0.42140927403846157 0.6752915096153846 0.4196599110576923
1 0.6511440096153845 0.41480475 0.6523744350961539 0.4324006730769231 0.6745078870192308 0.43085295192307693 0.6732774615384615 0.4132570288461539 0.6511440096153845 0.41480475
1 0.67195071875 0.44356228846153845 0.6703036899038461 0.42000869471153846 0.6508200168269231 0.421371125 0.6524670456730769 0.4449247211538462 0.67195071875 0.44356228846153845
1 0.6516708870192307 0.4380189903846154 0.6529013124999999 0.4556149134615385 0.6740216129807692 0.45413803846153844 0.6727911874999999 0.43654211538461535 0.6516708870192307 0.4380189903846154
1 0.6716502331730769 0.465024420673077 0.6702260384615385 0.4446574855769231 0.6504306274038462 0.44604171634615386 0.6518548221153846 0.4664086514423077 0.6716502331730769 0.465024420673077
1 0.6503863149038461 0.4599676201923077 0.6514520408653847 0.4752081826923077 0.6703901706730769 0.47388389903846156 0.6693244447115384 0.4586433365384615 0.6503863149038461 0.4599676201923077
1 0.6740197596153846 0.48435065384615383 0.6726633846153847 0.46495357451923075 0.6499843894230769 0.46653944471153846 0.651340764423077 0.4859365216346154 0.6740197596153846 0.48435065384615383
1 0.6506916418269231 0.4766536322115385 0.6519898870192308 0.49521941105769235 0.6736557307692308 0.49370438701923075 0.6723574855769231 0.475138610576923 0.6506916418269231 0.4766536322115385
1 0.6755117740384615 0.5056874375 0.6741166442307692 0.48573615625 0.6509700408653847 0.48735472596153845 0.652365170673077 0.5073060048076923 0.6755117740384615 0.5056874375
1 0.64707871875 0.49890430288461535 0.6485319783653847 0.519686889423077 0.6737828197115385 0.5179211778846153 0.6723295600961539 0.49713859374999997 0.64707871875 0.49890430288461535
1 0.6753663028846154 0.5293663798076923 0.6739808629807692 0.5095536466346154 0.6502887163461538 0.5112103629807693 0.65167415625 0.5310230961538461 0.6753663028846154 0.5293663798076923
1 0.6484708557692307 0.5266525649038462 0.6493137475961538 0.5387064663461538 0.6747983918269231 0.53692440625 0.6739555 0.5248705048076923 0.6484708557692307 0.5266525649038462
1 0.6710153533653845 0.5455426225961538 0.6698818100961539 0.5293322067307693 0.6485277043269231 0.5308254302884615 0.6496612475961538 0.5470358461538462 0.6710153533653845 0.5455426225961538
1 0.6733200528846154 0.5561020216346153 0.6725449807692307 0.5450179759615384 0.6493204423076923 0.5466419951923077 0.6499308125 0.5553706802884615 0.6473589663461539 0.5555505216346154 0.6483665600961538 0.5699597788461539 0.6726042499999999 0.5682649158653846 0.6717613581730769 0.5562110168269231 0.6733200528846154 0.5561020216346153
1 0.620239548076923 0.5272344110576923 0.6215668605769231 0.5462158389423076 0.6468176995192307 0.5444501274038461 0.6454903894230769 0.5254686995192308 0.620239548076923 0.5272344110576923
1 0.6202740264423077 0.5389271538461539 0.6214656995192308 0.5559688725961538 0.6464827355769232 0.5542195120192308 0.6452910625 0.5371777932692308 0.6202740264423077 0.5389271538461539
1 0.6444142620192307 0.5627178365384615 0.6435713701923077 0.5506639375 0.6201909639423077 0.5522988557692308 0.6210338533653845 0.5643527548076923 0.6444142620192307 0.5627178365384615
1 0.6218315817307692 0.5164025240384615 0.62329453125 0.5373236610576924 0.64932471875 0.5355034519230769 0.6478617692307692 0.5145823173076923 0.6218315817307692 0.5164025240384615
1 0.6517171850961538 0.5204387524038462 0.6505448894230769 0.5036741346153846 0.6226442692307692 0.5056251370192307 0.6238165673076923 0.5223897548076923 0.6517171850961538 0.5204387524038462
1 0.624178173076923 0.4939619495192308 0.625505483173077 0.512943375 0.6523150192307692 0.5110686706730769 0.6509877067307692 0.4920872451923077 0.624178173076923 0.4939619495192308
1 0.6492520576923078 0.4963854543269231 0.6480894495192308 0.47975938701923077 0.6236179567307693 0.4814706009615385 0.624780564903846 0.4980966658653846 0.6492520576923078 0.4963854543269231
1 0.6227750649038462 0.46941669951923076 0.6241314423076924 0.48881377884615385 0.6488367379807692 0.4870862163461539 0.6474803629807693 0.46768913701923076 0.6227750649038462 0.46941669951923076
1 0.6499043173076923 0.4721141634615385 0.6487417091346154 0.45548809615384617 0.6247378245192308 0.4571666105769231 0.6259004326923077 0.47379268028846155 0.6499043173076923 0.4721141634615385
1 0.6229786658653846 0.4465690649038461 0.6241800288461538 0.4637493341346154 0.6486515216346154 0.46203812019230767 0.6474501586538461 0.44485785336538464 0.6229786658653846 0.4465690649038461
1 0.6497481634615384 0.44748171875000003 0.6484208533653846 0.4285002932692308 0.6241831634615385 0.43019515865384617 0.6255104759615384 0.4491765841346154 0.6497481634615384 0.44748171875000003
1 0.6259689663461538 0.4221342836538462 0.6274319134615385 0.4430554182692308 0.6498771057692309 0.4414858990384615 0.6484141562500001 0.42056476201923076 0.6259689663461538 0.4221342836538462
1 0.6509926971153847 0.42832045192307694 0.6496363221153847 0.408923375 0.62648971875 0.4105419423076923 0.6278460937499999 0.4299390216346154 0.6509926971153847 0.42832045192307694
1 0.6272055216346154 0.3983790480769231 0.6288525504807693 0.4219326418269231 0.6512198052884616 0.4203685721153846 0.6495727788461539 0.3968149759615385 0.6272055216346154 0.3983790480769231
1 0.5909634687499999 0.38183909615384615 0.5930367860576923 0.4114889182692308 0.6289646802884616 0.4089765961538462 0.6268913629807693 0.37932677403846154 0.5909634687499999 0.38183909615384615
1 0.6252216778846154 0.41480745192307694 0.6232452427884615 0.38654313701923076 0.5875511538461539 0.3890391105769231 0.5895275889423077 0.41730342548076926 0.6252216778846154 0.41480745192307694
1 0.5916731442307692 0.4110273605769231 0.5931360913461539 0.4319484951923077 0.6223616009615385 0.4299048485576923 0.6208986538461538 0.4089837139423077 0.5916731442307692 0.4110273605769231
1 0.6216761466346153 0.4391418317307692 0.6201260024038462 0.4169737403846154 0.5906666875 0.41903373798076926 0.5922168317307692 0.4412018293269231 0.6216761466346153 0.4391418317307692
1 0.5888686322115384 0.43363918509615385 0.5904187764423077 0.45580727403846155 0.6211250456730769 0.4536600841346154 0.6195749014423076 0.43149199519230774 0.5888686322115384 0.43363918509615385
1 0.621803233173077 0.463358625 0.6204177932692307 0.44354589423076923 0.589945326923077 0.44567673557692306 0.5913307692307692 0.46548946634615385 0.621803233173077 0.463358625
1 0.5895214591346154 0.4586545841346154 0.5907518870192308 0.47625050480769227 0.6209905456730769 0.4741360120192307 0.6197601201923076 0.45654009134615386 0.5895214591346154 0.4586545841346154
1 0.6208881057692307 0.48723061057692313 0.6193960913461538 0.4658938245192308 0.5891574302884616 0.4680083173076923 0.5906494447115385 0.4893451033653846 0.6208881057692307 0.48723061057692313
1 0.5836977283653846 0.4795283389423077 0.5850928581730769 0.4994796201923077 0.6212545528846154 0.49695094951923074 0.6198594254807692 0.47699966826923074 0.5836977283653846 0.4795283389423077
1 0.6175072764423077 0.5139203509615384 0.6161509014423078 0.49452327163461535 0.5884840841346154 0.4964579230769231 0.5898404615384615 0.5158550024038462 0.6175072764423077 0.5139203509615384
1 0.589111266826923 0.5121468365384616 0.5902157427884616 0.5279415985576923 0.6201426658653847 0.5258489038461538 0.6190381875 0.5100541418269231 0.589111266826923 0.5121468365384616
1 0.6192899423076923 0.5394136538461539 0.6177010432692308 0.516691360576923 0.5853581466346154 0.5189529951923076 0.586947045673077 0.5416752884615385 0.6192899423076923 0.5394136538461539
1 0.6219266129807692 0.5480006466346153 0.6209287067307692 0.5337299375 0.585546358173077 0.5362041129807692 0.5865442620192307 0.5504748221153846 0.6219266129807692 0.5480006466346153
1 0.6177905168269231 0.5627695865384615 0.6166569735576922 0.5465591706730769 0.58384646875 0.5488535048076923 0.5849800120192308 0.5650639206730769 0.6177905168269231 0.5627695865384615