3 0.23037658413461537 0.018659673076923077 0.23576827884615387 0.12153931730769231 0.5496344206730769 0.10509029086538463 0.5442427259615384 0.0022106466346153847 0.23037658413461537 0.018659673076923077
3 0.23714754807692306 0.14785737019230769 0.23037658413461537 0.018659673076923077 0.1568836923076923 0.022511271634615384 0.16365465625 0.15170896875 0.23714754807692306 0.14785737019230769
3 0.2403632139423077 0.24354938221153846 0.23322153605769233 0.10727806009615384 0.16870070673076926 0.11065945432692306 0.1758423846153846 0.24693077644230768 0.2403632139423077 0.24354938221153846
3 0.2528071682692308 0.3436603149038462 0.2449131610576923 0.1930336923076923 0.16424262019230768 0.19726145673076922 0.17213662740384614 0.34788807932692306 0.2528071682692308 0.3436603149038462
3 0.2500181081730769 0.42777572596153846 0.24399947115384618 0.3129333293269231 0.17768423076923076 0.3164087644230769 0.1837028653846154 0.43125116105769234 0.2500181081730769 0.42777572596153846
3 0.2561566778846154 0.5449066514423077 0.24888961298076923 0.40624277644230766 0.17539672115384614 0.4100943774038462 0.18266378605769232 0.54875825 0.2561566778846154 0.5449066514423077
3 0.25424533413461536 0.6457699110576923 0.24709820432692306 0.5093945673076923 0.17001648798076924 0.5134342475961539 0.1771636177884615 0.6498095937499999 0.25424533413461536 0.6457699110576923
3 0.25182698557692307 0.7369589495192308 0.2450614735576923 0.6078652764423077 0.16439093028846155 0.6120930408653846 0.17115644471153846 0.7411867139423076 0.25182698557692307 0.7369589495192308
3 0.25842813221153843 0.8972498125 0.24815175 0.7011647427884615 0.16927562019230769 0.7052984663461538 0.17955200240384617 0.9013835336538462 0.25842813221153843 0.8972498125
3 0.2692420408653846 0.9662575937500001 0.26147342307692306 0.8180235216346153 0.18977494230769232 0.8217810817307692 0.1975435625 0.9700151514423077 0.2692420408653846 0.9662575937500001
3 0.26201369951923076 1 0.2575114375 0.9140917043269231 0.17504648317307694 0.9184135072115385 0.17932225 1 0.26201369951923076 1
3 0.4036239495192308 1 0.5512239639423077 0.9922646105769231 0.5432045697115385 0.8392454375 0.2401049014423077 0.8551302187500001 0.24769720673076925 1 0.4036239495192308 1
3 0.9493494735576923 0.971399735576923 0.9375684326923076 0.7466040649038461 0.4748440745192308 0.7708544206730769 0.4866251177884615 0.99565009375 0.9493494735576923 0.971399735576923
3 0.727198704326923 0.8152079855769231 0.7194246346153845 0.666869891826923 0.5364725817307693 0.6764580024038461 0.5442466538461539 0.8247960961538462 0.727198704326923 0.8152079855769231
3 0.5636510072115384 0.886052 0.5536254014423077 0.69475203125 0.24685888942307693 0.7108289807692307 0.25688449759615384 0.9021289519230768 0.5636510072115384 0.886052
3 0.2426011418269231 0.6295863076923076 0.2519998076923077 0.8089235312499999 0.562355141826923 0.7926584975961538 0.5529564783653846 0.6133212740384615 0.2426011418269231 0.6295863076923076
3 0.7292798028846155 0.6160761658653846 0.7227596153846154 0.49166357211538464 0.5398855817307692 0.50124759375 0.5464057692307692 0.6256601875 0.7292798028846155 0.6160761658653846
3 0.5198932620192308 0.39443919951923073 0.5264079975961539 0.5187477716346154 0.7218429182692307 0.5085054615384615 0.7153281826923077 0.38419688942307695 0.5198932620192308 0.39443919951923073
3 0.6276053798076924 0.3911933677884616 0.6232167908653847 0.30745412019230767 0.5299853629807691 0.3123401730769231 0.5343739495192308 0.3960794206730769 0.6276053798076924 0.3911933677884616
3 0.5391217259615385 0.21349738461538464 0.5450149735576922 0.3259472307692307 0.6383244206730769 0.3210570889423077 0.6324311730769231 0.2086072451923077 0.5391217259615385 0.21349738461538464
3 0.7278645600961539 0.7264056057692307 0.7199705528846153 0.575778983173077 0.5460685817307692 0.5848928004807692 0.5539625889423078 0.735519420673077 0.7278645600961539 0.7264056057692307
3 0.5589222259615385 0.6584876153846154 0.5506520552884615 0.5006833461538461 0.23132465865384616 0.5174185865384615 0.23959482932692305 0.6752228557692308 0.5589222259615385 0.6584876153846154
3 0.22685511057692306 0.39780107211538457 0.23550144711538462 0.5627829927884616 0.5601340625 0.54576971875 0.5514877283653846 0.3807877980769231 0.22685511057692306 0.39780107211538457
3 0.23544255288461538 0.2869914471153846 0.24258968028846153 0.42336679086538465 0.5457673653846153 0.4074779230769231 0.5386202379807693 0.27110257692307693 0.23544255288461538 0.2869914471153846
3 0.22033191826923076 0.17033073076923078 0.22872747836538462 0.3305275504807692 0.5551545072115385 0.31342023557692306 0.5467589471153846 0.15322341346153848 0.22033191826923076 0.17033073076923078
3 0.2289193581730769 0.05952110336538462 0.23694420673076924 0.21264430048076924 0.5454271105769231 0.19647739663461536 0.5374022644230769 0.04335419951923077 0.2289193581730769 0.05952110336538462
1 1 0.8129066826923077 0.9142885048076923 0.8173986322115384 0.9199255216346154 0.9249593533653846 1 0.9207628269230769 1 0.8129066826923077