1 0.2954030264423077 0.5810174423076924 0.27462629807692307 0.49102354086538463 0.1644768076923077 0.5164535552884616 0.18525353605769232 0.6064474567307692 0.2954030264423077 0.5810174423076924
1 0.08400512259615385 0.5113698966346154 0.09309689423076922 0.5507506850961539 0.14623051201923076 0.5384838221153846 0.13713874038461538 0.4991030336538461 0.08400512259615385 0.5113698966346154
1 0.13903198557692306 0.5187643990384616 0.13150237259615385 0.4861500673076923 0.08148978365384615 0.49769638221153845 0.08901939663461539 0.5303107163461539 0.13903198557692306 0.5187643990384616
1 0.07740726923076924 0.46542656490384615 0.08728012259615385 0.5081905841346154 0.13660760576923076 0.4968024375 0.1267347548076923 0.4540384182692308 0.07740726923076924 0.46542656490384615
1 0.046101052884615384 0.5319517475961538 0.03935252163461538 0.5027206442307692 0.01019754326923077 0.5094516009615385 0.016946074519230768 0.5386827043269231 0.046101052884615384 0.5319517475961538
1 0 0.3126743846153846 0.05013347115384615 0.30110016105769233 0.04079175480769231 0.2606367355769231 0 0.2700542524038462 0 0.3126743846153846
1 0 0.28329715625 0.0004716129807692308 0.28533993509615385 0.04096886778846154 0.27599040625 0.03472022836538462 0.2489245721153846 0 0.2569403677884615 0 0.28329715625
1 0 0.26877137259615386 0.04051056490384616 0.2594187716346154 0.03454311298076923 0.23357090144230772 0 0.2415458076923077 0 0.26877137259615386
1 0 0.2533768125 0.035842213942307695 0.24510198557692306 0.03143692307692308 0.22602057211538462 0 0.2332783581730769 0 0.2533768125
1 0 0.24396902403846152 0.035074247596153844 0.23587149759615383 0.029606687500000003 0.21218889182692308 0 0.2190241346153846 0 0.24396902403846152
1 0 0.23213801923076924 0.03438412980769231 0.22419981971153843 0.029166514423076922 0.20159984615384616 0 0.20833346875 0 0.23213801923076924
1 0 0.22501090865384615 0.04104321634615385 0.21553533653846155 0.03504452163461538 0.18955213221153844 0 0.19764279807692306 0 0.22501090865384615
1 0.40272282692307687 0.0838557403846154 0.39297494951923073 0.041633038461538464 0.34547440865384615 0.05259940144230769 0.3552222860576923 0.09482210576923077 0.40272282692307687 0.0838557403846154
1 0.23217645673076925 0.09842712259615385 0.24929773317307694 0.17258751201923075 0.36903868028846154 0.14494313701923078 0.35191740384615383 0.07078274759615386 0.23217645673076925 0.09842712259615385
1 0.35057525 0.18270318028846155 0.3319543004807692 0.10204699278846154 0.22271828125 0.12726611538461538 0.24133923076923078 0.20792230048076923 0.35057525 0.18270318028846155
1 0.569621891826923 0.09863485336538462 0.5583743389423077 0.04991635096153846 0.49930315384615387 0.06355400721153846 0.5105507067307692 0.11227251201923077 0.569621891826923 0.09863485336538462
1 0.5077388173076923 0.10009288461538463 0.5018963389423077 0.07478632932692307 0.4749489182692308 0.0810076298076923 0.4807913966346154 0.1063141875 0.5077388173076923 0.10009288461538463
1 0.4590531322115385 0 0.4654908485576923 0.027884810096153845 0.49609215865384615 0.020819939903846153 0.4912854975961538 0 0.4590531322115385 0
1 0.6852409374999999 0 0.6955420456730769 0.04461900480769231 0.7611597788461538 0.02946995673076923 0.7543561033653846 0 0.6852409374999999 0
1 0.7324669615384616 0 0.7394722403846153 0.03034319471153846 0.8171173533653846 0.01241740625 0.8142505697115384 0 0.7324669615384616 0
2 0.4651773533653846 0.6384655889423076 0.3520769615384615 0.1485739735576923 0.15956275240384615 0.19301937980769232 0.2726631418269231 0.6829109975961539 0.4651773533653846 0.6384655889423076
3 0.14968524278846154 0.3707692788461538 0.16005798557692305 0.4156985625 0.2201948894230769 0.4018148653846154 0.20982214663461538 0.3568855793269231 0.14968524278846154 0.3707692788461538
3 0.22653192788461537 0.4556582331730769 0.21203508413461536 0.39286549519230773 0.16194637259615385 0.40442938461538464 0.17644321875 0.46722212259615387 0.22653192788461537 0.4556582331730769
3 0.15583639182692308 0.44047775 0.1653655673076923 0.4817531466346154 0.22017388461538462 0.4690996514423077 0.21064470673076924 0.42782425240384614 0.15583639182692308 0.44047775
3 0.22917521634615384 0.5223279182692308 0.21508453365384617 0.46129445913461536 0.17177073798076922 0.47129423557692307 0.18586142307692308 0.5323276947115384 0.22917521634615384 0.5223279182692308
3 0.17023778365384615 0.5052881129807693 0.18342241346153848 0.5623970264423077 0.233511125 0.5508331370192308 0.22032649278846156 0.4937242235576923 0.17023778365384615 0.5052881129807693
3 0.2592297163461538 0.5538756947115384 0.2518563221153846 0.5219380072115385 0.22650747596153845 0.52779025 0.2338808701923077 0.5597279350961538 0.2592297163461538 0.5538756947115384
3 0.2248273966346154 0.4916873125 0.23370046634615382 0.5301208004807691 0.2590493125 0.5242685576923077 0.25017624278846157 0.4858350721153846 0.2248273966346154 0.4916873125
3 0.21585887259615386 0.4552714567307692 0.22429453846153846 0.4918103341346154 0.2528405360576923 0.48521997115384613 0.2444048701923077 0.44868109375 0.21585887259615386 0.4552714567307692
3 0.2063019014423077 0.40901349759615385 0.21692459134615383 0.4550254158653846 0.2444048701923077 0.44868109375 0.2337821826923077 0.40266917548076925 0.2063019014423077 0.40901349759615385
3 0.25777048557692306 0.3961332403846154 0.2488974158653846 0.35769975480769234 0.20459402884615382 0.3679279975961538 0.2134670985576923 0.4063614855769231 0.25777048557692306 0.3961332403846154
3 0.17456732211538462 0.3413627836538462 0.18300298798076925 0.3779016610576923 0.2215210528846154 0.3690090649038461 0.21308538942307692 0.3324701875 0.17456732211538462 0.3413627836538462
3 0.21674429326923078 0.34345646875 0.20980830048076923 0.3134133918269231 0.17342166826923078 0.3218139086538461 0.1803576610576923 0.351856985576923 0.21674429326923078 0.34345646875
3 0.16885859615384616 0.2853787692307692 0.17857523076923076 0.32746614423076925 0.21496186298076925 0.31906562740384614 0.2052452283653846 0.27697825240384616 0.16885859615384616 0.2853787692307692
3 0.21381965865384614 0.2946695168269231 0.20213469951923077 0.24405640625000002 0.16255091586538464 0.25319504326923076 0.17423587499999998 0.30380815384615384 0.21381965865384614 0.2946695168269231
1 0.4824272740384616 0.12902835817307692 0.4759286899038461 0.10087988942307692 0.4358120456730769 0.11014154567307692 0.4423106322115385 0.13829001442307692 0.4824272740384616 0.12902835817307692
3 0.31781601923076924 0.09533311298076923 0.30663095192307693 0.04688526923076923 0.2385011706730769 0.06261426923076924 0.24968623557692307 0.11106211298076923 0.31781601923076924 0.09533311298076923
3 0.2416796706730769 0.05033453365384615 0.2499591201923077 0.08619676442307693 0.3172515528846154 0.07066108173076922 0.3089721033653846 0.03479885096153846 0.2416796706730769 0.05033453365384615
3 0 0.3598558629807692 0.01799852644230769 0.35570057692307694 0.009719076923076922 0.31983834375 0 0.32208217067307693 0 0.3598558629807692