1 0.3542919326923077 0.6538593269230769 0.33531026923076923 0.5187977644230769 0.12410465624999999 0.5484807764423076 0.1430863221153846 0.6835423389423076 0.3542919326923077 0.6538593269230769
1 0.42098196634615387 0.6242901009615385 0.412187 0.5617106610576923 0.3352864951923077 0.5725183221153846 0.34408146153846153 0.6350977620192307 0.42098196634615387 0.6242901009615385
1 0.4128828653846154 0.5666620024038461 0.4207500096153846 0.6226396538461538 0.4883667524038462 0.6131367403846154 0.48049960576923073 0.5571590889423077 0.4128828653846154 0.5666620024038461
1 0.5179979855769231 0.6022401586538462 0.5110586586538461 0.5528642932692308 0.48049960576923073 0.5571590889423077 0.4874389302884615 0.6065349543269231 0.5179979855769231 0.6022401586538462
1 0.10391781730769231 0.7208847307692309 0.08586397355769232 0.5924249567307692 0.010820223557692308 0.6029716682692308 0.028874067307692305 0.7314314423076923 0.10391781730769231 0.7208847307692309
1 0.5103108028846154 0.24048386538461536 0.4984037716346154 0.15576093028846155 0.40193 0.16931943509615385 0.41383703125 0.2540423701923077 0.5103108028846154 0.24048386538461536
1 0.9078622860576923 0.26133049038461537 0.9200206033653846 0.3478414110576923 0.9717775841346155 0.34056744230769226 0.9596192668269231 0.2540565216346154 0.9078622860576923 0.26133049038461537
1 0.9310233125 0.37560813221153844 0.9198508052884615 0.2961116129807692 0.8719620600961538 0.3028419375 0.8831345673076924 0.3823384543269231 0.9310233125 0.37560813221153844
1 0.9485645432692308 0.153505375 0.9367928173076923 0.06974519951923076 0.8179606490384616 0.08644597115384614 0.8297323750000001 0.1702061466346154 0.9485645432692308 0.153505375
1 0.9385398605769232 0.6957330192307692 0.9268841129807692 0.6127980673076923 0.8635224302884615 0.6217029711538462 0.8751781778846154 0.7046379230769231 0.9385398605769232 0.6957330192307692
1 0.9896519254807692 0.7691956370192308 0.9735503701923077 0.654627125 0.9168420504807693 0.6625969615384615 0.9329436057692307 0.7771654711538462 0.9896519254807692 0.7691956370192308
3 0.8032079999999999 0 0.8081976754807693 0.035503391826923074 0.8706309831730769 0.02672896153846154 0.8668744735576923 0 0.8032079999999999 0
3 0.872195891826923 0.04740684855769231 0.8657784663461539 0.0017444879807692307 0.8098437932692307 0.00960559375 0.81626121875 0.05526795432692307 0.872195891826923 0.04740684855769231
3 0.8762547379807692 0.08077784134615386 0.8715769759615385 0.04749383173076923 0.8149460192307691 0.05545279326923077 0.81962378125 0.08873680288461538 0.8762547379807692 0.08077784134615386
3 0.9177313557692308 0.19851230769230768 0.9085691274038462 0.13331965865384615 0.8641617932692308 0.13956070432692308 0.8733240216346154 0.20475335336538464 0.9177313557692308 0.19851230769230768
3 0.9220600288461539 0.24334619471153845 0.9132264014423076 0.18049167788461537 0.8804237716346154 0.18510178605769229 0.8892573990384616 0.2479563028846154 0.9220600288461539 0.24334619471153845
3 0.9426513269230768 0.32586685576923075 0.9278255264423076 0.22037580048076924 0.8732060528846154 0.22805206730769229 0.8880318533653846 0.3335431225961539 0.9426513269230768 0.32586685576923075
3 0.9688828197115384 0.26327365384615387 0.9575556754807693 0.18267683413461538 0.9037872139423077 0.1902335 0.9151143581730768 0.2708303173076923 0.9688828197115384 0.26327365384615387
3 0.3204227067307693 0.22425322355769228 0.30466908653846153 0.1121603798076923 0.17407748317307695 0.13051383413461537 0.18983110576923076 0.2426066778846154 0.3204227067307693 0.22425322355769228
3 0.3573528870192308 0.3579143173076923 0.35725181971153847 0.35219915384615386 0.36129848798076925 0.3573598004807692 0.361247954326923 0.35450221875000004 0.3652440865384615 0.35680528125 0.35254454086538456 0.26644331971153845 0.2460133581730769 0.28141530288461536 0.24536008173076923 0.28771334615384614 0.2420677596153846 0.28196981971153845 0.24136394951923076 0.28541027884615383 0.2381221610576923 0.28252433653846154 0.23417656009615387 0.28307885576923075 0.2333716826923077 0.2808041514423077 0.20539874759615387 0.26468269951923074 0.21746041586538462 0.3505059326923077 0.14167086778846152 0.3611574591346154 0.10567565865384616 0.2786978653846154 0.11773732692307691 0.3645210985576923 0.13768194471153847 0.3617180673076923 0.2439454423076923 0.3525880552884615 0.24687610576923077 0.3734408173076923 0.3573528870192308 0.3579143173076923
3 0.22356856971153846 0.3939676995192307 0.2140777379807692 0.3264369182692307 0.10793337740384615 0.34135453605769234 0.11742421153846154 0.40888531490384616 0.22356856971153846 0.3939676995192307
3 0.2886689447115385 0.40922260336538463 0.2759693990384615 0.3188606418269231 0.15891661778846153 0.3353113389423077 0.17161616346153846 0.4256732980769231 0.2886689447115385 0.40922260336538463
3 0.2827571899038462 0.3295477475961538 0.29659718028846155 0.42802440625 0.3480447019230769 0.4207939278846154 0.33420470913461536 0.3223172692307692 0.2827571899038462 0.3295477475961538
3 0.2980053245192308 0.47340899999999997 0.28391404807692305 0.3731443557692308 0.16043999759615385 0.3904975024038461 0.17453127403846153 0.4907621442307692 0.2980053245192308 0.47340899999999997
3 0.276949375 0.3965637932692308 0.29005484134615384 0.4898140336538462 0.3548864543269231 0.48070254567307696 0.3417809855769231 0.3874523028846154 0.276949375 0.3965637932692308
3 0.1648632355769231 0.46126505769230775 0.1789351826923077 0.5613921610576923 0.29931464423076926 0.5444739302884616 0.28524269711538464 0.4443468269230769 0.1648632355769231 0.46126505769230775
3 0.11658882451923078 0.4540241995192308 0.12797395673076922 0.5350336298076923 0.1881636875 0.5265745144230769 0.17677855528846154 0.4455650841346154 0.11658882451923078 0.4540241995192308
3 0.10617017067307694 0.3798916322115385 0.11678212019230769 0.4553995721153846 0.18548196634615385 0.44574443750000003 0.17487001923076925 0.37023649759615385 0.10617017067307694 0.3798916322115385
3 0.36068487019230766 0.5275739326923077 0.3518125841346154 0.46444434375 0.27545363221153846 0.4751758942307692 0.28432591826923076 0.5383054831730769 0.36068487019230766 0.5275739326923077
3 0.41379816105769235 0.49065604326923073 0.4041526923076923 0.4220249639423077 0.34396296153846156 0.43048407932692306 0.35360843028846156 0.49911515624999997 0.41379816105769235 0.49065604326923073
3 0.4166768822115384 0.5279797451923077 0.4089643725961538 0.4731023894230769 0.36262292307692306 0.4796152548076923 0.3703354326923077 0.5344926105769231 0.4166768822115384 0.5279797451923077
3 0.4116479471153846 0.53149159375 0.41879989663461537 0.5823803677884615 0.4659149951923077 0.5757587740384615 0.4587630432692308 0.5248699975961538 0.4116479471153846 0.53149159375
3 0.4064496730769231 0.47766342067307693 0.4139688870192308 0.53116540625 0.4587630432692308 0.5248699975961538 0.4512438317307692 0.4713680144230769 0.4064496730769231 0.47766342067307693
3 0.4596751947115385 0.48701352403846154 0.4513827956730769 0.42801005048076923 0.3919667115384616 0.4363604375 0.4002591105769231 0.4953639086538461 0.4596751947115385 0.48701352403846154
3 0.35338430048076924 0.4026520216346154 0.3614834014423077 0.4602801225961538 0.4540889399038462 0.4472652620192308 0.44598983894230765 0.3896371634615384 0.35338430048076924 0.4026520216346154
3 0.45293240625000003 0.39974149999999997 0.44330626682692303 0.33124795913461536 0.33986967067307694 0.34578502403846156 0.3494958100961538 0.4142785649038461 0.45293240625000003 0.39974149999999997
3 0.44444625000000004 0.34497287499999996 0.4538984230769231 0.4122285793269231 0.47478688942307695 0.40929289663461543 0.4653347163461538 0.3420371923076923 0.44444625000000004 0.34497287499999996
3 0.47979232932692306 0.45613547836538465 0.4703594855769231 0.3890173076923077 0.4517919591346154 0.3916268028846154 0.46122480288461537 0.4587449735576923 0.47979232932692306 0.45613547836538465
3 0.44797712980769233 0.4481242211538462 0.45530304567307694 0.5002508341346154 0.48694520673076924 0.4958038173076923 0.47961928846153845 0.4436772067307692 0.44797712980769233 0.4481242211538462
3 0.4847949903846154 0.5366393653846153 0.47766236778846155 0.4858881274038461 0.4491147980769231 0.4899002259615385 0.45624741826923076 0.5406514663461539 0.4847949903846154 0.5366393653846153
3 0.4163110817307692 0.27333020192307694 0.4248161033653846 0.33384658173076925 0.48887406971153846 0.3248438221153846 0.4803690480769231 0.26432743990384616 0.4163110817307692 0.27333020192307694
3 0.7029074735576923 0.4808802211538462 0.6863033485576923 0.36273573798076925 0.5967150336538461 0.3753265552884616 0.6133191586538461 0.4934710360576923 0.7029074735576923 0.4808802211538462
3 0 0.5203682716346154 0.00911968028846154 0.5852581730769231 0.03998819230769231 0.5809198870192308 0.0251430625 0.4752912932692308 0 0.4788249206730769 0 0.5203682716346154