1 0.7797339134615384 0.6635513942307691 0.7770180384615385 0.6806987596153846 0.7993953509615385 0.6842429783653846 0.8021112283653846 0.6670956105769231 0.7797339134615384 0.6635513942307691
1 0.7561266153846155 0.6472971682692308 0.7533455576923077 0.6648560721153847 0.778037766826923 0.6687669350961538 0.7808188245192308 0.6512080288461538 0.7561266153846155 0.6472971682692308
1 0.8193168677884616 0.69330428125 0.8213374807692309 0.680546641826923 0.7998089615384616 0.677136858173077 0.7977883485576923 0.6898944975961538 0.8193168677884616 0.69330428125
1 0.83968490625 0.7000457668269231 0.8419010625 0.6860535168269231 0.8199095649038461 0.6825704038461539 0.8176934086538462 0.69656265625 0.83968490625 0.7000457668269231
1 0.44807496394230767 0.513712625 0.45059529807692306 0.4977998701923077 0.4314588365384615 0.4947689519230769 0.4289385024038461 0.5106817091346154 0.44807496394230767 0.513712625
1 0.41258836778846153 0.4875615600961538 0.4106112115384616 0.50004484375 0.4313680985576923 0.5033324110576923 0.43334525721153844 0.4908491274038462 0.41258836778846153 0.4875615600961538
1 0.3977596201923077 0.4793068701923077 0.3957824615384615 0.4917901538461538 0.41298984615384615 0.49451553365384615 0.41496700240384615 0.48203225 0.3977596201923077 0.4793068701923077
1 0.3811658629807692 0.4702101490384616 0.3791887067307692 0.4826934326923077 0.39500715144230775 0.4851988293269231 0.39698431009615387 0.4727155456730769 0.3811658629807692 0.4702101490384616
1 0.3676151802884616 0.46187664423076924 0.3648993028846154 0.4790240120192308 0.3803319350961539 0.4814683004807693 0.38304781009615385 0.46432093269230773 0.3676151802884616 0.46187664423076924
1 0.35861632451923076 0.4587639254807692 0.3570954350961539 0.46836644951923073 0.36836125480769233 0.47015078125000004 0.3698821466346154 0.46054825721153847 0.35861632451923076 0.4587639254807692
1 0.35276087500000003 0.4617738774038462 0.35462939663461535 0.4499764903846154 0.3365732211538462 0.447116670673077 0.33470469711538464 0.4589140600961539 0.35276087500000003 0.4617738774038462
1 0.32334093509615386 0.4382711153846154 0.3212334134615385 0.45157747355769234 0.33658888221153843 0.45400953846153846 0.3386964014423077 0.44070318028846156 0.32334093509615386 0.4382711153846154
1 0.31164887740384617 0.4331850096153846 0.30975862740384613 0.4451195793269231 0.3236479951923077 0.44731943750000003 0.32553824519230773 0.43538487019230765 0.31164887740384617 0.4331850096153846
1 0.29587244471153845 0.42492084374999994 0.29385183173076923 0.43767848557692307 0.3107505625 0.44035498076923074 0.3127711730769231 0.42759734134615385 0.29587244471153845 0.42492084374999994