1 0.7516809014423077 0.6702168221153847 0.7501829014423076 0.5843965600961538 0.6177030817307692 0.5867090048076923 0.6192010817307693 0.6725292644230769 0.7516809014423077 0.6702168221153847
1 0.6174606875 0.5728222307692308 0.6168062235576923 0.5353279423076923 0.5606429038461539 0.5363082764423077 0.5612973677884615 0.5738025649038462 0.6174606875 0.5728222307692308
1 0.8242346850961538 0.7174299951923077 0.8228821225961538 0.639941798076923 0.7582044759615385 0.6410707524038461 0.7595570360576923 0.7185589471153846 0.8242346850961538 0.7174299951923077
1 0.8887371875000001 0.7510316129807693 0.8875033990384615 0.6803479350961539 0.8095465240384615 0.6817086778846153 0.8107803124999999 0.7523923557692308 0.8887371875000001 0.7510316129807693
1 0.9290518389423077 0.7821383173076922 0.9278907692307693 0.7156206706730769 0.8725866947115384 0.7165860072115385 0.8737477644230769 0.7831036538461539 0.9290518389423077 0.7821383173076922
1 1 0.7797886298076923 0.9270015072115385 0.7810628245192308 0.9289503581730769 0.8927124855769232 1 0.8914723076923077 1 0.7797886298076923
2 0.07010142067307693 0.15592258173076923 0.07751626923076924 0.580718985576923 0.28209448076923077 0.5771480600961538 0.27467963221153846 0.15235165625 0.07010142067307693 0.15592258173076923
1 0.2570397572115385 0.1803026610576923 0.25766513701923077 0.2161305360576923 0.3239050456730769 0.21497431490384616 0.32327966826923077 0.1791464375 0.2570397572115385 0.1803026610576923
1 0 0.3432109278846154 0.0008230216346153846 0.3903618076923077 0.08846592307692308 0.3888319951923077 0.08727818990384616 0.3207868052884616 0 0.32231025240384614 0 0.3432109278846154
1 0.09331382451923077 0.07119900961538461 0.09266905528846155 0.03426019230769231 0.03424045673076923 0.03528006730769231 0.034885225961538466 0.07221888461538462 0.09331382451923077 0.07119900961538461
0 0.36220080288461537 0.28709472115384616 0.3663530216346154 0.5249751538461539 0.4604793076923077 0.5233321730769231 0.45632708894230767 0.2854517427884615 0.36220080288461537 0.28709472115384616