2 0.16290456009615387 0.42625880288461543 0.2405547668269231 0.11482082932692307 0.16808580528846154 0.09675228846153847 0.09043559855769231 0.4081902620192308 0.16290456009615387 0.42625880288461543
1 0.2595019495192308 0.41956797115384614 0.26985083173076924 0.378060875 0.1822968028846154 0.35623120192307695 0.1719479206730769 0.3977382980769231 0.2595019495192308 0.41956797115384614
1 0.3394428581730769 0.17483217307692306 0.35123655048076924 0.1275302548076923 0.28596900240384615 0.11125722836538461 0.2741753100961538 0.15855914423076925 0.3394428581730769 0.17483217307692306
1 0.3835124471153846 0.24221742067307692 0.3939957283653846 0.20017127163461537 0.33486833413461536 0.18542915625 0.3243850504807692 0.22747530528846155 0.3835124471153846 0.24221742067307692
1 0.3762100600961539 0.05417057451923077 0.38413972115384615 0.0223664375 0.3235720432692308 0.00726521875 0.31564237980769233 0.03906935576923077 0.3762100600961539 0.05417057451923077
1 0.6156949375 0.21035774759615386 0.6269510240384615 0.16521204326923078 0.5696429326923077 0.15092353125 0.5583868461538462 0.19606923557692307 0.6156949375 0.21035774759615386
1 0.6989039350961538 0.2328217716346154 0.7045487788461539 0.2101815360576923 0.6808978221153846 0.20428468990384616 0.6752529783653846 0.22692492548076923 0.6989039350961538 0.2328217716346154
1 0.6607022499999999 0.3356625336538462 0.6659438918269232 0.31463946153846156 0.6441122379807692 0.30919621875000003 0.6388705961538462 0.33021929086538465 0.6607022499999999 0.3356625336538462
1 0.5958285721153846 0.4095232620192307 0.5915613389423077 0.42663819951923077 0.6055851442307693 0.43013472596153846 0.6061563485576923 0.42784375240384614 0.6245010024038462 0.4324175865384615 0.62819703125 0.417593625 0.5958285721153846 0.4095232620192307
1 0.5915613389423077 0.42663819951923077 0.5958285721153846 0.4095232620192307 0.5805160913461539 0.4057054326923077 0.576248860576923 0.42282037019230767 0.5915613389423077 0.42663819951923077
1 0.569322860576923 0.4037734903846154 0.5652572283653846 0.4200798485576923 0.5775375336538462 0.4231416730769231 0.5816031658653846 0.40683531250000005 0.569322860576923 0.4037734903846154
1 0.6084786586538462 0.47794947836538465 0.6129138942307693 0.46016072596153845 0.5936595865384615 0.45536008653846155 0.5892243533653846 0.4731488413461538 0.6084786586538462 0.47794947836538465
1 0.5913356418269231 0.5224862499999999 0.5965772836538462 0.5014631778846154 0.5799761298076923 0.49732404567307686 0.5747344879807692 0.5183471177884615 0.5913356418269231 0.5224862499999999
1 0.56821540625 0.4902406850961538 0.5643177764423076 0.5058732283653846 0.57705290625 0.5090484519230769 0.5809505384615384 0.49341591105769234 0.56821540625 0.4902406850961538
1 0.5674257548076923 0.5066481346153846 0.5716929879807693 0.4895331947115385 0.5546370072115384 0.4852806610576923 0.5503697740384615 0.5023956009615385 0.5674257548076923 0.5066481346153846
1 0.5535480360576923 0.4412080697115384 0.5494824038461539 0.4575144302884615 0.5695705576923077 0.46252296875000004 0.5736361899038461 0.4462166105769231 0.5535480360576923 0.4412080697115384
1 0.5675942139423077 0.3735692067307692 0.5776742932692308 0.33314021875 0.5120277235576923 0.3167726899038461 0.5019476442307692 0.3572016778846154 0.5675942139423077 0.3735692067307692
1 0.6113775216346153 0.40108994471153847 0.618769579326923 0.37144201923076925 0.5697999663461538 0.35923252403846156 0.5624079086538462 0.38888044711538466 0.6113775216346153 0.40108994471153847
1 0.5111884399038462 0.34791126442307696 0.5164300817307692 0.32688818990384616 0.4945984278846154 0.3214449495192308 0.4893567860576923 0.3424680216346154 0.5111884399038462 0.34791126442307696
1 0.49572598076923075 0.3466325745192308 0.5011692235576923 0.324800920673077 0.4841132451923077 0.3205483870192308 0.47867000240384616 0.3423800408653846 0.49572598076923075 0.3466325745192308
1 0.5606666826923077 0.20565553125 0.5674539350961538 0.17843334615384615 0.5354644975961539 0.17045748317307693 0.5286772451923076 0.19767966826923075 0.5606666826923077 0.20565553125
1 0.58837584375 0.2101308076923077 0.5976831177884615 0.17280137740384616 0.5530343533653845 0.16166918990384616 0.5437270793269231 0.1989986201923077 0.58837584375 0.2101308076923077
1 0.4719869014423077 0.3478707956730769 0.47783334615384615 0.3244219831730769 0.4523630841346154 0.31807153365384616 0.44651663942307696 0.34152034615384613 0.4719869014423077 0.3478707956730769
1 0.44334390384615385 0.3448803798076923 0.4480479423076923 0.3260135168269231 0.43857239663461534 0.32365099999999997 0.4338683605769231 0.34251786057692307 0.44334390384615385 0.3448803798076923
1 0.4361588846153846 0.34237324759615384 0.4402245144230769 0.3260668894230769 0.4296877091346154 0.3234397692307692 0.4256220793269231 0.33974612740384613 0.4361588846153846 0.34237324759615384
1 0.5124607259615385 0.22913535096153848 0.5190799783653847 0.2025869831730769 0.4870147355769231 0.19459221875 0.48039548557692313 0.22114058894230768 0.5124607259615385 0.22913535096153848
1 0.4810293605769231 0.22473400961538464 0.4855653966346154 0.20654096634615385 0.4738915264423077 0.20363034375 0.4693554903846154 0.2218233870192308 0.4810293605769231 0.22473400961538464