1 0.9686108774038461 0.2317243485576923 0.9489086658653847 0.07126271875 0.8553146658653846 0.08275461778846155 0.8750168774038461 0.24321624759615385 0.9686108774038461 0.2317243485576923
1 0.6546757620192308 0.14363234615384615 0.6714497235576923 0.28024529567307693 0.8530546514423077 0.25794701442307694 0.8362806923076923 0.12133406490384614 0.6546757620192308 0.14363234615384615
1 0.4707658365384615 0.5433301682692308 0.46428306490384613 0.4905322283653846 0.36588141826923076 0.5026144302884615 0.3723641923076923 0.5554123725961538 0.4707658365384615 0.5433301682692308
1 0.5276760841346154 0.6536054182692308 0.5171310024038461 0.5677226057692308 0.4642469014423077 0.5742159567307692 0.47479198557692304 0.6600987692307693 0.5276760841346154 0.6536054182692308
1 0.754919360576923 0.6927308413461539 0.7411413557692307 0.5805179855769231 0.5164227019230769 0.6081099663461539 0.5302007091346154 0.7203228221153846 0.754919360576923 0.6927308413461539
1 1 0.8809762548076924 0.9735389062500001 0.6654679423076922 0.7449431201923077 0.6935359759615385 0.7717882283653845 0.9121718341346153 1 0.884150951923077 1 0.8809762548076924
1 1 0.7828402427884615 0.9306702572115384 0.7913528653846154 0.9497800480769231 0.9469896153846153 1 0.9408233798076923 1 0.7828402427884615
1 0.032832759615384614 0.3671934447115385 0.03716589182692308 0.40248397355769233 0.08283852163461539 0.3968760817307692 0.07850538942307693 0.36158555048076924 0.032832759615384614 0.3671934447115385
1 0.05955691586538462 0.4162466706730769 0.05439439423076923 0.3742013125 0.0253934375 0.3777621826923077 0.030555956730769232 0.41980753846153845 0.05955691586538462 0.4162466706730769
1 0.07732764182692307 0.42763809375 0.07252057211538462 0.38848766105769234 0.05104125480769231 0.3911249903846154 0.05584832211538461 0.43027542307692307 0.07732764182692307 0.42763809375
1 0.09484794471153846 0.42352782451923077 0.09132727403846154 0.3948542716346154 0.06984795432692308 0.3974915985576923 0.07336862499999999 0.42616515384615383 0.09484794471153846 0.42352782451923077
1 0.07378121634615385 0.29233957932692306 0.07846980048076922 0.33052503365384617 0.1048343076923077 0.3272878798076923 0.1001457235576923 0.28910242548076925 0.07378121634615385 0.29233957932692306
1 0 0.3527537884615385 0.034863334134615384 0.3484731081730769 0.028532899038461536 0.2969158485576923 0 0.30041924759615385 0 0.3527537884615385
1 0.01929607451923077 0.5588830889423076 0.013202605769230769 0.50925578125 0.00025298076923076923 0.510845795673077 0.006346449519230769 0.5604731009615385 0.01929607451923077 0.5588830889423076
1 0.04750381009615385 0.5398871706730769 0.040936406249999994 0.48639996153846154 0.0027854134615384616 0.4910843149038462 0.009352817307692309 0.5445715240384615 0.04750381009615385 0.5398871706730769
1 0.18558863942307693 0.49200753124999996 0.18030763461538463 0.44899719711538466 0.12230571875 0.4561189375 0.1275867235576923 0.4991292716346154 0.18558863942307693 0.49200753124999996
1 0.24754132451923078 0.49013790625 0.2430897091346154 0.4538824014423077 0.17965980528846154 0.4616706129807693 0.18411142307692308 0.4979261201923077 0.24754132451923078 0.49013790625