1 0.5542669663461539 0.97607015625 0.5690204615384615 0.7650853581730769 0.3513488677884615 0.7498642788461538 0.33659537259615385 0.9608490745192307 0.5542669663461539 0.97607015625
1 0.3559107259615385 0.9881379206730769 0.36272942067307695 0.8906260336538462 0.24699640384615387 0.8825331923076922 0.2401777091346154 0.9800450793269231 0.3559107259615385 0.9881379206730769
1 0.16371677403846155 0.1594625360576923 0.16076084375 0.2017343125 0.2297330456730769 0.20655731971153848 0.23268897596153845 0.16428554086538463 0.16371677403846155 0.1594625360576923
1 0.32260016586538465 0.22357686057692308 0.32521603365384616 0.1861682091346154 0.23161646875 0.17962308894230766 0.22900060096153846 0.21703174038461537 0.32260016586538465 0.22357686057692308
1 0.1626511706730769 0.28669814182692305 0.16506648798076923 0.2521574879807692 0.06788192788461539 0.24536168028846153 0.06546661057692307 0.2799023365384615 0.1626511706730769 0.28669814182692305
1 0.05310459375 0.1632558605769231 0.05592101201923077 0.12297921153846153 0.027708653846153845 0.1210064110576923 0.024892235576923074 0.16128306009615387 0.05310459375 0.1632558605769231
1 0.6458392572115385 0.010355483173076923 0.6406947163461538 0.08392583173076923 0.8052148509615384 0.09543019951923076 0.810359389423077 0.02185985096153846 0.6458392572115385 0.010355483173076923
1 0.8317601490384615 0.12460296875 0.8371313966346154 0.04779053846153846 0.6501660721153846 0.03471664903846154 0.6447948245192308 0.11152908173076924 0.8317601490384615 0.12460296875
1 0.8479543245192308 0.1595677908653846 0.8528808750000001 0.08911482932692308 0.6943617139423076 0.07803009134615385 0.6894351634615384 0.14848305048076924 0.8479543245192308 0.1595677908653846
1 0.8707287524038462 0.17882837259615383 0.874591516826923 0.12358826201923077 0.7460772115384615 0.11460166826923078 0.7422144447115385 0.1698417764423077 0.8707287524038462 0.17882837259615383
1 0.896311108173077 0.22961161298076924 0.9006185721153847 0.16801203365384615 0.7541013509615385 0.15776655048076924 0.749793889423077 0.2193661298076923 0.896311108173077 0.22961161298076924
1 0.7599693677884616 0.6696728605769231 0.7664131201923077 0.5775228822115385 0.6134273221153846 0.5668250721153846 0.6069835673076923 0.6589750504807692 0.7599693677884616 0.6696728605769231
1 0.8035886274038462 0.6148319975961539 0.8074775504807692 0.5592178004807692 0.7007070216346154 0.5517516778846153 0.6968180985576923 0.607365875 0.8035886274038462 0.6148319975961539
1 0.8278970961538461 0.5953552259615384 0.8313238822115385 0.5463498918269231 0.7742756899038461 0.5423606923076923 0.7708489014423077 0.5913660264423076 0.8278970961538461 0.5953552259615384
1 0.8449614302884616 0.5674776658653846 0.8476034567307693 0.5296949278846154 0.8267169591346154 0.5282344014423077 0.8240749326923077 0.566017139423077 0.8449614302884616 0.5674776658653846
1 0.8647927451923076 0.5481890408653846 0.8671557451923076 0.5143965600961539 0.8452560961538461 0.5128651875 0.8428930961538461 0.5466576682692308 0.8647927451923076 0.5481890408653846