1 0.8999658725961539 0.43628352884615385 0.9116834783653847 0.3023506850961538 0.6856718052884615 0.28257722596153845 0.6739541995192307 0.4165100697115385 0.8999658725961539 0.43628352884615385
1 0.6830302115384614 0.37910319471153847 0.6891069038461539 0.30964628846153847 0.62661125 0.30417862740384616 0.6205345600961538 0.3736355336538461 0.6830302115384614 0.37910319471153847
1 0.6206039110576923 0.3889777403846154 0.6259179903846154 0.32823753365384617 0.583190576923077 0.3244993701923077 0.5778764975961539 0.38523957451923074 0.6206039110576923 0.3889777403846154
1 0.5773801947115385 0.3909123509615385 0.580745375 0.35244816586538463 0.5465790096153846 0.3494589951923077 0.5432138293269231 0.38792318028846157 0.5773801947115385 0.3909123509615385
1 0.5447808509615385 0.39600718509615385 0.5475770985576923 0.36404593749999997 0.5210378485576923 0.3617240528846154 0.5182416009615385 0.3936853004807693 0.5447808509615385 0.39600718509615385
1 0.5210088629807692 0.3988070841346154 0.5241561538461539 0.3628333870192308 0.4985508365384615 0.3605932115384615 0.49540354807692305 0.39656690865384614 0.5210088629807692 0.3988070841346154
1 0.4984267932692308 0.40324470192307693 0.5017798677884615 0.3649188798076923 0.48426863221153843 0.36338684615384614 0.48091555769230765 0.4017126682692308 0.4984267932692308 0.40324470192307693
1 0.4844662956730769 0.40773951442307693 0.48789200000000005 0.36858352884615386 0.47076990384615386 0.36708553846153846 0.4673441995192308 0.40624152403846153 0.4844662956730769 0.40773951442307693
1 0.5300058461538462 0.2547374399038462 0.5332257668269231 0.2179335793269231 0.5080095889423076 0.21572744951923079 0.5047896682692308 0.25253131009615387 0.5300058461538462 0.2547374399038462
1 0.5321081274038462 0.18409629807692307 0.52778665625 0.23349095432692307 0.5477883774038461 0.23524087740384614 0.5521098485576923 0.18584622355769229 0.5321081274038462 0.18409629807692307
1 0.67073721875 0.2533867355769231 0.677939673076923 0.1710623125 0.5570732379807692 0.16048787019230767 0.5498707836538462 0.24281229326923076 0.67073721875 0.2533867355769231
1 0.5789441105769231 0.12294562740384615 0.5706885240384616 0.2173074014423077 0.6762229014423077 0.22654046394230767 0.684478485576923 0.1321786875 0.5789441105769231 0.12294562740384615
1 0.7628585336538461 0.19452498557692308 0.7720462019230769 0.08950945913461537 0.6213717524038462 0.07632715384615385 0.6121840841346153 0.1813426778846154 0.7628585336538461 0.19452498557692308
1 0.46877093269230774 0.5503866105769231 0.4714461298076923 0.5198089663461538 0.45089961298076925 0.5180113798076923 0.4482244158653846 0.5485890216346154 0.46877093269230774 0.5503866105769231
1 0.4885012860576923 0.5668912524038462 0.4907770192307692 0.5408795024038462 0.4727988197115385 0.5393066129807692 0.47052308653846153 0.5653183629807692 0.4885012860576923 0.5668912524038462
1 0.5282195504807692 0.5870964807692307 0.5313668413461539 0.5511227836538461 0.48490369711538467 0.5470577836538462 0.48175640625 0.5830314807692308 0.5282195504807692 0.5870964807692307
1 0.5276595865384615 0.6221811826923077 0.5321989471153846 0.5702960408653847 0.4988886875 0.5673817716346155 0.49434932692307687 0.6192669134615384 0.5276595865384615 0.6221811826923077
1 0.5775873052884616 0.660149375 0.5833008485576923 0.5948432764423077 0.5252413774038461 0.5897637307692307 0.5195278341346155 0.655069829326923 0.5775873052884616 0.660149375
1 0.6234768125 0.7137974975961539 0.6305824254807693 0.6325799591346153 0.5743908173076924 0.6276638317307692 0.5672852043269231 0.7088813701923077 0.6234768125 0.7137974975961539
1 0.6996519038461538 0.7905899254807692 0.7082101153846154 0.6927691418269231 0.6253236033653846 0.6855175120192307 0.6167653918269231 0.783338295673077 0.6996519038461538 0.7905899254807692
1 0 0.5174607932692308 0.04958924278846154 0.5217992908653846 0.05633170673076923 0.4447325625 0.006521973557692308 0.44037477403846154 0 0.5149212596153846 0 0.5174607932692308
1 0.10213996874999999 0.5019984831730769 0.10787772115384617 0.4364156682692307 0.048339521634615384 0.43120675 0.04260176923076923 0.4967895673076923 0.10213996874999999 0.5019984831730769
1 0.14577525240384615 0.4953596201923077 0.1514040625 0.43102204567307695 0.09708031971153847 0.42626933413461543 0.09145151201923077 0.49060690865384615 0.14577525240384615 0.4953596201923077
1 0.2123295576923077 0.4571258293269231 0.21622735576923077 0.4125737908653846 0.15700046875 0.4073921105769231 0.15310266826923077 0.4519441490384616 0.2123295576923077 0.4571258293269231
1 0.2274419471153846 0.45649612019230773 0.23071028846153846 0.4191388197115385 0.2093854951923077 0.41727314182692304 0.20611715384615387 0.4546304423076923 0.2274419471153846 0.45649612019230773
1 0.2366342331730769 0.4545119543269231 0.2391883798076923 0.42531791586538464 0.22502373798076925 0.4240786706730769 0.22246958894230767 0.45327270913461537 0.2366342331730769 0.4545119543269231
1 0.24876837740384616 0.4502756153846154 0.25098358653846153 0.42495566826923076 0.23635197836538463 0.4236755673076923 0.23413676923076923 0.4489955168269231 0.24876837740384616 0.4502756153846154
1 0.2565303581730769 0.4476086370192308 0.2582855769230769 0.42754638221153846 0.24668924759615385 0.4265318341346154 0.24493402884615384 0.4465940889423077 0.2565303581730769 0.4476086370192308
1 0.22822238701923075 0.18762433653846153 0.22578928846153845 0.21543477163461539 0.29785775 0.2217399447115385 0.30029084615384616 0.19392950961538463 0.22822238701923075 0.18762433653846153
1 0.2787186153846154 0.18144630769230768 0.2768786610576923 0.2024770841346154 0.2894089230769231 0.20357334134615385 0.29124887740384614 0.18254256490384616 0.2787186153846154 0.18144630769230768
1 0.2541179399038462 0.16144834134615385 0.25092223076923076 0.19797548076923077 0.28617818269230766 0.2010599783653846 0.28937389423076926 0.16453283653846154 0.2541179399038462 0.16144834134615385
1 0.22622735576923075 0.10644711057692308 0.22132484615384615 0.16248306250000003 0.2808630456730769 0.1676919783653846 0.28576555528846154 0.11165602644230768 0.22622735576923075 0.10644711057692308
1 0.09296648557692308 0 0.09026854807692307 0.03083757932692308 0.23744074759615386 0.04371348076923077 0.24126518269230768 0 0.09296648557692308 0
1 1 0.1845999014423077 0.9752673052884616 0.18243606971153847 0.9714905576923076 0.22560450721153844 1 0.22809875961538462 1 0.1845999014423077
1 0.9705445889423078 0.2319350408653846 0.9737645096153845 0.19513118028846155 0.9229430144230769 0.19068487499999998 0.9197230937499999 0.22748873557692306 0.9705445889423078 0.2319350408653846
1 0.9495355000000001 0.46669174278846154 0.9520412259615385 0.43805114423076924 0.9097807788461538 0.43435383413461537 0.9072750528846154 0.46299443269230767 0.9495355000000001 0.46669174278846154
1 0.9467646057692308 0.44637292307692306 0.9447309735576923 0.4696174639423077 0.980687375 0.47276324278846155 0.9827210096153846 0.4495187019230769 0.9467646057692308 0.44637292307692306
1 1 0.4510304182692308 0.9827210096153846 0.4495187019230769 0.9810384182692308 0.46875079326923075 1 0.4704097163461538 1 0.4510304182692308
1 0.7291814375 0.021905182692307693 0.7209984831730769 0.11543679807692307 0.9368147235576922 0.13431827163461538 0.9449976802884615 0.040786658653846154 0.7291814375 0.021905182692307693