2 0.5800811875 0.6110099254807693 0.594582608173077 0.3343063269230769 0.47076814903846154 0.3278174879807692 0.4562667283653846 0.6045210865384616 0.5800811875 0.6110099254807693
2 0.36157499759615386 0.35283148557692307 0.35381183173076924 0.50096153125 0.4003885360576923 0.5034025120192308 0.4081517043269231 0.3552724663461539 0.36157499759615386 0.35283148557692307
2 0.35827682211538464 0.45905444711538457 0.36236920432692304 0.38096716346153847 0.3278072596153846 0.37915584855769235 0.3237148798076923 0.45724313221153845 0.35827682211538464 0.45905444711538457
2 0.3407732019230769 0.4407521826923077 0.34360806490384616 0.38665975 0.31809620192307697 0.3853227283653846 0.31526133653846156 0.4394151610576923 0.3407732019230769 0.4407521826923077
2 0.3256556490384615 0.4426024158653846 0.3288394206730769 0.38185245192307693 0.3059021490384616 0.3806503605769231 0.30271837740384616 0.4414003245192308 0.3256556490384615 0.4426024158653846
2 0.2911989230769231 0.37459477644230765 0.2881532596153846 0.43270946875 0.3065654927884615 0.43367441346153845 0.30961115384615384 0.37555972115384617 0.2911989230769231 0.37459477644230765
0 0.10598398798076923 0.23651770192307692 0.09785010817307692 0.39172137500000004 0.15948427403846152 0.39495148557692306 0.16761815384615383 0.2397478125 0.10598398798076923 0.23651770192307692
0 0.168078375 0.38024221875 0.17437322836538463 0.2601292764423077 0.13653453124999998 0.25814623557692307 0.13023967788461538 0.3782591778846154 0.168078375 0.38024221875
0 0.1793895048076923 0.39877626442307695 0.18604053365384615 0.27186709375 0.15062039182692308 0.2700108028846154 0.14396936298076923 0.3969199735576923 0.1793895048076923 0.39877626442307695
1 0.10313166586538462 0.30437808894230767 0.10441098798076923 0.27996714423076924 0.06618220192307692 0.27796365865384615 0.0649028798076923 0.30237460336538463 0.10313166586538462 0.30437808894230767
1 0.10385175480769232 0.30705833894230766 0.10465860096153846 0.29166280048076926 0.062294862980769236 0.28944261057692305 0.06148801682692307 0.3048381490384615 0.10385175480769232 0.30705833894230766
1 0.09821167548076923 0.31914082932692306 0.09928020192307693 0.29875214182692306 0.061675557692307696 0.29678136778846154 0.06060703125 0.3171700528846154 0.09821167548076923 0.31914082932692306
1 0.10029925240384616 0.3285685600961538 0.10141139182692308 0.30734768269230767 0.064899 0.30543414903846156 0.06378686057692308 0.32665502644230765 0.10029925240384616 0.3285685600961538
1 0.09524358413461538 0.33845640625 0.09655925240384616 0.31335196875000004 0.0580964110576923 0.3113362163461538 0.056780742788461534 0.33644065384615385 0.09524358413461538 0.33845640625
1 0.09504732451923077 0.3422012668269231 0.09597774038461539 0.32444785576923074 0.055330399038461535 0.3223176177884615 0.05439998076923077 0.34007103125 0.09504732451923077 0.3422012668269231
1 0.09115998557692308 0.35368021875 0.09241750240384615 0.3296853701923077 0.05551501923076923 0.3277513918269231 0.05425750240384616 0.35174624278846156 0.09115998557692308 0.35368021875
1 0.09173469471153847 0.35913443749999996 0.09292679326923078 0.336387875 0.05469800480769231 0.3343843894230769 0.053505908653846156 0.3571309519230769 0.09173469471153847 0.35913443749999996
1 0.0886367451923077 0.36898580528846153 0.08972707692307692 0.34818102163461534 0.05321468509615384 0.3462674879807693 0.05212435096153846 0.3670722716346154 0.0886367451923077 0.36898580528846153
1 0.09050723557692307 0.3706137067307692 0.09123412259615385 0.3567438533653846 0.050118673076923075 0.35458908413461543 0.04939178365384615 0.3684589375 0.09050723557692307 0.3706137067307692
1 0.025516377403846154 0.3463457572115385 0.024767682692307693 0.3606317067307692 0.05301017548076924 0.36211183413461534 0.05375887019230769 0.34782588461538466 0.025516377403846154 0.3463457572115385
1 0.053885338942307695 0.35436924759615385 0.05467037980769231 0.3393898028846154 0.027910228365384614 0.33798736298076926 0.027125189903846155 0.3529668076923077 0.053885338942307695 0.35436924759615385
1 0.028843545673076922 0.32913518990384616 0.02793493509615385 0.3464725096153846 0.05399292307692308 0.34783814903846155 0.05490153365384615 0.3305008317307693 0.028843545673076922 0.32913518990384616
1 0.05810704807692308 0.33651016346153845 0.05887755048076923 0.3218081177884615 0.031025146634615385 0.32034843509615385 0.030254646634615388 0.3350504807692308 0.05810704807692308 0.33651016346153845
1 0.03233401682692308 0.3117941033653846 0.03139632932692308 0.3296862139423077 0.057454319711538464 0.33105185576923074 0.058392004807692306 0.31315974519230766 0.03233401682692308 0.3117941033653846
1 0.06344620192307691 0.32121307451923076 0.0644129639423077 0.30276616826923075 0.032035521634615385 0.3010693389423077 0.03106876201923077 0.3195162427884615 0.06344620192307691 0.32121307451923076
1 0.03403540384615385 0.29575004567307694 0.033192213942307695 0.31183907932692306 0.06104461538461538 0.3132987620192308 0.061887805288461537 0.2972097283653846 0.03403540384615385 0.29575004567307694
1 0.06502256971153847 0.30307627403846155 0.06587302884615384 0.28684854326923076 0.03653828605769231 0.28531117548076923 0.03568782692307692 0.30153890384615384 0.06502256971153847 0.30307627403846155
1 0.03833851923076923 0.28081589903846155 0.03764797355769231 0.2939922596153846 0.06433010817307692 0.29539061057692306 0.06502065144230769 0.28221425 0.03833851923076923 0.28081589903846155
1 0.06799211057692309 0.28821131490384616 0.06876261298076923 0.2735092716346154 0.03771147596153846 0.2718819495192308 0.03694097355769231 0.2865839951923077 0.06799211057692309 0.28821131490384616
1 0.027229447115384615 0.27633947115384616 0.027919990384615383 0.2631631081730769 0.011848295673076924 0.2623208269230769 0.011157752403846154 0.27549718990384614 0.027229447115384615 0.27633947115384616
1 0.02811235096153846 0.28486959134615386 0.02857755769230769 0.27599288221153845 0.01164766826923077 0.275105625 0.011182459134615384 0.28398233173076926 0.02811235096153846 0.28486959134615386
1 0.023132759615384614 0.29629130048076924 0.023779689903846154 0.28394712740384614 0.011218802884615384 0.2832888389423077 0.010571872596153846 0.29563301201923076 0.023132759615384614 0.29629130048076924
1 0.021787548076923076 0.30553912740384614 0.022216411057692308 0.2973559110576923 0.01137191826923077 0.29678757692307695 0.01094305528846154 0.30497079086538464 0.021787548076923076 0.30553912740384614
1 0.01577530528846154 0.3202446225961539 0.016545807692307693 0.3055425769230769 0.010928516826923076 0.3052481850961538 0.010158014423076924 0.3199502331730769 0.01577530528846154 0.3202446225961539
1 0.015138074519230769 0.32493992788461534 0.015363411057692308 0.32064027403846157 0.009434048076923078 0.32032952884615384 0.009208711538461537 0.32462918509615385 0.015138074519230769 0.32493992788461534
1 0.014807096153846153 0.33424090865384615 0.015294110576923077 0.3249481057692308 0.009208711538461537 0.32462918509615385 0.008721697115384616 0.33392198557692304 0.014807096153846153 0.33424090865384615
1 0.014641360576923076 0.34188159615384617 0.01504114903846154 0.3342531754807692 0.008331608173076923 0.33390154326923077 0.007931819711538462 0.3415299639423077 0.014641360576923076 0.34188159615384617
1 0.02542333173076923 0.3525994591346154 0.02595396153846154 0.34247446394230774 0.011208572115384617 0.3417016899038462 0.010677942307692308 0.3518266850961539 0.02542333173076923 0.3525994591346154
1 0.014036125 0.3325315504807692 0.01334558173076923 0.34570791346153845 0.02723277403846154 0.3464357091346154 0.027923317307692305 0.3332593485576923 0.014036125 0.3325315504807692
1 0.030254646634615388 0.3350504807692308 0.03070531730769231 0.32645117067307694 0.013541372596153846 0.3255516466346154 0.013090701923076922 0.3341509567307692 0.030254646634615388 0.3350504807692308
1 0.016953334134615385 0.314186860576923 0.016248252403846156 0.32764062259615384 0.029277247596153848 0.3283234423076923 0.029982329326923077 0.31486968269230775 0.016953334134615385 0.314186860576923
1 0.031874627403846154 0.3160814903846154 0.03247794471153846 0.30456950961538465 0.015313997596153846 0.30366998557692304 0.014710680288461538 0.31518196634615386 0.031874627403846154 0.3160814903846154
1 0.019253670673076925 0.29567076442307694 0.018606740384615385 0.3080149350961538 0.03296203846153846 0.3087672644230769 0.03360896875 0.29642309375 0.019253670673076925 0.29567076442307694