2 0.7204850504807693 0.43380969471153846 0.7099669759615386 0.6345064927884615 0.7737856442307692 0.6378510889423077 0.78430371875 0.43715429086538465 0.7204850504807693 0.43380969471153846
1 0.9748158389423077 0.8727218533653847 0.9825717379807692 0.7247305048076923 0.7653698125 0.713347435096154 0.7576139158653846 0.8613387836538462 0.9748158389423077 0.8727218533653847
1 0.8199926177884616 0.6354049086538461 0.8184152716346154 0.6655024927884615 0.8544595552884615 0.6673914951923077 0.8560369038461538 0.6372939086538462 0.8199926177884616 0.6354049086538461
1 0.8315906225961539 0.6514505600961538 0.8335895673076923 0.6133084591346154 0.7979353701923078 0.6114399014423078 0.7959364278846154 0.6495820024038461 0.8315906225961539 0.6514505600961538
1 0.9671284567307693 1 0.9739106394230769 0.8705882235576923 0.7283882067307693 0.8577209375 0.7209316754807692 1 0.9671284567307693 1
1 0.40917693749999995 0.5088699543269231 0.4109432764423077 0.4751662067307692 0.3708420576923077 0.47306459134615386 0.3690757211538462 0.5067683389423077 0.40917693749999995 0.5088699543269231
1 0.4325052596153846 0.5205235048076923 0.4345623533653846 0.48127181249999995 0.3858791634615385 0.47872043509615386 0.3838220697115385 0.517972125 0.4325052596153846 0.5205235048076923
1 0.4593424471153846 0.5338908149038462 0.46144315384615386 0.4938069375 0.4213419375 0.49170532211538465 0.41924123076923075 0.5317891995192308 0.4593424471153846 0.5338908149038462
1 0.5428124038461538 0.5623260432692307 0.5452038677884615 0.5166942211538461 0.45509315624999996 0.51197171875 0.4527016923076923 0.5576035408653847 0.5428124038461538 0.5623260432692307
1 0.5832629975961539 0.5741815336538462 0.5851965192307692 0.5372877211538462 0.4924331995192308 0.5324262019230769 0.4904996754807692 0.569320014423077 0.5832629975961539 0.5741815336538462
1 0.37965173317307693 0.5288799278846154 0.3838022644230769 0.4496830576923077 0.25546276682692304 0.4429570697115385 0.25131223557692306 0.5221539374999999 0.37965173317307693 0.5288799278846154
1 0.2679848365384615 0.4966026081730769 0.2704635264423077 0.44930640384615383 0.23894428124999997 0.4476545504807692 0.23646559134615386 0.49495075480769235 0.2679848365384615 0.4966026081730769
1 0.24892230528846152 0.4826691923076923 0.2518662043269231 0.42649628125 0.19475707692307692 0.4235033173076923 0.19181318028846153 0.4796762283653846 0.24892230528846152 0.4826691923076923
1 0.12943234374999998 0.3996351057692307 0.12640121875 0.45747240144230766 0.20956833413461537 0.46183100480769235 0.21259945913461537 0.40399371153846153 0.12943234374999998 0.3996351057692307
1 0.13809811057692306 0.44028323317307694 0.14128914903846154 0.37939457211538463 0.058746177884615385 0.3750686802884615 0.05555513701923077 0.4359573413461538 0.13809811057692306 0.44028323317307694
1 0.06981937259615384 0.3966500024038462 0.07101147115384615 0.37390344230769235 0.044329336538461536 0.37250509134615384 0.04313724038461538 0.3952516514423077 0.06981937259615384 0.3966500024038462
1 0.05238893028846154 0.37098036298076925 0.05337023076923077 0.35225606009615384 0.03792268028846154 0.3514464879807692 0.036941379807692305 0.3701707908653846 0.05238893028846154 0.37098036298076925