1 0.4673326105769231 0.5995153822115384 0.4611044543269231 0.5402584519230769 0.4154186057692308 0.5450602283653846 0.42164675961538467 0.6043171586538462 0.4673326105769231 0.5995153822115384
1 0.5006565769230769 0.6183575216346154 0.49544467067307696 0.5687695552884615 0.45978173798076927 0.5725178798076923 0.4649936442307692 0.6221058485576924 0.5006565769230769 0.6183575216346154
1 0.5742746682692308 0.6775141802884614 0.5644315721153846 0.5838633677884615 0.49543661538461536 0.59111503125 0.5052797115384615 0.6847658413461539 0.5742746682692308 0.6775141802884614
1 0.674019391826923 0.7311317403846154 0.6609823701923077 0.6070927596153847 0.5555475096153846 0.6181744110576923 0.56858453125 0.7422133894230769 0.674019391826923 0.7311317403846154
1 0.8206237836538463 0.850908 0.80106825 0.6648495264423077 0.6514237836538462 0.6805777932692307 0.6709793173076922 0.8666362668269231 0.8206237836538463 0.850908
1 1 0.7574796033653846 0.8348595144230769 0.7748365673076923 0.8536310841346153 0.9534361225961538 1 0.9380521298076924 1 0.7574796033653846
1 0.50834278125 0 0.3820707620192308 0.013271723557692306 0.38835698798076923 0.07308116586538461 0.5206750192307692 0.05917398076923076 0.5144555841346153 0 0.50834278125 0
1 0.44231127163461537 0.11182029086538461 0.43635895673076924 0.05518779326923077 0.3529123533653846 0.06395838461538461 0.35886466826923075 0.12059088221153846 0.44231127163461537 0.11182029086538461
1 0.3770081490384615 0.15569221634615385 0.37207208413461534 0.1087286826923077 0.3348552091346154 0.11264033413461538 0.33979127403846154 0.15960386778846153 0.3770081490384615 0.15569221634615385
1 0.38085832451923074 0.17064947836538463 0.3769965793269231 0.13390742067307693 0.3290575168269231 0.13894601923076924 0.3329192620192308 0.17568807692307692 0.38085832451923074 0.17064947836538463
1 0.47195209375 0.2989135649038462 0.46626110096153844 0.24476737259615386 0.3621470889423077 0.2557101971153846 0.3678380841346154 0.3098563894230769 0.47195209375 0.2989135649038462
1 0 0.12255767307692308 0.07466184855769231 0.11471039663461538 0.06719967788461538 0.04371258413461539 0 0.05077555528846153 0 0.12255767307692308
1 0.09965608653846154 0.0983973125 0.10351783413461539 0.13513937259615386 0.17484369951923076 0.12764272115384617 0.1709819543269231 0.09090066105769232 0.09965608653846154 0.0983973125
1 0.0896635264423077 0.042189461538461544 0.09192831009615385 0.06373743509615384 0.15657223317307695 0.05694308653846154 0.15430744951923078 0.035395112980769236 0.0896635264423077 0.042189461538461544
1 0.07004402644230769 0.5319230697115385 0.06557253125 0.48937963461538464 0.028588747596153843 0.49326678846153843 0.03306024278846154 0.5358102235576923 0.07004402644230769 0.5319230697115385
1 0 0.5164876298076924 0.0033571322115384613 0.5484286129807692 0.020916658653846155 0.5465830312500001 0.016024146634615384 0.5000338822115384 0 0.5017180889423076 0 0.5164876298076924
1 0.09968154086538461 0.5261546177884615 0.09451318750000001 0.4769810336538462 0.05154673557692308 0.4814969903846154 0.05671508653846154 0.5306705721153846 0.09968154086538461 0.5261546177884615
1 0.10595751682692309 0.506641704326923 0.10240064423076924 0.47280033653846154 0.07023407692307693 0.4761811778846154 0.07379094951923076 0.510022548076923 0.10595751682692309 0.506641704326923
1 0.12650958653846153 0.5011299038461539 0.12379475 0.47529995673076925 0.10025255288461538 0.4777743413461539 0.10296738942307693 0.5036042884615385 0.12650958653846153 0.5011299038461539
1 0.14264045192307692 0.48868112740384617 0.13963525961538462 0.4600886225961538 0.11306287740384616 0.4628814927884616 0.11606806971153846 0.49147399759615384 0.14264045192307692 0.48868112740384617
1 0.14971088221153847 0.4879379951923077 0.14727188461538462 0.4647324831730769 0.1297123581730769 0.4665780649038461 0.13215135576923076 0.4897835769230769 0.14971088221153847 0.4879379951923077
1 0.1642273173076923 0.48180367548076924 0.1614979639423077 0.45583560576923077 0.13717879567307692 0.4583916538461539 0.13990814903846155 0.4843597235576923 0.1642273173076923 0.48180367548076924
1 0.3786348341346154 0.5194593798076923 0.3825836850961538 0.5570302091346154 0.42283074519230773 0.5528000721153846 0.41888189182692304 0.5152292451923077 0.3786348341346154 0.5194593798076923
1 0.3847099927884615 0.5316690192307691 0.38173383413461537 0.5033527692307692 0.3664275216346154 0.5049615264423077 0.36940368028846154 0.5332777764423077 0.3847099927884615 0.5316690192307691
1 0.3527937091346154 0.5008083413461539 0.3561763653846154 0.5329921778846154 0.3701618293269231 0.5315222451923077 0.3667791730769231 0.49933841105769233 0.3527937091346154 0.5008083413461539
1 0.36277334615384615 0.5120489855769231 0.3603343485576923 0.48884347355769225 0.3447949423076923 0.49047673076923076 0.34723393990384616 0.5136822427884615 0.36277334615384615 0.5120489855769231