1 0.649875360576923 0.6826753605769231 0.6284358485576923 0.5723786394230769 0.4822654254807693 0.6007912908653846 0.5037049375 0.7110880120192308 0.649875360576923 0.6826753605769231
1 0.3907608966346154 0.5509465 0.4044885432692308 0.6215691225961538 0.5017309855769231 0.6026671057692308 0.4880033389423077 0.5320444831730768 0.3907608966346154 0.5509465
1 0.24724838942307692 0.4669251586538462 0.24112660096153846 0.4354312860576923 0.19127834375000002 0.44512080528846154 0.19740013221153846 0.47661467788461537 0.24724838942307692 0.4669251586538462
1 0.19281705769230767 0.4571312043269231 0.19907135336538462 0.4893067620192308 0.24999326201923078 0.4794085456730769 0.24373896634615383 0.4472329879807692 0.19281705769230767 0.4571312043269231
1 0.2565477548076923 0.4951130913461539 0.25029346153846155 0.4629375336538461 0.19085900240384615 0.4744904206730769 0.19711329807692307 0.5066659807692308 0.2565477548076923 0.4951130913461539
1 0.1852740216346154 0.489158920673077 0.19025625721153847 0.514790298076923 0.25482892067307694 0.5022386442307692 0.24984668509615385 0.47660726682692306 0.1852740216346154 0.489158920673077
1 0.28509224759615387 0.4765476682692308 0.28101105528846154 0.45555175480769233 0.24519700240384615 0.46251330288461534 0.24927819471153848 0.4835092139423077 0.28509224759615387 0.4765476682692308
1 0.28847151201923077 0.48820030048076923 0.2850263485576923 0.4704764759615384 0.24813863942307693 0.4776467211538461 0.2515838028846154 0.4953705432692308 0.28847151201923077 0.48820030048076923
1 0.28875152644230767 0.5072468076923077 0.28416681009615385 0.4836604903846154 0.24582199999999998 0.4911139663461539 0.25040671394230773 0.5147002860576924 0.28875152644230767 0.5072468076923077
1 0.334191889423077 0.4928960480769231 0.32923615625 0.46740100721153843 0.2827622451923077 0.4764346225961538 0.2877179783653846 0.5019296610576923 0.334191889423077 0.4928960480769231
1 0.36048728124999996 0.49797190865384616 0.3553990408653846 0.4717951826923077 0.31590388461538466 0.47947226442307694 0.320992125 0.5056489903846153 0.36048728124999996 0.49797190865384616
1 0.1903805456730769 0.5412244759615384 0.18046907692307693 0.4902343966346154 0.03383851682692308 0.5187364903846153 0.04374998317307692 0.5697265697115385 0.1903805456730769 0.5412244759615384
1 0 0.5387273822115385 0.0020988533653846153 0.5495250432692308 0.04412476682692308 0.5413560336538461 0.035750370192307694 0.49827350480769234 0 0.5052226754807692 0 0.5387273822115385
1 0 0.12478266826923078 0.005534569711538461 0.15325556009615385 0.12309976201923077 0.13040319951923077 0.11104169471153846 0.06836981490384615 0 0.08995413221153846 0 0.12478266826923078
1 0.8632556370192308 0.7420796875 0.8353498197115384 0.5985167115384615 0.6379507283653846 0.6368872091346154 0.665856545673077 0.7804501826923077 0.8632556370192308 0.7420796875
1 0.98945509375 0.7243404423076923 0.9742433749999999 0.6460829423076924 0.8401899134615385 0.672140295673077 0.8554016298076923 0.750397795673077 0.98945509375 0.7243404423076923
1 1 0.6596113461538462 0.9731136634615385 0.6648375216346154 0.9877158509615385 0.7399592668269231 1 0.7375714687499999 1 0.6596113461538462
2 0.2822230697115385 0.48389682692307695 0.26020053125 0.37060068749999997 0.20483062259615387 0.3813635072115385 0.2268531610576923 0.49465964663461537 0.2822230697115385 0.48389682692307695
2 0.4308231466346154 0.5130221538461538 0.4069455192307692 0.3901824182692308 0.3577874711538461 0.3997377740384615 0.3816650961538462 0.5225775096153846 0.4308231466346154 0.5130221538461538