2 0.24478722115384616 0.22749079326923077 0.25890697596153844 0.6318276658653846 0.40694174278846157 0.6266581778846153 0.3928219879807692 0.22232130528846156 0.24478722115384616 0.22749079326923077
1 0.5429228269230769 0.2919864086538462 0.5411293822115385 0.24062882451923076 0.5077903269230769 0.24179305048076924 0.5095837740384616 0.2931506346153846 0.5429228269230769 0.2919864086538462
1 0.5501680576923077 0.318138375 0.5485442596153847 0.2716389399038462 0.5084124735576923 0.2730403725961538 0.5100362692307692 0.3195398076923077 0.5501680576923077 0.318138375
1 0.5391367572115384 0.3514603269230769 0.5375953629807693 0.3073205649038461 0.50378784375 0.30850114903846154 0.5053292379807692 0.35264091105769235 0.5391367572115384 0.3514603269230769
1 0.5342600745192307 0.37970328125 0.5325781129807692 0.3315381971153846 0.5059537163461538 0.3324679399038461 0.5076356802884615 0.3806330240384615 0.5342600745192307 0.37970328125
1 0.5401537524038461 0.4052075745192308 0.5386947596153846 0.36342748557692306 0.5070734086538462 0.3645317283653846 0.5085324014423077 0.4063118173076923 0.5401537524038461 0.4052075745192308
1 0.5322164663461538 0.4375876418269231 0.5307041538461539 0.3942807043269231 0.5059536153846154 0.39514501201923075 0.5074659278846154 0.4384519495192307 0.5322164663461538 0.4375876418269231
1 0.5337755384615385 0.46880224519230773 0.5322632283653846 0.4254953100961538 0.5007199543269231 0.42659682451923076 0.502232266826923 0.46990376201923073 0.5337755384615385 0.46880224519230773
1 0.5308642884615384 0.5018406394230769 0.5293810600961538 0.4593665288461538 0.5027566634615385 0.4602962740384615 0.5042398918269231 0.5027703822115385 0.5308642884615384 0.5018406394230769
1 0.5312409375 0.5394893173076923 0.5292536057692308 0.4825795625 0.49997457692307695 0.48360200961538463 0.5019619110576923 0.5405117644230769 0.5312409375 0.5394893173076923
1 0.5242604927884615 0.5701682860576923 0.5224428100961538 0.5181166826923077 0.5012057548076924 0.5188582980769231 0.5030234375 0.5709099014423077 0.5242604927884615 0.5701682860576923
1 0.5303863100961539 0.6045587836538462 0.5284813774038462 0.5500086995192308 0.4946738605769231 0.5511892836538462 0.4965787908653846 0.6057393677884615 0.5303863100961539 0.6045587836538462
1 0.5234101875 0.6376001538461539 0.5214519375 0.5815232211538461 0.4952960048076923 0.5824366057692308 0.49725425480769225 0.6385135384615384 0.5234101875 0.6376001538461539
1 0.5751248918269231 0.24930879807692305 0.5788959759615385 0.3572985288461539 0.7634709711538462 0.3508530288461538 0.7596998846153846 0.24286329807692308 0.5751248918269231 0.24930879807692305
1 0.7579560721153846 0.43693126442307695 0.7535548581730769 0.31089697836538466 0.5813941730769231 0.31690896153846154 0.5857953870192307 0.44294324759615383 0.7579560721153846 0.43693126442307695
1 0.76611675 0.47138967548076927 0.762442608173077 0.36617602884615386 0.5731829711538462 0.3727851201923077 0.5768571129807692 0.4779987668269231 0.76611675 0.47138967548076927
1 0.749278014423077 0.5689812331730769 0.7439122163461539 0.41532489423076924 0.5694092091346155 0.4214186730769231 0.5747750072115385 0.5750750120192307 0.749278014423077 0.5689812331730769
1 0.7536613701923076 0.6049612860576923 0.7497448701923077 0.4928074278846154 0.5650918004807692 0.49925565384615384 0.5690082980769231 0.6114095120192308 0.7536613701923076 0.6049612860576923
1 0.7398292572115385 0.6789613197115384 0.7354765144230769 0.5543150745192308 0.5648773774038461 0.5602725288461539 0.5692301201923077 0.6849187716346153 0.7398292572115385 0.6789613197115384
1 0.7434754639423077 0.7162178774038461 0.7398497932692307 0.6123922740384615 0.5583198197115384 0.618731439903846 0.5619454903846154 0.7225570432692308 0.7434754639423077 0.7162178774038461
1 0.7416510216346153 0.7759012379807693 0.7376375793269231 0.6609712932692309 0.5530625865384615 0.6674167932692308 0.5570760288461538 0.7823467403846155 0.7416510216346153 0.7759012379807693
1 0.5849272379807693 0.7314826514423077 0.5805260240384615 0.6054483629807692 0.5135356081730769 0.6077877211538462 0.5179368221153846 0.7338220072115385 0.5849272379807693 0.7314826514423077
1 0.5169115216346154 0.5701469735576923 0.5201057932692308 0.6616189927884615 0.5675768581730769 0.659961266826923 0.5643825865384615 0.5684892475961538 0.5169115216346154 0.5701469735576923
1 0.5824268725961539 0.6151101322115384 0.5796203725961538 0.5347424543269231 0.5227019399038462 0.5367300889423077 0.5255084423076923 0.6170977668269231 0.5824268725961539 0.6151101322115384
1 0.5231971153846154 0.5061386153846154 0.5255189014423076 0.5726258653846154 0.5754103653846154 0.5708836177884615 0.5730885793269231 0.5043963677884615 0.5231971153846154 0.5061386153846154
1 0.5921853245192308 0.5162371153846154 0.5902513100961538 0.4608542067307692 0.5263839903846154 0.4630845024038462 0.5283180048076923 0.5184674110576923 0.5921853245192308 0.5162371153846154
1 0.5254246370192308 0.4132264975961538 0.5276010072115385 0.47554962259615385 0.5798347932692308 0.47372557932692305 0.577658423076923 0.4114024543269231 0.5254246370192308 0.4132264975961538
1 0.5230976201923077 0.3689751995192308 0.5255648221153846 0.43962657692307694 0.6011437524038462 0.4369873028846154 0.5986765528846154 0.3663359230769231 0.5230976201923077 0.3689751995192308
1 0.5927595841346154 0.3983674903846154 0.5902439110576924 0.32632806971153844 0.5279381394230769 0.32850383653846155 0.5304538125 0.40054325721153844 0.5927595841346154 0.3983674903846154
1 0.5262949543269231 0.28144918509615385 0.5290045120192308 0.3590407788461538 0.6084873149038461 0.35626517788461537 0.6057777572115385 0.2786735841346154 0.5262949543269231 0.28144918509615385
1 0.8093873870192307 0.2576660240384615 0.8062949038461539 0.16910889182692307 0.6831668293269231 0.17340862019230768 0.6862593125 0.26196575 0.8093873870192307 0.2576660240384615
1 0.8075730216346154 0.2952522403846154 0.8045241634615384 0.20794434855769228 0.7040385384615385 0.21145338221153848 0.7070873966346153 0.29876127644230766 0.8075730216346154 0.2952522403846154
1 0.8011228653846154 0.3120153389423077 0.7987526081730769 0.24414004326923078 0.7613535288461539 0.2454460480769231 0.7637237860576923 0.31332134134615386 0.8011228653846154 0.3120153389423077
1 0.8049193341346155 0.35357482692307696 0.8025975480769231 0.2870875769230769 0.7667600168269231 0.28833905048076924 0.7690818028846155 0.35482630048076924 0.8049193341346155 0.35357482692307696
1 0.8089585408653845 0.37969977403846156 0.8064428701923076 0.30766035096153843 0.7425755504807692 0.3098906466346154 0.7450912211538461 0.3819300697115385 0.8089585408653845 0.37969977403846156
1 0.7598579278846154 0.3593176105769231 0.7619373581730768 0.41886464903846155 0.8048018533653847 0.4173677860576923 0.8027224254807692 0.35782075 0.7598579278846154 0.3593176105769231
1 0.8155182692307693 0.4780029495192308 0.8127602403846154 0.3990233125 0.7473313701923078 0.4013081394230769 0.7500894014423077 0.4802877764423077 0.8155182692307693 0.4780029495192308
1 0.8015027307692308 0.5019789110576923 0.799374829326923 0.44104383413461534 0.7433152524038462 0.44300147596153844 0.7454431514423077 0.5039365552884616 0.8015027307692308 0.5019789110576923
1 0.7970848197115384 0.5299278990384615 0.7943752620192307 0.4523363052884615 0.7421414759615386 0.4541603485576923 0.7448510336538461 0.5317519423076923 0.7970848197115384 0.5299278990384615
1 0.84083059375 0.5782917668269231 0.8387026923076923 0.5173566850961538 0.7343131971153846 0.5210020480769231 0.7364410985576922 0.5819371274038462 0.84083059375 0.5782917668269231
1 0.8392638149038463 0.6005822451923077 0.8380520264423077 0.5658811778846153 0.7313202091346154 0.5696083341346154 0.7325319975961538 0.6043094038461538 0.8392638149038463 0.6005822451923077
1 0.8383519254807692 0.6393877091346154 0.8369995697115384 0.6006613149038462 0.7325319975961538 0.6043094038461538 0.7338843533653846 0.643035798076923 0.8383519254807692 0.6393877091346154
1 0.8400920528846154 0.6892184471153846 0.8383519254807692 0.6393877091346154 0.7152238533653846 0.6436874375 0.7169639807692308 0.6935181730769231 0.8400920528846154 0.6892184471153846
1 0.8435196153846154 0.7224524062500001 0.8419733725961538 0.6781738389423076 0.7204849254807691 0.6824163100961538 0.7220311682692307 0.726694875 0.8435196153846154 0.7224524062500001
1 0.7835823774038461 0 0.7873852067307693 0.1088988173076923 0.9845306634615384 0.10201434855769231 0.9809682451923076 0 0.7835823774038461 0
1 0.9847961105769231 0.1767728485576923 0.9787032403846154 0.002295865384615385 0.7816358605769231 0.009177610576923078 0.7877287307692308 0.18365459134615386 0.9847961105769231 0.1767728485576923
1 0.9811241370192308 0.22832128846153846 0.9755111346153846 0.06758593028846153 0.7932003870192308 0.07395236298076922 0.798813389423077 0.23468772115384617 0.9811241370192308 0.22832128846153846
1 0.988087326923077 0.2710209543269231 0.9833952836538462 0.1366584110576923 0.7979614374999999 0.1431339014423077 0.8026534807692307 0.2774964471153846 0.988087326923077 0.2710209543269231
1 0.9897252812499999 0.3403115552884615 0.9849847668269232 0.20456096875000002 0.8003316947115385 0.21100919471153848 0.8050722091346153 0.3467597836538462 0.9897252812499999 0.3403115552884615
1 0.9952723365384616 0.3872298822115384 0.9919859663461538 0.2931205769230769 0.8034290264423076 0.29970513221153844 0.8067153942307693 0.3938144350961539 0.9952723365384616 0.3872298822115384
1 0.9963234038461538 0.4620999206730769 0.9929837139423078 0.36646376923076923 0.7873278221153845 0.37364543269230766 0.7906675096153847 0.4692815817307692 0.9963234038461538 0.4620999206730769
1 0.9980482235576923 0.5562637524038462 0.9940832524038462 0.4427218509615385 0.7899889086538461 0.4498489831730769 0.7939538798076923 0.5633908846153847 0.9980482235576923 0.5562637524038462
1 1 0.5673839038461538 0.9973364567307693 0.4911100144230769 0.7916805649038461 0.4982916754807692 0.7971966225961539 0.6562509495192308 1 0.6491689014423077 1 0.5673839038461538
1 1 0.5643950336538461 0.79447409375 0.5715721586538461 0.8011486225961538 0.7627056538461539 1 0.755761608173077 1 0.5643950336538461
1 1 0.6393017764423077 0.7845943221153846 0.6468239086538462 0.7908810793269231 0.8268530624999999 1 0.81955046875 1 0.6393017764423077
1 1 0.6919727499999999 0.7716747644230769 0.6999460456730768 0.7792702499999999 0.9174523533653847 1 0.9097443004807692 1 0.6919727499999999
1 0.7510336658653846 0.7602865 0.7590653966346154 0.9902851947115384 0.9958741778846154 0.9820156514423076 0.9878424447115385 0.7520169567307692 0.7510336658653846 0.7602865