0 1 0.5777837283653846 0.8780730048076923 0.04965989182692308 0.6790122451923076 0.09561668749999999 0.8168260096153847 0.6925536826923077 1 0.6502646346153846 1 0.5777837283653846
1 1 0.5256827187499999 0.9708436298076923 0.5324139975961538 0.9788731322115385 0.5671935961538461 1 0.5623160745192307 1 0.5256827187499999
1 1 0.5464938870192307 0.97274084375 0.5527871586538462 0.9831135865384616 0.5977164447115384 1 0.5938179086538462 1 0.5464938870192307
1 0.8006291754807692 0.7349219639423077 0.7610127932692308 0.5633245673076923 0.4366541346153846 0.6382086634615385 0.47627051442307694 0.8098060600961539 0.8006291754807692 0.7349219639423077
1 0.3767448701923077 0.6027201947115385 0.40120829807692304 0.7086829375 0.45662559375 0.6958888461538462 0.43216216826923076 0.5899261033653846 0.3767448701923077 0.6027201947115385
1 0.3958570384615384 0.6347986153846155 0.3824224615384615 0.5766070697115384 0.35654075721153844 0.5825823317307692 0.36997533413461536 0.6407738774038462 0.3958570384615384 0.6347986153846155
1 0.38187408413461543 0.5985426346153846 0.37190750480769236 0.5553726274038462 0.3502886682692308 0.5603637307692307 0.36025525 0.603533735576923 0.38187408413461543 0.5985426346153846
1 0.33142456249999996 0.5508922524038462 0.34182855048076927 0.5959568677884616 0.3597934975961538 0.5918093341346153 0.34938951201923074 0.5467447187500001 0.33142456249999996 0.5508922524038462
1 0.3317813533653846 0.5465336153846153 0.32290828365384616 0.5081001298076923 0.29489514423076923 0.5145674711538462 0.3037682139423077 0.5530009591346153 0.3317813533653846 0.5465336153846153
1 0.33903229326923073 0.27231884615384616 0.3264725264423077 0.2179165168269231 0.2752419735576923 0.2297440216346154 0.28780174278846155 0.28414635096153845 0.33903229326923073 0.27231884615384616
1 0.3404643076923077 0.2858148365384615 0.3307164278846154 0.24359213461538462 0.26631665625 0.25845999278846155 0.2760645360576923 0.30068269471153847 0.3404643076923077 0.2858148365384615
1 0.24007367548076924 0.05483903365384615 0.2503526899038462 0.09936232932692309 0.3733669110576923 0.07096225961538462 0.3630878966346154 0.02643896153846154 0.24007367548076924 0.05483903365384615
1 0.008531004807692307 0.1396541610576923 0.017622776442307694 0.17903495192307692 0.08354500240384616 0.16381560576923077 0.07445323076923077 0.12443481730769232 0.008531004807692307 0.1396541610576923
1 0.10777933173076923 0.22051162980769232 0.09846885576923076 0.18018353365384615 0.03513480288461539 0.19480535336538463 0.044445276442307696 0.2351334471153846 0.10777933173076923 0.22051162980769232
1 0.10715022596153846 0.525839798076923 0.09849585817307692 0.48835361778846154 0.06416453846153845 0.4962796274038462 0.07281890625 0.5337658076923076 0.10715022596153846 0.525839798076923
1 0.08202008173076923 0.5326393461538461 0.07314701201923077 0.4942058605769231 0.026712189903846155 0.5049261850961538 0.03558525961538462 0.5433596706730769 0.08202008173076923 0.5326393461538461
1 0.03839714663461538 0.5555392956730769 0.028211862980769234 0.5114219831730769 0.007658745192307692 0.5161670456730769 0.017844028846153846 0.560284358173077 0.03839714663461538 0.5555392956730769
1 0 0.5479380625 0.0053274663461538455 0.5710138533653846 0.01743096875 0.5682195408653846 0.008339197115384615 0.52883875 0 0.5307640072115385 0 0.5479380625