1 0.36105913701923076 0.16164558894230768 0.35361844471153847 0.05523875480769231 0.20897165865384615 0.06535344471153846 0.21641234855769229 0.17176027884615383 0.36105913701923076 0.16164558894230768
1 0.25394781490384616 0.016402379807692307 0.2620666923076923 0.13250775 0.4090515216346154 0.12222956971153846 0.4009326418269231 0.00612419951923077 0.25394781490384616 0.016402379807692307
1 0.2688330432692308 0.21919135576923077 0.2629231201923077 0.13467551442307693 0.1711160528846154 0.14109528846153846 0.17702597596153843 0.22561113221153845 0.2688330432692308 0.21919135576923077
1 0.1803462596153846 0.10285827884615384 0.18678904326923076 0.19499440384615385 0.2867013173076923 0.1880078557692308 0.2802585336538461 0.09587173317307693 0.1803462596153846 0.10285827884615384
1 0.19740083413461537 0.3389102884615385 0.1939130096153846 0.2890320865384615 0.11293886538461538 0.29469435096153845 0.11642668990384616 0.3445725528846154 0.19740083413461537 0.3389102884615385
1 0.1860901875 0.3406758028846154 0.18421063701923077 0.3137969927884615 0.11025061538461538 0.31896878125 0.11213016586538462 0.3458475913461539 0.1860901875 0.3406758028846154
1 0.1958811778846154 0.3642168293269231 0.19345907692307693 0.3295791875 0.11084830288461538 0.33535589663461535 0.11327040384615385 0.3699935384615385 0.1958811778846154 0.3642168293269231
1 0.18865091826923075 0.36945617067307696 0.18663573076923076 0.34063765384615385 0.11485787980769231 0.3456568509615385 0.11687306730769231 0.3744753677884616 0.18865091826923075 0.36945617067307696
1 0.14117301682692307 0.3882304615384615 0.14009760336538463 0.37285134855769225 0.11040448798076923 0.3749276947115385 0.11147989903846155 0.3903068052884615 0.14117301682692307 0.3882304615384615
1 0.16495676923076924 0.5032404374999999 0.1620114951923077 0.4611210697115385 0.1393325 0.4627069375 0.14227777403846154 0.5048263076923077 0.16495676923076924 0.5032404374999999
1 0.17988232932692305 0.4994121826923077 0.17773150480769231 0.46865395673076926 0.15770229086538462 0.4700545360576923 0.15985311538461539 0.5008127620192308 0.17988232932692305 0.4994121826923077
1 0.29432436538461537 0.52997578125 0.2908946706730769 0.48092888461538463 0.17266774519230768 0.4891961153846154 0.1760974375 0.538243014423077 0.29432436538461537 0.52997578125
1 0.30337489903846154 0.604526048076923 0.29740684615384616 0.5191789038461538 0.21097727403846156 0.5252226466346154 0.21694532692307694 0.6105697932692308 0.30337489903846154 0.604526048076923
1 0.3517526778846154 0.6523790649038462 0.34476734134615383 0.5524841105769231 0.2637152644230769 0.5581518245192307 0.2707005985576923 0.6580467764423077 0.3517526778846154 0.6523790649038462
1 0.495440875 0.7539922956730769 0.48442516586538464 0.5964603076923077 0.33229664903846157 0.6070981706730769 0.3433123581730769 0.7646301586538461 0.495440875 0.7539922956730769
1 0.9147560024038461 0.9602447716346153 0.8932671322115385 0.652939625 0.45207884374999996 0.6837905144230769 0.4735677139423077 0.9910956634615384 0.9147560024038461 0.9602447716346153
1 1 0.8812481394230769 0.9866452860576923 0.6902668221153847 0.6706201129807692 0.712365454326923 0.6886599110576923 0.9703466009615384 1 0.9485755817307692 1 0.8812481394230769
2 0 0.46706184615384616 0.0015472403846153845 0.48918841586538464 0.07620867548076923 0.4839675793269231 0.05149356971153846 0.13052509375000002 0 0.134125875 0 0.46706184615384616