1 0.09956851682692307 0.4695060865384616 0.09631228124999999 0.4322871466346154 0.05591969951923077 0.4358210384615384 0.05917593509615385 0.4730399783653846 0.09956851682692307 0.4695060865384616
1 0.17168867548076922 0.47992672115384616 0.16794824038461537 0.43717336538461543 0.09183274038461538 0.4438326081730769 0.09557317307692308 0.4865859663461538 0.17168867548076922 0.47992672115384616
3 0.1367708701923077 0.40351256249999995 0.1327157067307692 0.35716183894230774 0.09045525961538461 0.3608591466346154 0.09451042307692308 0.4072098725961538 0.1367708701923077 0.40351256249999995
3 0.13746384615384616 0.4526669903846154 0.13507916826923078 0.4254099975961539 0.08923864663461539 0.42942052403846154 0.09162332451923076 0.4566775168269231 0.13746384615384616 0.4526669903846154
3 0.15963947596153846 0.4578372668269231 0.15650429086538462 0.42200192788461544 0.13136593990384615 0.4242012475961538 0.134501125 0.4600365865384616 0.15963947596153846 0.4578372668269231
3 0.09304572115384616 0.3904682668269231 0.09563618509615385 0.42007738942307693 0.13836359615384614 0.41633922355769226 0.1357731346153846 0.38673010336538466 0.09304572115384616 0.3904682668269231
3 0.13831667548076923 0.43641972596153844 0.1356656875 0.4061188028846154 0.09293827403846154 0.4098569663461538 0.09558926201923076 0.44015788942307693 0.13831667548076923 0.43641972596153844
3 0.1704325264423077 0.37324134374999995 0.1735798173076923 0.40921504086538457 0.19560506009615386 0.4072880817307692 0.19245776923076924 0.3713143846153846 0.1704325264423077 0.37324134374999995
3 0.19953945432692308 0.4271596826923077 0.19709425240384615 0.3992108870192308 0.1692319326923077 0.4016485240384616 0.1716771346153846 0.4295973197115384 0.19953945432692308 0.4271596826923077
3 0.2013086298076923 0.4366248413461538 0.19942025480769232 0.4150406201923077 0.16751089423076923 0.4178323269230769 0.16939926923076923 0.43941654807692304 0.2013086298076923 0.4366248413461538
3 0.20830593509615386 0.4601322139423077 0.2054370576923077 0.4273408076923077 0.16730148076923076 0.43067723798076923 0.17017035576923079 0.4634686442307692 0.20830593509615386 0.4601322139423077
1 0.06528094711538461 0.33127398798076924 0.06910611538461539 0.3749958629807692 0.11268963221153847 0.37118280048076924 0.10886446394230768 0.3274609230769231 0.06528094711538461 0.33127398798076924