2 0.3726575432692308 0.13167155528846156 0.5440524879807692 0.8190991249999999 0.8272575528846153 0.7484881730769231 0.655862608173077 0.06106060096153846 0.3726575432692308 0.13167155528846156
1 0.5391376033653846 0.6143449567307692 0.513131 0.5100381658653846 0.3907827716346154 0.5405430048076924 0.41678937499999996 0.644849795673077 0.5391376033653846 0.6143449567307692
1 0.2870667475961538 0.5379173004807692 0.2954332139423077 0.5714733605769231 0.3597153052884616 0.5554460336538461 0.3513488389423077 0.5218899759615385 0.2870667475961538 0.5379173004807692
1 0.28020043028846153 0.5158678942307693 0.28856689423076926 0.549423954326923 0.35413766105769234 0.5330753269230769 0.34577119471153844 0.4995192668269231 0.28020043028846153 0.5158678942307693
1 0.34738237740384614 0.5085648461538461 0.3390159134615385 0.4750087860576923 0.2753402548076923 0.49088490865384615 0.28370672115384615 0.5244409711538461 0.34738237740384614 0.5085648461538461
1 0.23181153125 0.5552724927884616 0.22203385576923076 0.5160563725961539 0.1879977019230769 0.5245425408653847 0.19777537740384615 0.5637586586538462 0.23181153125 0.5552724927884616
1 0.2559832379807692 0.29860629807692307 0.2456343581730769 0.25709920432692307 0.16975419951923076 0.2760182548076923 0.1801030793269231 0.31752534855769227 0.2559832379807692 0.29860629807692307
1 0.18049749519230768 0.2664688894230769 0.18825915625 0.2975992115384615 0.24776557451923079 0.28276259615384614 0.24000391346153846 0.2516322740384615 0.18049749519230768 0.2664688894230769
1 0.2320170144230769 0.25705900961538464 0.22781698317307694 0.24021359855769228 0.17710387019230772 0.2528577980769231 0.18130390384615386 0.2697032091346154 0.2320170144230769 0.25705900961538464
1 0.16288045432692308 0.23908406009615385 0.1690293028846154 0.2637457427884615 0.2295211778846154 0.24866342307692307 0.22337232932692308 0.2240017403846154 0.16288045432692308 0.23908406009615385
1 0.2260406971153846 0.23922506971153845 0.22120225961538462 0.21981915384615383 0.16465221153846155 0.23391866346153847 0.16949064903846153 0.2533245793269231 0.2260406971153846 0.23922506971153845
1 0.16188711778846152 0.21184869471153847 0.16981677884615387 0.2436528341346154 0.22818613221153847 0.22909971875 0.22025646875 0.19729558173076922 0.16188711778846152 0.21184869471153847
1 0.2615224831730769 0.3550540865384615 0.2552056346153846 0.3297185865384616 0.21874374038461536 0.3388095576923077 0.22506058894230768 0.36414505769230765 0.2615224831730769 0.3550540865384615
1 0.24867161538461538 0.5411920865384615 0.24141395913461539 0.5120832139423077 0.21935489182692305 0.51758315625 0.22661254807692308 0.5466920288461539 0.24867161538461538 0.5411920865384615
1 0.5769673413461539 0 0.4440657860576923 0.03313607932692308 0.4773300456730769 0.16655174038461537 0.6469801899038461 0.12425320913461538 0.6160003846153846 0 0.5769673413461539 0
1 0.43854375240384613 0.09592027163461539 0.45998072115384614 0.1818992548076923 0.5808128605769232 0.15177241826923077 0.559375891826923 0.06579343509615385 0.43854375240384613 0.09592027163461539
1 0.8007273581730769 0.07403905048076923 0.7895720697115384 0.02929763701923077 0.7155112163461539 0.04776308173076923 0.7266665048076923 0.09250449519230769 0.8007273581730769 0.07403905048076923
1 0.732958264423077 0.09093578365384616 0.7257342091346154 0.06196167548076924 0.7047364038461539 0.06719701682692308 0.7119604591346154 0.096171125 0.732958264423077 0.09093578365384616
1 0.7170467788461538 0.10978960576923077 0.7091507163461538 0.07812023076923078 0.6849691274038462 0.08414937740384615 0.6928651899038462 0.11581875240384616 0.7170467788461538 0.10978960576923077
1 0.701665920673077 0.128511125 0.6935346586538462 0.09589840625 0.6530551322115384 0.10599108413461539 0.6611863966346154 0.13860380288461538 0.701665920673077 0.128511125
1 0.6482717572115385 0.012853939903846154 0.6547902067307692 0.038998019230769225 0.6700268822115384 0.03519909134615385 0.6635084326923076 0.009055009615384616 0.6482717572115385 0.012853939903846154
1 0.6589962956730768 0 0.6651155384615385 0.024542939903846154 0.6934663677884616 0.017474283653846154 0.6891095384615386 0 0.6589962956730768 0
3 0.4619719567307692 0 0.4783790745192308 0.06580536057692307 0.5566849735576923 0.04628150721153846 0.5451456971153846 0 0.4619719567307692 0
3 0.5913200024038462 0 0.5451949519230769 0.011500266826923077 0.5603150697115384 0.07214375 0.634375923076923 0.05367830528846154 0.6209924182692308 0 0.5913200024038462 0
3 0.5484468822115385 0 0.55955775 0.04456325961538461 0.6252043197115384 0.028195730769230768 0.6181743341346154 0 0.5484468822115385 0
3 0.4418047980769231 0.27918624759615385 0.4310863125 0.23619675721153846 0.38431502644230775 0.24785814903846154 0.3950335120192308 0.2908476394230769 0.4418047980769231 0.27918624759615385
3 0.45520016105769234 0.31062961778846154 0.44216325961538466 0.25834146153846155 0.3849309735576923 0.2726110721153846 0.39796787499999997 0.3248992307692308 0.45520016105769234 0.31062961778846154
3 0.4476636514423077 0.33627005048076924 0.4358027596153846 0.2886986081730769 0.39380714663461536 0.29916929086538463 0.4056680408653846 0.3467407331730769 0.4476636514423077 0.33627005048076924
3 0.4535310192307692 0.36658440625 0.44375334375000003 0.3273682884615384 0.40175773076923077 0.33783896874999997 0.41153540624999996 0.3770550889423077 0.4535310192307692 0.36658440625
3 0.46165657692307693 0.4082164134615385 0.44626765625 0.3464948269230769 0.3722068028846154 0.3649602716346154 0.38759572355769234 0.4266818581730769 0.46165657692307693 0.4082164134615385
3 0.4671711875 0.4503562668269231 0.4525214735576923 0.3915994711538462 0.3752768365384615 0.41085872115384614 0.3899265504807692 0.46961551682692304 0.4671711875 0.4503562668269231
3 0.47255963942307694 0.5055533822115384 0.45370989182692306 0.4299511754807692 0.3854101682692308 0.4469802091346154 0.4042599158653846 0.5225824158653846 0.47255963942307694 0.5055533822115384
3 0.3970694615384615 0.49374307211538465 0.41289518509615386 0.5572165841346154 0.4733112548076923 0.5421531658653846 0.45748553125 0.47867965384615385 0.3970694615384615 0.49374307211538465
3 0.3948622596153846 0.5349453701923077 0.41028478125 0.5968017211538462 0.4768410024038462 0.580207391826923 0.4614184831730769 0.5183510384615384 0.3948622596153846 0.5349453701923077
3 0.5048871610576924 0.5089444879807693 0.48912863942307694 0.4457405024038461 0.4490281346153846 0.45573868028846154 0.46478665865384616 0.5189426658653846 0.5048871610576924 0.5089444879807693
3 0.4468120576923077 0.41778634134615383 0.45988256009615386 0.4702092644230769 0.49763312740384613 0.4607969903846154 0.484562625 0.4083740673076923 0.4468120576923077 0.41778634134615383
3 0.5122742331730769 0.40003337980769227 0.5001781370192308 0.35151859374999994 0.4358960456730769 0.3675459182692308 0.4479921418269231 0.4160607043269231 0.5122742331730769 0.40003337980769227
3 0.13171083173076922 0.3356028028846154 0.14044689903846155 0.37064125961538463 0.18934070673076922 0.3584506634615385 0.18060463942307692 0.3234122091346154 0.13171083173076922 0.3356028028846154
3 0.21561619951923075 0.37050775 0.20882894711538463 0.34328556490384615 0.18510218509615387 0.34920131009615385 0.1918894375 0.37642349519230767 0.21561619951923075 0.37050775