1 0.597485326923077 0.7804863846153847 0.6053720649038461 0.6299984615384615 0.4873309326923077 0.6238121875 0.47944419471153843 0.7743001105769232 0.597485326923077 0.7804863846153847
1 0.5045971129807693 0.6391813365384615 0.5088348701923077 0.5583200865384615 0.45024340384615386 0.5552494375 0.44600564423076927 0.6361106899038462 0.5045971129807693 0.6391813365384615
1 0.4020695456730769 0.51461696875 0.40387222836538467 0.4802197307692308 0.3484794975961538 0.47731672115384616 0.34667681490384616 0.5117139591346154 0.4020695456730769 0.51461696875
1 0.4377741346153846 0.5214950288461538 0.43893715384615384 0.4993032620192308 0.40078638701923075 0.4973038653846154 0.3996233653846154 0.5194956322115385 0.4377741346153846 0.5214950288461538
1 0.31223170432692304 0.4569194807692308 0.3105962067307692 0.48812665384615384 0.3565487692307692 0.49053492548076927 0.3581842668269231 0.45932775240384616 0.31223170432692304 0.4569194807692308
1 0.20834144951923078 0.37776269471153845 0.20876304326923079 0.36971817788461536 0.18832234615384616 0.36864692548076927 0.18790075 0.3766914423076923 0.20834144951923078 0.37776269471153845
1 0.20853478846153847 0.3875083894230769 0.20904361057692308 0.37779949278846153 0.19078741346153846 0.37684272596153845 0.19027859134615385 0.38655162259615383 0.20853478846153847 0.3875083894230769
1 0.2078355264423077 0.3963728317307692 0.2083007331730769 0.38749612259615385 0.19027859134615385 0.38655162259615383 0.18981338221153846 0.39542832932692307 0.2078355264423077 0.3963728317307692
1 0.20702868028846153 0.4117683677884615 0.2078355264423077 0.3963728317307692 0.18801897115384614 0.3953342884615385 0.187212125 0.4107298269230769 0.20702868028846153 0.4117683677884615
1 0.02708441105769231 0.42987562740384616 0.030115536057692308 0.3720383365384615 0.0066321370192307695 0.3708076225961538 0.003601014423076923 0.4286449158653846 0.02708441105769231 0.42987562740384616
1 0.9186244807692308 1 0.9266734663461539 0.8464162259615384 0.5567124302884616 0.8270273894230769 0.5476473197115385 1 0.9186244807692308 1