1 0.49939390865384614 0.6553160625000001 0.5142583677884616 0.5495499326923077 0.32131082451923076 0.5224329230769231 0.3064463653846154 0.6281990552884615 0.49939390865384614 0.6553160625000001
1 0.5530815336538462 0.6207852163461538 0.5580878990384616 0.5851630745192308 0.5002191081730769 0.5770301466346154 0.4952127427884615 0.6126522884615384 0.5530815336538462 0.6207852163461538
1 0.3008651322115385 0.49445403125000004 0.30647071634615386 0.45456823557692305 0.25471373557692306 0.447294266826923 0.24910815384615384 0.4871800625 0.3008651322115385 0.49445403125000004
1 0.24854852163461538 0.502389079326923 0.25742080528846156 0.43925949038461537 0.13781499038461537 0.4224499879807692 0.12894270673076924 0.4855795769230769 0.24854852163461538 0.502389079326923
1 0 0.5021005576923077 0.12942909375 0.5202906298076923 0.14197400240384617 0.43102896875 0.007668896634615384 0.41215361778846155 0 0.4667206514423077 0 0.5021005576923077
3 0.1185303653846154 0 0.10776929086538461 0.07656901442307693 0.20880757932692307 0.09076901923076923 0.22156433413461538 0 0.1185303653846154 0
3 0.23712421634615385 0.10877404326923078 0.24868331490384615 0.026526778846153846 0.20489489903846153 0.02037271875 0.19333580048076923 0.10261998317307691 0.23712421634615385 0.10877404326923078
3 0.19885015144230772 0.1290614278846154 0.21203293750000002 0.035261033653846155 0.10457337980769231 0.020158576923076925 0.09139059375 0.11395897115384615 0.19885015144230772 0.1290614278846154
3 0.18210609134615385 0.19206648557692307 0.19722183653846154 0.08451237259615385 0.09618354567307692 0.07031236538461538 0.08106780048076923 0.17786648076923078 0.18210609134615385 0.19206648557692307
3 0.21927568028846153 0.14707946153846155 0.22747143028846153 0.08876367548076923 0.1927346826923077 0.08388174278846153 0.1845389326923077 0.14219753125 0.21927568028846153 0.14707946153846155
3 0.19978450240384615 0.20156371634615383 0.2102418125 0.12715607451923078 0.18966280528846152 0.12426388221153847 0.17920549278846154 0.1986715264423077 0.19978450240384615 0.20156371634615383
3 0.18822271634615387 0.25127171634615386 0.19852539182692308 0.1779643701923077 0.17144775 0.1741588557692308 0.16114507451923077 0.24746620192307692 0.18822271634615387 0.25127171634615386
3 0.17085510817307695 0.2580876105769231 0.186280125 0.14833289903846153 0.07688644951923077 0.1329586201923077 0.061461430288461544 0.24271333173076923 0.17085510817307695 0.2580876105769231
3 0.15136276923076925 0.2985463221153846 0.16566667067307692 0.19676876923076922 0.06400946634615384 0.18248177884615385 0.049705562499999995 0.2842593317307692 0.15136276923076925 0.2985463221153846
3 0.18064588461538464 0.30967448317307694 0.19077459375 0.23760497596153846 0.1463672596153846 0.23136393269230768 0.13623855048076924 0.3034334399038462 0.18064588461538464 0.30967448317307694
3 0.16036103365384616 0.3557722211538462 0.17016113942307692 0.2860408461538462 0.1419230264423077 0.28207223798076925 0.13212292067307693 0.35180361298076923 0.16036103365384616 0.3557722211538462
3 0.15479568509615385 0.4144576875 0.16428651682692308 0.34692690625 0.13403692067307693 0.34267560336538466 0.12454608894230769 0.4102063846153846 0.15479568509615385 0.4144576875
3 0.13948238461538462 0.4717731658653846 0.14945645673076924 0.40080395432692306 0.12052206009615385 0.3967374903846154 0.11054798798076923 0.46770670192307695 0.13948238461538462 0.4717731658653846
3 0.11681346394230768 0.45568390384615387 0.12725144471153846 0.3814138004807692 0.024356403846153844 0.36695284375 0.013918420673076923 0.44122294951923074 0.11681346394230768 0.45568390384615387
3 0.0396495889423077 0.30023753125 0.026466802884615385 0.3940379230769231 0.12611252884615384 0.40804221634615384 0.1392953125 0.3142418245192308 0.0396495889423077 0.30023753125
3 0.13800138701923076 0.3374823653846154 0.14909657692307693 0.2585359927884615 0.05455692307692307 0.24524931009615386 0.04346173317307692 0.3241956826923077 0.13800138701923076 0.3374823653846154
3 0.1119862451923077 0.08417435817307693 0.1193701514423077 0.031635134615384614 0.06405439663461539 0.023861012019230767 0.056670490384615385 0.07640023557692308 0.1119862451923077 0.08417435817307693
3 0.08193420673076922 0.13016168990384616 0.08916347596153845 0.07872276682692309 0.059532798076923084 0.07455844471153847 0.05230352884615385 0.1259973701923077 0.08193420673076922 0.13016168990384616
3 0.07371949759615384 0.19310318750000002 0.08206988461538461 0.1336871033653846 0.04857097355769231 0.12897913942307693 0.040220586538461535 0.18839522355769228 0.07371949759615384 0.19310318750000002
3 0.05780623798076923 0.24570597115384615 0.06551874759615385 0.19082861778846152 0.03975630528846154 0.18720794230769233 0.03204379567307692 0.24208529807692306 0.05780623798076923 0.24570597115384615
3 0.04748344711538462 0.3096134831730769 0.0563364014423077 0.24662143269230768 0.03444219471153846 0.24354440144230768 0.02558923798076923 0.30653645432692306 0.04748344711538462 0.3096134831730769
3 0.02692955528846154 0.3767114831730769 0.03754150480769231 0.30120354326923077 0.02400268269230769 0.29930078605769234 0.013390735576923078 0.37480872596153847 0.02692955528846154 0.3767114831730769
3 0.08902446634615384 0 0.08428584375 0.03371704807692308 0.1325614110576923 0.04050173798076923 0.13825355769230768 0 0.08902446634615384 0
3 0.26089413461538463 0.1074863125 0.2679687668269231 0.05714768509615385 0.21907428125 0.05027601442307693 0.21199964903846155 0.10061464182692308 0.26089413461538463 0.1074863125
3 0.25832445673076926 0.13980431009615385 0.2644326081730769 0.09634254326923078 0.21105097115384613 0.08884024519230768 0.20494281730769232 0.1323020096153846 0.25832445673076926 0.13980431009615385
3 0.23954773076923075 0.1802233389423077 0.24805275480769232 0.11970695673076923 0.21006668990384617 0.11436836298076923 0.20156166586538463 0.17488474759615386 0.23954773076923075 0.1802233389423077
3 0.22902969711538462 0.22194330528846157 0.23674220673076923 0.1670659495192308 0.19496527403846153 0.16119458413461538 0.18725276442307692 0.21607193990384616 0.22902969711538462 0.22194330528846157
3 0.22555078846153845 0.2517492019230769 0.2331086610576923 0.1979721466346154 0.18932024278846155 0.19181808413461537 0.1817623701923077 0.24559514182692307 0.22555078846153845 0.2517492019230769
3 0.21841659134615382 0.28342569951923074 0.2250079831730769 0.23652550240384615 0.17549458173076923 0.2295668485576923 0.16890318750000002 0.27646704326923077 0.21841659134615382 0.28342569951923074
3 0.20346981249999999 0.3291516225961538 0.21151092548076925 0.27193613461538463 0.17166810817307693 0.26633659134615384 0.1636269951923077 0.3235520817307692 0.20346981249999999 0.3291516225961538
3 0.19852106490384613 0.35987298076923074 0.20542173076923076 0.31077218749999996 0.16039548076923077 0.3044441610576923 0.1534948125 0.35354495192307694 0.19852106490384613 0.35987298076923074
3 0.18581767548076922 0.4036701298076923 0.19385878846153848 0.3464546418269231 0.1520044903846154 0.3405724014423077 0.14396337740384615 0.39778789182692303 0.18581767548076922 0.4036701298076923
3 0.1805213653846154 0.4413553317307692 0.188233875 0.3864779735576923 0.14382654326923078 0.3802369302884615 0.13611403365384617 0.43511428846153843 0.1805213653846154 0.4413553317307692
3 0.24320706971153846 0.4618062980769231 0.25059097596153845 0.4092670769230769 0.18111748076923076 0.3995032139423077 0.17373357451923077 0.4520424350961539 0.24320706971153846 0.4618062980769231
3 0.25579837019230767 0.46596020673076927 0.26078540625 0.4304756009615385 0.23757599759615383 0.42721373076923075 0.23258896153846154 0.46269833894230766 0.25579837019230767 0.46596020673076927
3 0.2497768173076923 0.38699254807692307 0.24335939182692307 0.4326549110576923 0.26463468269230767 0.43564495913461543 0.2710521081730769 0.3899825961538462 0.2497768173076923 0.38699254807692307
3 0.18964414903846152 0.3669003870192308 0.18177700240384614 0.42287803846153843 0.25125049759615387 0.4326419014423077 0.2591176442307692 0.37666425000000003 0.18964414903846152 0.3669003870192308
3 0.25848092548076923 0.39522852403846154 0.2670052764423077 0.3345746033653846 0.19815069951923076 0.3248977235576923 0.1896263485576923 0.38555164423076926 0.25848092548076923 0.39522852403846154
3 0.2694667115384615 0.3967724735576923 0.2742991105769231 0.36238816826923076 0.25689205288461536 0.3599417644230769 0.2520596538461538 0.3943260721153846 0.2694667115384615 0.3967724735576923
3 0.26911183173076925 0.3150948725961538 0.2622111658653846 0.3641956634615384 0.2750537043269231 0.36600056490384614 0.2819543701923077 0.31689977403846153 0.26911183173076925 0.3150948725961538
3 0.26540207692307693 0.36001574038461537 0.2735978269230769 0.3016999543269231 0.21124188461538462 0.2929363990384615 0.20304613461538462 0.35125218509615386 0.26540207692307693 0.36001574038461537
3 0.21649911778846154 0.2504770745192308 0.20861264182692307 0.3065922668269231 0.2807165360576923 0.3167258076923077 0.2886030120192308 0.2606106153846154 0.21649911778846154 0.2504770745192308
3 0.28564900961538464 0.3231694254807692 0.2914285600961538 0.2820457956730769 0.27990122115384614 0.28042573317307695 0.2741216706730769 0.32154936538461537 0.28564900961538464 0.3231694254807692
3 0.2916570889423077 0.23887973317307692 0.2831327355769231 0.2995336514423077 0.2914881225961538 0.30070792548076924 0.30001247596153846 0.2400540048076923 0.2916570889423077 0.23887973317307692
3 0.2871343341346154 0.2755516201923077 0.294035 0.2264508293269231 0.22773345673076922 0.21713275480769229 0.2208327908653846 0.26623354567307694 0.2871343341346154 0.2755516201923077
3 0.29206412019230765 0.24945597596153846 0.30201886298076924 0.17862430048076924 0.2287545 0.1683276658653846 0.21879975721153844 0.23915934134615385 0.29206412019230765 0.24945597596153846
3 0.30461750240384616 0.2628613052884615 0.3097591754807692 0.2262764014423077 0.28662713221153846 0.22302540384615385 0.28148545913461537 0.2596103076923077 0.30461750240384616 0.2628613052884615
3 0.3139950889423077 0.2292560360576923 0.3209150865384615 0.18001770673076922 0.3028891129807692 0.17748432211538462 0.2959691153846154 0.22672265144230772 0.3139950889423077 0.2292560360576923
3 0.23677896874999999 0.14378898076923077 0.22827394471153847 0.20430536298076923 0.3099710600961538 0.21578714423076925 0.31847608413461537 0.15527076201923076 0.23677896874999999 0.14378898076923077
3 0.3168728846153846 0.18071189663461537 0.32700159375000004 0.10864238942307693 0.2523446658653846 0.0981500408653846 0.24221595673076923 0.17021955048076925 0.3168728846153846 0.18071189663461537
3 0.32408819471153844 0.19448904086538463 0.3290752331730769 0.15900443509615383 0.30656210576923076 0.15584042067307693 0.30157506971153847 0.19132502884615385 0.32408819471153844 0.19448904086538463
3 0.3224954831730769 0.11263747115384616 0.31509224759615384 0.16531423076923077 0.33242193750000004 0.16774975961538463 0.3398251730769231 0.115073 0.3224954831730769 0.11263747115384616
3 0.3301951923076923 0.13700173076923078 0.3393574206730769 0.07180908413461538 0.2493049182692308 0.059153028846153845 0.2401426875 0.12434567548076923 0.3301951923076923 0.13700173076923078
3 0.3450410408653846 0.274433125 0.35227031009615384 0.22299419951923077 0.3007454254807692 0.2157528485576923 0.29351615625 0.2671917740384615 0.3450410408653846 0.274433125
3 0.33633925 0.2942482427884615 0.3415002524038462 0.25752580048076923 0.29067164903846154 0.2503823076923077 0.2855106466346154 0.28710474759615384 0.33633925 0.2942482427884615
3 0.33055854326923073 0.3213463269230769 0.3373045721153846 0.2733458341346154 0.2884100865384615 0.26647416346153846 0.2816640576923077 0.31447465625000004 0.33055854326923073 0.3213463269230769
3 0.3237529495192308 0.3506846923076923 0.32968713701923075 0.3084607620192308 0.28210785096153845 0.30177393028846156 0.2761736634615385 0.3439978581730769 0.3237529495192308 0.3506846923076923
3 0.3094428894230769 0.37784634134615386 0.3155510432692308 0.33438457451923076 0.27764234375 0.32905685336538465 0.27153418990384615 0.3725186201923077 0.3094428894230769 0.37784634134615386
3 0.3067185745192308 0.4112646370192307 0.312498125 0.3701410048076923 0.2668529543269231 0.3637259927884615 0.26107340625000003 0.4048496274038461 0.3067185745192308 0.4112646370192307
3 0.30060926442307695 0.4407008557692308 0.3071813269230769 0.3939381971153846 0.2660233100961538 0.3881538149038462 0.25945124759615384 0.4349164735576923 0.30060926442307695 0.4407008557692308
3 0.29627906249999997 0.4670210216346154 0.3011114639423077 0.4326367115384615 0.25415109375 0.42603686298076926 0.24931869471153847 0.460421170673077 0.29627906249999997 0.4670210216346154
3 0.3207189903846154 0.3818154086538461 0.3242563076923077 0.35664609375 0.31079485096153847 0.35475421153846154 0.30725753365384617 0.3799235240384615 0.3207189903846154 0.3818154086538461
3 0.31538323557692305 0.41023831250000004 0.31957775721153847 0.3803927331730769 0.30673521875 0.3785878317307692 0.30254069471153844 0.4084334110576923 0.31538323557692305 0.41023831250000004
3 0.5675573846153846 0.25900123317307694 0.5767196129807692 0.19380858413461538 0.4963376971153846 0.18251164182692306 0.48717546875 0.24770429086538462 0.5675573846153846 0.25900123317307694
3 0.5634011514423076 0.2840835625 0.5709590240384615 0.23030650480769232 0.4815254375 0.2177374326923077 0.4739675649038461 0.2715144903846154 0.5634011514423076 0.2840835625
3 0.546384576923077 0.3260122475961538 0.5550635649038461 0.26425803125 0.47909143750000005 0.25358084615384613 0.4704124471153846 0.3153350625 0.546384576923077 0.3260122475961538
3 0.539926545673077 0.3483867668269231 0.5473104519230769 0.2958475456730769 0.47396872355769226 0.2855400360576923 0.46658481730769236 0.33807925961538465 0.539926545673077 0.3483867668269231
3 0.5304724735576923 0.3926405793269231 0.5383589495192308 0.3365253894230769 0.4637020216346154 0.32603304326923077 0.4558155456730769 0.3821482307692308 0.5304724735576923 0.3926405793269231
3 0.5267805216346153 0.41891018990384615 0.5325600721153847 0.37778655769230773 0.4527197091346154 0.36656572596153847 0.4469401586538462 0.4076893581730769 0.5267805216346153 0.41891018990384615
3 0.5194916899038462 0.45168698557692305 0.5259284447115384 0.40588708653846156 0.4474806466346154 0.39486196634615384 0.44104388942307693 0.4406618653846154 0.5194916899038462 0.45168698557692305
3 0.5225519230769231 0.5045720048076923 0.5310569471153846 0.44405562259615383 0.44038552644230766 0.43131258653846155 0.43188050480769236 0.49182896875000004 0.5225519230769231 0.5045720048076923
3 0.5212784855769231 0.5417005528846154 0.5291456322115384 0.4857228990384615 0.4294225432692308 0.4717077331730769 0.4215553966346154 0.5276853870192307 0.5212784855769231 0.5417005528846154
3 0.4330278942307692 0.567867545673077 0.44460632451923077 0.48548274278846154 0.34998930528846156 0.4721851875 0.338410875 0.5545699903846154 0.4330278942307692 0.567867545673077
3 0.5104914134615385 0.6044207836538461 0.5203108485576923 0.5345518701923078 0.4257711923076923 0.5212651875 0.4159517572115385 0.5911341009615385 0.5104914134615385 0.6044207836538461
3 0.5117826514423076 0.5486409783653846 0.5060031033653846 0.5897646081730769 0.5542786706730769 0.5965492980769231 0.5600582211538462 0.5554256658653846 0.5117826514423076 0.5486409783653846
3 0.5600582211538462 0.5554256658653846 0.5663403389423076 0.5107260649038461 0.5155117355769231 0.5035825721153846 0.5092296177884615 0.5482821730769231 0.5600582211538462 0.5554256658653846
3 0.5206534086538461 0.4669976682692308 0.5135787764423078 0.5173362956730769 0.5637110985576923 0.5243819326923077 0.5707857307692308 0.4740433052884615 0.5206534086538461 0.4669976682692308
3 0.5807860769230769 0.4870898293269231 0.5889818269230769 0.4287740456730769 0.5214424495192308 0.4192820048076923 0.5132467019230769 0.47759778846153844 0.5807860769230769 0.4870898293269231
3 0.526121 0.39553536298076925 0.5180992163461539 0.45261331490384615 0.581074076923077 0.46146385576923077 0.5890958605769231 0.40438590384615386 0.526121 0.39553536298076925
3 0.5928690216346154 0.42469197596153846 0.6018766129807692 0.36059962740384616 0.5310879182692307 0.35065092548076926 0.5220803269230769 0.4147432740384615 0.5928690216346154 0.42469197596153846
3 0.5357475096153845 0.33152999759615387 0.5309344399038461 0.36577676923076924 0.5868691129807693 0.373637875 0.5916821826923078 0.33939110336538464 0.5357475096153845 0.33152999759615387
3 0.5960158557692308 0.35514757451923074 0.6027618846153846 0.3071470793269231 0.5384718269230769 0.2981117019230769 0.531725795673077 0.3461121971153846 0.5960158557692308 0.35514757451923074