1 0.9008598677884615 0.38857155048076925 0.8853971826923076 0.16744485336538462 0.6381104086538462 0.1847368293269231 0.6535730937500001 0.40586352644230766 0.9008598677884615 0.38857155048076925
1 0.5638919302884615 0.22877131490384617 0.5771359735576923 0.41816993269230773 0.7948075649038462 0.4029488509615385 0.7815635240384615 0.21355023317307692 0.5638919302884615 0.22877131490384617
1 0.5701724447115384 0.18531067067307694 0.5755882596153846 0.2627604375 0.6463529591346154 0.25781208653846155 0.6409371442307693 0.1803623221153846 0.5701724447115384 0.18531067067307694
1 0.5819675 0.3427881658653846 0.5771426778846154 0.2737899831730769 0.5281996923076924 0.2772124110576923 0.533024514423077 0.34621059134615384 0.5819675 0.3427881658653846
1 0.5611840120192307 0.38044077884615385 0.5571245721153846 0.32238809375 0.47934575 0.32782691826923077 0.4834051899038462 0.3858796033653846 0.5611840120192307 0.38044077884615385
1 0.5517440961538461 0.17824562740384617 0.5469095841346154 0.1091088966346154 0.48082096634615384 0.11373026201923077 0.48565547836538464 0.18286699278846155 0.5517440961538461 0.17824562740384617
1 0.7848813557692308 0.5286697403846154 0.7765687091346154 0.40979335817307694 0.5744061201923076 0.4239299447115385 0.5827187668269231 0.5428063245192308 0.7848813557692308 0.5286697403846154
1 0.7424120697115384 0.6705890697115385 0.7351651490384616 0.5669532475961538 0.5695539278846155 0.5785339134615385 0.5768008509615384 0.6821697331730768 0.7424120697115384 0.6705890697115385
1 0.6704304759615384 0.7242130985576923 0.6626991322115384 0.6136497475961539 0.5685540264423077 0.620233016826923 0.5762853677884615 0.7307963653846153 0.6704304759615384 0.7242130985576923
1 0.7331725985576922 0.7837314134615384 0.7234066923076923 0.6440724447115385 0.6277808269230769 0.6507592572115384 0.637546733173077 0.7904182235576923 0.7331725985576922 0.7837314134615384
1 0.969610064903846 0.8352806057692308 0.9548255673076922 0.6238524495192308 0.7145529134615385 0.6406539495192308 0.7293374110576922 0.8520821057692308 0.969610064903846 0.8352806057692308
1 0.8973707307692307 0.8751390841346154 0.8856671442307692 0.7077700024038461 0.7184972307692308 0.7194596610576922 0.7302008173076923 0.8868287427884615 0.8973707307692307 0.8751390841346154
1 1 0.8576596706730769 0.9091233389423077 0.8640143846153846 0.9166415360576923 0.9715296225961538 1 0.9657006322115385 1 0.8576596706730769
1 0.991556045673077 0.38306482451923074 0.9843672524038461 0.2802603076923077 0.9319951394230769 0.2839225216346154 0.9391839326923077 0.38672704086538456 0.991556045673077 0.38306482451923074
1 0.5726834254807692 0.5975285456730769 0.5675388846153846 0.5239581971153846 0.4937347331730769 0.5291190865384615 0.4988792716346154 0.6026894350961538 0.5726834254807692 0.5975285456730769
1 0.5362317884615385 0.6194301899038461 0.5319785817307692 0.5586064951923077 0.4905952596153846 0.561500298076923 0.49484846634615387 0.6223239927884615 0.5362317884615385 0.6194301899038461
1 0.59294615625 0.6476260144230769 0.5877434879807693 0.573224360576923 0.5243046490384615 0.5776604350961538 0.5295073173076923 0.6520620889423078 0.59294615625 0.6476260144230769
1 0.5212257307692307 0.5537892860576923 0.517921985576923 0.5065435432692308 0.4364802331730769 0.5122385072115384 0.4397839783653846 0.5594842475961539 0.5212257307692307 0.5537892860576923
1 0.48652175 0 0.47659753846153846 0.0006939687499999999 0.48185834134615385 0.07592692307692307 0.5823161586538462 0.06890222836538461 0.5774980432692307 0 0.48652175 0
1 0.5691471875 0.09001115865384615 0.5651846322115385 0.033343978365384615 0.46612963942307695 0.04027057692307692 0.4700921947115385 0.09693775721153847 0.5691471875 0.09001115865384615
1 0.5018700288461538 0.12019436538461538 0.4977621466346154 0.06144892788461539 0.4531835048076923 0.06456616826923077 0.4572913846153846 0.12331160817307693 0.5018700288461538 0.12019436538461538
1 0.5001308149038461 0.15916060817307692 0.49555788942307694 0.09376474278846153 0.4378082836538461 0.09780298798076922 0.4423812091346154 0.1631988533653846 0.5001308149038461 0.15916060817307692
1 0.4409377860576923 0.04063988221153846 0.4428463990384615 0.06793434375 0.4514971514423077 0.06732942307692308 0.4495885360576923 0.04003496394230769 0.4409377860576923 0.04063988221153846
1 0.444969875 0.017663759615384616 0.44720789423076923 0.0496689423076923 0.4618596153846154 0.04864439423076923 0.4596215961538462 0.016639211538461537 0.444969875 0.017663759615384616
1 0.45186275000000004 0.0031197307692307696 0.4533547620192308 0.024456516826923076 0.4676168125 0.023459218750000004 0.4661247980769231 0.0021224302884615383 0.45186275000000004 0.0031197307692307696
1 0.5742870985576923 0 0.5782295024038462 0.056379012019230776 0.668477875 0.050068233173076925 0.664976764423077 0 0.5742870985576923 0
1 0.3378117932692308 0.32421881730769225 0.3301676442307692 0.21490242307692306 0.18084477644230768 0.22534409615384615 0.18848892307692308 0.33466049038461537 0.3378117932692308 0.32421881730769225
1 0.06789774759615384 0.2083203028846154 0.07273225961538463 0.27745703125 0.20257145432692306 0.2683777908653846 0.19773694471153844 0.19924106009615386 0.06789774759615384 0.2083203028846154
1 0 0.2088913317307692 0.1049378125 0.20155336538461538 0.09903757932692307 0.11717607451923076 0 0.12410145673076924 0 0.2088913317307692
1 0 0.4894612019230769 0.006673543269230768 0.584897298076923 0.06738466826923077 0.5806519639423077 0.060612475961538466 0.4838051201923077 0 0.48804355528846155 0 0.4894612019230769
1 0.18667802884615387 0.61115478125 0.17972175721153846 0.5116754759615385 0.057676031249999996 0.5202097451923077 0.06463230288461538 0.6196890504807692 0.18667802884615387 0.61115478125
1 0.32369334134615385 0.6363807475961539 0.31653361298076926 0.5339918822115385 0.16954878605769233 0.5442700625 0.17670851201923077 0.6466589278846153 0.32369334134615385 0.6363807475961539
1 0.16049101201923077 0.03170888221153846 0.16403696634615386 0.08241838942307693 0.2579482692307692 0.07585147115384615 0.2544023149038461 0.02514196394230769 0.16049101201923077 0.03170888221153846
3 0.8520177764423077 0.05296664182692308 0.8592162572115385 0.15590970913461538 0.9282663942307692 0.15108125240384615 0.9210679134615384 0.04813818509615385 0.8520177764423077 0.05296664182692308
3 0.9219273221153846 0.19482444471153848 0.9161239711538461 0.11183265865384615 0.8657781610576923 0.11535318028846153 0.8715815120192307 0.19834496634615384 0.9219273221153846 0.19482444471153848
3 0.878763045673077 0.16776952884615384 0.8841013557692308 0.2441108894230769 0.9270433701923076 0.24110809134615385 0.9217050625 0.16476673076923076 0.878763045673077 0.16776952884615384
3 0.9716232956730769 0.2346492860576923 0.9650158076923077 0.14015780048076923 0.9173977115384615 0.14348758173076923 0.9240051995192308 0.2379790673076923 0.9716232956730769 0.2346492860576923
3 0.9232113221153846 0.1997468701923077 0.9297025480769231 0.2925757451923077 0.97357978125 0.28950755048076926 0.9670885528846154 0.19667867307692305 0.9232113221153846 0.1997468701923077