1 1 0.3053371201923077 0.8734146730769231 0.2942623389423077 0.8642270072115384 0.3992778629807692 1 0.4111564615384615 1 0.3053371201923077
1 0.9177614495192308 0.9616392067307692 0.9327837115384615 0.7899339831730768 0.795884766826923 0.7779568774038462 0.7808625072115384 0.9496621009615385 0.9177614495192308 0.9616392067307692
1 0.9581403605769231 0.9796715240384616 0.9656575432692308 0.8937497307692308 0.9132794927884615 0.8891672451923077 0.9057623100961538 0.9750890384615385 0.9581403605769231 0.9796715240384616
1 0.7906153365384616 0.8103988461538462 0.798665139423077 0.7183891971153845 0.7009913605769231 0.7098438485576923 0.6929415600961538 0.8018534975961539 0.7906153365384616 0.8103988461538462
1 0.6433152644230768 0.6537703365384615 0.6351686249999999 0.7468868677884615 0.7056805312500001 0.7530558581730769 0.713827170673077 0.6599393269230769 0.6433152644230768 0.6537703365384615
1 0.6488207355769231 0.6948230528846153 0.6551637355769231 0.6223222187499999 0.5981938509615385 0.6173379975961539 0.5918508509615384 0.6898388341346154 0.6488207355769231 0.6948230528846153
1 0.5967549302884616 0.6194428197115385 0.6013790264423077 0.56658915625 0.5373268197115384 0.5609853149038462 0.5327027235576923 0.6138389759615385 0.5967549302884616 0.6194428197115385
1 0.5131327259615385 0.5542677644230769 0.5105180552884615 0.5841536057692308 0.5369794759615385 0.5864686778846153 0.5395941490384616 0.5565828389423078 0.5131327259615385 0.5542677644230769
1 0.5194334951923077 0.5709916634615385 0.5227502548076923 0.5330809182692308 0.4923974471153846 0.530425391826923 0.48908068750000006 0.5683361370192308 0.5194334951923077 0.5709916634615385
1 0.4815516971153846 0.5271063822115385 0.4795422716346154 0.5500742043269231 0.4912164302884615 0.5510955600961538 0.4932258533653846 0.5281277403846154 0.4815516971153846 0.5271063822115385
1 0.7071906298076923 0.3135985384615385 0.7143930841346153 0.23127411538461537 0.5898687475961538 0.22037964903846152 0.5826662932692307 0.3027040721153846 0.7071906298076923 0.3135985384615385
1 0.5679630576923077 0.23770303125 0.5621526754807692 0.3041160096153846 0.6669087740384616 0.3132809807692307 0.6727191562500001 0.24686800240384615 0.5679630576923077 0.23770303125
1 0.6279760480769231 0.3235379110576923 0.6326606682692308 0.2699924471153846 0.5414465913461538 0.2620122475961538 0.53676196875 0.3155577139423077 0.6279760480769231 0.3235379110576923
1 0.5277853701923078 0.2729465360576923 0.5237423125 0.31915890384615386 0.5961220817307692 0.32549131249999996 0.600165141826923 0.2792789471153846 0.5277853701923078 0.2729465360576923
1 0.5724314831730769 0.33722117548076924 0.5757966634615385 0.2987569903846154 0.5119779399038461 0.29317357451923076 0.5086127596153847 0.3316377620192308 0.5724314831730769 0.33722117548076924
1 0.8337720360576923 0.23195906249999998 0.8452233317307692 0.10107014663461539 0.67563675 0.08623324278846155 0.6641854543269231 0.21712215865384615 0.8337720360576923 0.23195906249999998
1 0.8014090432692308 0.03087325 0.7898972211538461 0.16245396394230768 0.9686674735576923 0.1780943341346154 0.9801792932692308 0.04651362019230769 0.8014090432692308 0.03087325
1 0.17993806490384617 0 0.17850416826923077 0.01638950721153846 0.28411637259615385 0.025629377403846153 0.28635865144230765 0 0.17993806490384617 0
1 0.26043075721153847 0.019374574519230768 0.25451143028846157 0.08703279567307692 0.2894560721153846 0.09009005769230768 0.29537539903846155 0.022431834134615383 0.26043075721153847 0.019374574519230768
1 0.23716432692307693 0.07017898317307693 0.2318502451923077 0.13091918990384616 0.29940469951923077 0.13682943749999998 0.30471877884615384 0.07608923317307692 0.23716432692307693 0.07017898317307693
1 0.1566128125 0.5391095480769231 0.16536469951923077 0.43907499519230775 0.03726028846153846 0.4278673100961538 0.028508399038461536 0.5279018629807692 0.1566128125 0.5391095480769231
1 0.20908542548076922 0.4942064110576923 0.21392741346153846 0.43886226201923073 0.15999280769230767 0.4341435961538461 0.1551508221153846 0.4894877451923077 0.20908542548076922 0.4942064110576923
1 0.23392791826923076 0.48634164903846155 0.2374262548076923 0.44635550240384614 0.21003089903846156 0.44395871875 0.20653256490384614 0.4839448677884616 0.23392791826923076 0.48634164903846155
1 0.24382521634615387 0.4287908125 0.24115001923076923 0.4593684567307692 0.27375983173076923 0.4622214447115385 0.27643502884615384 0.43164380288461535 0.24382521634615387 0.4287908125