1 0.2636587644230769 0.4062882548076923 0.2656690408653846 0.3919843822115385 0.20300363942307692 0.38317733413461535 0.20099336298076922 0.39748120673076925 0.2636587644230769 0.4062882548076923
1 0.26079687259615386 0.4131792403846154 0.2631937427884615 0.396124625 0.1967632596153846 0.38678843028846155 0.19436638942307694 0.40384304567307694 0.26079687259615386 0.4131792403846154
1 0.25168171394230765 0.42377301201923073 0.25362756009615384 0.4099275985576923 0.1987502019230769 0.4022150889423077 0.19680435576923075 0.4160605024038461 0.25168171394230765 0.42377301201923073
1 0.24518381971153846 0.43183603846153845 0.24727141586538462 0.4169820192307692 0.19796431730769232 0.41005235817307695 0.19587672115384616 0.4249063774038462 0.24518381971153846 0.43183603846153845
1 0.24425655528846152 0.4451700865384615 0.24649878846153847 0.42921576923076926 0.19842952403846154 0.4224600745192308 0.1961872908653846 0.4384143918269231 0.24425655528846152 0.4451700865384615
1 0.24176874038461538 0.4538901971153846 0.24394654086538464 0.43839433413461537 0.1980434879807692 0.4319430793269231 0.1958656875 0.4474389423076923 0.24176874038461538 0.4538901971153846
1 0.23821098317307693 0.4657325216346154 0.24022125961538462 0.4514286490384615 0.1946276658653846 0.4450208870192308 0.1926173894230769 0.45932475961538466 0.23821098317307693 0.4657325216346154
1 0.23975901682692308 0.4749263293269231 0.24176929567307692 0.46062245673076924 0.19339057211538463 0.4538232716346154 0.19138029326923078 0.46812714423076923 0.23975901682692308 0.4749263293269231
1 0.23906370673076924 0.48660993028846156 0.24107398557692308 0.4723060576923077 0.1926952620192308 0.46550687259615386 0.1906849855769231 0.4798107451923077 0.23906370673076924 0.48660993028846156
1 0.234487 0.4944754495192308 0.2362782091346154 0.48173033173076923 0.19130353125 0.4754095528846154 0.1895123221153846 0.4881546706730769 0.234487 0.4944754495192308
1 0.23340509615384614 0.5089097956730769 0.23587928605769232 0.49130503124999997 0.19183298557692308 0.4851147283653846 0.18935879807692307 0.5027194927884615 0.23340509615384614 0.5089097956730769
1 0.23131675961538462 0.5147874663461539 0.23309508173076926 0.5021340432692308 0.18966769951923076 0.49603072115384617 0.18788937740384615 0.5086841466346154 0.23131675961538462 0.5147874663461539
1 0.231537125 0.5289373245192308 0.23402419951923076 0.5112408677884616 0.1878116875 0.5047461225961538 0.18532461298076924 0.5224425793269231 0.231537125 0.5289373245192308
1 0.2301452091346154 0.5365959158653847 0.23193641826923078 0.5238508004807693 0.18386715384615385 0.5170951057692308 0.18207594471153848 0.5298402211538462 0.2301452091346154 0.5365959158653847
1 0.2287534783653846 0.5464985961538461 0.2302225264423077 0.5360457668269231 0.18586676923076922 0.5298119735576923 0.18439771875 0.5402648028846154 0.2287534783653846 0.5464985961538461
1 0.22759425721153845 0.5614830937499999 0.22968185336538463 0.5466290721153846 0.18439771875 0.5402648028846154 0.18231012259615384 0.5551188221153847 0.22759425721153845 0.5614830937499999
1 0.2294497139423077 0.5460354326923077 0.2275167548076923 0.55978915625 0.2777522259615385 0.5668492908653846 0.2796851875 0.5530955673076924 0.2294497139423077 0.5460354326923077
1 0.22960342307692308 0.5337146995192308 0.22790242067307692 0.5458179735576923 0.2762811394230769 0.5526171586538461 0.2779821442307692 0.5405138846153846 0.22960342307692308 0.5337146995192308
1 0.23193623317307693 0.5216067139423077 0.22999038701923077 0.5354521274038462 0.27991640144230767 0.5424687716346154 0.28186224759615386 0.5286233581730769 0.23193623317307693 0.5216067139423077
1 0.23588113701923077 0.5137459038461538 0.23416724759615384 0.5259408701923077 0.2800702956730769 0.532392125 0.2817841875 0.52019715625 0.23588113701923077 0.5137459038461538
1 0.2351837908653846 0.5007445456730769 0.23309619471153847 0.5155985673076923 0.28054653846153843 0.5222672788461539 0.2826341346153846 0.5074132572115384 0.2351837908653846 0.5007445456730769
1 0.28209309134615385 0.5135083870192307 0.2842580048076923 0.49810421634615387 0.23990224999999998 0.4918704230769231 0.23773733413461537 0.5072745913461538 0.28209309134615385 0.5135083870192307
1 0.238676375 0.4803843269230769 0.23603466346153848 0.49918108173076925 0.28410392548076924 0.5059367764423077 0.2867456370192308 0.4871400216346154 0.238676375 0.4803843269230769
1 0.23999078846153846 0.47103179567307696 0.23805782692307692 0.4847855192307692 0.2858176298076923 0.49149772115384616 0.28775059134615383 0.4777439975961538 0.23999078846153846 0.47103179567307696
1 0.24254266346153847 0.4573650552884615 0.24060970432692308 0.47111877884615383 0.2889884254807692 0.4779179639423077 0.29092138461538464 0.46416424038461535 0.24254266346153847 0.4573650552884615
1 0.24470831971153845 0.45093723557692306 0.2432392716346154 0.46139006490384615 0.29038015625 0.46801528365384615 0.29184920673076925 0.45756245432692305 0.24470831971153845 0.45093723557692306
1 0.24564847115384614 0.4375114951923077 0.24347067067307693 0.45300735336538456 0.29092101442307694 0.45967606490384616 0.29309881490384615 0.44418020432692307 0.24564847115384614 0.4375114951923077
1 0.24549290865384615 0.42739135576923076 0.24317335817307692 0.44389582211538464 0.29062370192307696 0.45056453365384613 0.29294325240384617 0.4340600673076923 0.24549290865384615 0.42739135576923076
1 0.24812247596153847 0.4176626418269231 0.24564828605769232 0.43526740625 0.2934080889423077 0.4419796081730769 0.29588227884615387 0.42437484375 0.24812247596153847 0.4176626418269231
1 0.29433572596153845 0.4331337331730769 0.2972867091346154 0.4121363846153846 0.24859853125 0.40529370673076925 0.24564754567307692 0.4262910552884615 0.29433572596153845 0.4331337331730769
1 0.3580438125 0.42104924759615386 0.3602860456730769 0.4050949302884615 0.2957638918269231 0.3960269326923077 0.29352165865384616 0.41198124999999997 0.3580438125 0.42104924759615386
1 0.3574254519230769 0.42769452644230765 0.3594357283653846 0.41339065384615387 0.2976987043269231 0.4047140817307693 0.29568842548076923 0.41901795432692307 0.3574254519230769 0.42769452644230765
1 0.34700783894230774 0.43632870192307693 0.3483222524038462 0.4269761706730769 0.29932461298076923 0.42009 0.2980101995192308 0.4294425336538461 0.34700783894230774 0.43632870192307693
1 0.3429729134615384 0.4470754399038462 0.3442100096153846 0.43827305769230773 0.29583128846153844 0.4314738701923077 0.29459419471153847 0.4402762548076923 0.3429729134615384 0.4470754399038462
1 0.34096263701923074 0.4613793125 0.3429729134615384 0.4470754399038462 0.29180906490384617 0.4398848293269231 0.2897987860576923 0.4541887019230769 0.34096263701923074 0.4613793125
1 0.34150497596153845 0.4709927932692307 0.34343793509615383 0.4572390697115385 0.28948895673076924 0.44965703605769225 0.28755599759615386 0.4634107596153846 0.34150497596153845 0.4709927932692307
1 0.3383984278846154 0.4818700048076923 0.34088550240384613 0.46417354807692307 0.2887932764423077 0.45685246153846154 0.28630620192307693 0.4745489182692308 0.3383984278846154 0.4818700048076923
1 0.3368516899038462 0.48838481009615387 0.33878464903846156 0.47463108653846153 0.28978701201923074 0.46774491826923076 0.2878540528846154 0.4814986418269231 0.3368516899038462 0.48838481009615387
1 0.33515068509615387 0.5004880841346154 0.3368516899038462 0.48838481009615387 0.28197433413461537 0.48067230048076925 0.28027333173076924 0.49277557692307694 0.33515068509615387 0.5004880841346154
1 0.33274037259615385 0.5109021322115385 0.3346089014423077 0.4976068677884615 0.2837545096153846 0.4904597475961538 0.2818859831730769 0.5037550144230769 0.33274037259615385 0.5109021322115385
1 0.3321223822115385 0.5220355841346154 0.3335141129807692 0.5121329038461538 0.2848259326923077 0.5052902259615385 0.2834342019230769 0.5151929086538461 0.3321223822115385 0.5220355841346154
1 0.3309627908653846 0.53253190625 0.33250915865384617 0.5215289278846154 0.28227368509615386 0.5144687932692308 0.2807273173076923 0.5254717716346154 0.3309627908653846 0.53253190625
1 0.32941642307692304 0.5435348846153846 0.3309627908653846 0.53253190625 0.2767043533653846 0.5249063798076923 0.27515798557692306 0.5359093581730769 0.32941642307692304 0.5435348846153846
1 0.3280118052884615 0.5535292572115385 0.32941642307692304 0.5435348846153846 0.27515798557692306 0.5359093581730769 0.27375336778846154 0.5459037307692308 0.3280118052884615 0.5535292572115385
1 0.3247636923076923 0.5676591634615384 0.32661933413461536 0.5544555889423077 0.27885953125 0.5477433870192308 0.27700388942307697 0.5609469615384616 0.3247636923076923 0.5676591634615384
1 0.4049408461538461 0.4413850721153846 0.4065516466346154 0.42992363461538463 0.34631033894230767 0.4214572716346154 0.34469953846153845 0.4329187067307692 0.4049408461538461 0.4413850721153846
1 0.40133141826923074 0.45209810576923076 0.4028777860576923 0.44109512740384615 0.34469953846153845 0.4329187067307692 0.34315317067307693 0.4439216850961539 0.40133141826923074 0.45209810576923076
1 0.40061039663461534 0.4647131201923077 0.4025562427884615 0.4508677043269231 0.3461831730769231 0.4429449855769231 0.34423732692307696 0.4567904014423077 0.40061039663461534 0.4647131201923077
1 0.3989989807692308 0.4686942644230769 0.40067421394230773 0.45677437259615383 0.33965925721153845 0.44819927884615385 0.33798402644230774 0.46011917307692307 0.3989989807692308 0.4686942644230769
1 0.39655056490384616 0.48611564903846155 0.3989989807692308 0.4686942644230769 0.34417320192307693 0.4609890048076923 0.3417247860576923 0.4784103870192308 0.39655056490384616 0.48611564903846155
1 0.39402390625000006 0.49286674278846154 0.3953254326923077 0.4836059038461539 0.3402417692307692 0.4758643990384615 0.3389402451923077 0.48512524038461535 0.39402390625000006 0.49286674278846154
1 0.39660365384615387 0.5044496081730769 0.3985495 0.49060419471153843 0.3390818413461538 0.4822465600961538 0.3371359951923077 0.4960919735576923 0.39660365384615387 0.5044496081730769
1 0.39325195673076924 0.5133288149038462 0.3945405961538461 0.5041596658653846 0.33662022836538463 0.4960194879807692 0.3353315889423077 0.5051886370192308 0.39325195673076924 0.5133288149038462
1 0.39091951923076923 0.5299249735576923 0.39325195673076924 0.5133288149038462 0.33275276682692306 0.5048262067307692 0.3304203293269231 0.5214223677884615 0.39091951923076923 0.5299249735576923
1 0.38943727403846157 0.5367293485576923 0.39040375240384617 0.5298524879807692 0.3304203293269231 0.5214223677884615 0.3294538485576923 0.5282992283653847 0.38943727403846157 0.5367293485576923
1 0.3879553389423077 0.5472738701923077 0.38943727403846157 0.5367293485576923 0.3291959663461539 0.5282629855769231 0.32771402884615386 0.5388075048076924 0.3879553389423077 0.5472738701923077
1 0.38582877163461543 0.5586628197115384 0.3873751394230769 0.5476598413461539 0.32893900961538464 0.5394471778846154 0.32739264182692307 0.55045015625 0.38582877163461543 0.5586628197115384
1 0.38465642067307687 0.5707468918269231 0.38673112980769225 0.5559845625000001 0.32545829326923076 0.5473732259615385 0.3233835841346154 0.5621355552884615 0.38465642067307687 0.5707468918269231
1 0.2012791778846154 0.4235150841346154 0.20374048076923076 0.4060020120192308 0.1628403485576923 0.4002538725961538 0.1603790456730769 0.41776694711538465 0.2012791778846154 0.4235150841346154
1 0.19836568028846152 0.4300248076923077 0.19962854807692307 0.42103904086538463 0.16012097596153846 0.4154866153846154 0.1588581105769231 0.4244723798076923 0.19836568028846152 0.4300248076923077
1 0.19696137259615384 0.4437593245192308 0.19906185576923077 0.4288136129807692 0.16172049519230772 0.4235656274038462 0.1596200120192308 0.4385113389423077 0.19696137259615384 0.4437593245192308
1 0.19587891346153846 0.45146141105769233 0.19750260096153843 0.43990828365384615 0.15835606490384618 0.4344065985576923 0.1567323798076923 0.4459597235576923 0.19587891346153846 0.45146141105769233
1 0.19366236057692307 0.46611030288461536 0.19604634615384614 0.44914737740384614 0.15885971634615387 0.44392113701923075 0.15647573076923077 0.46088406249999997 0.19366236057692307 0.46611030288461536
1 0.19228317548076923 0.47180712980769235 0.1939970673076923 0.45961216586538456 0.15526314423076923 0.4541684663461538 0.1535492548076923 0.46636343269230773 0.19228317548076923 0.47180712980769235
1 0.1906339326923077 0.4861617427884615 0.1929148269230769 0.46993235096153846 0.15253045673076923 0.46425669951923076 0.15024956490384617 0.48048609134615383 0.1906339326923077 0.4861617427884615
1 0.19240088461538463 0.4919267235576923 0.1940116826923077 0.4804652860576923 0.1514611033653846 0.4744851923076923 0.1498503028846154 0.4859466298076923 0.19240088461538463 0.4919267235576923
1 0.1906483341346154 0.5043967644230769 0.1924910889423077 0.4912848822115385 0.15355085817307693 0.48581218990384617 0.15170810336538462 0.4989240721153846 0.1906483341346154 0.5043967644230769
1 0.18871493990384616 0.5129142836538462 0.18992626201923077 0.5042952836538461 0.14990292788461537 0.4986703701923077 0.14869160576923077 0.5072893725961538 0.18871493990384616 0.5129142836538462
1 0.18756817548076923 0.5225708870192307 0.18901145192307695 0.5123014399038461 0.14769870432692309 0.5064953125 0.14625542788461537 0.5167647596153846 0.18756817548076923 0.5225708870192307
1 0.1855963389423077 0.533981579326923 0.18720713942307693 0.5225201466346154 0.14573966346153847 0.5166922716346154 0.14412886298076924 0.5281537067307692 0.1855963389423077 0.533981579326923
1 0.18415309375 0.5446250432692308 0.18653707692307692 0.5276621177884615 0.1475968485576923 0.5221894254807693 0.1452128653846154 0.5391523509615385 0.18415309375 0.5446250432692308
1 0.18718377403846154 0.5518766610576923 0.18848530048076922 0.5426158221153846 0.14505792067307693 0.5365125024038462 0.14375639423076925 0.5457733413461539 0.18718377403846154 0.5518766610576923
1 0.14290589182692306 0.5518249807692308 0.1449677139423077 0.53715434375 0.10061195913461538 0.530920548076923 0.09855013461538462 0.5455911875 0.14290589182692306 0.5518249807692308
1 0.09914130288461538 0.5219246201923077 0.09662845673076922 0.5398044615384616 0.14201574278846155 0.5461832283653846 0.14452859134615384 0.528303389423077 0.09914130288461538 0.5219246201923077
1 0.14272384615384615 0.5332858918269231 0.1445279423076923 0.5204490817307692 0.10218366586538462 0.5144979807692308 0.10037956971153845 0.5273347908653846 0.14272384615384615 0.5332858918269231
1 0.10300765384615386 0.4996533774038462 0.10035305528846153 0.5185418245192308 0.14501827403846154 0.5248191105769231 0.14767287259615383 0.5059306634615385 0.10300765384615386 0.4996533774038462
1 0.14414061057692307 0.5142234783653846 0.14656325240384616 0.4969854783653846 0.10452843509615385 0.4910778701923077 0.10210579086538461 0.5083158701923077 0.14414061057692307 0.5142234783653846
1 0.1049400576923077 0.47916739182692303 0.10229834615384616 0.49796414903846153 0.14665410576923077 0.5041979447115384 0.1492958173076923 0.4854011875 0.1049400576923077 0.47916739182692303
1 0.14612437259615385 0.49112664182692306 0.14823774278846155 0.47608923798076924 0.10960697115384616 0.47066003605769235 0.10749360336538462 0.4856974399038462 0.14612437259615385 0.49112664182692306
1 0.10734972115384614 0.46089904086538463 0.1051976923076923 0.47621151923076926 0.14609782932692308 0.48195965865384616 0.14824985817307693 0.4666471802884615 0.10734972115384614 0.46089904086538463
1 0.14877875480769231 0.4696200913461538 0.15038955528846154 0.45815865384615384 0.1074779375 0.4521278197115385 0.10586713701923077 0.46358925721153843 0.14877875480769231 0.4696200913461538
1 0.11017162980769231 0.4382005024038461 0.10762012259615385 0.45635541826923076 0.1512538076923077 0.4624877331730769 0.15380531490384614 0.4443328173076923 0.11017162980769231 0.4382005024038461
1 0.1536641826923077 0.4528217163461538 0.1556486875 0.43870122596153843 0.11330441346153847 0.43275012500000004 0.11131990625 0.4468706153846154 0.1536641826923077 0.4528217163461538
1 0.11554686057692308 0.4194139110576923 0.11298246634615385 0.4376605168269231 0.1558940841346154 0.44369135096153844 0.15845847836538463 0.4254447451923077 0.11554686057692308 0.4194139110576923
1 0.15758229567307694 0.43280180769230764 0.15977298317307692 0.4172142548076923 0.11650033173076922 0.4111326826923077 0.11430964423076924 0.4267202331730769 0.15758229567307694 0.43280180769230764
1 0.11776257932692308 0.39466662500000005 0.11485025480769231 0.41538890144230767 0.16204271634615383 0.4220213701923077 0.16495504326923077 0.40129909375 0.11776257932692308 0.39466662500000005
1 0.11804821153846154 0.4184564158653846 0.12056105769230768 0.4005765745192308 0.07460643028846153 0.3941180721153846 0.07209358413461539 0.41199791346153847 0.11804821153846154 0.4184564158653846
1 0.1103385048076923 0.4291542091346154 0.11258073798076923 0.41319989182692307 0.07183533173076923 0.4074734975961538 0.0695930985576923 0.4234278149038462 0.1103385048076923 0.4291542091346154
1 0.11149966826923077 0.43773262980769234 0.11325221875000001 0.4252625865384615 0.07322888221153846 0.41963767548076925 0.07147633173076923 0.43210771634615386 0.11149966826923077 0.43773262980769234
1 0.10712944951923077 0.4478712283653846 0.10892065865384616 0.4351261129807692 0.0707025 0.4297549014423077 0.06891129086538461 0.4425000168269231 0.10712944951923077 0.4478712283653846
1 0.10727206490384616 0.45733502884615385 0.10933388942307692 0.44266439423076925 0.0696715889423077 0.43709022115384616 0.06760976442307692 0.45176085576923075 0.10727206490384616 0.45733502884615385
1 0.10581581009615385 0.46657412499999995 0.10734929086538461 0.4556628365384615 0.06784172115384615 0.45011041105769234 0.06630823798076922 0.4610216971153846 0.10581581009615385 0.46657412499999995
1 0.10444994471153847 0.4774154663461539 0.10602208413461539 0.4662291057692308 0.06708185576923077 0.46075641346153845 0.06550971634615385 0.4719427740384615 0.10444994471153847 0.4774154663461539
1 0.10362555288461538 0.48739788221153846 0.10528789903846153 0.47556967788461535 0.0643361875 0.4698142908653846 0.06267384375 0.48164249278846155 0.10362555288461538 0.48739788221153846
1 0.10210495913461538 0.4982174759615384 0.10425698557692308 0.482905 0.0661935576923077 0.4775555336538462 0.06404152884615386 0.49286800961538463 0.10210495913461538 0.4982174759615384
1 0.10098384134615385 0.5061946346153846 0.10254309615384614 0.4950999663461539 0.06319025721153847 0.4895692860576923 0.061631002403846155 0.5006639543269231 0.10098384134615385 0.5061946346153846
1 0.10017243269230769 0.5172074038461538 0.10214405048076923 0.5031786081730769 0.06098603365384615 0.4973942259615385 0.05901441586538462 0.5114230216346154 0.10017243269230769 0.5172074038461538
1 0.09919328124999999 0.5267940576923077 0.10080407932692308 0.5153326225961539 0.05949133413461538 0.5095264951923076 0.057880533653846156 0.5209879302884615 0.09919328124999999 0.5267940576923077
1 0.09796925721153847 0.5377488389423077 0.09986355769230769 0.5242701875 0.06040756490384615 0.5187250096153846 0.05851326442307692 0.5322036610576923 0.09796925721153847 0.5377488389423077
1 0.09771217788461538 0.5474369735576923 0.09923277403846154 0.5366173750000001 0.057404264423076924 0.5307387620192308 0.055883668269230774 0.5415583605769231 0.09771217788461538 0.5474369735576923
1 0.02869253125 0.4124434735576923 0.030496627403846156 0.39960666346153845 0.010381807692307692 0.39677971153846153 0.00857771153846154 0.40961651923076925 0.02869253125 0.4124434735576923
1 0.029467012019230767 0.42265059615384615 0.030858742788461537 0.4127479134615385 0.00857771153846154 0.40961651923076925 0.007185980769230769 0.4195191995192307 0.029467012019230767 0.42265059615384615
1 0.028255689903846155 0.43126959615384614 0.029467012019230767 0.42265059615384615 0.007701745192307693 0.4195916875 0.006490423076923078 0.4282106875 0.028255689903846155 0.43126959615384614
1 0.029197786057692306 0.4414067716346154 0.030576632211538463 0.43159578365384615 0.006490423076923078 0.4282106875 0.005111579326923077 0.4380216754807692 0.029197786057692306 0.4414067716346154
1 0.027715850961538464 0.4519512932692308 0.029197786057692306 0.4414067716346154 0.006039956730769231 0.43815214903846156 0.004558019230769231 0.44869667307692307 0.027715850961538464 0.4519512932692308
1 0.025485947115384617 0.46108165624999997 0.026787473557692308 0.4518208173076923 0.00471275 0.4487184182692308 0.0034112235576923074 0.4579792572115385 0.025485947115384617 0.46108165624999997
1 0.024094216346153847 0.4709843389423077 0.025485947115384617 0.46108165624999997 0.002534423076923077 0.45785603125 0.0011426899038461539 0.46775871153846155 0.024094216346153847 0.4709843389423077
1 0 0.4763873557692308 0.022728165865384616 0.47958159375 0.02393948798076923 0.4709625913461538 0.0011426899038461539 0.46775871153846155 0 0.47588938461538466 0 0.4763873557692308
1 0.02146530048076923 0.48856735817307695 0.022728165865384616 0.47958159375 0.0024586177884615384 0.47673289423076926 0.00119575 0.48571865865384617 0.02146530048076923 0.48856735817307695
1 0.07484039423076923 0.4167785745192308 0.07700531009615384 0.40137440384615386 0.030483338942307696 0.3948361682692308 0.028318423076923078 0.41024033653846154 0.07484039423076923 0.4167785745192308
1 0.0695801514423077 0.42277147836538465 0.07089456250000001 0.41341894471153845 0.029014473557692308 0.40753308413461536 0.027700062499999997 0.4168856153846154 0.0695801514423077 0.42277147836538465
1 0.06933605048076923 0.4334899663461539 0.07112725961538462 0.4207448485576923 0.029556629807692306 0.41490247836538463 0.02776542067307692 0.4276475961538461 0.06933605048076923 0.4334899663461539
1 0.06995570913461538 0.44255329807692306 0.07119280288461538 0.4337509158653846 0.02776542067307692 0.4276475961538461 0.02652832451923077 0.43644997836538457 0.06995570913461538 0.44255329807692306
1 0.06786811057692307 0.4574073197115384 0.06995570913461538 0.44255329807692306 0.02683778365384615 0.4364934711538462 0.0247501875 0.4513474903846154 0.06786811057692307 0.4574073197115384
1 0.06585709375 0.46273484374999996 0.06724882451923077 0.4528321610576923 0.026297110576923077 0.4470767740384615 0.024905379807692307 0.4569794543269231 0.06585709375 0.46273484374999996
1 0.06414320192307693 0.4749298100961538 0.06585709375 0.46273484374999996 0.025214838942307694 0.4570229471153846 0.023500947115384616 0.46921791346153846 0.06414320192307693 0.4749298100961538
1 0.06615533173076923 0.4830668100961538 0.06723778846153847 0.47536472596153845 0.023500947115384616 0.46921791346153846 0.022418490384615384 0.47691999759615383 0.06615533173076923 0.4830668100961538
1 0.065072875 0.4907688966346154 0.06615533173076923 0.4830668100961538 0.020871197115384616 0.4767025408653846 0.019788740384615384 0.48440462500000003 0.065072875 0.4907688966346154
1 0.06027728365384615 0.5024372548076923 0.0619782860576923 0.4903339807692308 0.019788740384615384 0.48440462500000003 0.01808773557692308 0.4965079014423077 0.06027728365384615 0.5024372548076923
1 0.05871802884615385 0.5135319254807692 0.06027728365384615 0.5024372548076923 0.020872862980769232 0.4968993269230769 0.019313610576923077 0.5079939975961538 0.05871802884615385 0.5135319254807692
1 0.05817735576923077 0.5241152307692307 0.0597237235576923 0.5131122524038462 0.019390927884615383 0.5074438485576923 0.017844560096153848 0.5184468269230769 0.05817735576923077 0.5241152307692307
1 0.056940262019230775 0.5329176129807692 0.05817735576923077 0.5241152307692307 0.018463478365384613 0.5185338100961538 0.017226384615384616 0.5273361923076924 0.056940262019230775 0.5329176129807692
1 0.055458509615384614 0.5457062211538461 0.05724971875 0.5329611057692307 0.017226384615384616 0.5273361923076924 0.015435173076923077 0.5400813100961538 0.055458509615384614 0.5457062211538461
1 0 0.5379120360576923 0.01791084375 0.5404292427884616 0.019238144230769232 0.5309850192307692 0 0.5282812740384615 0 0.5379120360576923
1 0 0.5282812740384615 0.01335842548076923 0.5301586802884615 0.01467283894230769 0.5208061466346154 0 0.5187440144230769 0 0.5282812740384615
1 0 0.5187440144230769 0.01467283894230769 0.5208061466346154 0.015909932692307692 0.5120037644230769 0 0.5097677692307692 0 0.5187440144230769
1 0 0.5097677692307692 0.019623439903846154 0.5125256634615385 0.021801240384615388 0.4970298004807692 0.0010159278846153847 0.49410861538461537 0 0.5013373221153846 0 0.5097677692307692
1 0 0.4939658341346154 0.021801240384615388 0.4970298004807692 0.023347608173076923 0.4860268221153846 0.0010150024038461539 0.48288818028846153 0 0.49011029567307696 0 0.4939658341346154
2 0.5287971971153846 0.4039994495192308 0.5084366874999999 0.548872 0.5684716899038461 0.5573093701923078 0.5888321971153846 0.41243681971153845 0.5287971971153846 0.4039994495192308
2 0.5176710336538461 0.5763505192307693 0.5395005937499999 0.4210251370192308 0.4955574471153846 0.41484933173076927 0.47372788942307686 0.5701747139423077 0.5176710336538461 0.5763505192307693
2 0.8017135504807692 0.5926139447115385 0.8192519399038461 0.4678218317307692 0.7758245600961539 0.46171850961538463 0.7582861706730769 0.586510625 0.8017135504807692 0.5926139447115385
2 0.7584008533653847 0.5699767908653846 0.7704496346153846 0.48424524999999996 0.7302715721153846 0.47859859134615385 0.7182227884615385 0.5643301322115385 0.7584008533653847 0.5699767908653846
2 0.7329338557692308 0.5528397668269232 0.7411038317307692 0.49470736538461535 0.7169660480769231 0.4913150216346154 0.7087960721153846 0.5494474230769231 0.7329338557692308 0.5528397668269232
2 0.7101497908653845 0.5476741225961539 0.718989860576923 0.4847737620192308 0.7012991346153845 0.48228749278846156 0.6924590649038461 0.5451878533653847 0.7101497908653845 0.5476741225961539
2 0.6880493557692307 0.5455031346153846 0.6956781033653846 0.4912217740384615 0.6753053990384615 0.48835857692307694 0.6676766514423077 0.5426399375 0.6880493557692307 0.5455031346153846
2 0.5620819326923077 0.46954747836538463 0.5517728149038461 0.5429006682692308 0.5967990649038462 0.5492286947115385 0.6071081850961538 0.4758755048076923 0.5620819326923077 0.46954747836538463
2 0.4869097355769231 0.6212096418269231 0.5160716538461538 0.4137118052884615 0.4704780625 0.4073040456730769 0.4413161442307692 0.6148018798076923 0.4869097355769231 0.6212096418269231