1 0.8157814014423077 0.5464719903846154 0.8213545889423077 0.5726917788461539 0.8448912668269231 0.5676889038461538 0.8393180769230769 0.5414691153846154 0.8157814014423077 0.5464719903846154
1 0.8852067379807692 0.5747386802884615 0.8788250024038462 0.5447149831730769 0.83656596875 0.5536974182692307 0.8429477043269231 0.5837211153846154 0.8852067379807692 0.5747386802884615
1 0.8060151634615385 0.45355538942307694 0.8126856634615385 0.484937625 0.8373686057692308 0.4796911033653846 0.8306981057692308 0.4483088677884615 0.8060151634615385 0.45355538942307694
1 0.82910021875 0.6072532932692307 0.8193687956730769 0.5614705504807692 0.7538787572115384 0.5753908894230769 0.7636101802884615 0.6211736298076923 0.82910021875 0.6072532932692307
1 0.7861065745192307 0.6293131201923077 0.769444764423077 0.5509254615384616 0.5918498389423077 0.5886744278846154 0.6085116514423077 0.6670620889423078 0.7861065745192307 0.6293131201923077
1 0.5462795144230769 0.5696783653846154 0.5576569038461539 0.6232047764423078 0.6028962307692308 0.6135888605769231 0.5915188413461538 0.5600624495192308 0.5462795144230769 0.5696783653846154
1 0.546811266826923 0.5736830985576923 0.5391589615384615 0.5376818317307692 0.5108079639423078 0.5437080240384615 0.5184602692307693 0.5797092884615385 0.546811266826923 0.5736830985576923
1 0.49629493269230773 0.5385573413461539 0.5031098149038461 0.5706188461538462 0.5177820288461539 0.5675001706730769 0.5109671466346154 0.5354386658653846 0.49629493269230773 0.5385573413461539
1 0.5031024326923077 0.5596870528846154 0.4962875480769231 0.527625545673077 0.48558905769230765 0.5298995817307692 0.4924039423076923 0.5619610865384616 0.5031024326923077 0.5596870528846154
1 0.4726670697115385 0.5217128701923077 0.4785001466346154 0.54915534375 0.4906505745192308 0.5465726899038461 0.48481749759615383 0.5191302163461539 0.4726670697115385 0.5217128701923077
1 0.963730375 0.5917000096153846 0.9558181802884615 0.5544760600961538 0.9153931730769231 0.5630686586538461 0.9233053701923077 0.6002926105769231 0.963730375 0.5917000096153846
1 1 0.5759579711538462 0.9966379399038462 0.56014071875 0.9565186033653846 0.5686683485576923 0.9633334879807692 0.6007298509615384 1 0.5929361442307692 1 0.5759579711538462
1 0.47016051201923076 0 0.4501363173076923 0.004256274038461539 0.46578744711538456 0.07788905288461538 0.5717024927884615 0.055376115384615385 0.5599319375 0 0.47016051201923076 0
1 0.5474093677884615 0.07786277163461539 0.53473253125 0.0182229375 0.4411971658653846 0.038104492788461536 0.4538740048076923 0.09774432692307691 0.5474093677884615 0.07786277163461539
1 0.6229332956730769 0.1445908533653846 0.6085816153846154 0.07707149999999999 0.5291835384615384 0.09394808173076924 0.5435352211538461 0.16146743509615383 0.6229332956730769 0.1445908533653846
1 0.5902523822115385 0.31624782692307696 0.5767669975961538 0.25280408653846154 0.4633630096153846 0.2769088485576923 0.47684839423076925 0.3403525889423077 0.5902523822115385 0.31624782692307696
1 0.14331892548076922 0.06947232451923077 0.15149100961538461 0.10791896153846155 0.22867296875 0.09151342788461539 0.2205008846153846 0.053066790865384614 0.14331892548076922 0.06947232451923077
1 0 0.19251432451923078 0.015195091346153846 0.18928450721153847 0.011181240384615385 0.1704008221153846 0 0.17277746875 0 0.19251432451923078
1 0 0.3572247524038462 0.02492604567307692 0.3519265576923077 0.01591653846153846 0.30954016105769233 0 0.31292332692307695 0 0.3572247524038462
1 0.11597947115384614 0.629619295673077 0.09614123076923077 0.5362877115384616 0.01231092548076923 0.5541063942307692 0.03214916586538462 0.6474379759615385 0.11597947115384614 0.629619295673077
1 0.1618340360576923 0.5977218942307693 0.1433241201923077 0.5106395865384615 0.06560723798076923 0.5271588197115384 0.08411715384615384 0.6142411274038462 0.1618340360576923 0.5977218942307693
1 0.19283995432692308 0.5722464783653846 0.180336375 0.5134217692307692 0.1251627379807692 0.5251492860576923 0.13766631490384615 0.5839739975961539 0.19283995432692308 0.5722464783653846
1 0.21106260817307693 0.5602796057692307 0.20303490865384616 0.5225122403846154 0.17078660336538462 0.529366829326923 0.17881430528846154 0.5671341923076922 0.21106260817307693 0.5602796057692307
1 0.23807365625 0.552834326923077 0.23073899278846152 0.5183274543269231 0.20292292067307693 0.5242399423076923 0.21025758173076922 0.5587468149038461 0.23807365625 0.552834326923077
1 0.24852564182692308 0.5456429783653847 0.2411909783653846 0.5111361057692307 0.21780713701923077 0.5161064951923077 0.22514180048076923 0.5506133677884615 0.24852564182692308 0.5456429783653847
1 0.26068451923076924 0.5423485697115384 0.2531765985576923 0.5070265745192308 0.23728169951923078 0.510405139423077 0.24478962259615383 0.5457271346153847 0.26068451923076924 0.5423485697115384
1 0.2671807548076923 0.5229348028846154 0.2638310649038461 0.5071757548076923 0.25634212259615385 0.5087675793269231 0.2596918125 0.524526625 0.2671807548076923 0.5229348028846154