2 0.6330985432692308 0.6853291971153846 0.7145368822115384 0.2663652596153846 0.5294081298076923 0.23037987499999998 0.44796979086538463 0.6493438125 0.6330985432692308 0.6853291971153846
1 0.5015556346153847 0.5779795336538461 0.5126596586538461 0.5208542836538462 0.42385307451923077 0.5035920336538461 0.41274905048076926 0.56071728125 0.5015556346153847 0.5779795336538461
1 0.38084890625 0.36902518990384614 0.38482409375000004 0.348574625 0.3564489326923077 0.3430590528846154 0.3524737451923077 0.3635096177884615 0.38084890625 0.36902518990384614
1 0.40036469230769234 0.4598340600961538 0.4068309975961538 0.4265678052884615 0.35843984375 0.41716151682692304 0.3519735384615385 0.45042777163461534 0.40036469230769234 0.4598340600961538
1 0.35451601923076925 0.44144225480769234 0.3491892668269231 0.46884601442307694 0.39198207692307696 0.47716409374999996 0.3973088293269231 0.44976033653846154 0.35451601923076925 0.44144225480769234
1 0.3992666610576923 0.49414379807692305 0.40520293990384615 0.4636042860576923 0.34960296394230767 0.4527967451923077 0.3436666826923077 0.48333625721153844 0.3992666610576923 0.49414379807692305
1 0.38578490144230765 0.25396413942307694 0.3908201394230769 0.2280600889423077 0.3387478846153846 0.21793826682692308 0.33371264903846154 0.24384231730769232 0.38578490144230765 0.25396413942307694
1 0.34469285096153846 0.20536947115384616 0.3412476875 0.22309329567307692 0.38810504807692303 0.23220144471153845 0.39155021153846153 0.2144776201923077 0.34469285096153846 0.20536947115384616
1 0.3888041634615385 0.22328207932692307 0.3932298701923077 0.20051378365384617 0.34706271875000005 0.19153979807692306 0.34263700961538457 0.21430809615384616 0.3888041634615385 0.22328207932692307
1 0.34096060817307694 0.17379952163461537 0.3364288942307692 0.1971131658653846 0.39156873557692307 0.20783126682692307 0.39610044951923074 0.18451762019230772 0.34096060817307694 0.17379952163461537
1 0.3967993389423077 0.20262250240384613 0.40228509855769234 0.17440072115384617 0.3502895336538462 0.1642938076923077 0.3448037740384615 0.1925155889423077 0.3967993389423077 0.20262250240384613
1 0.35446664903846153 0.14812714182692308 0.34924590384615384 0.17498555288461537 0.40354215625 0.18553967548076924 0.4087629014423077 0.1586812644230769 0.35446664903846153 0.14812714182692308
1 0.7128499519230769 0.28527978125 0.7263125865384615 0.21602052884615386 0.621094423076923 0.19556818990384617 0.6076317884615384 0.2648274423076923 0.7128499519230769 0.28527978125
1 0.7288253413461538 0.23773222596153848 0.7644400024038462 0.24465501442307694 0.7752260120192307 0.18916581009615385 0.7285466778846155 0.23599108173076924 0.7248681562500001 0.23696302644230768 0.7050822331730769 0.23311703365384615 0.7158682427884616 0.17762782932692306 0.685986516826923 0.22940520192307692 0.6024715168269231 0.21317152884615384 0.5905724567307693 0.2743868918269231 0.6740874567307693 0.2906205625 0.6755748389423076 0.2829686418269231 0.6779774014423077 0.28671845673076923 0.7246567331730769 0.23989318509615384 0.7288253413461538 0.23773222596153848
1 0.6425015817307693 0.11327988942307693 0.6502134447115384 0.07360579326923077 0.6008253269230769 0.0640057139423077 0.5931134639423077 0.10367981250000001 0.6425015817307693 0.11327988942307693
1 0.6702782259615384 0.10099306971153846 0.6796331682692307 0.05286606971153846 0.6174378822115384 0.04077653125 0.6080829423076923 0.08890353125 0.6702782259615384 0.10099306971153846
1 0.6247721875000001 0.0656892548076923 0.6878675673076924 0.0779537548076923 0.6894891514423077 0.06896609375 0.6927893894230769 0.07176529326923077 0.6918110264423076 0.07872028605769231 0.6960896274038462 0.07456449519230769 0.6957544903846155 0.0794868173076923 0.6993898653846155 0.07736369471153846 0.6996979519230769 0.08025334855769231 0.7026901081730769 0.08016289423076922 0.7290920144230769 0.1025564951923077 0.8021703269230769 0.17501934134615385 0.7972940985576924 0.20010536778846152 0.8133222307692307 0.2032209206730769 0.8181984591346154 0.17813489423076925 0.7323922548076923 0.10535569471153847 0.7011334350961539 0.07286842067307692 0.7083108581730768 0.03594378605769231 0.6452154783653847 0.02367928846153846 0.6432858100961538 0.029777295673076923 0.6399855721153845 0.02697809615384615 0.6412720192307693 0.022912757211538463 0.6373285552884614 0.022146225961538462 0.6366853317307692 0.024178896634615383 0.6333850937500001 0.02137969471153846 0.6247721875000001 0.0656892548076923
1 0.8212156129807693 0.15933745432692306 0.8155708485576922 0.18837725721153847 0.8401115264423077 0.1931474831730769 0.8457562932692307 0.1641076778846154 0.8212156129807693 0.15933745432692306
1 0.848239435096154 0.14478197115384617 0.8423826586538462 0.1749124735576923 0.8642392019230769 0.17916095432692308 0.8700959759615384 0.14903045192307693 0.848239435096154 0.14478197115384617
1 0.7962725144230769 0.21518754326923076 0.8021027884615385 0.18519337980769232 0.780859764423077 0.18106415384615385 0.7750294879807692 0.21105831730769228 0.7962725144230769 0.21518754326923076
1 0.7995383004807692 0.28232190865384615 0.8043350264423077 0.25764489423076925 0.7833987596153846 0.2535752956730769 0.7786020336538461 0.27825231009615387 0.7995383004807692 0.28232190865384615
1 0.8022958269230769 0.24479753125 0.7968895721153846 0.27261030048076923 0.8258015600961539 0.27823022355769234 0.8312078149038461 0.2504174519230769 0.8022958269230769 0.24479753125
1 0.8471458942307692 0.26709838942307695 0.8531881802884616 0.23601352884615384 0.8350127403846154 0.2324805793269231 0.8289704543269232 0.2635654423076923 0.8471458942307692 0.26709838942307695
1 0.8271254879807692 0.3602678798076923 0.8325582427884615 0.3323187716346154 0.807940875 0.32753364182692307 0.8025081177884614 0.35548274759615384 0.8271254879807692 0.3602678798076923
1 0.8015540721153845 0.3603908822115385 0.8063242980769231 0.3358502043269231 0.7915998894230769 0.33298806730769226 0.7868296658653846 0.35752874759615383 0.8015540721153845 0.3603908822115385
1 0.8360611057692308 0.32903798317307686 0.8310523677884615 0.35480569711538457 0.8627251826923078 0.36096226923076924 0.8677339182692307 0.33519455528846154 0.8360611057692308 0.32903798317307686
1 1 0.18956198798076923 0.9798908990384615 0.1856531754807692 0.9649176923076923 0.26268364182692305 1 0.26950295192307694 1 0.18956198798076923
1 1 0.0941987860576923 0.8925345769230769 0.073309625 0.8735861850961538 0.17079065625 1 0.1953630144230769 1 0.0941987860576923
3 0.5174978701923076 0.4320910721153846 0.5251302283653846 0.39282598557692305 0.46830321875 0.38177993269230764 0.4606708581730769 0.4210450216346154 0.5174978701923076 0.4320910721153846
3 0.46271145432692307 0.4105470625 0.45555611778846156 0.44735808173076924 0.49911582451923076 0.4558252307692308 0.5062711610576923 0.4190142115384615 0.46271145432692307 0.4105470625
3 0.49749456971153844 0.4956928052884615 0.5071940264423077 0.44579342307692305 0.45772921875 0.43617843990384614 0.4480297620192308 0.4860778221153846 0.49749456971153844 0.4956928052884615
3 0.4420212283653846 0.4658089423076923 0.43335531971153846 0.5103911754807693 0.4820532307692308 0.5198570913461539 0.49071913942307693 0.4752748581730769 0.4420212283653846 0.4658089423076923
3 0.48481828846153846 0.5428912259615385 0.49247714903846157 0.5034898004807692 0.4382575841346154 0.4929505841346154 0.4305987235576923 0.5323520096153846 0.48481828846153846 0.5428912259615385
3 0.47844570432692307 0.36153775000000005 0.4730924519230769 0.3890778461538461 0.5250880168269231 0.3991847596153846 0.5304412692307692 0.3716446634615385 0.47844570432692307 0.36153775000000005
3 0.5406602235576923 0.3784416322115384 0.5455099519230769 0.3534919423076923 0.4860754927884615 0.3419390528846154 0.48122576442307696 0.3668887451923077 0.5406602235576923 0.3784416322115384
3 0.5103018846153846 0.2860911394230769 0.5031730480769231 0.32276582211538457 0.5463493076923077 0.33115843509615384 0.553478141826923 0.2944837548076923 0.5103018846153846 0.2860911394230769
3 0.5538116634615384 0.3599162379807692 0.5598274471153846 0.3289677139423077 0.5018500913461538 0.31769805769230774 0.49583430769230774 0.34864658173076923 0.5538116634615384 0.3599162379807692
1 0.589923548076923 0.32972422115384614 0.5982979447115384 0.2866416947115385 0.5361793485576923 0.2745670625 0.5278049543269231 0.31764958894230766 0.589923548076923 0.32972422115384614