2 0.14361745192307693 0.03867028846153846 0.12365203125 0.6104051225961539 0.35827464182692303 0.6185983245192308 0.37824006250000003 0.04686349038461538 0.14361745192307693 0.03867028846153846
2 0.2742599230769231 0.10313002163461538 0.2574257620192308 0.5851972908653846 0.4023374326923077 0.59025771875 0.41917159375 0.10819044951923076 0.2742599230769231 0.10313002163461538
2 0.35246338221153845 0.33058117548076926 0.3448048798076923 0.5498919399038461 0.4570021153846154 0.553809954326923 0.46466061778846157 0.3344991899038462 0.35246338221153845 0.33058117548076926
2 0.45008319230769234 0.34899927644230766 0.4444556466346154 0.5101510480769231 0.5070737283653846 0.51233771875 0.5127012716346153 0.35118594951923077 0.45008319230769234 0.34899927644230766
1 0.616408670673077 0.566881125 0.6176980120192308 0.5299591850961538 0.5722569615384615 0.5283723485576923 0.5709676177884615 0.5652942884615384 0.616408670673077 0.566881125
1 0.6755555673076923 0.6035509927884616 0.677087266826923 0.5596888389423077 0.610877625 0.5573767475961539 0.609345923076923 0.6012389014423077 0.6755555673076923 0.6035509927884616
1 0.7118371850961539 0.6256640072115385 0.7134076610576923 0.5806914206730769 0.68163015625 0.5795817259615385 0.6800596802884615 0.6245543125 0.7118371850961539 0.6256640072115385
1 0.7303339278846154 0.6354821802884616 0.7315020913461538 0.6020303509615385 0.7036284567307691 0.6010569807692308 0.7024602932692308 0.6345088125 0.7303339278846154 0.6354821802884616
1 0.8282335456730769 0.6817047644230769 0.8303711394230769 0.620492076923077 0.7238735552884615 0.6167730985576922 0.7217359615384615 0.6779857860576922 0.8282335456730769 0.6817047644230769
1 0.9274888221153846 0.9107249014423077 0.9339016057692308 0.7270868389423076 0.8085092860576922 0.7227080408653846 0.8020965048076923 0.9063461057692308 0.9274888221153846 0.9107249014423077
1 0.9800227115384617 0.9643965600961538 0.9843560649038461 0.8403055336538461 0.9281403317307693 0.8383424350961538 0.9238069759615384 0.9624334615384615 0.9800227115384617 0.9643965600961538
1 0.15141848076923076 0.38387505048076925 0.15397293028846154 0.3107251947115385 0.023037115384615385 0.30615281490384616 0.020482665865384615 0.3793026706730769 0.15141848076923076 0.38387505048076925
1 0.011988377403846154 0.3024316201923077 0.010713576923076923 0.3389371466346154 0.029374076923076923 0.33958878365384615 0.030648879807692306 0.3030832596153846 0.011988377403846154 0.3024316201923077
1 0.046460338942307694 0.3069707716346154 0.04785631971153846 0.26699513942307695 0.009520310096153846 0.26565641586538463 0.008124331730769232 0.30563204807692307 0.046460338942307694 0.3069707716346154