1 0.9507547163461538 0.21939193990384617 0.9178401658653846 0.050061249999999995 0.8279599254807692 0.06753219951923077 0.8608744783653847 0.2368628894230769 0.9507547163461538 0.21939193990384617
1 1 0.7052993725961538 0.9903559302884616 0.6556849375 0.7641982307692309 0.6996455408653847 0.8025720408653847 0.8970616754807692 1 0.8586855649038461 1 0.7052993725961538
1 1 0.748890545673077 0.9552489302884616 0.7575892716346153 0.9845063100961539 0.9081054399038462 1 0.9050937716346154 1 0.748890545673077
1 0.17941255048076923 0.4737441298076923 0.18911200721153848 0.5236435120192308 0.24586232932692306 0.5126123677884615 0.2361628701923077 0.46271298557692303 0.17941255048076923 0.4737441298076923
1 0.12756074759615385 0.4862284014423077 0.13394754807692308 0.5190856466346154 0.18755359615384615 0.5086656875 0.18116679326923077 0.47580844230769226 0.12756074759615385 0.4862284014423077
1 0.06350101923076923 0.42567232211538464 0.06813873798076922 0.44953131730769236 0.08669762740384615 0.44592383413461534 0.08205990865384614 0.4220648413461538 0.06350101923076923 0.42567232211538464
1 0.04805522596153847 0.3969812740384615 0.055104560096153846 0.43324694471153846 0.07742124038461538 0.42890902163461536 0.07037190624999999 0.39264335096153846 0.04805522596153847 0.3969812740384615
1 0.049846987980769225 0.4201200697115385 0.04433472596153846 0.39176194951923077 0.017570048076923077 0.3969644759615385 0.023082307692307694 0.42532259615384616 0.049846987980769225 0.4201200697115385
1 0.053068175480769225 0.4465182235576923 0.04646936298076923 0.4125702836538461 0.015793514423076922 0.4185330649038462 0.022392324519230768 0.4524810048076923 0.053068175480769225 0.4465182235576923
1 0.07393947596153846 0.4519409807692308 0.06776468269230769 0.4201744326923077 0.04353076201923077 0.42488502884615387 0.04970555288461539 0.45665157692307695 0.07393947596153846 0.4519409807692308
1 0 0.3968425384615385 0.03155523557692307 0.39070882211538466 0.02055721634615385 0.334128920673077 0 0.33812483894230766 0 0.3968425384615385
1 0 0.5411840264423077 0.009986608173076924 0.5925606730769231 0.027165084134615384 0.589221516826923 0.016803096153846155 0.5359137067307692 0 0.5391798990384615 0 0.5411840264423077
1 0.055163132211538464 0.5731676153846154 0.043502584134615385 0.5131792884615385 0.00776521875 0.5201259278846154 0.019425769230769233 0.5801142548076923 0.055163132211538464 0.5731676153846154