3 0.7513999543269231 0.12154131971153846 0.743988329326923 0.015550139423076923 0.6986303389423077 0.018721879807692306 0.7060419639423077 0.12471306009615385 0.7513999543269231 0.12154131971153846
3 0.693405389423077 0 0.6970685096153846 0.05238505048076923 0.7430499759615384 0.04916971153846154 0.7396116947115385 0 0.693405389423077 0
3 0.7468167475961539 0 0.7510241057692307 0.06016803605769231 0.8228798918269231 0.05514338942307692 0.8190238894230769 0 0.7468167475961539 0
3 0.7133558557692308 0.1553887019230769 0.7069130697115384 0.06325257932692308 0.6712969158653846 0.06574310336538461 0.6777397019230769 0.15787922596153844 0.7133558557692308 0.1553887019230769
3 0.7182160120192307 0.23385191826923077 0.7108043870192307 0.12786073798076922 0.6680182403846153 0.13085263701923078 0.6754298653846154 0.2368438173076923 0.7182160120192307 0.23385191826923077
3 0.7024596778846154 0.09252342307692309 0.7088249567307692 0.18355114423076924 0.75355946875 0.18042300240384618 0.7471941899038461 0.08939528125 0.7024596778846154 0.09252342307692309
3 0.6915120600961538 0.11292010817307692 0.6854761875000001 0.026603108173076925 0.6122175769230769 0.03172585096153846 0.6182534495192308 0.11804284855769231 0.6915120600961538 0.11292010817307692
3 0.6949548629807693 0.15319472596153846 0.6902850528846154 0.08641335336538461 0.6202997019230769 0.09130720673076922 0.6249695096153847 0.15808857692307693 0.6949548629807693 0.15319472596153846
3 0.6891818485576924 0.2195925048076923 0.6831459759615384 0.13327550480769232 0.6215775697115385 0.1375807860576923 0.6276134423076923 0.2238977860576923 0.6891818485576924 0.2195925048076923
3 0.6921406586538462 0.25182574038461536 0.6874708509615384 0.18504436778846156 0.6226291875 0.18957853846153846 0.6272989951923077 0.2563599110576923 0.6921406586538462 0.25182574038461536
3 0.5965850456730769 0.050083259615384616 0.5932813028846154 0.002837516826923077 0.5738755649038462 0.0041945 0.5771793076923077 0.05144024038461538 0.5965850456730769 0.050083259615384616
3 0.5722508894230769 0 0.5740039350961539 0.025069730769230768 0.5947345625 0.023620103365384615 0.5930828846153846 0 0.5722508894230769 0
3 0.29941821394230766 0.10107567307692308 0.29650200480769234 0.059371954326923077 0.24397402403846155 0.06304506971153846 0.24689023076923075 0.10474878846153847 0.29941821394230766 0.10107567307692308
3 0.2540744735576923 0.04173302644230769 0.2572232043269231 0.08676195913461539 0.3047633653846154 0.08343762740384617 0.30161463701923075 0.03840869471153846 0.2540744735576923 0.04173302644230769
3 0.3041421706730769 0.05215475721153846 0.30166193990384615 0.0166858125 0.25256308413461537 0.020119139423076922 0.25504331490384613 0.055588084134615384 0.3041421706730769 0.05215475721153846
3 0.20903719951923078 0.021492028846153845 0.21093612740384618 0.04864793990384615 0.2496696682692308 0.04593942548076923 0.24777074278846156 0.018783514423076922 0.20903719951923078 0.021492028846153845
3 0.26209234375 0.06567649759615385 0.2603096778846154 0.04018319471153846 0.20934038942307692 0.04374731490384615 0.21112305528846154 0.06924061778846154 0.26209234375 0.06567649759615385
3 0.25110298076923077 0.09331596153846154 0.24876807451923078 0.05992527403846153 0.19974715384615382 0.0633531514423077 0.20208206009615384 0.0967438389423077 0.25110298076923077 0.09331596153846154
3 0.24665257932692308 0.11478982451923077 0.24514118990384615 0.0931759375 0.20235504326923076 0.09616783653846153 0.20386643509615385 0.11778172355769231 0.24665257932692308 0.11478982451923077
3 0.2498828076923077 0.1251452764423077 0.24860393990384616 0.10685660336538462 0.19139987740384615 0.11085670192307692 0.1926787451923077 0.129145375 0.2498828076923077 0.1251452764423077
3 0.2957121105769231 0.1376733485576923 0.2931834375 0.1015116514423077 0.2493841418269231 0.10457439663461539 0.25191281490384615 0.14073609374999999 0.2957121105769231 0.1376733485576923
3 0.24845405528846154 0.09127354326923078 0.2506630096153846 0.12286307211538462 0.29508578365384613 0.11975672836538462 0.29287682932692305 0.08816719951923077 0.24845405528846154 0.09127354326923078
3 0.32776819711538463 0.19738824759615387 0.3292408341346154 0.2184479326923077 0.35176396153846157 0.21687296153846153 0.3502913245192308 0.19581327644230767 0.32776819711538463 0.19738824759615387
3 0.35199933173076925 0.23815839182692308 0.35024573076923077 0.21308074278846154 0.3258521730769231 0.21478650721153844 0.32760577163461535 0.23986415625000002 0.35199933173076925 0.23815839182692308
3 0.3339680673076923 0.18637337980769234 0.3352469350961539 0.2046620528846154 0.35270430769230765 0.20344131490384615 0.3514254375 0.18515263942307694 0.3339680673076923 0.18637337980769234
3 0.3047724879807692 0.03428949038461539 0.3069814423076923 0.06587901923076923 0.33355717307692306 0.0640206610576923 0.33134821634615386 0.03243113461538461 0.3047724879807692 0.03428949038461539
3 0.2979598293269231 0.017501603365384616 0.30047881249999997 0.053524747596153846 0.3404593100961538 0.050729038461538464 0.3379403245192308 0.01470589423076923 0.2979598293269231 0.017501603365384616
3 0.33512783653846157 0.03272375 0.3336551995192308 0.011664064903846154 0.2995977403846154 0.01404559375 0.301070375 0.035105278846153845 0.33512783653846157 0.03272375
3 0.14059599759615385 0.21646340865384614 0.13532550721153846 0.14109190384615383 0.04531093990384615 0.14738633413461538 0.050581427884615386 0.22275784134615384 0.14059599759615385 0.21646340865384614
3 0.2044634014423077 0.2629548269230769 0.1995707620192308 0.19298679326923077 0.1276370408653846 0.19801688942307694 0.1325296826923077 0.26798492307692307 0.2044634014423077 0.2629548269230769
3 0.2841261875 0.3236568125 0.2811906033653846 0.2816759903846154 0.22827294711538462 0.2853763533653846 0.23120853365384614 0.32735717548076926 0.2841261875 0.3236568125
3 0.3016188918269231 0.33190110817307694 0.2998459158653846 0.3065463557692308 0.28223267548076925 0.3077779927884615 0.28400565144230766 0.33313274519230773 0.3016188918269231 0.33190110817307694
3 0.17306925240384616 0.3314226682692307 0.17591764182692307 0.37215653365384616 0.22735453846153847 0.3685597139423077 0.22450614903846156 0.32782585096153843 0.17306925240384616 0.3314226682692307
3 0.22087185096153844 0.40576923317307695 0.21677365865384615 0.34716234375 0.16837621634615385 0.3505466225961538 0.17247440865384614 0.4091535120192308 0.22087185096153844 0.40576923317307695
3 0.16166742067307693 0.3677231129807692 0.16498085096153847 0.4151074038461538 0.19685614182692307 0.41287846875 0.19354270913461538 0.36549417548076923 0.16166742067307693 0.3677231129807692
3 0.17535613701923078 0.4391644855769231 0.17316656009615386 0.4078520600961539 0.16264537740384616 0.40858777163461535 0.16483495432692308 0.4399001971153846 0.17535613701923078 0.4391644855769231
3 0.20037189182692308 0.4407566875 0.19785290865384614 0.40473354086538466 0.1730696754807692 0.4064665528846154 0.17558865865384615 0.4424896995192308 0.20037189182692308 0.4407566875
3 0.2239861033653846 0.43910542067307695 0.2223100096153846 0.41513617067307695 0.19565634615384614 0.4169999783653846 0.1973324375 0.4409692259615384 0.2239861033653846 0.43910542067307695
3 0.06518840625 0.31293078846153843 0.061080526442307694 0.2541853485576923 0.009643629807692308 0.2577821658653846 0.013751512019230768 0.3165276057692308 0.06518840625 0.31293078846153843
3 0.1392212331730769 0.3211198004807692 0.13409606971153848 0.24782655288461536 0.05460268509615385 0.2533852716346154 0.05972784855769231 0.32667851923076924 0.1392212331730769 0.3211198004807692
3 0.1315069831730769 0.3183177596153846 0.13537265384615385 0.37359943269230766 0.16194838221153846 0.3717410769230769 0.1580827115384615 0.31645940384615384 0.1315069831730769 0.3183177596153846
3 0.053246733173076925 0.30903207932692306 0.05744181009615385 0.3690244711538462 0.1361558485576923 0.36352024759615387 0.1319607716346154 0.3035278557692308 0.053246733173076925 0.30903207932692306
3 0.06093889903846154 0.34399733894230766 0.058187394230769234 0.3046489783653846 0.008698865384615385 0.3081095552884615 0.011450370192307692 0.3474579134615385 0.06093889903846154 0.34399733894230766
3 0.10271744711538461 0.4027539230769231 0.09730163221153847 0.32530415625 0.008767822115384615 0.3314950432692308 0.01418363701923077 0.4089448100961538 0.10271744711538461 0.4027539230769231
3 0 0.3890524182692308 0.01990036778846154 0.3876608485576923 0.015240247596153845 0.3210180288461538 0 0.32208373076923075 0 0.3890524182692308
3 0 0.45142657932692304 0.019330884615384618 0.4500748341346154 0.013740680288461538 0.3701311610576923 0 0.3710920024038461 0 0.45142657932692304
3 0.06313274759615385 0.4403289639423077 0.05888922836538461 0.3796438173076923 0.012362218749999999 0.3828973028846154 0.01660573557692308 0.4435824495192308 0.06313274759615385 0.4403289639423077
3 0.09892115384615385 0.44590162019230767 0.09467763701923076 0.38521647355769234 0.05274877163461538 0.3881484254807692 0.05699229086538461 0.4488335721153846 0.09892115384615385 0.44590162019230767
3 0.1353435841346154 0.44934152403846156 0.13138102884615385 0.39267434134615387 0.09280335576923077 0.39537195432692307 0.0967659110576923 0.45203913701923076 0.1353435841346154 0.44934152403846156
3 0.09287773076923077 0.35387679807692307 0.09669496153846155 0.40846571875 0.13612991346153847 0.4057081586538462 0.13231268509615385 0.35111923798076927 0.09287773076923077 0.35387679807692307
3 0.16023994471153846 0.4066675552884615 0.15702339663461537 0.36066876923076924 0.12896690625 0.3626306706730769 0.13218345432692308 0.4086294567307692 0.16023994471153846 0.4066675552884615
3 0.1636890144230769 0.4559915552884615 0.16023994471153846 0.4066675552884615 0.13062476201923076 0.4087384495192307 0.13407383173076923 0.45806245192307693 0.1636890144230769 0.4559915552884615
3 0 0.5009917644230769 0.02394897596153846 0.4993170889423077 0.019899225961538463 0.44140295192307694 0 0.44279444230769227 0 0.5009917644230769
3 0.04682302163461538 0.4971606658653846 0.04266669951923077 0.4377224735576923 0.010791408653846155 0.4399514110576923 0.014947733173076924 0.49938960336538457 0.04682302163461538 0.4971606658653846
3 0.2355268533653846 0.3454333076923077 0.23784238221153847 0.3785468918269231 0.27922570192307694 0.37565308894230764 0.27691017548076924 0.3425395048076923 0.2355268533653846 0.3454333076923077
3 0.27819174759615384 0.40454559375 0.2751302139423077 0.3607636153846154 0.22930461538461538 0.36396805528846154 0.23236614903846153 0.4077500336538461 0.27819174759615384 0.40454559375
3 0.2794948413461538 0.3851017764423077 0.2814518966346154 0.4130889903846154 0.29088199519230773 0.41242957211538467 0.2889249375 0.38444236057692305 0.2794948413461538 0.3851017764423077
3 0.27917740384615386 0.3492031370192308 0.2819870408653846 0.3893828028846154 0.29211855048076923 0.3886743389423077 0.2893089158653846 0.34849467307692306 0.27917740384615386 0.3492031370192308
3 0.22668461298076922 0.38809848557692306 0.2296783269230769 0.4309106105769231 0.28158283173076926 0.42728109374999995 0.2785891177884615 0.38446897115384615 0.22668461298076922 0.38809848557692306
3 0.28265525240384615 0.45045718509615384 0.28013626923076923 0.4144340384615385 0.23041393509615385 0.4179109639423077 0.23293291826923077 0.45393411057692307 0.28265525240384615 0.45045718509615384
3 0.2649248966346154 0.4522539254807692 0.2664750408653846 0.47442201682692303 0.2810488269230769 0.47340291826923075 0.2794986826923077 0.4512348269230769 0.2649248966346154 0.4522539254807692
3 0.2891329471153846 0.47701446153846155 0.28751498557692307 0.4538765168269231 0.27605858653846155 0.45467762740384615 0.2776765480769231 0.47781556971153843 0.2891329471153846 0.47701446153846155
3 0.2798493197115385 0.4260100336538461 0.28211640625 0.4584308653846154 0.2881173774038462 0.458011235576923 0.2858502908653846 0.4255904038461538 0.2798493197115385 0.4260100336538461
3 0.2780843221153846 0.4052492475961538 0.2798669855769231 0.4307425504807692 0.2905440384615385 0.4299959375 0.288761375 0.40450263461538466 0.2780843221153846 0.4052492475961538
3 0.29977068028846154 0.42642696153846155 0.29819147115384614 0.40384321875 0.2877482235576923 0.4045734807692308 0.2893274326923077 0.4271572235576923 0.29977068028846154 0.42642696153846155
3 0.3014273966346154 0.45011910576923075 0.29977068028846154 0.42642696153846155 0.2859762403846154 0.42739156250000004 0.2876329567307692 0.45108370673076925 0.3014273966346154 0.45011910576923075
3 0.29925348798076923 0.4795090096153846 0.2972189230769231 0.4504133918269231 0.2876329567307692 0.45108370673076925 0.2896675192307692 0.4801793245192308 0.29925348798076923 0.4795090096153846
3 0.3348883076923077 0.45376609615384617 0.3362834375 0.4737173774038462 0.3563126514423077 0.47231679807692306 0.35491752403846155 0.45236551682692305 0.3348883076923077 0.45376609615384617
3 0.3157414519230769 0.41514652884615383 0.31735941346153845 0.4382844711538461 0.32982896394230765 0.43741251682692306 0.32821100240384615 0.4142745721153846 0.3157414519230769 0.41514652884615383
3 0.31650826201923077 0.39699326201923074 0.31847500721153843 0.4251190264423077 0.3310224927884615 0.42424162019230766 0.32905574759615386 0.3961158557692308 0.31650826201923077 0.39699326201923074
3 0.29489143028846154 0.3723299879807692 0.2967128509615385 0.3983774927884615 0.32905574759615386 0.3961158557692308 0.3272343269230769 0.37006835096153845 0.29489143028846154 0.3723299879807692
3 0.31432209855769233 0.43292774038461534 0.31253943269230766 0.4074344375 0.30084922836538464 0.40825189663461536 0.30263189423076925 0.4337451995192308 0.31432209855769233 0.43292774038461534
3 0.3126857524038461 0.4576855264423077 0.3109418413461539 0.43274642548076925 0.3023690264423077 0.43334589423076925 0.3041129375 0.4582849951923077 0.3126857524038461 0.4576855264423077
3 0.3137514783653846 0.4729260889423077 0.3121044495192308 0.4493724951923077 0.3024405480769231 0.45004825961538464 0.3040875745192308 0.47360185576923075 0.3137514783653846 0.4729260889423077
3 0.2945211298076923 0.4487920745192308 0.29633286057692304 0.47470102884615384 0.3041263293269231 0.4741560576923077 0.3023145985576923 0.44824710336538465 0.2945211298076923 0.4487920745192308
3 0.3245641682692308 0.4741191850961538 0.3230043365384615 0.4518125456730769 0.31201554326923076 0.4525809567307692 0.31357537740384617 0.4748875961538461 0.3245641682692308 0.4741191850961538
3 0 0.13969499759615384 0.011510935096153845 0.13889007451923077 0.004893759615384616 0.04426004086538461 0 0.044602245192307696 0 0.13969499759615384
3 0.9408567211538461 0.8507963557692307 0.9279033317307692 0.6655542548076923 0.7335342115384615 0.6791458677884615 0.7464876009615384 0.86438796875 0.9408567211538461 0.8507963557692307
3 1 0.9137272067307692 0.9860515841346154 0.7142555600961539 0.8040740793269231 0.7269806682692308 0.8203215264423077 0.9593299591346154 1 0.9467656177884615 1 0.9137272067307692
3 1 0.6583745432692307 0.9962831201923077 0.6052206850961539 0.8820308629807693 0.6132099831730768 0.89125421875 0.7451101177884615 1 0.7375058701923076 1 0.6583745432692307
3 1 0.6588420288461538 0.9332425 0.6635101682692308 0.949596516826923 0.897383516826923 1 0.8938589615384616 1 0.6588420288461538
3 1 0.8474960240384615 0.9275880192307693 0.8525595649038462 0.9354840649038461 0.9654782692307692 1 0.9609668774038462 1 0.8474960240384615
3 0.740688108173077 0.6190560168269231 0.7331214663461538 0.5108480288461539 0.6248701802884615 0.5184176947115385 0.6324368197115385 0.6266256826923077 0.740688108173077 0.6190560168269231
3 0.7392546466346155 0.6735944182692308 0.7320852307692308 0.5710670024038461 0.6245353581730769 0.5785876225961538 0.6317047716346154 0.6811150360576923 0.7392546466346155 0.6735944182692308
3 0.6032791346153846 0.5534814447115385 0.6093150072115384 0.6397984471153847 0.6339423701923077 0.6380763341346154 0.6279064975961539 0.5517593317307692 0.6032791346153846 0.5534814447115385
3 0.7568694615384615 0.5413490817307692 0.7634478846153846 0.6354249134615385 0.8186256466346153 0.6315665096153846 0.8120472235576923 0.5374906778846154 0.7568694615384615 0.5413490817307692
3 0.8482981009615386 0.7087123653846154 0.8410414903846154 0.6049379927884615 0.7624833197115385 0.6104313149038462 0.7697399302884615 0.7142056874999999 0.8482981009615386 0.7087123653846154
3 0.6903381754807693 0.45564240625 0.68610434375 0.39509581009615385 0.6105076947115384 0.40038204326923077 0.6147415240384615 0.46092863942307694 0.6903381754807693 0.45564240625
3 0.6966270889423077 0.4918196153846154 0.6929358100961539 0.4390318533653846 0.6324584879807692 0.4432608389423077 0.6361497692307693 0.49604860096153847 0.6966270889423077 0.4918196153846154
3 0.6058038245192308 0.4731095504807692 0.60869096875 0.5143976177884615 0.6319155048076923 0.5127736009615385 0.6290283629807691 0.47148553125 0.6058038245192308 0.4731095504807692
3 0.6304514134615384 0.5455945697115385 0.6276320913461538 0.5052763533653846 0.6005887524038461 0.5071674086538461 0.603408076923077 0.547485625 0.6304514134615384 0.5455945697115385
1 0.2054031875 0.12407875480769232 0.20950137980769232 0.18268564182692307 0.3036464855769231 0.176102375 0.29954829326923077 0.11749548798076924 0.2054031875 0.12407875480769232
1 0.3158104230769231 0.2100587980769231 0.3121288317307692 0.15740958653846154 0.2221142620192308 0.16370401923076922 0.22579585336538463 0.21635323076923077 0.3158104230769231 0.2100587980769231
1 0.26386645432692307 0.189604625 0.2665695168269231 0.22826023317307692 0.33000835576923077 0.22382415625000002 0.32730529326923075 0.18516855048076925 0.26386645432692307 0.189604625
1 0.3327169855769231 0.09568418028846154 0.33513908653846153 0.13032181971153844 0.34714102884615383 0.12948256249999998 0.3447189278846154 0.09484492307692308 0.3327169855769231 0.09568418028846154
1 0.3175165889423077 0.054143314903846156 0.3203165360576923 0.0941844278846154 0.3376180384615385 0.09297458894230769 0.3348180913461538 0.05293347596153846 0.3175165889423077 0.054143314903846156
1 0.26684378365384614 0.22434266826923077 0.2694015216346154 0.26092001682692306 0.35185642548076923 0.2551542067307692 0.34929868750000004 0.2185768605769231 0.26684378365384614 0.22434266826923077
1 0.35880514903846156 0.2727679495192308 0.3567512091346154 0.2433952331730769 0.29409171875 0.2477768125 0.2961456586538462 0.27714952884615385 0.35880514903846156 0.2727679495192308
1 0.3478291826923077 0.24012073557692307 0.3489433485576923 0.25605405048076924 0.3572044254807692 0.25547637980769233 0.3560902596153846 0.23954306490384614 0.3478291826923077 0.24012073557692307
1 0.3585344471153846 0.2420174855769231 0.3566645841346154 0.2152772235576923 0.34349362259615385 0.2161982283653846 0.3453634831730769 0.24293848798076922 0.3585344471153846 0.2420174855769231
1 0.34595932211538466 0.2133804783653846 0.34754821875 0.23610276923076923 0.35955016346153845 0.23526351201923076 0.35796126442307696 0.21254122115384616 0.34595932211538466 0.2133804783653846
1 0.34583935817307687 0.1959853605769231 0.34737981249999994 0.21801489903846155 0.3605507764423077 0.21709389663461537 0.35901032211538464 0.19506435576923076 0.34583935817307687 0.1959853605769231
1 0.32810871875 0.17313875721153846 0.3303467379807692 0.20514393749999998 0.3618323533653846 0.20294225 0.3595943341346154 0.17093706730769231 0.32810871875 0.17313875721153846
1 0.32056541826923074 0.48637241586538466 0.3196256442307692 0.4729330120192307 0.3009213173076923 0.47424094471153844 0.30186109375 0.48768035096153844 0.32056541826923074 0.48637241586538466
1 0.332156173076923 0.49085257692307693 0.3305769639423077 0.4682688365384615 0.31639285096153846 0.4692606875 0.31797206009615386 0.49184442548076923 0.332156173076923 0.49085257692307693
1 0.3293889951923077 0.4669596274038461 0.33083256730769234 0.48760366105769226 0.3394833173076923 0.4869987403846154 0.33803974519230773 0.46635470673076923 0.3293889951923077 0.4669596274038461
1 0.35786407932692305 0.49114332692307694 0.35669178125 0.4743787091346154 0.3375198485576923 0.47571934134615385 0.3386921442307692 0.49248395913461535 0.35786407932692305 0.49114332692307694
1 0.3567402235576923 0.4750714615384615 0.3573990360576923 0.48449289903846154 0.3648807668269231 0.4839697259615384 0.36422195432692306 0.4745482884615385 0.3567402235576923 0.4750714615384615
1 0.34760932932692307 0.4576103100961539 0.34882037740384614 0.4749291298076923 0.3645631850961539 0.47382828605769234 0.3633521370192308 0.45650946634615386 0.34760932932692307 0.4576103100961539
1 0.3209379879807692 0.6070570745192307 0.30740329567307695 0.41350193990384615 0.033930461538461534 0.4326250240384616 0.04746515625 0.6261801586538461 0.3209379879807692 0.6070570745192307
1 0.33426695192307687 0.6767136394230769 0.3213813822115385 0.49244139182692304 0.038868124999999996 0.5121966442307693 0.05175369711538461 0.6964688918269231 0.33426695192307687 0.6767136394230769
1 0.3288804783653846 0.7766383509615384 0.31212923557692307 0.5370844278846154 0.040604769230769236 0.5560712668269231 0.05735601201923077 0.7956251899038461 0.3288804783653846 0.7766383509615384
1 0.01846205769230769 0.5563665841346154 0.012988110576923078 0.47808551442307695 0.0006744302884615385 0.4789465721153846 0.006148374999999999 0.5572276418269231 0.01846205769230769 0.5563665841346154
1 0.056330766826923076 0.5480101971153846 0.052465093750000004 0.4927285216346154 0.01490057451923077 0.4953552908653846 0.01876624519230769 0.5506369639423077 0.056330766826923076 0.5480101971153846
1 0.7584388245192308 0.8180246899038461 0.7480819254807692 0.6699141370192307 0.6647697403846154 0.6757398918269231 0.6751266394230769 0.8238504447115385 0.7584388245192308 0.8180246899038461
1 0.5887053437499999 0.6306582836538461 0.5963882427884616 0.7405288774038462 0.6770506490384616 0.7348884134615384 0.6693677475961538 0.6250178197115385 0.5887053437499999 0.6306582836538461
1 0.9039883341346153 0.968655264423077 0.8914612331730769 0.7895093846153846 0.7235119735576923 0.8012535408653847 0.7360390745192308 0.980399420673077 0.9039883341346153 0.968655264423077
1 0.7471300096153846 0 0.7558312620192308 0.12443369711538461 0.9480182091346154 0.11099467788461538 0.9402567067307692 0 0.7471300096153846 0