1 0.7248791874999999 0.5060444014423077 0.717913829326923 0.3065826466346154 0.3883490889423077 0.3180913028846154 0.3953144471153846 0.5175530552884615 0.7248791874999999 0.5060444014423077
1 0.6906079254807692 0.7983907620192308 0.6827749278846155 0.5740830432692308 0.37663340865384615 0.5847737403846154 0.38446640625 0.8090814591346154 0.6906079254807692 0.7983907620192308
1 0.6304147475961539 0.9058347043269231 0.621806204326923 0.6593182980769231 0.3787512331730769 0.6678059639423076 0.3873597740384615 0.9143223701923078 0.6304147475961539 0.9058347043269231
1 0.8795350360576923 0.9814921754807693 0.871227016826923 0.7435816370192309 0.5230017764423077 0.7557419302884616 0.5313097956730769 0.9936524687499999 0.8795350360576923 0.9814921754807693
1 1 0.7975926466346154 0.8396163052884614 0.8031933701923077 0.84563646875 0.9755882884615384 1 0.9701977932692307 1 0.7975926466346154
1 0.6544394278846154 0 0.41989667067307695 0.00819041346153846 0.4300999278846154 0.30037342548076923 0.7759828461538463 0.28829492788461536 0.7659153653846154 0 0.6544394278846154 0
1 0.4952521538461539 0 0.4118950432692308 0.0029108942307692304 0.4131989278846154 0.040249245192307694 0.5378885504807692 0.035894987980769226 0.5465121418269231 0.1701878485576923 0.5502778798076923 0.17129906009615384 0.546966016826923 0.1772558942307692 0.5505225456730769 0.1783053701923077 0.5474198918269231 0.18432393990384616 0.5507672115384615 0.1853116826923077 0.5478737644230769 0.19139198557692308 0.5510118774038462 0.19231799278846154 0.5483276370192308 0.19846003124999997 0.5512565432692308 0.1993243052884615 0.5487815096153846 0.20552807451923077 0.5515012091346153 0.20633061538461536 0.5492353846153846 0.2125961201923077 0.551745875 0.21333692788461536 0.5496892572115384 0.2196641658653846 0.5519905408653846 0.2203432379807692 0.5522352067307692 0.22734955048076924 0.5505970024038461 0.23380025721153846 0.5524798725961538 0.23435586298076924 0.5510508774038462 0.24086830288461536 0.5527245384615385 0.2413621730769231 0.55150475 0.24793634615384616 0.5529692043269231 0.2483684855769231 0.551958625 0.2550043918269231 0.5532138701923077 0.2553747956730769 0.5524124975961539 0.26207243990384615 0.5534585360576924 0.2623811057692308 0.5528663725961539 0.2691404831730769 0.5537032019230769 0.2693874206730769 0.5533202451923077 0.2762085288461539 0.5539478677884616 0.2763937307692308 0.5537741177884615 0.2832765721153846 0.5541925336538461 0.2834000432692308 0.5546818653846154 0.2974126634615385 0.5483309326923077 0.003010521634615385 0.6345409903846153 0 0.4952521538461539 0
1 0.8460157259615385 0 0.9746602451923077 0.2827466971153846 0.9647865120192307 0 0.8460157259615385 0
1 0.6189174278846153 0.28558033413461537 0.6113994951923076 0.07029489423076923 0.31798459375 0.08054116826923076 0.3255025264423077 0.29582660817307693 0.6189174278846153 0.28558033413461537
1 0.41750156730769233 0.31568353846153846 0.4130518822115385 0.1882612091346154 0.23854887500000002 0.19435498798076922 0.24299856009615384 0.3217773173076923 0.41750156730769233 0.31568353846153846
1 0.39285202884615383 0.5925457860576923 0.3890809447115385 0.4845560552884616 0.25041546875000004 0.4893983605769231 0.2541865528846154 0.5973880913461538 0.39285202884615383 0.5925457860576923
1 0.3117439014423077 0.6383209711538461 0.3079728173076923 0.5303312403846154 0.24722859375 0.5324524735576923 0.25099967788461536 0.640442204326923 0.3117439014423077 0.6383209711538461
1 0.39501309375 0.6992020048076923 0.39017563701923075 0.5606753317307692 0.29281310817307693 0.5640753052884615 0.2976505673076923 0.7026019783653846 0.39501309375 0.6992020048076923
1 0.28263995673076925 0.4966114711538462 0.2809579951923077 0.4484463846153846 0.17859851201923077 0.45202085576923073 0.18028047596153846 0.5001859423076923 0.28263995673076925 0.4966114711538462
1 0 0.14598409134615384 0.03388228365384615 0.14480089663461537 0.029626483173076923 0.02293073557692308 0 0.023965314903846156 0 0.14598409134615384