1 0.6480002740384615 0.6976645024038461 0.6635593894230769 0.6302705721153846 0.5625446177884615 0.6069494759615385 0.5469855024038461 0.6743434038461539 0.6480002740384615 0.6976645024038461
1 0.4763485817307692 0.5642427932692308 0.46107065625000004 0.6304187620192307 0.5559956129807693 0.6523339158653846 0.5712735408653846 0.5861579471153846 0.4763485817307692 0.5642427932692308
1 0.3767423653846154 0.50703675 0.36146443990384614 0.5732127163461539 0.4685690240384615 0.5979397596153846 0.48384694951923074 0.5317637932692307 0.3767423653846154 0.50703675
1 0.2999019975961538 0.46235627163461535 0.2889981201923077 0.5095861514423077 0.37326590625 0.5290409038461539 0.38416978365384613 0.48181102163461537 0.2999019975961538 0.46235627163461535
1 0.09197464423076923 0.34436422115384613 0.1006602548076923 0.3067427091346154 0.04158906971153846 0.2931050528846154 0.032903459134615384 0.3307265625 0.09197464423076923 0.34436422115384613
1 0.18926755528846154 0.3216401682692308 0.1946413846153846 0.29836355048076924 0.14942452403846154 0.2879244158653846 0.14405069471153847 0.31120103365384616 0.18926755528846154 0.3216401682692308
1 0.18955616346153845 0.32455764423076927 0.19155572836538462 0.3158965769230769 0.13903109134615385 0.30377031009615385 0.1370315264423077 0.31243137740384613 0.18955616346153845 0.32455764423076927
1 0.17601045673076923 0.3398183197115384 0.18004082932692309 0.3223608581730769 0.13642254567307693 0.31229078125000004 0.13239217307692308 0.3297482451923077 0.17601045673076923 0.3398183197115384
1 0.30462834134615385 0.45403964423076926 0.3125016298076923 0.4199366923076923 0.2590635216346154 0.40759953365384616 0.2511902331730769 0.44170248557692304 0.30462834134615385 0.45403964423076926
1 0.11519102163461539 0 0.11195806009615385 0.014003497596153845 0.17057250961538462 0.027535709134615387 0.1769296298076923 0 0.11519102163461539 0
1 0.1584080480769231 0 0.15192590625 0.028077237980769228 0.21784813221153848 0.04329658173076923 0.22784393509615386 0 0.1584080480769231 0
2 0.2720783509615385 0.2880179182692308 0.25205145673076923 0.37476392067307696 0.28196766346153845 0.38167062259615386 0.30199455528846153 0.2949246201923077 0.2720783509615385 0.2880179182692308
2 0.22713709134615384 0.35661081009615386 0.25419370432692306 0.2394157451923077 0.18035472115384615 0.2223686730769231 0.15329810817307693 0.3395637379807692 0.22713709134615384 0.35661081009615386