3 0.17702874759615383 0.41077088221153846 0.17255725240384615 0.36822744471153845 0.11987867067307692 0.3737641875 0.12435016586538462 0.416307625 0.17702874759615383 0.41077088221153846
3 0.1789485985576923 0.43277407211538466 0.1747529423076923 0.39285506971153844 0.11119677884615385 0.3995350913461539 0.11539243509615385 0.4394540961538462 0.1789485985576923 0.43277407211538466
3 0.17621442788461536 0.46057326923076924 0.17104607692307694 0.4113996875 0.11867828365384615 0.4169037644230769 0.12384663461538462 0.4660773461538461 0.17621442788461536 0.46057326923076924
3 0.17834505528846153 0.47710780288461535 0.1747881826923077 0.44326643269230764 0.12358584375 0.44864801682692307 0.12714271634615384 0.48248938461538465 0.17834505528846153 0.47710780288461535
3 0.2232789423076923 0.4838366826923077 0.219359125 0.44654211057692306 0.1745279423076923 0.4512540576923077 0.17844775961538462 0.4885486298076923 0.2232789423076923 0.4838366826923077
1 0.22870806490384615 0.5100796129807692 0.2239607307692308 0.4649117427884616 0.12481932932692308 0.4753319254807692 0.12956666346153847 0.5204997932692308 0.22870806490384615 0.5100796129807692
1 0.13593915625 0.5026525865384616 0.13082887740384616 0.4540315144230769 0.05724979567307693 0.4617649879807692 0.06236007692307692 0.5103860576923077 0.13593915625 0.5026525865384616
1 0.01481673076923077 0.4549129134615385 0.01925919230769231 0.49718009375 0.06727595192307692 0.49213332932692305 0.06283349278846154 0.44986614903846156 0.01481673076923077 0.4549129134615385
1 0.13543070673076923 0.3640296730769231 0.1287234639423077 0.30021451923076925 0.06143784134615385 0.3072865240384615 0.06814508413461538 0.3711016778846154 0.13543070673076923 0.3640296730769231
1 0.1499191875 0.36809303125 0.14623165625 0.33300850961538464 0.12789515865384615 0.33493575240384615 0.13158268990384617 0.37002027403846155 0.1499191875 0.36809303125
1 0.15888687740384616 0.37120045192307694 0.1558671658653846 0.34246981971153845 0.14421261298076923 0.34369476201923077 0.14723232451923077 0.3724253966346154 0.15888687740384616 0.37120045192307694
1 0.04115031490384616 0.3063464423076923 0.03858065625 0.28189777884615386 0.014183790865384616 0.28446199278846157 0.01675344951923077 0.30891065625 0.04115031490384616 0.3063464423076923
1 0.04162349038461539 0.3138380216346154 0.03977972355769231 0.2962957596153846 0.015382858173076924 0.29885997355769234 0.017226625 0.3164022355769231 0.04162349038461539 0.3138380216346154
1 0.04209505528846154 0.3257986971153847 0.04016418028846154 0.3074276658653846 0.01631119471153846 0.3099347163461538 0.01824206730769231 0.32830574759615383 0.04209505528846154 0.3257986971153847
1 0.04250074759615385 0.33190082932692305 0.04099089182692307 0.3175355120192308 0.013952329326923077 0.3203773798076923 0.015462185096153845 0.3347426971153846 0.04250074759615385 0.33190082932692305
1 0.03247380528846154 0.34412701682692304 0.030775216346153846 0.3279660360576923 0.012904901442307694 0.32984428125000004 0.014603487980769232 0.34600526201923076 0.03247380528846154 0.34412701682692304
1 0.02313722115384615 0.25977978125 0.02527134375 0.28008460336538465 0.04345244711538462 0.27817369230769234 0.04131832451923077 0.2578688701923077 0.02313722115384615 0.25977978125
1 0.05091754807692307 0.28716485576923073 0.04892860336538462 0.2682413125 0.03649707932692308 0.26954791826923075 0.03848602403846154 0.28847146153846154 0.05091754807692307 0.28716485576923073
1 0.06014575480769231 0.2949931298076923 0.05791000721153846 0.2737214110576923 0.04936333413461538 0.2746197019230769 0.05159908173076923 0.2958914206730769 0.06014575480769231 0.2949931298076923
1 0 0.15230396153846154 0.011090103365384614 0.15113834375 0.007765516826923077 0.11950702403846154 0 0.12032321153846154 0 0.15230396153846154
3 0.23822227403846152 0.39805475721153843 0.24157589663461537 0.4299623341346154 0.2718777355769231 0.42677748317307695 0.2685241129807692 0.3948699038461539 0.23822227403846152 0.39805475721153843
3 0.2729880841346154 0.44481579086538464 0.26935862259615384 0.41028377884615386 0.23719205528846155 0.4136646225961539 0.2408215168269231 0.4481966346153846 0.2729880841346154 0.44481579086538464
3 0.27329403846153844 0.4581904086538462 0.27057920192307694 0.4323604663461538 0.23320693509615384 0.43628844951923074 0.2359217716346154 0.4621183942307692 0.27329403846153844 0.4581904086538462
3 0.27166214423076923 0.48601340625 0.2676697379807692 0.4480281971153846 0.23736789903846153 0.4512130480769231 0.24136030528846156 0.4891982572115384 0.27166214423076923 0.48601340625
2 0.2609573701923077 0.34455186298076923 0.27563490865384616 0.48419931490384616 0.2999540769230769 0.48164326682692304 0.28527653846153844 0.3419958149038462 0.2609573701923077 0.34455186298076923