1 0.8377742139423077 0 0.8279127139423077 0.0017388485576923078 0.8454704759615385 0.10131385336538462 0.9306409591346154 0.086296 0.9154246442307692 0 0.8377742139423077 0
1 0.9395067548076923 0.11858027403846154 0.9269896153846153 0.04759204807692308 0.8325865600961537 0.06423785336538462 0.8451036995192307 0.13522608173076922 0.9395067548076923 0.11858027403846154
1 0.9493709350961539 0.1745228269230769 0.9354067283653846 0.09532787019230769 0.8440811971153847 0.1114310264423077 0.8580454038461538 0.1906259807692308 0.9493709350961539 0.1745228269230769
1 0.9594085264423077 0.23099892548076922 0.942743125 0.13648473798076924 0.8428774639423077 0.15409374999999997 0.8595428653846154 0.2486079375 0.9594085264423077 0.23099892548076922
1 0.8559489278846153 0.20932973798076923 0.86858665625 0.28100185817307693 0.961989516826923 0.2645324158653846 0.9493517884615384 0.19286029326923076 0.8559489278846153 0.20932973798076923
1 0.9756398076923076 0.32305109615384614 0.96201325 0.24577104326923077 0.8609165793269231 0.2635971129807692 0.8745431370192308 0.34087716826923076 0.9756398076923076 0.32305109615384614
1 0.9844431899038462 0.39187352884615384 0.9684048533653846 0.30091559134615387 0.86415371875 0.3192978774038462 0.8801920576923077 0.4102558149038461 0.9844431899038462 0.39187352884615384
1 0.9966946490384616 0.4424590360576923 0.9826580889423078 0.36285374278846155 0.866173795673077 0.3833930673076923 0.8802103581730769 0.46299836057692306 0.9966946490384616 0.4424590360576923
1 1 0.4688529783653846 0.9899843125000001 0.4120511971153846 0.8811938317307693 0.43123389423076924 0.8992339495192307 0.5335444783653845 1 0.515776704326923 1 0.4688529783653846
1 1 0.46176164903846156 0.8823799567307693 0.48250123798076927 0.8994312427884614 0.5792038870192308 1 0.5614709038461538 1 0.46176164903846156
1 1 0.5171870192307693 0.88739584375 0.5370421706730769 0.9071242067307692 0.6489272740384616 1 0.6325507644230769 1 0.5171870192307693
1 1 0.5641505024038461 0.8810396466346154 0.5851264206730769 0.9037586153846154 0.7139721033653846 1 0.6970021490384616 1 0.5641505024038461
1 1 0.6218323750000001 0.8888264975961538 0.6414352620192307 0.9109425240384615 0.7668614711538461 1 0.7511582355769231 1 0.6218323750000001
1 1 0.6793732163461539 0.9019749014423077 0.6966576850961539 0.9223785624999999 0.8123725961538462 1 0.7986858413461538 1 0.6793732163461539
1 0.6931547884615384 0.6326408004807692 0.6789252860576924 0.5519412764423077 0.5074302475961538 0.5821804783653847 0.52165975 0.6628800024038461 0.6931547884615384 0.6326408004807692
1 0.8089354639423078 0.6274569423076923 0.7967077379807692 0.5581100649038462 0.6758379759615385 0.5794226658653846 0.6880656995192307 0.6487695432692308 0.8089354639423078 0.6274569423076923
1 0.5027022355769231 0.45368829326923077 0.4960939567307693 0.4162108870192308 0.4487000841346154 0.42456770673076927 0.4553083605769231 0.4620451129807692 0.5027022355769231 0.45368829326923077
1 0.41087677884615387 0.50654778125 0.4169062283653846 0.5407424975961539 0.46022238221153844 0.5331046899038461 0.4541929326923077 0.49890997596153847 0.41087677884615387 0.50654778125
1 0.35900993990384616 0.5048338846153846 0.3637611466346154 0.5317793173076922 0.4096931947115384 0.5236802572115384 0.40494198798076925 0.49673482451923073 0.35900993990384616 0.5048338846153846
1 0.2971846033653846 0.49613198076923076 0.30251463942307694 0.5263601081730769 0.35244746875 0.5175556033653846 0.3471174350961539 0.48732747596153847 0.2971846033653846 0.49613198076923076
1 0.25376022836538464 0.4901088173076923 0.2581737860576923 0.5151393485576923 0.30256707451923076 0.5073116129807692 0.2981535168269231 0.48228108413461535 0.25376022836538464 0.4901088173076923
1 0.5107551538461539 0.5492980000000001 0.5040262860576923 0.5111366995192308 0.46663436778846157 0.5177299038461538 0.47336323317307694 0.5558912043269231 0.5107551538461539 0.5492980000000001
1 0.4769932716346154 0.5634309567307693 0.47154264903846155 0.5325189375 0.45823235576923077 0.5348659014423076 0.46368297836538463 0.565777920673077 0.4769932716346154 0.5634309567307693
1 0.48688519230769234 0.5718410096153846 0.4820133966346154 0.5442116826923077 0.4723961322115385 0.5459074639423077 0.47726792788461536 0.5735367932692308 0.48688519230769234 0.5718410096153846
1 0.5255429879807691 0.5854741610576923 0.5176323485576924 0.5406106971153846 0.47762453365384616 0.5476651538461538 0.48553517307692307 0.5925286201923077 0.5255429879807691 0.5854741610576923
1 0 0.19341639663461538 0.03995605528846154 0.18637106490384614 0.026450086538461537 0.10977490384615383 0 0.11443876682692308 0 0.19341639663461538
1 0 0.3058184807692308 0.029402896634615386 0.30063395673076926 0.017151052884615384 0.23115029807692308 0 0.2341744903846154 0 0.3058184807692308
1 0.08258804807692308 0.30352571875 0.06920266826923077 0.22761345192307691 0.003420586538461538 0.23921260817307693 0.01680596875 0.31512487259615385 0.08258804807692308 0.30352571875
1 0.10637999038461537 0.3970653677884615 0.09731169711538461 0.3456365168269231 0.007601865384615385 0.36145478124999997 0.01667016105769231 0.41288363221153845 0.10637999038461537 0.3970653677884615
1 0 0.39946337740384613 0.01787327644230769 0.3963118365384615 0.011337350961538463 0.3592447692307692 0 0.3612438485576923 0 0.39946337740384613
1 0 0.3709750216346154 0.04054532211538461 0.36382578605769234 0.034974110576923075 0.33222987259615383 0 0.33839675240384615 0 0.3709750216346154
1 0 0.525686548076923 0.04122828605769231 0.5184168870192308 0.034137651442307695 0.47820390625000003 0 0.4842232932692308 0 0.525686548076923
1 0.0838374326923077 0.5288147427884615 0.07590267548076923 0.4838145 0.018122158653846154 0.4940027644230769 0.026056915865384615 0.5390030072115384 0.0838374326923077 0.5288147427884615
1 0.19718517788461537 0.54267603125 0.18869571153846154 0.49452987499999995 0.09583141826923078 0.5109043557692308 0.10432088461538462 0.5590505120192307 0.19718517788461537 0.54267603125
1 0.22327856009615385 0.5322927740384615 0.21715263942307692 0.4975509423076923 0.18122254326923076 0.503886389423077 0.18734846634615382 0.53862821875 0.22327856009615385 0.5322927740384615
1 0.20196925000000002 0.32281059134615386 0.1938897860576923 0.27698967307692307 0.14988118990384616 0.28474957692307695 0.15796065384615382 0.3305704951923077 0.20196925000000002 0.32281059134615386
1 0.24779107451923077 0.315436125 0.24152044471153847 0.27987362259615384 0.1962039014423077 0.2878641538461538 0.20247452884615386 0.3234266538461539 0.24779107451923077 0.315436125
1 0.2914703822115384 0.32155536778846155 0.2854891658653846 0.2876342115384615 0.23886467548076923 0.29585536778846155 0.24484588942307692 0.3297765240384616 0.2914703822115384 0.32155536778846155
1 0.3892717764423077 0.15636832692307692 0.38090289903846153 0.10890606490384616 0.3309700673076923 0.11771056971153845 0.3393389447115384 0.1651728341346154 0.3892717764423077 0.15636832692307692
1 0.43505730769230766 0.17128323317307695 0.42415606009615386 0.10945918990384616 0.37976277403846154 0.11728692548076923 0.3906640192307692 0.17911096875000002 0.43505730769230766 0.17128323317307695
1 0.39562743269230766 0.3071385528846154 0.4014398221153846 0.3401022548076923 0.4402935649038462 0.33325129086538463 0.43448117548076925 0.30028758894230767 0.39562743269230766 0.3071385528846154
1 0.3441887427884615 0.29660520673076923 0.35091760817307693 0.33476650721153844 0.39238724759615384 0.32745429086538463 0.3856583798076923 0.28929299038461537 0.3441887427884615 0.29660520673076923
1 0.48873506009615386 0.3416335288461539 0.4832844375 0.31072150721153846 0.4403529735576923 0.31829148076923075 0.4458035985576923 0.3492035024038461 0.48873506009615386 0.3416335288461539