1 0.6390092788461538 0.20571967067307695 0.6461013990384615 0.147959 0.5618125168269231 0.13760962740384614 0.5547203990384616 0.19537029567307693 0.6390092788461538 0.20571967067307695
1 0.5279888677884615 0.15024843509615385 0.5220815913461538 0.19835935096153845 0.6204056947115385 0.21043203365384616 0.6263129711538462 0.16232111538461538 0.5279888677884615 0.15024843509615385
1 0.6127435889423076 0.05038865144230769 0.5997611177884615 0.15612238942307693 0.7046763485576922 0.16900436057692309 0.7176588173076923 0.06327062259615385 0.6127435889423076 0.05038865144230769
1 0.5164170528846154 0.566944173076923 0.5209025216346154 0.5304129591346154 0.5029901658653846 0.5282135985576922 0.4985046971153846 0.5647448100961538 0.5164170528846154 0.566944173076923
1 0.5617834206730768 0.5782516706730769 0.56501634375 0.5519216250000001 0.5202742235576923 0.546427983173077 0.5170413004807692 0.5727580288461538 0.5617834206730768 0.5782516706730769
1 0.5782623918269231 0.6222546081730769 0.5827647884615385 0.5855855432692307 0.55004178125 0.5815676634615385 0.5455393870192308 0.6182367283653847 0.5782623918269231 0.6222546081730769
1 0.605479 0.6409889014423077 0.6104722572115384 0.6003220769230769 0.57689628125 0.5961994663461538 0.5719030240384615 0.6368662884615385 0.605479 0.6409889014423077
1 0.518679391826923 0.5260819663461539 0.5222000600961538 0.4974084110576923 0.48149016105769227 0.4924098629807692 0.4779694903846154 0.5210834182692308 0.518679391826923 0.5260819663461539
1 0.35851790625 0.44260765625 0.3552003509615385 0.46962696634615386 0.39591025240384614 0.4746255144230769 0.3992278076923077 0.44760620192307693 0.35851790625 0.44260765625
1 0.3112401706730769 0.4237890096153846 0.30722863942307693 0.4564603221153846 0.3609657067307692 0.4630584038461538 0.3649772403846154 0.4303870913461539 0.3112401706730769 0.4237890096153846
1 0.2883380360576923 0.32568334375 0.28432650240384616 0.35835465384615384 0.29774138461538463 0.36000179567307694 0.3017529158653846 0.32733048557692307 0.2883380360576923 0.32568334375
1 0.2696223317307692 0.31848772596153846 0.26542461057692307 0.35267542788461537 0.2855857043269231 0.3551508966346154 0.28978342548076924 0.3209631971153846 0.2696223317307692 0.31848772596153846
1 0.2872953990384616 0.46366812740384616 0.29002053125 0.4414736947115384 0.26311322596153847 0.43816989182692306 0.26038809375 0.46036432692307694 0.2872953990384616 0.46366812740384616
1 0.2616526442307692 0.48724659134615383 0.2673229543269231 0.441065625 0.2494105985576923 0.4388662620192308 0.24374028846153847 0.4850472307692308 0.2616526442307692 0.48724659134615383
1 0.24673334855769233 0.4869539831730769 0.25033864903846154 0.4575911610576923 0.2292470432692308 0.4550014375 0.22564174278846152 0.4843642596153846 0.24673334855769233 0.4869539831730769
1 0.23031426682692308 0.5059277620192307 0.23588301923076924 0.4605739158653846 0.21122444951923078 0.45754622355769226 0.20565569711538462 0.5029000697115384 0.23031426682692308 0.5059277620192307
1 0.20474746394230767 0.5327339831730769 0.2131598341346154 0.46422072836538464 0.16795245673076925 0.4586699615384615 0.1595400889423077 0.5271832139423077 0.20474746394230767 0.5327339831730769
1 0.15689553365384615 0.5705172644230769 0.16823615384615384 0.47815533173076924 0.10108420192307693 0.46991010817307693 0.08974358413461539 0.5622720408653846 0.15689553365384615 0.5705172644230769
1 0.09958339903846153 0.6071389783653847 0.11417386778846154 0.4883091466346154 0.03337440625 0.47838822115384616 0.0187839375 0.5972180528846154 0.09958339903846153 0.6071389783653847
1 0 0.6503247139423076 0.02231675721153846 0.6530648677884615 0.033674302884615384 0.5605650817307692 0 0.5564303966346154 0 0.6503247139423076
1 0.3128207163461539 0 0.31209417307692305 0.005917221153846154 0.38948175480769226 0.015419223557692308 0.3913749975961538 0 0.3128207163461539 0
1 0.8452323870192308 1 0.86708828125 0.8219980432692308 0.5574604062499999 0.7839805192307693 0.5325956754807692 0.9864875072115384 0.6426461009615385 1 0.8452323870192308 1