1 0.9558571586538461 0.8953714903846154 0.9727559278846154 0.7345904519230769 0.7789795504807693 0.714223733173077 0.7620807836538461 0.8750047716346153 0.9558571586538461 0.8953714903846154
1 0.6887875697115384 0.6769530408653845 0.6786541153846154 0.7733664134615386 0.7503684663461538 0.7809038966346153 0.760501920673077 0.6844905240384616 0.6887875697115384 0.6769530408653845
1 0.6915948605769231 0.7190046250000001 0.69956515625 0.6431723317307692 0.6433125096153846 0.6372599399038462 0.6353422139423077 0.7130922331730769 0.6915948605769231 0.7190046250000001
1 0.6564389879807693 0.6805357644230768 0.6619993221153847 0.6276327259615384 0.6160803798076924 0.6228064495192308 0.6105200480769231 0.6757094903846154 0.6564389879807693 0.6805357644230768
1 0.6069051057692307 0.7101033725961539 0.6168062740384616 0.6159000480769231 0.4423764567307692 0.5975667355769231 0.43247528846153843 0.6917700600961538 0.6069051057692307 0.7101033725961539
1 0 0.5918500432692307 0.09852355769230768 0.6022052860576923 0.11071854567307692 0.4861777331730769 0.003496653846153846 0.47490825721153845 0 0.5081766947115385 0 0.5918500432692307
1 0.21122971634615384 0.5246726658653846 0.21883706490384616 0.45229357451923075 0.11542232692307691 0.44142424759615384 0.10781497836538462 0.5138033389423077 0.21122971634615384 0.5246726658653846
1 0.2434624278846154 0.5094864903846154 0.24732417307692306 0.4727444302884616 0.21049578365384616 0.46887361057692306 0.20663403846153847 0.5056156706730769 0.2434624278846154 0.5094864903846154
1 0.26017697115384614 0.49769682932692305 0.2634580048076923 0.46647989182692307 0.24550999038461538 0.46459347836538456 0.24222895913461537 0.4958104182692308 0.26017697115384614 0.49769682932692305
1 0.27738054567307696 0.4954550336538462 0.28086482692307696 0.4623043028846154 0.25211693028846155 0.4592827764423077 0.24863264663461537 0.49243350721153845 0.27738054567307696 0.4954550336538462
1 0.29423327403846156 0.48982466826923077 0.2975143076923077 0.4586077307692307 0.2702426514423077 0.4557413629807692 0.2669616201923077 0.4869583028846154 0.29423327403846156 0.48982466826923077
1 0.39730148798076925 0.4554097019230769 0.3947899014423077 0.47930585096153844 0.42959816586538463 0.4829643485576923 0.43210975240384614 0.45906819711538466 0.39730148798076925 0.4554097019230769
1 0.3936220288461539 0.4724797139423077 0.3966272211538462 0.44388721153846156 0.3585556802884616 0.4398857307692308 0.35555048798076927 0.4684782355769231 0.3936220288461539 0.4724797139423077
1 0.3307118533653846 0 0.3264309519230769 0.040730055288461534 0.4034287019230769 0.048822843750000004 0.4085601899038461 0 0.3307118533653846 0
1 0.4022484375 0.10190693990384615 0.40860725240384616 0.04140685576923077 0.33603823317307696 0.03377954567307692 0.32967941826923075 0.09427962740384616 0.4022484375 0.10190693990384615
1 0.7736636394230769 0.044303733173076926 0.7632253100961539 0.14361779326923077 0.8849765456730769 0.15641436298076924 0.8954148725961539 0.057100302884615387 0.7736636394230769 0.044303733173076926
1 0.7235242908653846 0.11849695913461539 0.7161347091346154 0.18880413221153847 0.803776951923077 0.19801570192307694 0.8111665336538461 0.12770852884615386 0.7235242908653846 0.11849695913461539
1 0.6990169038461538 0.17303958653846155 0.7059709519230769 0.1068762548076923 0.6106367043269231 0.09685622115384616 0.6036826586538462 0.1630195528846154 0.6990169038461538 0.17303958653846155
1 0.5624868317307692 0.1670689326923077 0.5566942139423077 0.2221820216346154 0.628020079326923 0.22967867307692308 0.6338126995192308 0.17456558173076922 0.5624868317307692 0.1670689326923077
1 0.6372437788461538 0.07465468509615385 0.6436171105769231 0.014016473557692309 0.5947456826923078 0.008879879807692307 0.5883723509615385 0.06951809134615385 0.6372437788461538 0.07465468509615385