1 1 0.1462595625 0.8527487620192308 0.13337674759615384 0.8387433197115384 0.2934596995192308 1 0.30756783173076924 1 0.1462595625
1 1 0.1993783605769231 0.8632353461538462 0.18741300240384615 0.8535876899038463 0.29768622115384613 1 0.31049563942307695 1 0.1993783605769231
1 1 0.24190128365384614 0.8476356923076923 0.22857113461538464 0.839246951923077 0.32445487259615385 1 0.3385189423076923 1 0.24190128365384614
1 0.966919216346154 0.35584056490384613 0.9730443293269231 0.2858302139423077 0.8447064326923077 0.2746021033653846 0.8385813221153846 0.34461245432692306 0.966919216346154 0.35584056490384613
1 0.9308508750000001 0.3952079182692308 0.9358865384615385 0.33765000240384613 0.8388353846153845 0.3291591274038461 0.83379971875 0.3867170408653846 0.9308508750000001 0.3952079182692308
1 0.9248034495192308 0.4526773173076923 0.9311827644230769 0.3797613990384615 0.8233135576923077 0.3703240673076923 0.8169342427884616 0.44323998557692307 0.9248034495192308 0.4526773173076923
1 0.912351579326923 0.5017789110576923 0.9193966682692308 0.42125317307692306 0.8239020673076923 0.4128984783653846 0.8168569783653846 0.49342421634615385 0.912351579326923 0.5017789110576923
1 0.9093374447115384 0.5362306442307692 0.9148694134615384 0.47299995432692304 0.8070002043269231 0.4635626201923077 0.801468235576923 0.5267933100961538 0.9093374447115384 0.5362306442307692
1 0.9023285985576923 0.610067420673077 0.9101241947115385 0.5209633413461539 0.8022549879807692 0.5115260072115384 0.7944593918269232 0.6006300889423077 0.9023285985576923 0.610067420673077
1 0.89697115625 0.6596502788461538 0.9050693774038462 0.5670871875 0.7986788966346154 0.5577792283653846 0.7905806754807692 0.6503423173076922 0.89697115625 0.6596502788461538
1 0.8952714759615384 0.6970053990384616 0.9032365408653846 0.6059642716346154 0.7813583461538461 0.5953013125 0.77339328125 0.6863424399038462 0.8952714759615384 0.6970053990384616
1 0.7761133389423077 0.6462881995192308 0.7677851225961538 0.7414801370192308 0.8780669879807692 0.7511285504807692 0.8863952043269231 0.6559366129807693 0.7761133389423077 0.6462881995192308
1 0.8730519735576923 0.7994865937500001 0.8821185913461539 0.6958546706730769 0.77339328125 0.6863424399038462 0.7643266610576924 0.789974360576923 0.8730519735576923 0.7994865937500001
1 0.8650711009615384 0.8691951634615385 0.8749850673076923 0.755878016826923 0.7508498701923076 0.74501759375 0.7409359038461538 0.8583347403846153 0.8650711009615384 0.8691951634615385
1 0.960521548076923 0.9497652572115385 0.9706170889423077 0.834372704326923 0.8621252596153847 0.8248808990384616 0.85202971875 0.9402734519230769 0.960521548076923 0.9497652572115385
1 1 0.2940441466346154 0.933933375 0.2882640673076923 0.925399375 0.3858081298076923 1 0.3923348389423077 1 0.2940441466346154
1 1 0.38020535096153846 0.9331456899038462 0.37435635576923076 0.9270568942307692 0.443951625 1 0.45033331971153845 1 0.38020535096153846
1 1 0.4223100168269231 0.9261433990384614 0.41584840144230767 0.9183114879807692 0.5053675625 0.9987853413461539 0.5124081129807693 1 0.4985245 1 0.4223100168269231
1 1 0.4804479134615385 0.9210956298076923 0.47354467548076923 0.9129247788461539 0.5669379302884615 0.9933986322115385 0.5739784783653846 1 0.4985245 1 0.4804479134615385
1 0.9897914927884616 0.6277576322115385 0.9965702740384615 0.5502758221153846 0.9116602403846154 0.54284715625 0.9048814615384615 0.6203289663461539 0.9897914927884616 0.6277576322115385
1 0.9811724759615384 0.7011746971153846 0.9898759447115384 0.6016935865384615 0.9026310817307692 0.5940606514423077 0.8939276129807693 0.6935417596153847 0.9811724759615384 0.7011746971153846
1 0.9751388653846154 0.7566934326923077 0.9829707764423077 0.6671742692307692 0.8924571490384616 0.6592553533653847 0.8846252379807692 0.7487745168269231 0.9751388653846154 0.7566934326923077
1 0.9711861634615384 0.8404175264423077 0.9826616682692308 0.709251891826923 0.8809408509615384 0.7003524735576924 0.8694653461538462 0.8315181081730769 0.9711861634615384 0.8404175264423077
1 0.8734114230769231 0.7738648677884614 0.8645505889423077 0.8751446610576923 0.9673609951923077 0.88413940625 0.976221829326923 0.7828596129807692 0.8734114230769231 0.7738648677884614
1 0.625214235576923 0.6491194735576923 0.6318356490384616 0.5734363461538462 0.47221101442307695 0.5594710024038462 0.4655895985576923 0.6351541274038461 0.625214235576923 0.6491194735576923
1 0.7339622596153846 0.6789889278846153 0.7405957788461539 0.6031674423076923 0.6089891201923077 0.5916533509615385 0.6023556009615384 0.6674748365384615 0.7339622596153846 0.6789889278846153
1 0.4989336899038461 0.5704529375 0.5021293990384615 0.5339257980769231 0.4612698509615385 0.5303510504807692 0.4580741418269231 0.5668781923076923 0.4989336899038461 0.5704529375
1 0.5114203052884615 0.5352963245192307 0.5140955024038462 0.5047186802884616 0.4632740072115385 0.5002723774038461 0.46059881009615383 0.5308500192307692 0.5114203052884615 0.5352963245192307
1 0.4692257932692308 0.5505658245192308 0.4719857235576923 0.5190196610576924 0.4519840024038461 0.5172697355769231 0.4492240721153846 0.5488159014423076 0.4692257932692308 0.5505658245192308
1 0.41662224038461537 0.4867103581730769 0.4141407235576923 0.5150742331730769 0.45601203125 0.5187374975961538 0.45849355048076923 0.49037362259615386 0.41662224038461537 0.4867103581730769
1 0.5169780528846154 0.45742884855769234 0.5203190216346154 0.41924138701923075 0.47229932451923073 0.41504020913461537 0.46895835336538466 0.4532276706730769 0.5169780528846154 0.45742884855769234
1 0.5325735120192308 0.350882641826923 0.5353818629807692 0.3187830360576923 0.49047527403846153 0.31485421874999997 0.48766692307692305 0.34695382451923074 0.5325735120192308 0.350882641826923
1 0.44229458173076924 0.2972546899038461 0.4392925504807692 0.3315680625 0.48521089903846154 0.33558539663461534 0.4882129302884615 0.30127202403846154 0.44229458173076924 0.2972546899038461
1 0.3948264447115385 0.2795780817307692 0.3921996658653846 0.30960228125 0.4374175673076923 0.31355833653846155 0.44004434375 0.2835341370192308 0.3948264447115385 0.2795780817307692
1 0.41357150721153846 0.4964816514423077 0.4157504014423077 0.47157678365384614 0.3724003653846154 0.4677841466346154 0.3702214735576923 0.49268901442307694 0.41357150721153846 0.4964816514423077
1 0.32047525721153847 0.4463715360576923 0.31833267788461533 0.47086132451923074 0.3588809158653846 0.4744088341346154 0.3610234951923077 0.44991904807692307 0.32047525721153847 0.4463715360576923
1 0.3193079831730769 0.4588171610576923 0.3214505625 0.4343273774038462 0.2787231490384615 0.4305892115384615 0.2765805697115385 0.45507899759615383 0.3193079831730769 0.4588171610576923
1 0.3579621682692308 0.2868093317307692 0.36119419471153846 0.24986711057692307 0.3164432620192308 0.24595191346153847 0.3132112355769231 0.2828941322115385 0.3579621682692308 0.2868093317307692
1 0.2807669110576923 0.23153766346153845 0.27861222836538463 0.25616581009615386 0.31316773076923077 0.2591890264423077 0.3153224158653846 0.23456087740384615 0.2807669110576923 0.23153766346153845
1 0.27063563701923077 0.2451509110576923 0.27253611538461536 0.22342833173076923 0.22910825240384616 0.21962888701923078 0.22720777403846154 0.24135146634615384 0.27063563701923077 0.2451509110576923
1 0.2165547548076923 0.4590291009615385 0.22073096634615386 0.41129477163461536 0.13800011057692307 0.4040567596153846 0.13382389663461539 0.45179108894230774 0.2165547548076923 0.4590291009615385
1 0.24347267548076923 0.4534372067307692 0.24569999038461537 0.42797889663461536 0.21760418509615384 0.4255208341346154 0.21537687259615385 0.4509791418269231 0.24347267548076923 0.4534372067307692
1 0.12577097596153847 0.4201354375 0.1295598293269231 0.3768286418269231 0.06527413942307693 0.37120437259615385 0.06148528605769231 0.41451116826923073 0.12577097596153847 0.4201354375
1 0.02315361298076923 0.3524620072115384 0.019909483173076923 0.3895425865384615 0.06800700961538461 0.3937505745192308 0.07125113942307693 0.3566699951923077 0.02315361298076923 0.3524620072115384
1 0.025409120192307694 0.3732934110576923 0.027926951923076922 0.34451445432692307 0.012050100961538461 0.34312540865384616 0.009532266826923076 0.3719043677884616 0.025409120192307694 0.3732934110576923
1 0.045994168269230765 0.2643953485576923 0.048512002403846156 0.23561638942307692 0.022906685096153845 0.23337621394230768 0.020388853365384617 0.26215517307692304 0.045994168269230765 0.2643953485576923
1 0.11320612259615384 0.26525653365384616 0.11655919951923077 0.22693071153846153 0.051339576923076925 0.22122473317307692 0.04798650240384616 0.25955055528846155 0.11320612259615384 0.26525653365384616
1 0.09397940144230768 0.27974706490384615 0.09688459375000001 0.2465405769230769 0.051044072115384614 0.24253005048076923 0.048138879807692304 0.27573653846153845 0.09397940144230768 0.27974706490384615
1 0.15900035817307692 0.30565147836538464 0.16274079086538462 0.26289812259615386 0.0891157764423077 0.2564567692307692 0.08537534375 0.299210125 0.15900035817307692 0.30565147836538464
1 0.19440051201923078 0.21296744951923077 0.19978722115384617 0.15139708173076924 0.11674505288461538 0.1441318341346154 0.11135834375 0.20570219951923077 0.19440051201923078 0.21296744951923077
1 0.12102949038461538 0.18479888701923078 0.12481834374999999 0.1414920889423077 0.07026111778846154 0.13671894951923075 0.06647226442307692 0.18002574759615383 0.12102949038461538 0.18479888701923078
1 0.031191608173076923 0.13330081009615385 0.02833483653846154 0.16595386057692307 0.07145138701923076 0.16972606971153845 0.07430815865384616 0.13707301923076923 0.031191608173076923 0.13330081009615385
1 0.16375420673076924 0.10251503125 0.16938301442307693 0.03817745673076923 0.09630279326923077 0.03178376682692308 0.09067398557692306 0.09612134134615384 0.16375420673076924 0.10251503125
1 0.05697217067307692 0.032246526442307695 0.05206966105769231 0.08828247836538461 0.11573272836538462 0.09385227644230769 0.12063523798076922 0.03781632451923077 0.05697217067307692 0.032246526442307695
1 0.034646579326923076 0.08215731490384615 0.06383197115384615 0.08471070673076923 0.06815344230769231 0.03531605048076923 0.038968050480769234 0.03276266105769231 0.034646579326923076 0.08215731490384615
1 0.47894646153846154 0.1660609903846154 0.4838489735576923 0.11002503846153845 0.44330073557692307 0.1064775264423077 0.43839822596153843 0.16251347836538463 0.47894646153846154 0.1660609903846154
1 0.5231353701923077 0.17550379567307692 0.5272147427884616 0.1288763485576923 0.48160770432692307 0.12488625 0.4775283317307692 0.1715136971153846 0.5231353701923077 0.17550379567307692