2 1 0.32643728125 0.923447173076923 0.3129389519230769 0.8871112932692308 0.5190099759615385 0.9980560408653846 0.5385725264423077 1 0.5275477860576923 1 0.32643728125
2 0.920803295673077 0.5924766538461539 0.969403079326923 0.3168535841346154 0.822682110576923 0.29098271875 0.774082326923077 0.5666057884615385 0.920803295673077 0.5924766538461539
1 0.7815491995192307 0.5242590552884615 0.7885168317307693 0.4847436442307692 0.768051295673077 0.48113501682692306 0.7610836634615384 0.5206504278846154 0.7815491995192307 0.5242590552884615
1 0.7621683173076923 0.5293458798076923 0.7696351899038463 0.4869991466346154 0.7508622908653847 0.48368897836538466 0.7433954182692308 0.5260357115384615 0.7621683173076923 0.5293458798076923
1 0.7412248173076923 0.5383458100961538 0.7484529230769231 0.49735318509615384 0.7212168341346155 0.4925507283653846 0.7139887283653846 0.5335433509615385 0.7412248173076923 0.5383458100961538
1 0.7091916971153847 0.5607486658653846 0.7192849975961538 0.5035067139423076 0.6399618100961538 0.48951989663461537 0.6298685096153847 0.5467618485576924 0.7091916971153847 0.5607486658653846
1 0.6242356923076924 0.5584614615384615 0.6314420913461538 0.5175919399038462 0.49580021153846154 0.49367461778846156 0.48859381249999995 0.5345441394230769 0.6242356923076924 0.5584614615384615
1 0.4870094879807692 0.53858034375 0.4928049975961538 0.5057123846153846 0.3862457211538462 0.48692310817307694 0.38045021153846154 0.5197910673076923 0.4870094879807692 0.53858034375
1 0.385181045673077 0.5177058894230769 0.3909548485576923 0.48496103125 0.2851649519230769 0.46630742067307696 0.2793911514423077 0.4990522764423077 0.385181045673077 0.5177058894230769
1 0.2985119927884615 0.4855423293269231 0.3042857932692308 0.45279747355769234 0.24458182451923077 0.44227005048076923 0.2388080216346154 0.47501490865384616 0.2985119927884615 0.4855423293269231
1 0.23553106009615382 0.47875265624999996 0.24252039903846154 0.4391141442307692 0.15119486778846153 0.4230109879807692 0.14420552884615384 0.4626495 0.23553106009615382 0.47875265624999996
1 0.1494908341346154 0.45786966826923076 0.15357156490384616 0.43472668509615386 0.11179417548076923 0.42736020432692307 0.1077134423076923 0.45050318749999996 0.1494908341346154 0.45786966826923076
1 0.10618263221153847 0.4488370504807693 0.11100136778846154 0.42150863701923075 0.07691778846153846 0.41549878124999995 0.07209905048076923 0.44282719711538465 0.10618263221153847 0.4488370504807693
1 0.07810022355769232 0.4438853653846154 0.08268019471153847 0.41791106009615386 0.04767335576923077 0.41173841105769227 0.04309338461538462 0.4377127163461539 0.07810022355769232 0.4438853653846154
1 0 0.6535080432692308 0.27055806490384615 0.7012147307692308 0.3001650793269231 0.5333050072115385 0 0.4803778052884615 0 0.6535080432692308
1 0 0.7547968485576924 0.25577561778846153 0.7998969903846154 0.2851438653846154 0.6333413798076923 0 0.5830628221153846 0 0.7547968485576924
1 0 0.8139454471153846 0.23627416105769233 0.8556069567307693 0.26757424519230766 0.6780953605769231 0 0.6309148004807692 0 0.8139454471153846