1 1 0.03601664663461539 0.8653036706730769 0.03366551442307692 0.8625718846153846 0.1901694519230769 1 0.19256826923076925 1 0.03601664663461539
1 1 0.08171805288461538 0.8590382764423077 0.07925755528846154 0.8559671370192308 0.25520297836538464 1 0.25771708173076924 1 0.08171805288461538
1 1 0.16631426923076922 0.8520941754807693 0.16373256490384616 0.8497744615384615 0.29662898798076925 1 0.29925118269230766 1 0.16631426923076922
1 1 0.23563038221153845 0.8461978413461538 0.23294575721153846 0.844021139423077 0.35764898076923074 0.9983726274038461 0.36034319711538465 1 0.2671110408653846 1 0.23563038221153845
1 1 0.31314218749999995 0.8503131971153847 0.3105293966346154 0.8482576923076923 0.4282892331730769 1 0.43093790625 1 0.31314218749999995
1 0.9959559543269231 0.49879433173076926 0.9976236274038462 0.4032533293269231 0.843272139423077 0.4005591129807692 0.8416044663461538 0.49610011538461535 0.9959559543269231 0.49879433173076926
1 0.9974588581730769 0.5917513846153846 0.9995870817307692 0.4698255120192308 0.8296910865384616 0.4668599663461538 0.8275628629807692 0.5887858389423077 0.9974588581730769 0.5917513846153846
1 0.9952500240384615 0.6735308437499999 0.9977418389423077 0.5307748149038461 0.8301892379807693 0.5278501730769231 0.827697420673077 0.670606204326923 0.9952500240384615 0.6735308437499999
1 0.8258066850961538 0.5998679879807692 0.8229537019230769 0.7633153125000001 0.9928496971153845 0.7662808581730769 0.9957026802884615 0.6028335336538462 0.8258066850961538 0.5998679879807692
1 0.9905196634615384 0.8550037067307692 0.9940028750000001 0.6554507692307693 0.8155144375 0.6523352427884616 0.8120312283653845 0.8518881802884616 0.9905196634615384 0.8550037067307692
1 0.9909397740384616 0.9562764639423077 0.9949538293269231 0.7263114927884615 0.8126378509615384 0.72312915625 0.8086237980769231 0.953094125 0.9909397740384616 0.9562764639423077
1 0.9847851322115384 1 0.9885726322115385 0.7830143173076922 0.7975860985576924 0.7796806346153846 0.7937901995192308 0.9971475096153846 0.9572093653846154 1 0.9847851322115384 1