1 0.572694514423077 0.8203029711538462 0.5271224783653846 0.637523514423077 0.18092399519230767 0.7238404903846154 0.22649603124999998 0.9066199495192309 0.572694514423077 0.8203029711538462
1 0.6665695625 0.7027249735576924 0.6377203774038461 0.5870172091346154 0.5167366274038462 0.61718184375 0.5455858149038462 0.732889610576923 0.6665695625 0.7027249735576924
1 0.7411010528846155 0.6112262716346154 0.7199933677884616 0.52656796875 0.625844360576923 0.550041954326923 0.6469520456730768 0.6347002548076923 0.7411010528846155 0.6112262716346154
1 0.8280609495192308 0.4982066009615385 0.8123057860576922 0.4350160913461538 0.7030717139423076 0.46225120673076925 0.7188268774038461 0.5254417139423077 0.8280609495192308 0.4982066009615385
1 0.8489279302884616 0.46015306971153846 0.8368620769230769 0.41175956971153843 0.7922891153846153 0.4228728581730769 0.8043549711538461 0.4712663557692308 0.8489279302884616 0.46015306971153846
1 0.8847326899038461 0.4355090817307692 0.8720015504807692 0.3844472692307692 0.8350090264423078 0.39367054326923073 0.8477401658653847 0.44473235576923076 0.8847326899038461 0.4355090817307692
1 0.8988340913461539 0.4051972548076923 0.8894596177884615 0.3675982932692308 0.8663392908653846 0.3733628389423077 0.8757137644230769 0.41096179807692307 0.8988340913461539 0.4051972548076923
1 0.9167594567307693 0.39248304807692314 0.9067499399038461 0.35233706249999996 0.8844634591346154 0.3578937067307692 0.8944729783653845 0.39803969230769226 0.9167594567307693 0.39248304807692314
1 0.9283233701923077 0.3716929302884615 0.9197653822115384 0.33736871874999996 0.9023303822115385 0.34171575240384616 0.9108883677884615 0.3760399639423077 0.9283233701923077 0.3716929302884615
1 0.9370187812499999 0.3565134230769231 0.9297308846153847 0.32728326442307687 0.9127507091346154 0.33151689903846154 0.9200386057692308 0.3607470576923077 0.9370187812499999 0.3565134230769231
1 0.9637209038461538 0.34380098076923077 0.9570982932692308 0.31723913461538467 0.9242750072115384 0.3254228990384615 0.9308976201923076 0.3519847451923077 0.9637209038461538 0.34380098076923077
1 0.6664843485576923 0 0.6831459110576923 0.06682587259615384 0.8267193557692308 0.031028990384615387 0.8189829591346154 0 0.6664843485576923 0
1 0.6503810096153846 0 0.6656565408653846 0.06126680528846154 0.8033930504807691 0.026925235576923078 0.7966798341346154 0 0.6503810096153846 0
1 0.6088343990384616 0 0.6181649495192307 0.037422790865384616 0.7681817644230768 0.000019399038461538464 0.7681769278846153 0 0.6088343990384616 0
1 0.8121786995192307 0 0.799936860576923 0.003052233173076923 0.8097044567307693 0.04222792307692307 0.8610240048076924 0.02943252403846154 0.8536856538461539 0 0.8121786995192307 0
1 0.8582754038461539 0.013241528846153846 0.8643234519230769 0.037498920673076926 0.8753908870192307 0.0347395 0.8693428389423077 0.01048210576923077 0.8582754038461539 0.013241528846153846
1 0.8543297860576923 0 0.8597555456730769 0.02176153125 0.8708229807692308 0.019002108173076925 0.8660852235576922 0 0.8543297860576923 0
1 1 0.4805892451923077 0.990776298076923 0.44359499759615384 0.6320700961538462 0.5330304975961538 0.7148981057692307 0.8652354975961539 1 0.7941516129807693 1 0.4805892451923077
1 1 0.5769497908653846 0.65087471875 0.6639965000000001 0.7238746490384614 0.956783235576923 1 0.8879374519230769 1 0.5769497908653846
1 1 0.7917039038461537 0.7114429759615385 0.8636492524038462 0.7346069975961539 0.9565550673076924 1 0.890385158653846 1 0.7917039038461537
3 0.3510492403846154 0.24199561778846151 0.32053684134615384 0.11961706971153846 0.13565002403846155 0.16571452884615387 0.16616242307692308 0.2880930793269231 0.3510492403846154 0.24199561778846151
3 0.5972498028846154 0.22351021634615384 0.57175728125 0.12126530288461537 0.40703442067307694 0.16233532451923077 0.4325269423076923 0.26458023798076924 0.5972498028846154 0.22351021634615384
3 0.6888382524038461 0.22205988221153847 0.6640412596153846 0.12260456971153846 0.5497282932692308 0.15110599278846154 0.5745252884615385 0.25056130528846154 0.6888382524038461 0.22205988221153847
3 0.6339228124999999 0.35994078125 0.6104563894230769 0.26582209615384617 0.47514561778846154 0.29955886057692305 0.49861204326923075 0.3936775456730769 0.6339228124999999 0.35994078125
3 0.5083613774038461 0.3898296706730769 0.49027771634615386 0.31730006490384616 0.40287529807692307 0.3390919350961538 0.4209589591346154 0.41162154086538466 0.5083613774038461 0.3898296706730769
3 0.5273423822115384 0.43366484134615385 0.5099240072115385 0.36380354807692306 0.4149411514423077 0.38748543509615385 0.4323595288461538 0.45734672596153847 0.5273423822115384 0.43366484134615385
3 0.6469072860576923 0.39393430769230775 0.6271301706730769 0.3146126298076923 0.4918193990384615 0.34834939423076927 0.511596514423077 0.42767107211538463 0.6469072860576923 0.39393430769230775
3 0.6814652668269231 0.3752695504807692 0.6647121754807692 0.3080765721153846 0.6168038245192308 0.32002146634615386 0.6335569158653847 0.3872144447115385 0.6814652668269231 0.3752695504807692
3 0.6981300841346154 0.4382332596153846 0.6820422764423076 0.37370859375 0.6408047091346153 0.3839902740384616 0.656892514423077 0.4485149399038461 0.6981300841346154 0.4382332596153846
3 0.664852625 0.46946141346153847 0.6450452692307693 0.39001845192307694 0.5878887860576923 0.40426916346153846 0.6076961418269231 0.483712125 0.664852625 0.46946141346153847
3 0.6085255072115385 0.49059081009615385 0.5850590841346154 0.39647212499999995 0.4438355721153846 0.4316831009615385 0.4673019975961538 0.5258017860576923 0.6085255072115385 0.49059081009615385
3 0.4731602067307692 0.5386409350961539 0.4483329711538462 0.43906433653846155 0.30885296153846153 0.47384060817307694 0.3336801971153846 0.5734172067307692 0.4731602067307692 0.5386409350961539
3 0.52122546875 0.6380920168269231 0.48901961778846154 0.5089213990384616 0.3242967572115385 0.5499914206730769 0.3565026081730769 0.6791620384615384 0.52122546875 0.6380920168269231
3 0.5487258245192308 0.7054395889423077 0.521902735576923 0.5978580504807692 0.35376867788461536 0.6397785793269232 0.38059176923076926 0.7473601177884616 0.5487258245192308 0.7054395889423077
3 0.5863952860576923 0.5846124399038461 0.5602677211538462 0.47982050240384616 0.46361717067307695 0.5039181899038462 0.4897447355769231 0.6087101274038461 0.5863952860576923 0.5846124399038461
3 0.6082317524038461 0.6434525216346153 0.5854306129807691 0.5520021514423077 0.50477478125 0.5721119086538462 0.5275759206730769 0.6635622788461538 0.6082317524038461 0.6434525216346153
3 0.576856733173077 0.542803108173077 0.5972991322115384 0.6247930985576923 0.6486186802884616 0.6119976971153845 0.6281762788461538 0.5300077091346154 0.576856733173077 0.542803108173077
3 0.6295951249999999 0.5395736057692307 0.6118441057692308 0.46837815865384613 0.5572649711538461 0.4819862644230769 0.5750159903846154 0.5531817139423076 0.6295951249999999 0.5395736057692307
3 0.6770568028846153 0.5148574110576922 0.6596384254807692 0.44499612019230766 0.5990707475961539 0.4600973365384616 0.6164891225961538 0.5299586298076924 0.6770568028846153 0.5148574110576922
3 0.68798640625 0.5622459423076923 0.669539860576923 0.48826089423076924 0.6005578990384616 0.5054600288461539 0.6190044447115385 0.5794450769230769 0.68798640625 0.5622459423076923
3 0.6661029086538461 0.4819035264423077 0.6835515240384615 0.5518861057692308 0.7272906370192308 0.5409807211538461 0.7098420192307693 0.47099814182692307 0.6661029086538461 0.4819035264423077
3 0.7116995528846153 0.48200058413461544 0.6966096754807692 0.4214783870192308 0.6520367163461539 0.4325916754807692 0.6671265937499999 0.4931138701923077 0.7116995528846153 0.48200058413461544
3 0.8159681153846154 0.44453793509615386 0.8017552043269232 0.38753306009615385 0.7060901105769232 0.41138504807692305 0.7203030216346153 0.46838992067307694 0.8159681153846154 0.44453793509615386
3 0.8425239278846154 0.4234882355769231 0.8300649519230769 0.3735180048076923 0.7798066634615384 0.3860488028846154 0.7922656418269232 0.43601903365384614 0.8425239278846154 0.4234882355769231
3 0.7354427740384615 0.30628713701923077 0.7242841274038461 0.26153224759615384 0.6509055120192309 0.2798275913461538 0.6620641586538463 0.32458248076923074 0.7354427740384615 0.30628713701923077
3 0.8264431298076923 0.2759974254807692 0.8149518389423077 0.2299083798076923 0.7136014182692307 0.2551778774038462 0.7250927067307693 0.30126692307692304 0.8264431298076923 0.2759974254807692
3 0.8406424254807692 0.2586726875 0.8323868389423077 0.22556134374999998 0.8125260985576923 0.2305131826923077 0.8207816850961538 0.26362452403846154 0.8406424254807692 0.2586726875
3 0.8561925889423077 0.2864869639423077 0.8486022884615385 0.25604393509615386 0.8372316370192308 0.2588789567307692 0.8448219350961538 0.28932198557692307 0.8561925889423077 0.2864869639423077
3 0.8498656971153846 0.29566521153846154 0.8409750673076922 0.26000684375 0.8214933485576924 0.26486418028846154 0.8303839783653846 0.3005225480769231 0.8498656971153846 0.29566521153846154
3 0.8330657403846153 0.3025592716346154 0.8240239086538461 0.26629446875 0.7478405336538461 0.28528911778846155 0.7568823653846154 0.321553920673077 0.8330657403846153 0.3025592716346154
3 0.8445333100961538 0.3382192692307692 0.8354914807692307 0.30195446634615386 0.7552146682692308 0.32196972355769227 0.7642565 0.3582345264423077 0.8445333100961538 0.3382192692307692
3 0.8580910408653846 0.3286552644230769 0.8492004110576924 0.29299689663461537 0.8309315625 0.2975518341346154 0.8398221923076924 0.33321020192307693 0.8580910408653846 0.3286552644230769
3 0.8642890673076923 0.3554517980769231 0.8561846826923076 0.3229468918269231 0.8404173774038461 0.32687812259615384 0.8485217620192308 0.35938302884615386 0.8642890673076923 0.3554517980769231
3 0.8543517692307692 0.3688797163461538 0.8453099374999999 0.3326149134615385 0.755330170673077 0.35504938942307696 0.7643720024038461 0.39131419230769227 0.8543517692307692 0.3688797163461538
3 0.8580474375 0.39758842307692305 0.8491568076923077 0.36193005528846156 0.8325556538461538 0.3660691875 0.8414462836538461 0.40172755528846155 0.8580474375 0.39758842307692305
3 0.8433376394230769 0.3592584831730769 0.8528633149038461 0.3974638774038462 0.8743159471153846 0.39211513461538466 0.8647902716346153 0.35390974038461537 0.8433376394230769 0.3592584831730769
3 0.7198098725961538 0.16963492548076922 0.7311197211538462 0.21499625 0.8110175096153847 0.19507549278846154 0.7997076610576923 0.14971416826923079 0.7198098725961538 0.16963492548076922
3 0.8988593533653847 0.24544584374999998 0.8920553004807693 0.2181562764423077 0.8778798846153847 0.22169060336538463 0.8846839399038462 0.24898017067307693 0.8988593533653847 0.24544584374999998
3 0.949341875 0.2858069110576923 0.9399674014423076 0.24820795192307693 0.8998668990384615 0.2582061298076923 0.9092413725961539 0.2958050889423077 0.949341875 0.2858069110576923
3 0.8682148269230769 0.16419595673076925 0.8771054567307692 0.19985432451923077 0.8901438076923077 0.19660349759615384 0.8812531778846153 0.16094512980769232 0.8682148269230769 0.16419595673076925
3 0.7933078173076923 0.15440166826923077 0.8067042427884614 0.2081317956730769 0.8352824831730769 0.20100643990384615 0.8218860576923077 0.1472763125 0.7933078173076923 0.15440166826923077
3 0.8537832283653847 0.18930821634615386 0.8430479447115384 0.14625134374999998 0.8103004639423077 0.1544162091346154 0.8210357475961538 0.19747308173076925 0.8537832283653847 0.18930821634615386
3 0.8837343485576923 0.31234201442307696 0.8745413173076924 0.2754707764423077 0.8518758149038461 0.28112192067307695 0.8610688485576923 0.31799315865384614 0.8837343485576923 0.31234201442307696
3 0.8939967932692308 0.3360639471153846 0.8847735216346154 0.2990714230769231 0.8645337572115385 0.3041177620192308 0.87375703125 0.34111028605769234 0.8939967932692308 0.3360639471153846
3 0.9092498533653846 0.354290298076923 0.9009942668269232 0.32117895673076924 0.8848479399038461 0.3252046899038462 0.8931035264423077 0.35831603125 0.9092498533653846 0.354290298076923
3 0.8793665528846154 0.3397116754807692 0.8874406971153845 0.3720952956730769 0.8996451971153847 0.36905237259615387 0.8915710528846154 0.3366687524038462 0.8793665528846154 0.3397116754807692
3 0.8882281658653847 0.3733160528846154 0.8794887355769231 0.33826411778846155 0.8660713653846154 0.3416094447115385 0.8748107932692307 0.3766613774038462 0.8882281658653847 0.3733160528846154
3 0.8601422427884615 0.321058375 0.8695167139423077 0.35865733413461537 0.8852840216346153 0.3547261033653846 0.8759095480769231 0.3171271442307692 0.8601422427884615 0.321058375
3 0.8424578990384616 0.2882366586538462 0.8534653461538462 0.3323851153846154 0.8705213245192307 0.3281325817307692 0.8595138798076923 0.28398412740384615 0.8424578990384616 0.2882366586538462
3 0.7290943677884615 0.3974045336538462 0.7148512163461539 0.34027837259615384 0.6664880384615385 0.35233666586538465 0.6807311899038461 0.4094628269230769 0.7290943677884615 0.3974045336538462