1 0.4505482355769231 0.5923308870192308 0.45470456009615384 0.5328926947115384 0.40887896153846154 0.5296882572115384 0.4047226370192308 0.5891264495192308 0.4505482355769231 0.5923308870192308
1 0.4800940336538462 0.6166734182692307 0.4835721682692308 0.566933764423077 0.4478001466346154 0.5644323413461538 0.4443220096153846 0.6141719951923077 0.4800940336538462 0.6166734182692307
1 0.5423212548076923 0.6877150000000001 0.5488899903846154 0.5937777211538461 0.4796839855769231 0.5889383653846154 0.47311525 0.6828756466346154 0.5423212548076923 0.6877150000000001
1 0.6312400408653847 0.7578384783653846 0.6399402235576923 0.6334200745192308 0.5341828461538461 0.626024798076923 0.5254826658653846 0.750443204326923 0.6312400408653847 0.7578384783653846
1 0.7548182548076923 0.9012526538461538 0.7678685288461539 0.7146250456730769 0.6177663125 0.7041288774038462 0.6047160384615384 0.890756485576923 0.7548182548076923 0.9012526538461538
1 0.9624983870192308 1 0.9735329134615385 0.8421988990384615 0.7820473774038461 0.8288089254807692 0.77007653125 1 0.9624983870192308 1
1 0.46838185096153845 0.00018802403846153844 0.46418677403846154 0.06018041826923077 0.5969095528846153 0.06946129807692308 0.6011046298076923 0.009468903846153846 0.46838185096153845 0.00018802403846153844
1 0.510594391826923 0.10770006971153846 0.5145666346153847 0.050894338942307694 0.4308647764423077 0.04504133653846154 0.42689253365384616 0.10184706730769232 0.510594391826923 0.10770006971153846
1 0.43866509134615383 0.13956571394230768 0.4419591466346154 0.09245852403846154 0.4046284302884615 0.08984810576923077 0.40133437499999997 0.1369552956730769 0.43866509134615383 0.13956571394230768
1 0.4398594735576923 0.15496431971153848 0.4424365865384615 0.11810987019230769 0.39435088221153847 0.11474738942307693 0.39177376923076923 0.1516018389423077 0.4398594735576923 0.15496431971153848
1 0.5072964975961539 0.2970980528846154 0.5110943509615384 0.2427862331730769 0.40666186538461535 0.23548360096153848 0.4028640120192308 0.2897954230769231 0.5072964975961539 0.2970980528846154
1 0.03640519471153846 0 0.03369833653846154 0.03870987019230769 0.14802852884615383 0.046704617788461536 0.1512944326923077 0 0.03640519471153846 0
1 0.17547578605769232 0.03497956971153846 0.17289867067307693 0.07183401923076924 0.24444271874999998 0.07683686538461539 0.24701983173076922 0.03998241586538461 0.17547578605769232 0.03497956971153846
1 0.07103263942307693 0.45677701682692307 0.0740166658653846 0.4141034447115385 0.03691975480769231 0.411509375 0.03393572596153846 0.4541829471153846 0.07103263942307693 0.45677701682692307
1 0.020105951923076924 0.4626833822115385 0.023370942307692308 0.41599184375 0.0057577019230769235 0.41476020432692307 0.0024927115384615383 0.46145174519230764 0.020105951923076924 0.4626833822115385
1 0.10122157692307693 0.4562426995192308 0.10467064663461538 0.4069186971153846 0.06157276201923077 0.403905 0.05812369230769231 0.453229 0.10122157692307693 0.4562426995192308
1 0.11079058653846154 0.43811604326923076 0.1131642451923077 0.40417115625 0.08089928365384616 0.40191497115384617 0.078525625 0.43585985817307693 0.11079058653846154 0.43811604326923076
1 0.1319875408653846 0.4362568076923077 0.13379927163461539 0.4103478509615384 0.11018506009615384 0.40869658413461535 0.10837332932692309 0.4346055408653846 0.1319875408653846 0.4362568076923077
1 0.15003504807692308 0.4267982524038461 0.15204054807692308 0.39811828605769234 0.12538688221153846 0.39625448076923075 0.12338138461538461 0.4249344471153846 0.15003504807692308 0.4267982524038461
1 0.15712710576923075 0.4272941778846154 0.15875475721153845 0.4040176826923077 0.14114151682692308 0.40278604567307696 0.13951386538461538 0.42606254086538464 0.15712710576923075 0.4272941778846154
1 0.17248821875 0.42377380528846154 0.17430963701923077 0.39772630048076923 0.14991607932692308 0.3960205360576923 0.1480946610576923 0.42206804086538463 0.17248821875 0.42377380528846154
1 0.3770995576923077 0.49808890865384614 0.3744643125 0.5357746634615385 0.4148344831730769 0.5385976201923077 0.4174697259615385 0.5009118653846154 0.3770995576923077 0.49808890865384614
1 0.38096224038461535 0.5111679951923077 0.38294836298076923 0.4827651274038462 0.3675952283653846 0.48169153365384615 0.3656091057692308 0.5100943990384615 0.38096224038461535 0.5111679951923077
1 0.35488973557692305 0.47523395673076924 0.3526323389423077 0.5075162403846154 0.3666605817307692 0.5084971899038462 0.36891798076923077 0.47621490625 0.35488973557692305 0.47523395673076924
1 0.36276584134615386 0.4880367764423077 0.36439349278846156 0.46476028124999996 0.34880655528846155 0.46367033653846157 0.34717890384615385 0.48694683173076925 0.36276584134615386 0.4880367764423077