2 0.2236904158653846 0.38687778125 0.2736540072115385 0.18648476201923078 0.10423127644230769 0.14424293028846155 0.054267685096153845 0.34463595192307694 0.2236904158653846 0.38687778125
1 1 0.2496351514423077 0.9377939783653846 0.23412544951923075 0.9065121322115384 0.35959007692307693 1 0.38289922115384617 1 0.2496351514423077
1 1 0.4447360384615384 0.9915279350961538 0.44262371394230765 0.9638749182692308 0.55353390625 0.9985933125 0.5621901754807692 1 0.5565482596153847 1 0.4447360384615384
1 1 0.5412129254807693 0.9632718341346155 0.5320555673076923 0.9387100432692308 0.6305675336538462 0.9783557187499999 0.6404523125 1 0.55364184375 1 0.5412129254807693
1 0.9639317884615385 0.6966888677884615 0.9835543413461539 0.6179871033653845 0.9436054471153846 0.6080267259615385 0.9239828942307693 0.6867284903846154 0.9639317884615385 0.6966888677884615
1 0.9460204014423077 0.7646522956730769 0.9664157620192307 0.6828509759615385 0.9235863028846154 0.6721723918269231 0.9031909423076924 0.7539737115384615 0.9460204014423077 0.7646522956730769
1 0.9230513173076923 0.8648496346153846 0.9515443389423077 0.7505703629807693 0.8910524663461538 0.7354880432692308 0.8625594423076923 0.8497673173076923 0.9230513173076923 0.8648496346153846
1 0.8648456201923077 0.8028145865384615 0.8352437884615385 0.9215410504807693 0.9021032283653846 0.9382109807692308 0.931705060096154 0.819484516826923 0.8648456201923077 0.8028145865384615
1 0.8893545456730769 1 0.9178432764423078 0.8857379471153847 0.8492403365384615 0.8686333125 0.8164869423076924 1 0.8893545456730769 1
1 0.8870195625 1 0.8944095841346154 0.9703602451923078 0.8127682932692307 0.9500047860576923 0.8003030865384615 1 0.8870195625 1
1 0.7344966346153845 0.8647878485576924 0.7084564302884615 0.9692294038461539 0.809731045673077 0.9944800024038462 0.83577125 0.8900384471153846 0.7344966346153845 0.8647878485576924
1 0.8308323725961538 0.9237333990384615 0.8559317692307692 0.8230652163461538 0.7633746538461538 0.7999881370192308 0.7382752572115384 0.9006563173076922 0.8308323725961538 0.9237333990384615
1 0.783434735576923 0.7473039423076924 0.7602505528846154 0.8402906129807692 0.8582655817307692 0.8647285048076923 0.881449764423077 0.7717418341346154 0.783434735576923 0.7473039423076924
1 0.9101369567307693 0.7913476009615384 0.9294571081730769 0.7138587067307692 0.8074879038461538 0.6834483677884615 0.7881677524038462 0.7609372620192307 0.9101369567307693 0.7913476009615384
1 0.8293291586538462 0.6375064639423077 0.8109834158653846 0.7110872235576923 0.9188530096153846 0.7379821346153845 0.9371987548076923 0.664401375 0.8293291586538462 0.6375064639423077
1 0.8417465865384616 0.5644515793269231 0.8185624038461538 0.6574382548076922 0.9329511730769231 0.6859585769230769 0.9561353557692308 0.5929719038461538 0.8417465865384616 0.5644515793269231
1 0.8772928509615384 0.5239306899038462 0.8531342620192308 0.6208255 0.9425075961538462 0.6431087740384616 0.9666661850961538 0.5462139639423077 0.8772928509615384 0.5239306899038462
1 0.8917745649038462 0.46584771153846155 0.8772928509615384 0.5239306899038462 0.9753836850961538 0.5483874831730768 0.9898653990384615 0.4903045024038461 0.8917745649038462 0.46584771153846155
1 1 0.4394398293269231 0.8836886802884615 0.4104401610576923 0.870181375 0.4646150048076923 0.9888909927884615 0.49421263701923074 1 0.4496568413461538 1 0.4394398293269231
1 1 0.36944398557692304 0.9001192091346154 0.3445409086538461 0.8836886802884615 0.4104401610576923 1 0.4394398317307692 1 0.36944398557692304