2 0.42513334375 0.2544076442307692 0.43906406009615384 0.6533311490384615 0.627621 0.6467465961538461 0.6136902860576924 0.24782309134615385 0.42513334375 0.2544076442307692
1 0.49397562980769233 0.5737273822115385 0.4919446706730769 0.5155683894230769 0.41948883653846153 0.5180986033653846 0.4215197932692308 0.5762575937500001 0.49397562980769233 0.5737273822115385
1 0.34150547596153846 0.4944168677884615 0.3426687932692308 0.5277298942307692 0.38623598557692307 0.5262084927884616 0.38507267067307693 0.49289546634615383 0.34150547596153846 0.4944168677884615
1 0.38516961298076924 0.4956715528846154 0.38415655769230767 0.4666614591346154 0.3382470408653846 0.4682646538461538 0.33926009615384617 0.49727474759615387 0.38516961298076924 0.4956715528846154
1 0.3321999639423077 0.4517989951923077 0.3334553774038461 0.4877493052884615 0.3848303125 0.4859552524038462 0.38357489903846154 0.4500049423076923 0.3321999639423077 0.4517989951923077
1 0.3192864639423077 0.29243036538461536 0.31856423798076927 0.2717485264423077 0.2757778173076923 0.2732426610576923 0.2765000432692308 0.29392450000000003 0.3192864639423077 0.29243036538461536
1 0.27829882211538465 0.2603690625 0.27909375480769233 0.2831329615384615 0.3226609471153846 0.28161156249999997 0.32186601442307694 0.2588476610576923 0.27829882211538465 0.2603690625
1 0.3175561706730769 0.2630283966346154 0.3169066514423077 0.24442862259615383 0.2732613798076923 0.24595275 0.27391089903846155 0.2645525240384615 0.3175561706730769 0.2630283966346154
1 0.27787488701923074 0.23703631009615386 0.27852925240384613 0.2557748870192308 0.32326760817307687 0.2542125889423077 0.32261324278846154 0.23547401201923077 0.27787488701923074 0.23703631009615386
1 0.3242372788461539 0.23944753125 0.32374771874999997 0.22542829807692308 0.2783066658653846 0.2270151346153846 0.2787962283653846 0.2410343653846154 0.3242372788461539 0.23944753125
1 0.281315 0.21690398557692306 0.2817803269230769 0.23022919951923076 0.32534751923076927 0.22870779807692307 0.32488219230769233 0.2153825865384615 0.281315 0.21690398557692306
1 0.32881410096153846 0.22052627403846153 0.32830030288461537 0.2058130216346154 0.28098539423076924 0.20746529567307695 0.28149919230769227 0.22217854807692308 0.32881410096153846 0.22052627403846153
1 0.6186996875 0.25695938701923077 0.6164796923076923 0.1933870264423077 0.5293453052884616 0.19642982692307692 0.5315653004807692 0.2600021875 0.6186996875 0.25695938701923077
1 0.5108168629807692 0.2165331514423077 0.5127993485576924 0.27330410096153845 0.5815855456730769 0.27090203365384613 0.5796030600961538 0.21413108413461537 0.5108168629807692 0.2165331514423077
1 0.6653561514423078 0.19168022355769232 0.6638196033653846 0.1476792644230769 0.6217358798076924 0.1491488605769231 0.6232724278846155 0.19314981971153847 0.6653561514423078 0.19168022355769232
1 0.7214289447115385 0.15428386057692306 0.7202801682692308 0.12138724759615385 0.7012292812500001 0.12205251923076924 0.7023780576923078 0.15494913221153844 0.7214289447115385 0.15428386057692306
1 0.7045815216346154 0.16432238701923077 0.7035684663461539 0.13531229567307693 0.6838148822115385 0.13600210576923077 0.6848279374999999 0.1650121995192308 0.7045815216346154 0.16432238701923077
1 0.6877723509615384 0.17769494471153846 0.6867786850961538 0.14924006490384614 0.6648389326923076 0.15000621875 0.6658326009615384 0.17846109855769232 0.6877723509615384 0.17769494471153846
1 0.7616150336538462 0.29546739182692305 0.7607764759615385 0.2714542524038462 0.737899795673077 0.272253125 0.7387383533653846 0.2962662644230769 0.7616150336538462 0.29546739182692305
1 0.7423331923076923 0.3029504350961539 0.7415382596153847 0.28018653125 0.7227996802884615 0.28084089663461537 0.7235946153846153 0.30360480048076927 0.7423331923076923 0.3029504350961539
1 0.2921384110576923 0.4865516274038461 0.29150828125 0.4685070721153846 0.27612703125 0.46904419711538464 0.2767571610576923 0.48708875240384614 0.2921384110576923 0.4865516274038461