2 0.6068742740384615 0.3832420673076923 0.5962347740384616 0.6879174639423078 0.7591823245192307 0.69360771875 0.7698218245192308 0.3889323197115385 0.6068742740384615 0.3832420673076923
0 0.7742944182692307 0.2966710961538462 0.7601068052884615 0.7029512283653846 0.9308620961538462 0.7089141346153846 0.9450497115384615 0.3026340024038462 0.7742944182692307 0.2966710961538462
0 0.9320602235576924 0.47089428846153847 0.9243241682692307 0.692425920673077 0.9898311153846154 0.6947134735576923 0.9975671706730769 0.4731818413461539 0.9320602235576924 0.47089428846153847
2 0.06966949759615385 0.040813067307692304 0.05156538221153846 0.5592470600961538 0.20077131009615384 0.5644574447115385 0.21887542548076924 0.04602345432692308 0.06966949759615385 0.040813067307692304
2 0.05948450721153846 0.49365014182692313 0.07215981009615385 0.13067694471153846 0.018286399038461538 0.12879564423076922 0.005611096153846154 0.49176884134615384 0.05948450721153846 0.49365014182692313
1 0.3024891586538461 0.5371573846153846 0.3053441298076923 0.4554016610576923 0.18526107692307692 0.45120826923076923 0.1824061033653846 0.5329639927884615 0.3024891586538461 0.5371573846153846
1 0.3058956201923077 0.5179590168269231 0.3072722115384615 0.4785386033653846 0.2872063173076923 0.4778378870192308 0.2858297283653846 0.5172583004807693 0.3058956201923077 0.5179590168269231
1 0.32732799038461535 0.5399704038461539 0.3290438822115384 0.4908336899038461 0.30140448076923076 0.4898685 0.29968858894230765 0.5390052139423077 0.32732799038461535 0.5399704038461539
1 0.4580888870192308 0.6099932163461539 0.46154975240384616 0.5108869591346153 0.3285058485576923 0.5062409639423077 0.32504498317307695 0.6053472211538462 0.4580888870192308 0.6099932163461539
1 0.6255886778846154 0.5300957596153846 0.6273336538461538 0.48012621875 0.5217729975961538 0.4764399591346154 0.5200280216346154 0.5264095 0.6255886778846154 0.5300957596153846
1 0.6184346153846154 0.30067855288461537 0.6203492403846155 0.24585086298076925 0.5505480384615384 0.24341335096153843 0.5486334134615385 0.2982410408653846 0.6184346153846154 0.30067855288461537
1 0.5598189158653846 0.3025229086538462 0.5614330168269231 0.25630108173076926 0.5084184567307692 0.2544497716346154 0.5068043557692308 0.3006715985576923 0.5598189158653846 0.3025229086538462
1 0.5050290096153847 0.3045008629807692 0.505770625 0.2832638076923077 0.49117014903846157 0.2827539471153846 0.49042853365384614 0.30399100240384613 0.5050290096153847 0.3045008629807692
1 0.8578342475961538 0.26609574759615384 0.8585080024038461 0.2468019519230769 0.8328205360576924 0.24590492548076923 0.8321467812500001 0.26519872115384613 0.8578342475961538 0.26609574759615384
1 0.883164735576923 0.26378391586538463 0.8835573557692308 0.25254076923076924 0.8556056442307691 0.2515646730769231 0.8552130240384616 0.26280781971153844 0.883164735576923 0.26378391586538463
1 0.8095889663461538 0.2507915769230769 0.8090606274038462 0.2659212451923077 0.8352165600961539 0.26683462980769235 0.8357448990384615 0.2517049639423077 0.8095889663461538 0.2507915769230769
1 0.9356040552884616 0.28882371875 0.9370291177884614 0.2480152596153846 0.9122005000000001 0.24714822596153846 0.9107754375 0.28795668509615385 0.9356040552884616 0.28882371875
1 0.9625897548076924 0.29059992307692306 0.9639324158653846 0.25215113461538463 0.9319206778846154 0.25103326201923076 0.9305780168269231 0.28948204807692307 0.9625897548076924 0.29059992307692306
1 0.9620083004807692 0.4326105841346154 0.9636030120192308 0.38694397596153846 0.9288585649038462 0.38573067307692305 0.9272638533653846 0.43139728125 0.9620083004807692 0.4326105841346154
1 0.9059910576923078 0.3824305985576923 0.9045611466346154 0.42337786057692306 0.9333717115384614 0.42438394711538463 0.9348016201923077 0.3834366850961538 0.9059910576923078 0.3824305985576923
1 0.9916289615384616 0.47533702403846156 0.9920458173076923 0.46339985576923076 0.9672952788461538 0.46253554807692304 0.9668784230769231 0.47447271634615384 0.9916289615384616 0.47533702403846156
1 0.9111676225961538 0.6483287908653845 0.9100770120192307 0.6795597548076924 0.9302990625 0.6802659230769231 0.9313896706730769 0.6490349591346154 0.9111676225961538 0.6483287908653845
1 0.8561373245192307 0.37513072596153846 0.8568643966346153 0.3543100817307692 0.8243841947115385 0.3531758485576923 0.8236571225961539 0.37399649038461535 0.8561373245192307 0.37513072596153846
1 0.8577859807692308 0.39283793509615383 0.8585130528846154 0.37201729567307695 0.8255643870192307 0.37086670192307697 0.8248373149038462 0.39168734375 0.8577859807692308 0.39283793509615383
1 0.793195670673077 0.3665399711538461 0.7922747115384615 0.39291278365384613 0.8247549134615385 0.39404701923076924 0.8256758725961538 0.3676742043269231 0.793195670673077 0.3665399711538461
1 0.7925800817307693 0.3841681153846154 0.793195670673077 0.3665399711538461 0.7512681009615385 0.36507582692307694 0.7506525120192309 0.38270397115384613 0.7925800817307693 0.3841681153846154
1 0.79601903125 0.6483379447115385 0.7970563221153846 0.6186338293269231 0.7627803413461538 0.6174368846153846 0.7617430504807692 0.647141 0.79601903125 0.6483379447115385
1 0.9953553774038462 0.3641493413461539 0.9958594807692307 0.3497136971153846 0.9677516129807693 0.3487321466346154 0.9672475096153845 0.36316779326923077 0.9953553774038462 0.3641493413461539