1 0.8315345649038461 0.7501414663461539 0.7946414759615384 0.6021713677884615 0.6410618557692308 0.6404630673076923 0.6779549447115384 0.7884331658653847 0.8315345649038461 0.7501414663461539
1 1 0.7815644855769232 0.9623016923076922 0.6303648245192307 0.7770358509615385 0.6765567860576923 0.8189353798076924 0.8446066153846155 1 0.7994621346153846 1 0.7815644855769232
1 0.8990863677884615 0.2247197139423077 0.8618572740384616 0.07540198076923077 0.7166161346153845 0.11161466586538461 0.7538452259615384 0.26093239663461537 0.8990863677884615 0.2247197139423077
1 0.9424792427884616 0.21533206249999998 0.9009157163461539 0.04862986778846154 0.8162422548076923 0.06974133173076923 0.8578057788461538 0.23644352884615383 0.9424792427884616 0.21533206249999998
1 0.5687301730769231 0.1885661947115385 0.5931911658653847 0.286673875 0.7489691129807692 0.24783406971153846 0.7245081201923077 0.14972639182692307 0.5687301730769231 0.1885661947115385
1 0.4483675240384616 0 0.31540396875000004 0.03315153846153846 0.32981848317307694 0.09096499278846154 0.4637647740384615 0.05756843028846154 0.44941135336538457 0 0.4483675240384616 0
1 0.4114413870192308 0.08635960096153845 0.3940028509615384 0.016417451923076923 0.29113634134615385 0.042064954326923074 0.3085748774038462 0.11200710336538461 0.4114413870192308 0.08635960096153845
1 0.6857991033653845 0.6225812043269231 0.6648661394230769 0.5386236682692307 0.49400312740384617 0.5812246033653846 0.5149360913461538 0.6651821370192308 0.6857991033653845 0.6225812043269231
1 0.44842007692307695 0.57827565625 0.46155777884615384 0.6309681057692308 0.5050694783653846 0.6201194206730769 0.49193177403846156 0.5674269711538462 0.44842007692307695 0.57827565625
1 0.4612223173076923 0.5488889375 0.44697580528846154 0.4917492980769231 0.36374262500000004 0.5125016610576923 0.37798913701923076 0.5696412980769231 0.4612223173076923 0.5488889375
1 0.13788803365384614 0.5018236490384616 0.14652330048076923 0.5364578173076923 0.20170887019230768 0.5226985096153846 0.19307360336538462 0.48806434134615384 0.13788803365384614 0.5018236490384616
1 0.25242940865384617 0.5249390985576923 0.24402934375 0.49124827644230773 0.19733386298076921 0.5028907692307693 0.20573392788461536 0.5365815913461538 0.25242940865384617 0.5249390985576923
1 0.05524253605769231 0.43225079326923077 0.06176098798076923 0.4583948725961538 0.10224051201923076 0.4483021947115385 0.09572206009615385 0.42215811538461534 0.05524253605769231 0.43225079326923077
1 0.08657944230769231 0.4839841923076923 0.0760961610576923 0.44193804326923075 0.05456772355769231 0.4473056850961538 0.06505100721153846 0.48935183413461536 0.08657944230769231 0.4839841923076923
1 0.09700149999999999 0.4763757548076923 0.08954224038461539 0.44645830288461535 0.07165241346153846 0.450918735576923 0.07911167307692309 0.48083618990384613 0.09700149999999999 0.4763757548076923
1 0.11249429807692309 0.4803857067307692 0.10459823557692308 0.4487163341346154 0.08670840865384616 0.4531767692307692 0.09460447115384615 0.4848461418269231 0.11249429807692309 0.4803857067307692
1 0 0.4301356778846154 0.03847455769230769 0.42054289423076924 0.021976829326923075 0.3543741153846154 0 0.3598535552884616 0 0.4301356778846154
1 0.062559875 0.42026338221153847 0.052883 0.38145155288461535 0.02354671394230769 0.38876590865384614 0.033223588942307695 0.42757773798076926 0.062559875 0.42026338221153847
1 0.09425733173076924 0.5809801586538461 0.08474845673076924 0.5428421466346154 0.059808824519230766 0.5490602932692308 0.06931769951923077 0.5871983076923077 0.09425733173076924 0.5809801586538461
1 0.07559107692307693 0.6013796658653846 0.06433498798076923 0.5562339591346154 0.002630245192307692 0.5716186802884615 0.013886334134615385 0.6167643846153846 0.07559107692307693 0.6013796658653846