1 0.5207920576923077 0.5604954495192308 0.5073029206730769 0.6298910384615385 0.6366016274038462 0.6550241610576923 0.6500907644230769 0.5856285721153847 0.5207920576923077 0.5604954495192308
1 0.7237055721153846 0.6974233701923077 0.7329810096153846 0.6497053822115385 0.6319807740384615 0.6300729254807693 0.6227053365384615 0.6777909134615385 0.7237055721153846 0.6974233701923077
1 0.5152931778846154 0.6215399975961537 0.5295773533653846 0.548054295673077 0.3551084591346154 0.5141409783653846 0.3408242860576923 0.5876266802884615 0.5152931778846154 0.6215399975961537
1 0.38947854807692306 0.5342632475961538 0.39925750961538464 0.48395485336538463 0.3408200168269231 0.4725957548076923 0.3310410552884615 0.5229041490384615 0.38947854807692306 0.5342632475961538
1 0.38631127644230767 0.4985584615384615 0.3925920721153846 0.4662465673076923 0.3270991346153846 0.45351602884615383 0.32081833653846153 0.48582792548076925 0.38631127644230767 0.4985584615384615
1 0.3495642740384615 0.4701923028846154 0.35552705528846157 0.43951645432692305 0.3250045841346154 0.43358348798076923 0.3190418028846154 0.4642593365384616 0.3495642740384615 0.4701923028846154
1 0.34819042067307693 0.45351259615384615 0.35338466586538464 0.4267905216346154 0.2993951706730769 0.4162960264423077 0.29420092548076926 0.4430181009615385 0.34819042067307693 0.45351259615384615
1 0.18879630288461538 0.39281694711538456 0.19722369951923074 0.3494617475961539 0.12344828124999999 0.3351212572115384 0.11502088461538462 0.3784764567307692 0.18879630288461538 0.39281694711538456
1 0.09317088221153846 0.311549875 0.08781762980769231 0.33908997115384615 0.13390809375 0.3480490480769231 0.13926134615384617 0.3205089543269231 0.09317088221153846 0.311549875
1 0.09992989423076923 0.32672956009615384 0.10477962259615385 0.30177986778846155 0.04795261057692308 0.2907338173076923 0.04310288221153846 0.3156835072115385 0.09992989423076923 0.32672956009615384
1 0.04126561298076924 0.30712004807692306 0.04598283413461538 0.28285204326923075 0.03417263221153846 0.28055637259615385 0.029455411057692307 0.30482437740384616 0.04126561298076924 0.30712004807692306
1 0.8213591490384615 1 0.863638360576923 0.7824923149038461 0.552201798076923 0.7219551802884615 0.5069906682692308 0.9545462884615384 0.7408297427884616 1 0.8213591490384615 1
1 0.8436566802884615 0.9507996899038461 0.869309889423077 0.8188253701923076 0.7621744855769231 0.7980003557692308 0.7365212764423077 0.9299746778846154 0.8436566802884615 0.9507996899038461
1 0.905960389423077 1 0.92875515625 0.8827310793269232 0.8564368413461538 0.8686738221153847 0.832267701923077 0.9930132644230769 0.8682113389423077 1 0.905960389423077 1