1 0.6629166658653846 0.6676851850961539 0.6629166658653846 0.56240740625 0.5288541658653846 0.56240740625 0.5288541658653846 0.6676851850961539 0.6629166658653846 0.6676851850961539
1 0.7642708341346154 0.7702777788461539 0.7642708341346154 0.5831481490384616 0.6059895841346153 0.5831481490384616 0.6059895841346153 0.7702777788461539 0.7642708341346154 0.7702777788461539
1 0.99890625 0.8813888894230769 0.99890625 0.6658333341346154 0.7508333341346154 0.6658333341346154 0.7508333341346154 0.8813888894230769 0.99890625 0.8813888894230769
1 0.6018749999999999 0.17870370432692306 0.6018749999999999 0.05675925961538461 0.44906250000000003 0.05675925961538461 0.44906250000000003 0.17870370432692306 0.6018749999999999 0.17870370432692306
1 0.59953125 0.21194444471153845 0.59953125 0.11638888942307692 0.42880208413461535 0.11638888942307692 0.42880208413461535 0.21194444471153845 0.59953125 0.21194444471153845
1 0.5044270841346153 0.26601851923076925 0.5044270841346153 0.20916666586538463 0.39296875 0.20916666586538463 0.39296875 0.26601851923076925 0.5044270841346153 0.26601851923076925
1 0.37812500000000004 0.27990740625 0.37812500000000004 0.24935185096153845 0.318125 0.24935185096153845 0.318125 0.27990740625 0.37812500000000004 0.27990740625
1 0.24083333413461538 0.0007407403846153846 0.24083333413461538 0.07120370432692308 0.3064583341346154 0.07120370432692308 0.3064583341346154 0.0007407403846153846 0.24083333413461538 0.0007407403846153846
1 0.10250000000000001 0.0030555552884615387 0.10250000000000001 0.035370370192307696 0.1804166658653846 0.035370370192307696 0.1804166658653846 0.0030555552884615387 0.10250000000000001 0.0030555552884615387
1 0.08687500000000001 0.27212962980769234 0.08687500000000001 0.2121296298076923 0.0037500000000000003 0.2121296298076923 0.0037500000000000003 0.27212962980769234 0.08687500000000001 0.27212962980769234
1 0.06958333413461538 0.6484259254807692 0.06958333413461538 0.5569444447115385 0.0031770841346153845 0.5569444447115385 0.0031770841346153845 0.6484259254807692 0.06958333413461538 0.6484259254807692
1 0.09234375 0.5394444447115384 0.09234375 0.5009259254807692 0.004114584134615385 0.5009259254807692 0.004114584134615385 0.5394444447115384 0.09234375 0.5394444447115384
1 0.16328125 0.5356481490384616 0.16328125 0.49907407451923075 0.08692708413461539 0.49907407451923075 0.08692708413461539 0.5356481490384616 0.16328125 0.5356481490384616
1 0.23635416586538463 0.5317592596153846 0.23635416586538463 0.49907407451923075 0.1616666658653846 0.49907407451923075 0.1616666658653846 0.5317592596153846 0.23635416586538463 0.5317592596153846
1 0.3110416658653846 0.5279629639423077 0.3110416658653846 0.5009259254807692 0.245 0.5009259254807692 0.245 0.5279629639423077 0.3110416658653846 0.5279629639423077
1 0.3770833341346154 0.5288888894230769 0.3770833341346154 0.4913888894230769 0.30890625 0.4913888894230769 0.30890625 0.5288888894230769 0.3770833341346154 0.5288888894230769
1 0.4041666658653846 0.5297222211538462 0.4041666658653846 0.49796296394230766 0.3960416658653846 0.49796296394230766 0.3960416658653846 0.5297222211538462 0.4041666658653846 0.5297222211538462
1 0.41546875 0.5398148149038462 0.41546875 0.5019444447115384 0.40291666586538466 0.5019444447115384 0.40291666586538466 0.5398148149038462 0.41546875 0.5398148149038462
1 0.43171875 0.5498148149038461 0.43171875 0.5102777788461539 0.41546875 0.5102777788461539 0.41546875 0.5498148149038461 0.43171875 0.5498148149038461
1 0.44403935096153846 0.5158333341346154 0.4437389182692308 0.5166213557692307 0.44132523076923075 0.5158333341346154 0.4410848846153846 0.51646375 0.4386111105769231 0.5158333341346154 0.4384308509615385 0.5163061466346154 0.43046874999999996 0.5158333341346154 0.43046874999999996 0.5648148149038461 0.45489583413461543 0.5648148149038461 0.45583333413461535 0.5676346802884615 0.45583333413461535 0.5775 0.5552083341346153 0.5775 0.5552083341346153 0.5232407403846154 0.45700908653846156 0.5174093774038462 0.45489583413461543 0.5158333341346154 0.4543550528846154 0.5172517740384616 0.4521817139423077 0.5158333341346154 0.4517010192307692 0.5170941682692308 0.44946759375 0.5158333341346154 0.44904698557692313 0.5169365649038462 0.4467534735576923 0.5158333341346154 0.44639295192307693 0.5167789591346155 0.44403935096153846 0.5158333341346154
1 0.6683333341346154 0.08648148076923076 0.6683333341346154 0.0008333341346153846 0.48484374999999996 0.0008333341346153846 0.48484374999999996 0.08648148076923076 0.6683333341346154 0.08648148076923076