1 0.9872873317307692 0.2299446875 0.9891521538461538 0.12310911057692307 0.8268331298076923 0.12027581971153846 0.8249683076923078 0.22711139663461538 0.9872873317307692 0.2299446875
1 1 0.14052330528846155 0.9359950504807693 0.13940609375000002 0.9342029471153845 0.24207563942307694 1 0.24322413221153846 1 0.14052330528846155
1 0.8863401177884616 0.3549612139423077 0.8877185336538461 0.27599176442307694 0.7446674086538461 0.27349479567307694 0.7432889927884615 0.3524642475961538 0.8863401177884616 0.3549612139423077
1 0.9765859014423076 0.36255589663461535 0.9781146033653846 0.27497664423076923 0.8563102379807692 0.2728505408653846 0.8547815360576922 0.36042979326923075 0.9765859014423076 0.36255589663461535
1 1 0.2813780913461538 0.9828005 0.28107787259615385 0.9816919495192308 0.34458671874999997 1 0.34490628605769236 1 0.2813780913461538
1 0.9833364567307693 0.44435283413461535 0.9840264735576922 0.40482181971153847 0.874824358173077 0.4029156899038462 0.8741343413461539 0.44244670432692307 0.9833364567307693 0.44435283413461535
1 0.978505170673077 0.47343961538461543 0.9792242740384616 0.4322421875 0.888352701923077 0.4306560168269231 0.8876335985576923 0.4718534471153846 0.978505170673077 0.47343961538461543
1 0.896715201923077 0.4797909278846154 0.8976298389423077 0.4273915024038461 0.736248170673077 0.42457457451923075 0.7353335360576924 0.476974 0.896715201923077 0.4797909278846154
1 0.848959201923077 0.38959188221153845 0.8493341057692307 0.36811367067307693 0.8010602091346153 0.3672710456730769 0.8006853052884615 0.38874925721153847 0.848959201923077 0.38959188221153845
1 0.8450877980769231 0.36368703605769226 0.8445933125 0.3920160552884615 0.8914611730769231 0.3928341370192308 0.8919556586538462 0.36450511778846156 0.8450877980769231 0.36368703605769226
1 0.9837226225961538 0.3953706322115385 0.9841573173076923 0.3704670168269231 0.9435905817307693 0.3697589230769231 0.9431558870192307 0.3946625384615385 0.9837226225961538 0.3953706322115385
1 0.9841573173076923 0.3704670168269231 0.9837226225961538 0.3953706322115385 0.9991890168269231 0.39564060096153847 0.9996237115384615 0.3707369855769231 0.9841573173076923 0.3704670168269231
1 0.6607795552884616 0.39704956971153843 0.6613645336538462 0.36353615625 0.6178815721153845 0.3627771586538462 0.61729659375 0.3962905721153846 0.6607795552884616 0.39704956971153843
1 0.5694941923076923 0.3654516081730769 0.5690158677884616 0.3928548389423077 0.612498829326923 0.3936138389423077 0.6129771538461538 0.3662106057692308 0.5694941923076923 0.3654516081730769
1 0.5683662019230769 0.4032154495192308 0.5690255144230769 0.36544342788461537 0.5183040745192308 0.3645580817307692 0.5176447620192308 0.40233010336538466 0.5683662019230769 0.4032154495192308
1 0.47141908173076924 0.22445922836538462 0.47242259374999995 0.16696798557692308 0.42654416346153845 0.16616717548076923 0.4255406514423077 0.2236584158653846 0.47141908173076924 0.22445922836538462
1 0.37618636538461536 0.1713076129807692 0.3752571875 0.22454024278846155 0.42790541586538466 0.22545922115384617 0.42883459615384617 0.17222659134615384 0.37618636538461536 0.1713076129807692
1 0.42417890625 0.3852333341346154 0.42464430528846153 0.3585707283653846 0.37439154326923074 0.3576935625 0.37392614663461543 0.3843561682692308 0.42417890625 0.3852333341346154
1 0.46934949278846155 0.3997275817307692 0.4700233485576923 0.3611223485576923 0.42654039182692305 0.3603633509615385 0.4258665336538462 0.3989685841346154 0.46934949278846155 0.3997275817307692
1 0.3742752427884615 0.39121515865384615 0.37481497355769233 0.36029394230769235 0.33034258173076925 0.35951767307692306 0.32980284855769226 0.3904388894230769 0.3742752427884615 0.39121515865384615
1 0.37196275 0.4968390360576923 0.3723829014423077 0.4727686274038462 0.32306749519230765 0.4719078245192308 0.32264734375 0.49597823076923075 0.37196275 0.4968390360576923
1 0.5267124350961538 0.05891753605769231 0.5277240288461539 0.0009634014423076923 0.47377391346153847 0.00002169711538461538 0.4727623221153846 0.057975834134615385 0.5267124350961538 0.05891753605769231
1 0.5602860625 0.0036617283653846153 0.5593859711538461 0.05522794711538462 0.6113572211538462 0.056135108173076924 0.6122573124999999 0.004568889423076923 0.5602860625 0.0036617283653846153
1 0.6612325288461538 0.05774653846153846 0.662145548076923 0.005439692307692308 0.6122573124999999 0.004568889423076923 0.6113442932692308 0.056875735576923075 0.6612325288461538 0.05774653846153846
1 0.6533040384615384 0.0046371153846153845 0.6524055625 0.056110757211538465 0.7079700168269232 0.057080637019230766 0.7088684927884615 0.005606995192307692 0.6533040384615384 0.0046371153846153845
1 0 0.6750041562500001 0.04899755528846154 0.6758594110576923 0.050094795673076925 0.6129986153846153 0 0.6121242091346154 0 0.6750041562500001
1 0.28434281730769234 0.6820047235576923 0.2854933846153846 0.6160888389423077 0.02980316346153846 0.61162575 0.028652598557692307 0.6775416346153846 0.28434281730769234 0.6820047235576923
1 0.3077147211538461 0.6412027019230769 0.3085598701923077 0.5927841514423077 0.2853342403846154 0.5923787451923077 0.28448909134615386 0.640797295673077 0.3077147211538461 0.6412027019230769
1 0.3339127668269231 0.63545534375 0.3347045889423077 0.5900918822115385 0.3091876418269231 0.5896464831730769 0.3083958197115385 0.6350099423076923 0.3339127668269231 0.63545534375
1 0.3492526514423077 0.586271125 0.3499362043269231 0.547110423076923 0.2884872307692308 0.5460378269230769 0.2878036778846154 0.5851985288461539 0.3492526514423077 0.586271125
1 0.349931298076923 0.6130463076923077 0.3504710288461539 0.5821250889423077 0.33365067307692303 0.5818314879807692 0.3331109423076923 0.6127527067307692 0.349931298076923 0.6130463076923077
1 0.3681643076923077 0.601047875 0.36856021875 0.5783661442307693 0.3476779831730769 0.5780016442307692 0.34728207211538464 0.6006833725961539 0.3681643076923077 0.601047875
1 0.37536020192307695 0.5857081586538462 0.37582883173076925 0.5588603990384615 0.34218812259615383 0.5582731971153846 0.34171949278846153 0.5851209591346154 0.37536020192307695 0.5857081586538462
1 0.42184987980769234 0.5813336658653846 0.4222102379807692 0.5606886610576923 0.3728948341346153 0.5598278581730769 0.3725344759615385 0.580472860576923 0.42184987980769234 0.5813336658653846
1 0.46840492307692305 0.5791828701923077 0.4687636658653846 0.5586304471153846 0.4195003389423077 0.5577705528846153 0.41914159375 0.5783229759615385 0.46840492307692305 0.5791828701923077
1 0.5239693774038462 0.5801527524038461 0.5243281201923077 0.5596003269230769 0.48037648076923073 0.5588331490384616 0.4800177379807692 0.5793855745192308 0.5239693774038462 0.5801527524038461
1 0.5244040697115385 0.555249139423077 0.5239693774038462 0.5801527524038461 0.5689104471153846 0.5809372019230769 0.5693451418269231 0.5560335889423077 0.5244040697115385 0.555249139423077
1 0.64264478125 0.6123214158653846 0.6431845120192308 0.581400201923077 0.6130328557692308 0.5808739014423077 0.6124931225961538 0.6117951177884615 0.64264478125 0.6123214158653846
1 0.7726621971153846 0.6393168653846154 0.773597841346154 0.5857139206730769 0.6442946177884615 0.5834569254807692 0.6433589759615385 0.6370598701923077 0.7726621971153846 0.6393168653846154
1 0.8961096201923078 0.6368413149038462 0.896793170673077 0.5976806129807692 0.7866536995192307 0.5957581225961538 0.7859701466346153 0.6349188221153846 0.8961096201923078 0.6368413149038462
1 0.98787059375 0.6322383605769232 0.98851859375 0.5951143870192308 0.8893670312499999 0.5933836899038462 0.88871903125 0.6305076634615384 0.98787059375 0.6322383605769232
1 0.99771284375 0.6324101586538462 0.9984335649038462 0.5911201490384616 0.9595853149038462 0.5904420504807693 0.9588645961538462 0.6317320600961539 0.99771284375 0.6324101586538462