1 0.41219991826923075 0 0.39561763942307693 0.15776985576923078 0.5845768004807692 0.17763026201923077 0.6012529615384615 0.0189671875 0.4207922307692308 0 0.41219991826923075 0
1 0.6309616418269232 0.20866734375 0.6446664855769231 0.07827447355769232 0.48549118509615385 0.06154447355769231 0.47178634374999995 0.19193734375 0.6309616418269232 0.20866734375
1 0.6717307836538461 0.2602484807692308 0.6825998076923077 0.15683662259615383 0.562169420673077 0.14417887740384616 0.5513003966346154 0.24759073798076925 0.6717307836538461 0.2602484807692308
1 0.6973293894230769 0.2827698629807692 0.7044431322115384 0.21508712259615384 0.6123980600961538 0.20541279567307694 0.6052843173076923 0.2730955360576923 0.6973293894230769 0.2827698629807692
1 0.7243686634615384 0.30553576442307695 0.7299241562500001 0.2526787668269231 0.6440948437499999 0.24365774278846153 0.6385393509615385 0.2965147403846154 0.7243686634615384 0.30553576442307695
1 0.745140375 0.32764292067307693 0.7492828004807692 0.28823038701923076 0.6738130913461539 0.28029819951923074 0.6696706682692307 0.31971073557692303 0.745140375 0.32764292067307693
1 0.7635021370192308 0.34577267548076923 0.7680317043269231 0.30267672596153844 0.7029733990384616 0.2958388221153846 0.6984438317307693 0.33893477163461544 0.7635021370192308 0.34577267548076923
1 0.7191001081730769 0.3820709855769231 0.7154706466346153 0.4166029951923077 0.730025891826923 0.4181328125 0.7336553509615384 0.3836008028846154 0.7191001081730769 0.3820709855769231
1 0.6979066658653846 0.35749883653846154 0.6926028125 0.4079616153846154 0.7147205649038462 0.4102862836538461 0.7200244158653846 0.35982350721153844 0.6979066658653846 0.35749883653846154
1 0.6687705625 0.3282746730769231 0.6620439615384615 0.39227399759615383 0.6952982884615384 0.39576916826923075 0.7020248870192307 0.33176984375 0.6687705625 0.3282746730769231
1 0.6266802908653847 0.3027165120192308 0.6195665480769231 0.37039925240384614 0.6666509447115385 0.3753480216346154 0.6737646875000001 0.30766528125000003 0.6266802908653847 0.3027165120192308
1 0.6209650961538462 0.37054624519230767 0.6318244423076924 0.26722646875 0.4906230504807692 0.25238560576923075 0.4797637043269231 0.3557053798076923 0.6209650961538462 0.37054624519230767
1 0.5695757379807692 0.3402866081730769 0.5823804759615384 0.21845767548076925 0.4003622475961538 0.19932678846153845 0.3875575120192308 0.3211557211538461 0.5695757379807692 0.3402866081730769
1 0.5029819663461539 0.29474283653846156 0.5200549495192308 0.1323042596153846 0.31239670673076925 0.11047849759615384 0.29532372596153844 0.27291707451923075 0.5029819663461539 0.29474283653846156
1 0.47853179567307697 0.4675783533653846 0.49068806971153844 0.3519191394230769 0.2927160528846154 0.3311114423076923 0.28055978125 0.44677065625 0.47853179567307697 0.4675783533653846
1 0.46166397115384616 0.35501335576923077 0.45571165625000004 0.4116458533653846 0.5519005721153847 0.42175571634615383 0.5578528870192307 0.36512321875 0.46166397115384616 0.35501335576923077
1 0.5527875697115385 0.46663130288461535 0.5589915288461539 0.40760458653846154 0.47937798076923077 0.3992368653846154 0.4731740216346154 0.45826358173076925 0.5527875697115385 0.46663130288461535
1 0.5997710552884615 0.47901767548076923 0.6041651225961538 0.4372109206730769 0.5487930432692308 0.43139108173076923 0.5443989759615385 0.47319783653846154 0.5997710552884615 0.47901767548076923
1 0.601518764423077 0.44196031971153843 0.5965826971153846 0.48892385336538463 0.6558914230769232 0.4951574519230769 0.6608274903846154 0.4481939182692308 0.601518764423077 0.44196031971153843
1 0.6827711995192308 0.4706104591346154 0.685539266826923 0.44427404807692306 0.6494878485576923 0.44048488942307695 0.6467197812500001 0.46682130288461543 0.6827711995192308 0.4706104591346154
1 0.6801800288461538 0.5027378293269231 0.6834707403846154 0.47142880528846154 0.6478337067307692 0.4676832019230769 0.6445429975961539 0.49899222596153847 0.6801800288461538 0.5027378293269231
1 0.704582985576923 0.51321640625 0.708173733173077 0.47905273557692307 0.6825337163461539 0.4763578605769231 0.6789429687499999 0.51052153125 0.704582985576923 0.51321640625
1 0.7072736274038461 0.4876166754807692 0.7045055576923077 0.5139530889423077 0.7293686057692308 0.5165663004807692 0.732136673076923 0.49022988701923076 0.7072736274038461 0.4876166754807692
1 0.7268133509615384 0.3879092211538462 0.7226902836538461 0.4271375841346154 0.7419073485576924 0.4291573798076923 0.7460304158653847 0.3899290168269231 0.7268133509615384 0.3879092211538462
1 0.7421148605769231 0.519861139423077 0.7448829278846154 0.49352472836538464 0.7284629567307692 0.4917989182692307 0.7256948870192308 0.5181353317307692 0.7421148605769231 0.519861139423077
1 0.7458946394230769 0.6149437740384616 0.7487014230769231 0.5882390192307693 0.7303131274038462 0.5863063317307693 0.7275063437499999 0.6130110865384615 0.7458946394230769 0.6149437740384616
1 0.7352792692307693 0.6227659038461538 0.7389571225961539 0.58777346875 0.7169429663461538 0.5854596875 0.7132651129807692 0.620452125 0.7352792692307693 0.6227659038461538
1 0.7173116298076923 0.6203188149038461 0.7207475192307692 0.5876285120192308 0.6990441514423077 0.5853473966346153 0.695608264423077 0.6180376995192307 0.7173116298076923 0.6203188149038461
1 0.696573423076923 0.6282873245192307 0.7005609903846154 0.5903481586538462 0.6715023028846154 0.5872939663461538 0.6675147355769231 0.6252331346153847 0.696573423076923 0.6282873245192307
1 0.673494625 0.6361029326923078 0.6780532283653845 0.5927307283653847 0.6399816875 0.58872925 0.6354230841346153 0.6321014543269231 0.673494625 0.6361029326923078
1 0.6335689254807693 0.64326509375 0.6386211346153845 0.5951965360576923 0.5979078942307692 0.5909174014423078 0.5928556850961538 0.6389859615384614 0.6335689254807693 0.64326509375
1 0.5875468269230769 0.6576071177884616 0.5935281778846154 0.6006983629807693 0.4826804254807693 0.5890477956730769 0.47669907451923077 0.645956548076923 0.5875468269230769 0.6576071177884616
1 0.5409972548076923 0.6635144639423077 0.5479174278846154 0.5976734302884615 0.44779186298076923 0.5871498100961539 0.4408716923076923 0.6529908437499999 0.5409972548076923 0.6635144639423077
1 0.46438331490384616 0.6873962115384615 0.4731133774038462 0.6043352163461538 0.34967870913461535 0.5913617091346154 0.3409486466346153 0.6744227067307692 0.46438331490384616 0.6873962115384615
1 0.3118203918269231 0.7298296466346154 0.32324109615384616 0.6211689206730769 0.06829126442307693 0.5943726129807693 0.0568705625 0.7030333389423077 0.3118203918269231 0.7298296466346154
1 0 0.6504115889423077 0.07213092307692308 0.6579928557692308 0.07945759375 0.5882842379807692 0.005645420673076924 0.5805262668269231 0 0.6342388557692308 0 0.6504115889423077
1 0.07622563942307693 0.2707439230769231 0.08350391826923077 0.20149573317307692 0.03108432451923077 0.19598621153846155 0.023806045673076922 0.2652344038461539 0.07622563942307693 0.2707439230769231
1 0.15716263701923075 0.27748179567307696 0.16236970192307693 0.2279398701923077 0.0864338125 0.2199586875 0.08122674759615384 0.26950061057692304 0.15716263701923075 0.27748179567307696
1 0.7169333437500001 0.028984324519230772 0.7107197067307692 0.08810312740384615 0.7762959951923077 0.0949954735576923 0.7825096322115385 0.03587667067307692 0.7169333437500001 0.028984324519230772
1 0.39662384375 0.16513761778846153 0.4076767620192308 0.05997613221153846 0.31397415144230767 0.05012759134615385 0.3029212355769231 0.15528907692307692 0.39662384375 0.16513761778846153