1 0.9132067764423077 0.6987900240384615 0.9061665384615385 0.5981099495192308 0.7828738581730769 0.6067314134615385 0.78991409375 0.7074114879807692 0.9132067764423077 0.6987900240384615
1 1 0.6302538701923077 0.8979490576923077 0.6373899663461539 0.9071917908653847 0.769567204326923 1 0.7630774230769231 1 0.6302538701923077
1 0 0.2844457524038461 0.07969694230769231 0.27887279807692306 0.07044775240384615 0.1466031923076923 0 0.15152937980769232 0 0.2844457524038461
1 0.1903427331730769 0.34399836538461537 0.18079643028846154 0.20747987740384616 0.06805091105769231 0.2153638125 0.0775972139423077 0.35188230048076924 0.1903427331730769 0.34399836538461537
1 0.09649451923076922 0.7953480528846154 0.0897643125 0.6991015961538461 0.017285048076923076 0.7041698413461539 0.024015257211538462 0.8004162980769232 0.09649451923076922 0.7953480528846154
1 0.23159252884615383 0.7397701899038461 0.22496566586538463 0.6450016057692308 0.07917583413461539 0.6551962235576922 0.08580269951923077 0.7499648076923078 0.23159252884615383 0.7397701899038461
1 0.2895917115384615 0.6777028100961539 0.2857809423076923 0.6232062548076923 0.2175101514423077 0.6279802139423077 0.2213209206730769 0.682476766826923 0.2895917115384615 0.6777028100961539
1 0.32677857451923076 0.6607155504807692 0.32310990144230767 0.6082510721153847 0.24850042307692308 0.6134682764423076 0.25216909615384614 0.6659327548076923 0.32677857451923076 0.6607155504807692
1 0.3510777692307692 0.6341409759615384 0.3484166875 0.5960857572115384 0.3171908533653846 0.5982692788461539 0.31985193509615384 0.6363245 0.3510777692307692 0.6341409759615384
1 0.16595197596153846 0.37225007932692306 0.16969169711538462 0.4257305961538461 0.30560980048076924 0.41622627644230764 0.30187007692307694 0.3627457596153846 0.16595197596153846 0.37225007932692306
1 0.2002805721153846 0.3233474230769231 0.20581587740384616 0.4025059783653846 0.2735151442307692 0.3977719831730769 0.2679798389423077 0.3186134302884615 0.2002805721153846 0.3233474230769231
1 0.2602820144230769 0.3914574783653846 0.2636600360576923 0.43976543990384614 0.3452316826923077 0.4340613942307692 0.34185366105769227 0.3857534326923077 0.2602820144230769 0.3914574783653846
1 0.3394348798076923 0.4101482475961538 0.3427289350961538 0.45725543990384615 0.3676680360576923 0.45551152884615387 0.3643739807692308 0.4084043365384616 0.3394348798076923 0.4101482475961538
1 0.36360944951923074 0.4206170456730769 0.36610905769230767 0.4563630913461539 0.38257925721153846 0.4552113846153846 0.38007964903846153 0.4194653389423077 0.36360944951923074 0.4206170456730769
1 0.3761971634615385 0.4333811754807692 0.37849654326923077 0.46626384374999996 0.3949667403846154 0.46511213461538464 0.3926673605769231 0.43222946634615383 0.3761971634615385 0.4333811754807692
1 0.3894676201923077 0.4439627355769231 0.39146343028846153 0.4725041490384615 0.4099079735576923 0.47121438221153844 0.40791216346153847 0.44267296634615383 0.3894676201923077 0.4439627355769231
1 0.40600487740384616 0.4542230360576923 0.40767128124999996 0.47805373076923074 0.42024474519230764 0.4771745096153846 0.4185783389423077 0.4533438149038461 0.40600487740384616 0.4542230360576923
1 0.42563330528846155 0.4818099134615385 0.42414129086538466 0.46047312980769234 0.4160360841346154 0.46103990144230766 0.4175280961538462 0.48237668509615383 0.42563330528846155 0.4818099134615385
1 0.4330296418269231 0.4837988173076923 0.4317443149038462 0.4654177764423077 0.4231195432692308 0.4660208774038462 0.42440487019230766 0.4844019182692308 0.4330296418269231 0.4837988173076923
1 0.42103662019230764 0.5967624350961539 0.41895684375 0.5670202475961539 0.40420121153846156 0.5680520625000001 0.4062809879807692 0.59779425 0.42103662019230764 0.5967624350961539
1 0.40634557692307693 0.5987179182692308 0.40436914182692313 0.5704536033653846 0.3923671995192307 0.5712928605769231 0.39434363461538463 0.5995571754807693 0.40634557692307693 0.5987179182692308
1 0.39807262499999996 0.6133120432692307 0.3955407235576923 0.5771041634615385 0.37293966346153845 0.5786845817307692 0.37547156490384614 0.6148924615384616 0.39807262499999996 0.6133120432692307
1 0.38440807692307694 0.6142675600961538 0.38277396634615385 0.5908986995192308 0.34707987740384616 0.5933946730769231 0.34871398798076925 0.6167635336538461 0.38440807692307694 0.6142675600961538
1 0.2470847980769231 0.24080738701923077 0.2509601586538462 0.2962276129807692 0.3607441610576923 0.2885507668269231 0.35686880048076924 0.23313054326923074 0.2470847980769231 0.24080738701923077
1 0.1936385120192308 0.18356283653846153 0.19859251442307693 0.25440835576923077 0.3345106153846154 0.2449040360576923 0.3295566129807692 0.17405851682692308 0.1936385120192308 0.18356283653846153
1 0.10873985576923076 0.10958263221153845 0.11629680769230769 0.21765206971153847 0.3054183221153846 0.20442740625000003 0.29786137259615386 0.09635796634615384 0.10873985576923076 0.10958263221153845
1 0.06615959134615385 0.03301451442307692 0.07385218028846154 0.14302365865384614 0.2606876153846154 0.12995885336538462 0.2529950264423077 0.01994970673076923 0.06615959134615385 0.03301451442307692
1 0.33588153605769233 0.07411459375 0.3396923052884615 0.12861114903846155 0.3818809519230769 0.12566103125 0.37807018028846157 0.07116447596153846 0.33588153605769233 0.07411459375
1 0.32538946875 0.015908399038461536 0.32999468750000005 0.08176610096153847 0.3571679158653846 0.07986596153846154 0.35256269711538457 0.014008262019230769 0.32538946875 0.015908399038461536
1 0.35093408413461535 0.2132182451923077 0.35376309615384616 0.2536750096153846 0.3721556826923077 0.252388875 0.3693266706730769 0.21193211057692307 0.35093408413461535 0.2132182451923077
1 0.36747437019230766 0.3340253990384615 0.3698060456730769 0.36736990144230763 0.4109555625 0.36449244711538464 0.4086238894230769 0.33114794471153847 0.36747437019230766 0.3340253990384615
1 0.7201175024038461 0.25432470432692306 0.7153249759615385 0.18578836057692308 0.62471290625 0.1921245721153846 0.6295054350961539 0.26066091826923077 0.7201175024038461 0.25432470432692306
1 0.7152440408653846 0.2951344423076923 0.7119499855769231 0.24802725 0.6135964038461539 0.25490480048076924 0.6168904591346155 0.3020119927884615 0.7152440408653846 0.2951344423076923
1 0.7225096802884615 0.31616031490384616 0.7196354543269231 0.2750569807692308 0.6044479807692308 0.2831116730769231 0.6073222067307692 0.3242150072115385 0.7225096802884615 0.31616031490384616
1 0.6837149206730769 0.34300596875 0.681493048076923 0.3112317067307692 0.5918161947115385 0.3175025216346154 0.5940380673076923 0.3492767860576923 0.6837149206730769 0.34300596875
1 0.6667474975961538 0.06601481971153846 0.6626073197115385 0.006807545673076924 0.5763076370192308 0.01284220673076923 0.5804478125 0.07204948317307693 0.6667474975961538 0.06601481971153846
1 0.6151917427884616 0.5823504158653846 0.6138870384615385 0.5636922740384616 0.6045868317307692 0.5643426081730769 0.6058915360576923 0.58300075 0.6151917427884616 0.5823504158653846
1 0.6263635216346154 0.5785990096153847 0.6252073725961539 0.5620653125 0.6133612980769231 0.5628936706730769 0.6145174471153847 0.5794273677884616 0.6263635216346154 0.5785990096153847
1 0.6424129375000001 0.5908426201923077 0.6405915192307692 0.5647951129807692 0.6240693629807693 0.565950454326923 0.6258907836538461 0.5919979615384615 0.6424129375000001 0.5908426201923077
1 0.6726992788461538 0.5998630336538462 0.6700446586538462 0.5619001802884616 0.6389227403846154 0.5640764375 0.641577360576923 0.6020392908653845 0.6726992788461538 0.5998630336538462
1 0.7521276947115385 0.6112946802884616 0.74857528125 0.5604928076923077 0.6608208197115384 0.5666291971153846 0.6643732331730768 0.6174310697115384 0.7521276947115385 0.6112946802884616
2 0.5392869663461538 0.5444046826923077 0.5369746682692308 0.5113372836538461 0.5130227403846154 0.5130121658653846 0.5153350384615385 0.5460795649038461 0.5392869663461538 0.5444046826923077