1 0.8654153894230769 0.8780213341346154 0.894442673076923 0.6947502764423077 0.7294678533653846 0.6686208317307692 0.7004405697115386 0.851891891826923 0.8654153894230769 0.8780213341346154
1 0.9359681947115385 0.9166636057692308 0.9577096875000001 0.7793932163461539 0.8674802427884616 0.7651022740384616 0.84573875 0.9023726658653846 0.9359681947115385 0.9166636057692308
1 0.7942266899038462 0.7535000528846154 0.8083492451923077 0.6643337451923077 0.6365326298076923 0.6371206658653846 0.6224100745192308 0.7262869735576923 0.7942266899038462 0.7535000528846154
1 0.05620975240384615 0.11640882211538463 0.04040697355769231 0.2161836346153846 0.10054279086538462 0.2257082139423077 0.11634556971153846 0.12593339903846154 0.05620975240384615 0.11640882211538463
1 0.15765081009615384 0.30262589423076924 0.1737867355769231 0.20074767307692307 0.10104760336538463 0.18922692788461537 0.08491167788461539 0.2911051490384616 0.15765081009615384 0.30262589423076924
1 0.2054896394230769 0.34151424278846154 0.2167876826923077 0.2701811971153846 0.16066435336538462 0.26129213461538464 0.1493663076923077 0.33262518028846155 0.2054896394230769 0.34151424278846154
1 0.23420201923076922 0.37531082932692306 0.24355911778846154 0.31623243509615384 0.2063150360576923 0.31033355048076927 0.19695793749999999 0.3694119471153846 0.23420201923076922 0.37531082932692306
1 0.2614946730769231 0.39210188221153847 0.26859216105769235 0.34729009615384615 0.23880718509615384 0.3425726201923077 0.23170969471153846 0.38738440625000004 0.2614946730769231 0.39210188221153847
1 0.25548403365384614 0.3817752139423077 0.2520946201923077 0.4031751298076923 0.2887213966346154 0.4089762403846154 0.29211081009615386 0.3875763245192308 0.25548403365384614 0.3817752139423077
1 0.2809168822115385 0.3883345432692308 0.27531131490384614 0.42372670913461535 0.29588815384615386 0.4269857620192308 0.30149372115384615 0.39159359375 0.2809168822115385 0.3883345432692308
1 0 0.6195509326923077 0.10955788221153846 0.6369031971153846 0.12272444951923077 0.5537727620192308 0 0.5343351201923077 0 0.6195509326923077
1 0.1615678389423077 0.5975174062499999 0.16950543990384614 0.5474013701923077 0.10556290625 0.5372738677884615 0.09762530769230769 0.5873899038461539 0.1615678389423077 0.5975174062499999
1 0.19667200240384614 0.5862966875 0.20317562019230767 0.5452344591346153 0.16696038221153844 0.5394985288461538 0.1604567644230769 0.5805607572115384 0.19667200240384614 0.5862966875
1 0.22867515625 0.5746785649038462 0.23449799519230768 0.5379146081730769 0.2082625216346154 0.5337593173076923 0.20243968509615387 0.5705232740384616 0.22867515625 0.5746785649038462
1 0.24485055048076923 0.5677720697115385 0.2502243629807692 0.5338431466346154 0.23273404807692308 0.531072954326923 0.2273602331730769 0.565001875 0.24485055048076923 0.5677720697115385
1 0.2635451129807692 0.5606083461538461 0.26802087740384617 0.5323494855769231 0.2501190264423077 0.5295141105769231 0.24564326201923076 0.5577729711538462 0.2635451129807692 0.5606083461538461
1 0.10001387019230769 0.03494350721153846 0.0837620673076923 0.13755335096153848 0.26849065384615384 0.1668114855769231 0.2847424567307692 0.06420163942307693 0.10001387019230769 0.03494350721153846
1 0.16734322115384614 0.12922954807692308 0.1586379326923077 0.18419257451923077 0.2878604903846154 0.20465941826923076 0.29656577884615387 0.14969639182692307 0.16734322115384614 0.12922954807692308
1 0.17184502884615385 0.19003424519230772 0.16487790144230768 0.23402295673076923 0.2995533221153846 0.2553534471153846 0.30652044951923074 0.21136473557692306 0.17184502884615385 0.19003424519230772
1 0.6617466995192308 0.1173509735576923 0.6723929350961538 0.05013329567307692 0.5754760168269231 0.034783163461538466 0.56482978125 0.10200084134615385 0.6617466995192308 0.1173509735576923
1 0.5863735216346154 0.0102600625 0.5794063942307692 0.05424877403846154 0.690778545673077 0.07188838942307693 0.6977456730769231 0.027899677884615386 0.5863735216346154 0.0102600625
1 0.6698267692307692 0.6796114086538462 0.6793142307692308 0.6197099374999999 0.5755555120192308 0.603276173076923 0.5660680504807692 0.6631776418269231 0.6698267692307692 0.6796114086538462
1 0.5729812836538462 0.6148680408653846 0.5778191658653846 0.5843228653846154 0.5067261802884615 0.5730628413461538 0.501888298076923 0.6036080168269231 0.5729812836538462 0.6148680408653846
1 0.49475571634615384 0.5650733677884616 0.49032340625 0.5930578701923077 0.5065791105769231 0.5956325192307692 0.5110114206730769 0.5676480192307692 0.49475571634615384 0.5650733677884616
1 0.5203749158653846 0.5178515649038462 0.5238802067307693 0.4957200288461538 0.4823149903846154 0.4891367451923077 0.47880969951923075 0.5112682836538461 0.5203749158653846 0.5178515649038462
1 0.5082214879807693 0.5263325432692307 0.5106404278846154 0.5110599567307692 0.4781804615384615 0.5059188028846153 0.47576152163461544 0.521191389423077 0.5082214879807693 0.5263325432692307
1 0.5088136658653846 0.5412383245192308 0.5112326057692308 0.5259657379807693 0.47830966105769235 0.5207512548076922 0.4758907211538462 0.5360238413461539 0.5088136658653846 0.5412383245192308
1 0.5066699350961539 0.5547733125 0.5088136658653846 0.5412383245192308 0.4758907211538462 0.5360238413461539 0.4737469879807692 0.5495588317307692 0.5066699350961539 0.5547733125
1 1 0.07745950240384616 0.914519170673077 0.06392066826923076 0.894081298076923 0.19296032211538464 1 0.20973619711538463 1 0.07745950240384616