1 0.7993752884615385 0.4337153028846154 0.7867273293269231 0.3742113269230769 0.6222253173076923 0.4091773076923077 0.6348732788461539 0.4686812860576923 0.7993752884615385 0.4337153028846154
1 0.8002063341346154 0.4767041538461539 0.7912160793269231 0.4344083269230769 0.6323689831730769 0.46817231971153844 0.6413592379807693 0.5104681466346154 0.8002063341346154 0.4767041538461539
1 0.7901835360576922 0.45460130528846154 0.7816168052884614 0.414298 0.6238905048076924 0.44782376201923074 0.6324572355769231 0.48812706490384616 0.7901835360576922 0.45460130528846154
1 0.7767475625 0.5196495961538461 0.76839259375 0.4803425552884616 0.6418956923076924 0.5072303004807692 0.6502506610576924 0.54653734375 0.7767475625 0.5196495961538461
1 0.7897735264423077 0.5558812427884615 0.7799169711538462 0.5095098004807692 0.6528596754807693 0.5365166634615385 0.6627162307692308 0.5828881033653845 0.7897735264423077 0.5558812427884615
1 0.79369909375 0.5856223942307692 0.7829762403846154 0.5351753365384615 0.6604530649038461 0.5612184423076922 0.6711759182692307 0.6116655 0.79369909375 0.5856223942307692
1 0.6386165985576924 0.5616948341346154 0.6458935072115385 0.59593 0.6691754591346153 0.5909812692307692 0.6618985504807693 0.5567461033653847 0.6386165985576924 0.5616948341346154
1 0.6612444735576923 0.56218615625 0.655026375 0.5329322980769231 0.6301141778846154 0.5382275504807692 0.6363322764423077 0.5674814086538462 0.6612444735576923 0.56218615625
1 0.6237082596153846 0.5110961586538462 0.6307734062500001 0.5443350625 0.6551761538461538 0.5391480985576923 0.6481110048076922 0.5059091947115385 0.6237082596153846 0.5110961586538462
1 0.6456683822115384 0.5780868918269231 0.6398930576923078 0.5509161274038461 0.6189036394230769 0.5553775649038462 0.6246789639423077 0.5825483317307693 0.6456683822115384 0.5780868918269231
1 0.5891192644230769 0.5490238317307692 0.5942593028846154 0.5732058149038461 0.6237565673076924 0.5669359783653847 0.6186165264423077 0.5427539951923077 0.5891192644230769 0.5490238317307692
1 0.6563340817307692 0.2627753533653846 0.643474358173077 0.20227511057692307 0.5453539278846153 0.22313125240384618 0.5582136514423077 0.2836314951923077 0.6563340817307692 0.2627753533653846
1 0.6654670961538461 0.2862032644230769 0.657092875 0.24680565144230768 0.5368112884615385 0.2723722908653846 0.5451855096153846 0.31176990384615383 0.6654670961538461 0.2862032644230769
1 0.6144145913461538 0.32232933894230764 0.607541954326923 0.28999612740384617 0.5349450625000001 0.3054270721153846 0.5418176995192308 0.33776028365384614 0.6144145913461538 0.32232933894230764
1 0.6210855841346153 0.33141876682692306 0.6163690697115385 0.3092293052884615 0.5301698125000001 0.32755152403846155 0.5348863269230769 0.3497409831730769 0.6210855841346153 0.33141876682692306
1 0.7685152548076922 0.13196338942307692 0.7496876971153846 0.04338669230769231 0.5544657379807693 0.08488239903846154 0.5732932980769231 0.17345909855769232 0.7685152548076922 0.13196338942307692
1 0.5705546923076923 0 0.5908178100961539 0.09533047115384616 0.7990817379807692 0.051062605769230766 0.7882280456730769 0 0.5705546923076923 0
1 0.8907394759615385 0.6694070913461538 0.8645195024038461 0.5460518100961539 0.7715954783653847 0.5658034206730769 0.7978154543269231 0.6891587019230769 0.8907394759615385 0.6694070913461538
1 1 0.5675196201923077 0.8711756634615385 0.594902076923077 0.9045185384615385 0.7517679711538462 1 0.7314727596153846 1 0.5675196201923077
1 0 0.15663774278846151 0.11842451442307692 0.13146583413461538 0.10637333653846154 0.0747695 0 0.09737985096153846 0 0.15663774278846151
1 0 0.24770178365384615 0.18676844951923074 0.20800292307692309 0.1633013798076923 0.09759904326923077 0 0.1323098221153846 0 0.24770178365384615
1 0.13054794230769232 0.24712071634615385 0.14469748798076923 0.31368909615384616 0.2683414591346154 0.28740775721153844 0.25419191346153847 0.2208393798076923 0.13054794230769232 0.24712071634615385
1 0.20749671153846153 0.29399840865384613 0.2186430889423077 0.3464379879807692 0.3076952764423077 0.3275093605769231 0.29654889903846154 0.27506978365384616 0.20749671153846153 0.29399840865384613
1 0.2448716658653846 0.08480447836538461 0.2572886129807692 0.14322162740384614 0.2788384278846154 0.13864107211538462 0.2664214783653846 0.08022392548076923 0.2448716658653846 0.08480447836538461
1 0.29297182211538464 0.15778763942307691 0.302828375 0.20415908173076922 0.3164307403846154 0.20126781009615383 0.30657418509615386 0.15489636778846153 0.29297182211538464 0.15778763942307691
1 0.2996455985576923 0.19745202884615384 0.30801981971153847 0.23684964182692306 0.3318112235576923 0.23179262259615385 0.32343700240384615 0.1923950096153846 0.2996455985576923 0.19745202884615384
1 0.23733997355769232 0.34246384375 0.24592595673076925 0.38285771875 0.33727067788461534 0.36344179807692306 0.32868469471153844 0.3230479230769231 0.23733997355769232 0.34246384375
1 0.30207033894230767 0.40149941586538457 0.30721037740384616 0.4256813966346154 0.3684974375 0.41265443028846155 0.36335739903846154 0.38847244951923077 0.30207033894230767 0.40149941586538457
1 0.2734844326923077 0.4285903173076923 0.28120411778846155 0.4649085745192308 0.31126177644230774 0.4585196225961538 0.30354209375 0.4222013629807692 0.2734844326923077 0.4285903173076923
1 0.22918633653846154 0.4043067956730769 0.24268134375 0.4677958173076923 0.2863413701923077 0.45851559375 0.2728463605769231 0.39502656971153843 0.22918633653846154 0.4043067956730769
1 0.17460506009615384 0.37899054567307694 0.19046795192307692 0.4536195865384615 0.24151502884615386 0.4427691947115384 0.2256521370192308 0.36814015384615384 0.17460506009615384 0.37899054567307694
1 0 0.4545364302884615 0.18466258653846154 0.4152851875 0.1631783798076923 0.31420993509615386 0 0.3488945697115385 0 0.4545364302884615
1 0.15975726923076922 0.819670451923077 0.13846557211538463 0.719500891826923 0.04370752403846154 0.7396423365384616 0.06499922115384615 0.8398118966346153 0.15975726923076922 0.819670451923077
1 0.24871512980769234 0.7522006971153845 0.2323517091346154 0.675216858173077 0.13020660817307692 0.6969284687499999 0.14657002884615383 0.7739123076923077 0.24871512980769234 0.7522006971153845
1 0.2953323629807692 0.70272353125 0.2833389375 0.6462989038461538 0.23341265625000002 0.6569110649038462 0.24540607932692307 0.7133356899038461 0.2953323629807692 0.70272353125
1 0.32763703605769234 0.6705824302884615 0.31864678125 0.6282866033653847 0.27834913942307693 0.6368521322115386 0.2873393942307692 0.6791479591346155 0.32763703605769234 0.6705824302884615
1 0.3490985961538462 0.6460471274038462 0.3420141995192308 0.6127176514423077 0.31078479807692305 0.6193556658653846 0.31786919711538464 0.652685141826923 0.3490985961538462 0.6460471274038462
1 0.3659879951923077 0.6308138533653846 0.35955813461538466 0.6005637307692308 0.33800831971153844 0.6051442860576923 0.3444381802884615 0.63539440625 0.3659879951923077 0.6308138533653846
1 0.37744104567307696 0.6180613629807692 0.3725897740384615 0.5952379182692308 0.3565420384615384 0.59864896875 0.3613933125 0.6214724134615385 0.37744104567307696 0.6180613629807692
1 0.39055650000000003 0.6133803653846154 0.38622500721153846 0.5930022884615385 0.3714509038461538 0.5961426225961538 0.3757823966346154 0.6165206971153846 0.39055650000000003 0.6133803653846154
1 0.4058905408653847 0.6016015096153846 0.40179006009615387 0.582310264423077 0.38665933894230775 0.5855263990384615 0.39075981971153845 0.6048176418269231 0.4058905408653847 0.6016015096153846