1 0.7834997115384615 0.6395260144230769 0.7773584591346154 0.5693311850961538 0.6584377163461539 0.5797354014423077 0.66457896875 0.6499302307692307 0.7834997115384615 0.6395260144230769
1 0.6312395552884615 0.5796053822115385 0.63505665625 0.6232350192307692 0.6658764278846154 0.6205386394230769 0.662059329326923 0.576909 0.6312395552884615 0.5796053822115385
1 0.6354753894230769 0.6059103774038461 0.6324087980769231 0.5708590841346154 0.6112396610576923 0.5727111418269231 0.61430625 0.6077624375 0.6354753894230769 0.6059103774038461
1 0.6015026274038461 0.5665920504807692 0.6041253701923077 0.5965701322115384 0.61709665625 0.5954352932692308 0.6144739134615385 0.5654572115384615 0.6015026274038461 0.5665920504807692
1 0.6046823870192308 0.5862043629807693 0.6018336850961539 0.5536435552884615 0.583051264423077 0.5552868028846154 0.5858999639423077 0.587847610576923 0.6046823870192308 0.5862043629807693
1 0.5750793701923077 0.5585867475961538 0.5768789759615385 0.5791563245192308 0.5874635456730769 0.5782302956730769 0.5856639399038461 0.55766071875 0.5750793701923077 0.5585867475961538
1 0.5767256466346153 0.5774037596153846 0.5750793701923077 0.5585867475961538 0.5625750504807692 0.5596807331730769 0.5642213269230769 0.5784977451923077 0.5767256466346153 0.5774037596153846
1 0.7694743004807693 0.15352867307692308 0.7596854182692307 0.04164125 0.6146664495192308 0.05432876682692308 0.624455329326923 0.16621618990384615 0.7694743004807693 0.15352867307692308
1 0.773094110576923 0.2080502860576923 0.7660006033653846 0.12697110576923076 0.5996049567307693 0.1415288389423077 0.6066984663461539 0.22260801923076923 0.773094110576923 0.2080502860576923
1 0.6923567548076923 0.2700451418269231 0.6871435504807692 0.21045793990384618 0.5767838557692307 0.22011316105769232 0.5819970600961539 0.2797003629807692 0.6923567548076923 0.2700451418269231
1 0.6984697091346154 0.29330457692307693 0.6949592692307692 0.2531800673076923 0.5638455216346154 0.2646510336538462 0.5673559615384616 0.3047755432692308 0.6984697091346154 0.29330457692307693
1 0.6483897788461538 0.3328196971153846 0.6442579495192308 0.2855926875 0.55641640625 0.2932778269230769 0.560548235576923 0.34050483653846153 0.6483897788461538 0.3328196971153846
1 0 0.23014357932692306 0.20649736057692308 0.2120774014423077 0.1959256923076923 0.09124267307692308 0 0.10838394951923076 0 0.23014357932692306
1 0 0.16926376682692307 0.14574631009615385 0.15651261538461536 0.13496482211538463 0.03327964182692308 0 0.04508753124999999 0 0.16926376682692307
1 0.08682625240384614 0.20135551442307692 0.09362117067307693 0.27902180528846154 0.2516633076923077 0.26519490865384615 0.24486838701923078 0.18752861778846153 0.08682625240384614 0.20135551442307692
1 0.1490071081730769 0.2493595048076923 0.1546157403846154 0.3134664807692307 0.28977653365384615 0.3016414423076923 0.28416789903846157 0.23753446875 0.1490071081730769 0.2493595048076923
1 0.22614679086538464 0.31715357451923076 0.23023826682692305 0.36391938221153847 0.33354158173076925 0.35488151201923074 0.3294501033653846 0.3081157067307692 0.22614679086538464 0.31715357451923076
1 0.2581377091346154 0.3415879927884615 0.2618176177884615 0.38364954807692303 0.3497110456730769 0.3759598701923077 0.3460311370192307 0.3338983149038462 0.2581377091346154 0.3415879927884615
1 0.2913485673076923 0.36024595913461543 0.2944716466346154 0.3959429326923077 0.36187044471153845 0.3900463028846154 0.3587473653846154 0.35434932692307697 0.2913485673076923 0.36024595913461543
1 0.3173133798076923 0.12337791586538462 0.32093679807692305 0.16479378846153844 0.34672371153846154 0.16253772596153848 0.3431002932692308 0.12112185336538461 0.3173133798076923 0.12337791586538462
1 0.23972597115384617 0.7024361875 0.23416575721153846 0.6388826562500001 0.16261614903846155 0.6451424350961539 0.1681763629807692 0.7086959663461538 0.23972597115384617 0.7024361875
1 0.19011523557692306 0.7485094447115385 0.18235191826923075 0.6597743245192308 0.07085075240384615 0.6695294134615384 0.07861406971153848 0.7582645336538462 0.19011523557692306 0.7485094447115385
1 0.059099324519230764 0.7748432572115385 0.052635274038461535 0.7009588173076923 0.01605625 0.7041590673076924 0.02252030048076923 0.7780435072115384 0.059099324519230764 0.7748432572115385
1 0.31897475240384615 0.6449400408653846 0.3143910048076923 0.5925475817307693 0.21503095913461537 0.6012404591346153 0.21961470673076924 0.6536329182692308 0.31897475240384615 0.6449400408653846
1 0.34349349278846153 0.6311766442307692 0.34030585336538466 0.5947417475961538 0.3050239591346154 0.5978285120192308 0.3082115985576923 0.6342634086538462 0.34349349278846153 0.6311766442307692
1 0.35618247115384616 0.6142656346153846 0.3534306081730769 0.5828117091346153 0.3321576995192308 0.5846728461538462 0.3349095625 0.6161267740384615 0.35618247115384616 0.6142656346153846
1 0.3713353533653846 0.6028087860576923 0.36940662740384617 0.5807633653846154 0.3457470048076923 0.5828333149038462 0.34767572836538463 0.6048787355769231 0.3713353533653846 0.6028087860576923
1 0.38310183894230765 0.5938789182692308 0.38154433173076924 0.5760765504807692 0.3646816610576923 0.5775518413461538 0.36623916586538463 0.5953542115384616 0.38310183894230765 0.5938789182692308
1 0.4133314110576923 0.5790582091346154 0.41201600480769235 0.564023048076923 0.40034184855769234 0.5650444038461538 0.4016572548076923 0.5800795673076923 0.4133314110576923 0.5790582091346154
1 1 0.6601798100961538 0.9460692475961537 0.6648981394230769 0.9568023173076923 0.7875776706730769 1 0.7837983629807692 1 0.6601798100961538