2 0.4026856899038461 0.43518850961538463 0.3955767211538461 0.5708356899038461 0.4804602331730769 0.5752842451923077 0.4875691995192308 0.43963706730769225 0.4026856899038461 0.43518850961538463
1 0.5500719230769231 0.5895024807692308 0.551496625 0.5623175649038461 0.5380255288461538 0.5616115745192307 0.5366008269230769 0.5887964903846153 0.5500719230769231 0.5895024807692308
1 0.5607208028846153 0.5933057548076923 0.5621067379807692 0.5668605649038462 0.5481675336538461 0.5661300408653847 0.5467815985576923 0.5925752307692307 0.5607208028846153 0.5933057548076923
1 0.5753083653846154 0.6085345216346154 0.5771158942307693 0.5740448173076923 0.5608881634615385 0.5731943557692307 0.5590806346153846 0.6076840625 0.5753083653846154 0.6085345216346154
1 0.5898058028846154 0.6165264326923077 0.5916520985576923 0.5812970048076923 0.5754243701923077 0.580446545673077 0.5735780745192307 0.6156759735576922 0.5898058028846154 0.6165264326923077
1 0.6202269711538461 0.6301742980769232 0.6223252548076924 0.5901366490384615 0.5894536995192308 0.5884139230769231 0.5873554158653846 0.6284515721153846 0.6202269711538461 0.6301742980769232
1 0.6559391322115384 0.6553185264423077 0.6588369927884615 0.6000240408653846 0.6174354783653846 0.5978542788461538 0.6145376177884615 0.6531487644230769 0.6559391322115384 0.6553185264423077
1 0.7862687836538461 0.6942298173076923 0.7901309831730768 0.62053465625 0.6550039254807692 0.6134529471153847 0.6511417259615384 0.6871481081730769 0.7862687836538461 0.6942298173076923
1 0.8453688485576923 0.7567604254807693 0.8510288846153846 0.6487604879807692 0.72115503125 0.6419540889423078 0.7154949951923076 0.7499540240384615 0.8453688485576923 0.7567604254807693
1 0.978769735576923 0.8535043004807693 0.9868866538461538 0.6986242572115385 0.8222168052884615 0.6899942764423077 0.8140998846153846 0.8448743197115385 0.978769735576923 0.8535043004807693
1 0.682806014423077 0.011304995192307692 0.6768019182692308 0.1258699951923077 0.8991530264423078 0.13752292307692307 0.9051571225961539 0.022957923076923077 0.682806014423077 0.011304995192307692
1 0.8647200625 0.22231853125 0.8705497043269231 0.11108229567307691 0.6388884591346154 0.09894144471153846 0.6330588149038461 0.21017768028846154 0.8647200625 0.22231853125
1 0.7201154735576923 0.2647160240384615 0.7243798846153846 0.18334620913461538 0.6141665504807692 0.17757017307692308 0.6099021394230769 0.2589399879807692 0.7201154735576923 0.2647160240384615
1 0.7180268798076923 0.3045687379807692 0.7212494182692308 0.24307905048076922 0.591427579326923 0.23627537499999998 0.5882050408653846 0.29776506490384613 0.7180268798076923 0.3045687379807692
1 0.6620348605769231 0.32305256490384615 0.6644529759615385 0.27691218028846154 0.5716636466346153 0.2720492980769231 0.56924553125 0.3181896802884615 0.6620348605769231 0.32305256490384615
1 0.6608282259615385 0.34607652163461544 0.6625194519230769 0.31380599278846155 0.5613041875 0.3085015264423077 0.5596129591346154 0.34077205528846155 0.6608282259615385 0.34607652163461544
1 0.6434520120192307 0.3671404326923077 0.6449639399038462 0.33829113461538457 0.552850766826923 0.3334636875 0.5513388389423077 0.3623129879807693 0.6434520120192307 0.3671404326923077
1 0.028699161057692307 0 0.024680889423076925 0.07667319471153847 0.18274522115384617 0.08495699519230769 0.18719762740384616 0 0.028699161057692307 0
1 0.05172906490384615 0.05416905769230769 0.04609325721153846 0.16170666346153845 0.2388495625 0.17180859375 0.2444853701923077 0.06427098557692308 0.05172906490384615 0.05416905769230769
1 0.2646845841346154 0.23713911538461538 0.2686533942307692 0.1614097091346154 0.07470081490384615 0.15124508413461538 0.0707320048076923 0.22697449278846155 0.2646845841346154 0.23713911538461538
1 0.16638912259615385 0.20398632932692307 0.16346218509615384 0.25983561298076924 0.3024381298076923 0.26711903365384615 0.3053650673076923 0.21126975 0.16638912259615385 0.20398632932692307
1 0.22492029326923074 0.2564733990384615 0.22230834375 0.3063124110576923 0.3227434278846154 0.31157599038461536 0.3253553798076923 0.26173698076923074 0.22492029326923074 0.2564733990384615
1 0.24851106971153847 0.2979500745192308 0.2472026706730769 0.3229158125 0.3352068990384615 0.3275279182692307 0.3365152980769231 0.30256218028846155 0.24851106971153847 0.2979500745192308
1 0.2640225697115385 0.3154525360576923 0.26250094951923075 0.3444867644230769 0.3418711923076923 0.34864638221153843 0.3433928125 0.3196121538461538 0.2640225697115385 0.3154525360576923
1 0.29901586778846156 0.06471809855769231 0.2968400504807692 0.10623519471153846 0.36065871875 0.10957979086538461 0.36283453846153846 0.06806269230769231 0.29901586778846156 0.06471809855769231
1 0.2987978581730769 0.009167596153846155 0.2954590192307692 0.07287645913461539 0.3545966105769231 0.07597573076923077 0.35793545192307696 0.012266865384615385 0.2987978581730769 0.009167596153846155
1 0 0.7018864807692308 0.041452375 0.70405890625 0.04545510576923077 0.6276822379807693 0 0.6253000384615385 0 0.7018864807692308
1 0.14000148798076922 0.6826131033653847 0.144353125 0.59957890625 0.03689642548076923 0.5939473389423077 0.03254478605769231 0.6769815360576923 0.14000148798076922 0.6826131033653847
1 0.2118762379807692 0.6387219927884615 0.21469656490384617 0.5849069543269231 0.1568072596153846 0.5818731057692308 0.1539869326923077 0.635688141826923 0.2118762379807692 0.6387219927884615
1 0.2556344639423077 0.6208023774038461 0.2580041201923077 0.5755866514423077 0.19850244471153847 0.5724683004807692 0.19613278846153845 0.6176840264423077 0.2556344639423077 0.6208023774038461
1 0.3053556610576923 0.5916053100961538 0.3067512860576923 0.5649751899038461 0.20725241826923077 0.5597606754807692 0.20585679326923076 0.586390795673077 0.3053556610576923 0.5916053100961538
1 0.3205932331730769 0.5864698197115384 0.32195493750000004 0.5604869567307692 0.29927772355769233 0.5592984951923077 0.2979160192307692 0.5852813581730769 0.3205932331730769 0.5864698197115384
1 0.3384746850961538 0.5846253581730769 0.33986062019230767 0.5581801682692308 0.3158831105769231 0.5569235600961538 0.3144971754807692 0.58336875 0.3384746850961538 0.5846253581730769
1 0.3606075625 0.5713210264423076 0.36133445192307695 0.5574511706730769 0.33891730048076923 0.5562763365384615 0.33819041105769226 0.5701461923076923 0.3606075625 0.5713210264423076
1 0.3396005745192308 0.5432386754807692 0.33865077403846156 0.5613619495192308 0.3608078677884615 0.5625231538461539 0.3617576682692307 0.5443998774038461 0.3396005745192308 0.5432386754807692
1 0.3356706177884616 0.5286611658653846 0.33489042307692307 0.5435481442307692 0.36172859134615387 0.544954673076923 0.36250878605769227 0.5300676947115385 0.3356706177884616 0.5286611658653846
1 0.33781248557692306 0.5176470576923077 0.33701290865384614 0.5329038966346153 0.3620306586538462 0.5342150216346154 0.36283023557692307 0.5189581802884615 0.33781248557692306 0.5176470576923077
1 0.33948754086538463 0.5055885673076923 0.3387315769230769 0.5200132163461538 0.3627090865384615 0.5212698245192308 0.3634650504807692 0.5068451754807692 0.33948754086538463 0.5055885673076923
1 0.34241605528846153 0.48951610576923077 0.3414904855769231 0.5071770528846155 0.36546799519230766 0.5084336610576923 0.36639356490384617 0.4907727115384616 0.34241605528846153 0.48951610576923077
1 0.3656553798076923 0.4949064110576923 0.3666245625 0.4764132692307692 0.29521214903846155 0.47267070432692304 0.2942429663461538 0.49116384375 0.3656553798076923 0.4949064110576923
1 0.2954899879807692 0.4623933846153846 0.2946128774038462 0.4791296730769231 0.3683658269230769 0.4829949014423077 0.36924293990384616 0.4662586129807692 0.2954899879807692 0.4623933846153846
1 0.36899579807692306 0.47097436057692305 0.3700667475961538 0.45053944230769233 0.2983942716346154 0.44678324519230767 0.29732332211538465 0.46721816586538456 0.36899579807692306 0.47097436057692305
1 0.29933276201923076 0.43385167788461537 0.2981697403846154 0.4560434447115385 0.3703623341346154 0.4598268990384616 0.3715253557692308 0.4376351322115385 0.29933276201923076 0.43385167788461537
1 0.3759092091346154 0.4485276418269231 0.3770043870192307 0.42763039182692303 0.31339376682692305 0.42429670192307695 0.31229858894230766 0.4451939519230769 0.3759092091346154 0.4485276418269231
1 0.36746614903846153 0.4504031490384615 0.3668119495192308 0.4628860192307692 0.3743536826923077 0.46328126442307693 0.37500788221153847 0.45079839423076923 0.36746614903846153 0.4504031490384615
1 0.3730598341346154 0.47304174038461533 0.3736461923076923 0.4618533942307692 0.3671446971153846 0.46151266346153846 0.36655834134615384 0.47270101201923076 0.3730598341346154 0.47304174038461533
1 0.37271415625000004 0.48461358173076924 0.37331989663461534 0.4730553701923077 0.36525804086538466 0.4726328653846154 0.36465230048076924 0.48419107932692307 0.37271415625000004 0.48461358173076924
1 0.3723442451923077 0.4966477548076923 0.3729742139423077 0.4846272115384615 0.3633520048076923 0.48412293269230766 0.3627220336538462 0.4961434759615385 0.3723442451923077 0.4966477548076923
1 0.37168519951923074 0.5092230865384615 0.3723442451923077 0.4966477548076923 0.36402233173076926 0.4962116201923077 0.36336328605769236 0.5087869543269231 0.37168519951923074 0.5092230865384615
1 0.3709405480769231 0.5184560288461538 0.37142514182692304 0.5092094591346153 0.36336328605769236 0.5087869543269231 0.36287869471153844 0.5180335240384616 0.3709405480769231 0.5184560288461538
1 0.37031057932692313 0.5304765673076923 0.3709405480769231 0.5184560288461538 0.36183845673076925 0.5179790072115384 0.3612084855769231 0.5299995480769231 0.37031057932692313 0.5304765673076923
1 0.3714041081730769 0.5444418269230769 0.37213099759615387 0.5305719735576923 0.3612084855769231 0.5299995480769231 0.3604815985576923 0.5438694038461539 0.3714041081730769 0.5444418269230769
1 0.37038808653846156 0.5588528485576923 0.37111981971153846 0.5448905288461539 0.3599372475961538 0.5443044735576923 0.3592055144230769 0.5582667932692308 0.37038808653846156 0.5588528485576923
1 0.37018778125 0.5676507163461538 0.37064814423076925 0.5588664759615385 0.3594655745192308 0.558280423076923 0.35900521153846154 0.5670646634615385 0.37018778125 0.5676507163461538