1 0.10632887740384615 1 0.38508262259615383 0.9707018004807693 0.36105075480769233 0.7420538509615385 0.031511781249999996 0.7766897932692308 0.05498262980769231 1 0.10632887740384615 1
1 0.5814013293269231 0.7767107980769231 0.5688869495192308 0.6576444254807693 0.34382457211538464 0.6812994350961539 0.35633895192307696 0.8003658076923077 0.5814013293269231 0.7767107980769231
1 0.6655067620192308 0.7004646658653846 0.6569993052884615 0.6195216346153847 0.5565111538461539 0.6300833653846154 0.565018610576923 0.7110263942307693 0.6655067620192308 0.7004646658653846
1 0.7235674783653846 0.653955701923077 0.71626984375 0.5845233389423077 0.6520921033653846 0.5912686923076923 0.6593897379807692 0.6607010528846153 0.7235674783653846 0.653955701923077
1 0.7650816971153845 0.6278994711538461 0.7598649519230769 0.5782654615384616 0.7170279927884615 0.5827678076923077 0.7222447379807692 0.6324018173076923 0.7650816971153845 0.6278994711538461
1 0.7932458317307692 0.6098566754807693 0.7878548725961539 0.5585651322115385 0.7553257187500001 0.5619840841346154 0.7607166754807693 0.6132756274038461 0.7932458317307692 0.6098566754807693
1 0.47911099038461535 0 0.34948120673076927 0.013624639423076922 0.3645991201923077 0.15746197115384616 0.6027663942307693 0.1324295817307692 0.5888474831730769 0 0.47911099038461535 0
1 0.6666279879807693 0.16752053365384614 0.649071076923077 0.00047768990384615385 0.46208024038461537 0.02013121875 0.4796371514423077 0.18717406250000002 0.6666279879807693 0.16752053365384614
1 0.7233102716346154 0.2090453221153846 0.7089472860576923 0.07239064663461539 0.5519993004807693 0.08888654567307691 0.5663622860576922 0.22554121875 0.7233102716346154 0.2090453221153846
1 0.7573880072115385 0.24726668269230767 0.7455608052884616 0.1347383701923077 0.6240944567307692 0.147505 0.6359216586538461 0.2600333100961538 0.7573880072115385 0.24726668269230767
1 0.7908656706730769 0.27977875240384614 0.781322608173077 0.1889825889423077 0.6799020961538461 0.1996423125 0.68944515625 0.2904384783653846 0.7908656706730769 0.27977875240384614
1 0.8436751009615384 0.29741081009615383 0.8364355384615384 0.22853095913461538 0.7104627644230769 0.24177123076923077 0.717702329326923 0.3106510817307692 0.8436751009615384 0.29741081009615383
2 1 0.5071801730769231 0.9749850360576923 0.26917867548076924 0.8490640625 0.28241350240384616 0.8818550264423077 0.5943987019230769 1 0.5819811658653846 1 0.5071801730769231