2 0.47502821875 0.38488937259615386 0.5118118798076924 0.544216923076923 0.5748414447115384 0.5296654014423077 0.53805778125 0.37033785096153843 0.47502821875 0.38488937259615386
1 0.6801076442307692 0.5151506850961538 0.6687559471153846 0.46598108413461536 0.6274467163461538 0.4755180721153846 0.6387984134615384 0.5246876730769231 0.6801076442307692 0.5151506850961538
1 0.6891802572115384 0.5583845384615385 0.6749333557692307 0.4966744326923077 0.636212298076923 0.5056138942307692 0.6504591971153846 0.567324 0.6891802572115384 0.5583845384615385
1 0.6039328052884616 0.47600522115384614 0.61276421875 0.5142582692307692 0.6421983149038462 0.5074628725961539 0.6333669014423078 0.46920982451923077 0.6039328052884616 0.47600522115384614
1 0.6501030192307693 0.5435541610576923 0.6405425985576922 0.5021434350961539 0.6123772139423077 0.5086459254807691 0.6219376346153846 0.5500566538461539 0.6501030192307693 0.5435541610576923
1 0.7690451033653846 0.579478 0.7495493437499999 0.49503259375 0.674796891826923 0.5122905576923077 0.6942926490384616 0.5967359639423078 0.7690451033653846 0.579478
1 0.8586713725961539 0.6069654182692308 0.8303025456730769 0.4840865288461539 0.733068533653846 0.5065347692307692 0.7614373629807693 0.6294136586538461 0.8586713725961539 0.6069654182692308
1 1 0.4960339326923077 0.832018485576923 0.5348155216346154 0.8767170913461538 0.7284264639423077 1 0.6999643605769231 1 0.4960339326923077
1 0.5516610432692308 0 0.5620981322115385 0.045208004807692305 0.7489538918269231 0.002068951923076923 0.748476235576923 0 0.5516610432692308 0
1 0.6410176442307692 0 0.5242619831730769 0.02695516826923077 0.5440910024038461 0.11284408653846154 0.7385590264423076 0.06794760576923077 0.7228720865384616 0 0.6410176442307692 0
1 0.6578885096153846 0.15565733173076923 0.6397049663461538 0.07689575240384615 0.5242015144230769 0.10356182451923077 0.5423850576923077 0.18232340625 0.6578885096153846 0.15565733173076923
1 0.6876646418269231 0.18831468509615384 0.6705641971153846 0.11424451682692308 0.5159844447115385 0.14993206490384614 0.5330848918269231 0.2240022331730769 0.6876646418269231 0.18831468509615384
1 0.590667826923077 0.24235254086538463 0.5804825432692308 0.19823523076923077 0.5150678004807692 0.21333741346153845 0.5252530841346154 0.2574547235576923 0.590667826923077 0.24235254086538463
1 0.5951911249999999 0.2570829278846154 0.5874011538461539 0.22334085576923077 0.512496454326923 0.24063396874999998 0.5202864254807692 0.27437604086538464 0.5951911249999999 0.2570829278846154
1 0.5964292524038461 0.2913873341346154 0.5875561826923077 0.2529538485576923 0.5068661610576923 0.2715826081730769 0.5157392307692308 0.31001609374999994 0.5964292524038461 0.2913873341346154
1 0.39690805048076927 0.23567527644230768 0.3873892884615385 0.19444498798076923 0.34516658653846155 0.2041928653846154 0.3546853485576923 0.24542315625000002 0.39690805048076927 0.23567527644230768
1 0.36787994230769233 0.2423769423076923 0.35771548798076924 0.19834985096153845 0.3276724110576923 0.20528584375 0.3378368653846154 0.24931293509615385 0.36787994230769233 0.2423769423076923
1 0.36415758413461535 0.09613272836538461 0.3539723004807692 0.05201541826923077 0.3080449591346154 0.06261857932692308 0.3182302427884615 0.10673588942307692 0.36415758413461535 0.09613272836538461
1 0.3714512788461538 0.33239935576923074 0.36236992067307694 0.2930636730769231 0.26955102403846154 0.31449260336538465 0.27863238221153847 0.3538282860576923 0.3714512788461538 0.33239935576923074
1 0.41608050240384614 0.5354341009615384 0.4102484375 0.5101726538461538 0.3601597283653846 0.5217365432692308 0.3659917932692308 0.5469979927884615 0.41608050240384614 0.5354341009615384
1 0.1613450408653846 0.257464625 0.1721760168269231 0.3043787403846154 0.3156926081730769 0.2712453245192308 0.3048616298076923 0.22433120913461538 0.1613450408653846 0.257464625
1 0.11524929567307693 0.20690853125 0.13407853125 0.2884669158653846 0.3002289278846154 0.2501080745192308 0.2813996923076923 0.16854968990384614 0.11524929567307693 0.20690853125
1 0.030410478365384616 0.12491001442307693 0.05675891346153846 0.2390376201923077 0.2524449014423077 0.19385994951923077 0.22609646874999997 0.07973234375 0.030410478365384616 0.12491001442307693
1 0 0.17554875240384618 0.19515963221153848 0.13049260096153847 0.17945471634615384 0.06246713461538462 0 0.10389751923076923 0 0.17554875240384618
1 0 0.3211318894230769 0.11882293028846153 0.29369945432692307 0.10136839663461537 0.21809555528846153 0 0.24149829567307693 0 0.3211318894230769
1 0 0.24577456009615384 0.06053972355769231 0.2317978629807692 0.035295216346153846 0.12245189182692308 0 0.13060043509615385 0 0.24577456009615384
1 0.07500630288461539 0.29098651923076924 0.09248166586538462 0.36668063701923076 0.20945682211538463 0.3396747956730769 0.1919814591346154 0.26398067548076926 0.07500630288461539 0.29098651923076924
1 0.1959054423076923 0.8526294471153846 0.16297510576923077 0.7099924951923077 0.042701302884615384 0.7377598894230769 0.07563163701923077 0.8803968413461539 0.1959054423076923 0.8526294471153846
1 0.28619225 0.7361867668269231 0.2629889639423077 0.6356823004807691 0.1508349110576923 0.6615751033653846 0.17403819471153847 0.7620795697115385 0.28619225 0.7361867668269231
1 0.3228989783653846 0.6722159086538462 0.3075273221153846 0.6056339519230769 0.24845613701923078 0.619271610576923 0.2638277932692308 0.6858535649038462 0.3228989783653846 0.6722159086538462
1 0.3058153557692308 0.6248447668269231 0.2923807788461538 0.5666532211538462 0.22224643269230768 0.5828450096153847 0.23568100961538463 0.6410365576923076 0.3058153557692308 0.6248447668269231
1 0.34041760817307687 0.5989909134615384 0.32981574759615384 0.5530692139423077 0.2855123581730769 0.5632974567307693 0.29611421875 0.60921915625 0.34041760817307687 0.5989909134615384
1 0.35035984375 0.6323311274038462 0.3388831730769231 0.5826202091346153 0.29980687259615385 0.5916416850961539 0.3112835432692308 0.6413526033653846 0.35035984375 0.6323311274038462
1 0.36976229326923077 0.5962073413461538 0.3624097259615385 0.564359875 0.3323666490384615 0.5712958677884615 0.3397192163461539 0.6031433341346154 0.36976229326923077 0.5962073413461538
1 0.3857901634615385 0.5836693990384615 0.3777710745192308 0.5489349086538462 0.35087439903846157 0.5551444951923077 0.3588934879807692 0.5898789855769231 0.3857901634615385 0.5836693990384615