2 0.5077243701923077 0.38246540625 0.49916647355769234 0.5457598293269231 0.5637653221153847 0.5491453125 0.57232321875 0.38585088942307694 0.5077243701923077 0.38246540625
1 0.668954485576923 0.5642081682692308 0.6715955120192307 0.5138143629807692 0.6292577788461539 0.5115955360576924 0.6266167524038462 0.5619893413461539 0.668954485576923 0.5642081682692308
1 0.6657587740384615 0.6082679663461539 0.6690733846153846 0.5450214278846154 0.6293882644230769 0.5429416201923076 0.6260736538461539 0.60618815625 0.6657587740384615 0.6082679663461539
1 0.6065204831730769 0.5055825024038462 0.6044658125 0.5447879591346154 0.6346327475961538 0.5463689399038462 0.6366874182692308 0.5071634831730769 0.6065204831730769 0.5055825024038462
1 0.6322831298076923 0.5832409471153845 0.63450740625 0.5407991923076924 0.6056407716346154 0.5392863557692308 0.6034164951923077 0.5817281105769231 0.6322831298076923 0.5832409471153845
1 0.7367156466346153 0.6505580384615384 0.7412514278846154 0.5640101442307692 0.6646378197115385 0.5599949951923077 0.6601020360576922 0.6465428894230769 0.7367156466346153 0.6505580384615384
1 0.8152933870192308 0.7016849903846154 0.8218935336538462 0.5757467091346153 0.7222386274038463 0.570524016826923 0.7156384831730769 0.6964622980769231 0.8152933870192308 0.7016849903846154
1 0.97808196875 0.8327917716346154 0.9884813173076924 0.6343603846153846 0.8095601923076923 0.6249835240384616 0.7991608461538462 0.8234149134615384 0.97808196875 0.8327917716346154
1 0.6885295913461539 0.013552067307692308 0.6850502187499999 0.07994243990384617 0.8765582379807693 0.08997894951923077 0.8800376105769231 0.023588576923076924 0.6885295913461539 0.013552067307692308
1 0.8484074350961539 0.15044036298076924 0.8530207524038461 0.06241301682692308 0.6537109423076923 0.05196763221153847 0.649097625 0.1399949783653846 0.8484074350961539 0.15044036298076924
1 0.7466858798076923 0.21251655528846153 0.7509163701923077 0.131794 0.6325371586538462 0.1255900096153846 0.6283066682692307 0.20631256490384614 0.7466858798076923 0.21251655528846153
1 0.7663069495192307 0.2521162307692308 0.7702854495192307 0.17620189423076923 0.6118570336538461 0.16789901201923077 0.6078785336538461 0.24381335096153847 0.7663069495192307 0.2521162307692308
1 0.6581727740384615 0.27732480528846154 0.6605424302884615 0.23210908173076922 0.5934990168269231 0.22859548557692305 0.5911293629807692 0.2738112091346154 0.6581727740384615 0.27732480528846154
1 0.6584606009615384 0.2927313533653846 0.6602729759615384 0.25814918509615387 0.5835033317307692 0.2541258581730769 0.5816909567307692 0.2887080264423077 0.6584606009615384 0.2927313533653846
1 0.6501951899038462 0.32604813942307687 0.6522595528846153 0.28665775240384617 0.5695605456730769 0.28232368028846155 0.5674961826923076 0.3217140673076923 0.6501951899038462 0.32604813942307687
1 0.4737594254807692 0.2174987764423077 0.4759740120192308 0.1752419519230769 0.43270006730769234 0.17297406009615385 0.43048548076923077 0.2152308846153846 0.4737594254807692 0.2174987764423077
1 0.44400858894230766 0.21593960096153844 0.44637339903846157 0.17081634134615384 0.4155823197115385 0.16920264903846152 0.4132175096153846 0.21432590865384615 0.44400858894230766 0.21593960096153844
1 0.4807407956730769 0.07433461778846154 0.48311044951923077 0.02911889182692308 0.4360396298076923 0.026652014423076922 0.4336699735576923 0.07186774038461538 0.4807407956730769 0.07433461778846154
1 0.42262803605769234 0.30345909134615384 0.4247408581730769 0.2631440432692308 0.32961099278846157 0.2581585 0.3274981730769231 0.29847354567307693 0.42262803605769234 0.30345909134615384
1 0.40956443990384617 0.5109300961538461 0.4109212980769231 0.48503969951923076 0.3595854975961539 0.48234930528846154 0.3582286394230769 0.5082397019230769 0.40956443990384617 0.5109300961538461
1 0.24131576923076922 0.1735140769230769 0.23879588942307692 0.2215962403846154 0.3858856971153846 0.22930488942307692 0.3884055769230769 0.18122272596153846 0.24131576923076922 0.1735140769230769
1 0.21094084134615385 0.11221073076923077 0.20656012980769228 0.19579972355769232 0.3768472692307692 0.20472409375 0.38122798317307693 0.12113510096153846 0.21094084134615385 0.11221073076923077
1 0.1519903918269231 0.010003951923076923 0.14586030048076923 0.12697306009615386 0.3464184014423077 0.13748386298076923 0.3525484927884615 0.02051475480769231 0.1519903918269231 0.010003951923076923
1 0.10421932451923076 0 0.10160304567307692 0.049921586538461536 0.30881867307692307 0.060781298076923077 0.31200408653846157 0 0.10421932451923076 0
1 0.02635945432692308 0.1103256826923077 0.022298572115384614 0.1878119375 0.19045322115384614 0.19662454807692306 0.1945141033653846 0.11913829567307693 0.02635945432692308 0.1103256826923077
1 0.025773211538461537 0.002091115384615385 0.019899954326923076 0.11415953846153845 0.1514901971153846 0.12105589182692308 0.15736345432692306 0.008987466346153846 0.025773211538461537 0.002091115384615385
1 0.1490817596153846 0.18193920673076924 0.14501603125 0.25951792788461536 0.2649035889423077 0.26580096875000003 0.2689693173076923 0.18822224759615386 0.1490817596153846 0.18193920673076924
1 0 0.7493589447115384 0.11048770192307693 0.7551493605769231 0.11814910336538462 0.6089610913461538 0 0.6027691610576923 0 0.7493589447115384
1 0.22937290384615386 0.668103889423077 0.23477125961538461 0.5650971033653847 0.11982484134615384 0.5590730168269231 0.11442648317307692 0.6620798028846154 0.22937290384615386 0.668103889423077
1 0.28229043509615387 0.6167288990384615 0.2858667235576923 0.5484892139423077 0.22532480769230767 0.5453163461538462 0.22174851923076921 0.61355603125 0.28229043509615387 0.6167288990384615
1 0.2789258581730769 0.5664839519230769 0.28205147836538463 0.5068435745192308 0.21017095432692307 0.5030764759615385 0.2070453341346154 0.5627168533653847 0.2789258581730769 0.5664839519230769
1 0.31931396634615383 0.5511693052884615 0.3217805408653846 0.5041042644230769 0.2763741033653846 0.5017246129807693 0.2739075288461538 0.5487896538461539 0.31931396634615383 0.5511693052884615
1 0.31968124759615385 0.5859584278846154 0.32235135096153844 0.535009826923077 0.2823021442307692 0.5329109375 0.2796320408653846 0.5838595384615385 0.31968124759615385 0.5859584278846154
1 0.34828914423076923 0.5565820552884616 0.3499997548076923 0.5239416634615385 0.3192086754807692 0.5223279735576922 0.31749806490384613 0.5549683629807692 0.34828914423076923 0.5565820552884616
1 0.3671520456730769 0.5489476899038461 0.3690177259615384 0.5133483966346154 0.34145138942307696 0.5119037043269231 0.3395857091346154 0.547503 0.3671520456730769 0.5489476899038461