1 0.8059089182692307 0.4244959014423077 0.8092490408653846 0.3972927836538461 0.7364623221153846 0.38835569951923077 0.7331221995192307 0.4155588173076923 0.8059089182692307 0.4244959014423077
1 0.8502286995192307 0.42723233653846154 0.8539750528846154 0.39672073076923076 0.8092070865384616 0.3912239158653846 0.8054607331730769 0.4217355216346154 0.8502286995192307 0.42723233653846154
1 0.7379062091346154 0.51848309375 0.7418218269230769 0.4865929543269231 0.6783919254807693 0.4788047427884615 0.6744763076923077 0.5106948822115385 0.7379062091346154 0.51848309375
1 0.7399340865384616 0.5267548509615385 0.7432742091346154 0.49955173317307694 0.6746231009615384 0.4911224375 0.6712829783653846 0.5183255552884616 0.7399340865384616 0.5267548509615385
1 0.7394278389423078 0.5368610769230769 0.7413010168269231 0.5216052740384616 0.6756482259615384 0.513544125 0.673775048076923 0.5287999278846154 0.7394278389423078 0.5368610769230769
1 0.7363827475961539 0.5492676370192308 0.7382559230769231 0.5340118341346154 0.6733785576923077 0.5260458942307692 0.6715053798076924 0.5413016995192308 0.7363827475961539 0.5492676370192308
1 0.7365052307692307 0.5606638052884615 0.7383784086538461 0.5454080048076922 0.6690035697115384 0.5368898437499999 0.6671303942307693 0.5521456466346154 0.7365052307692307 0.5606638052884615
1 0.7288450961538462 0.5739030288461539 0.7309665264423076 0.5566253701923076 0.6678984879807692 0.5488815889423078 0.6657770600961539 0.5661592451923076 0.7288450961538462 0.5739030288461539
1 0.7305803533653846 0.5875495528846154 0.7326115096153847 0.5710071177884616 0.6740409495192308 0.5638155576923076 0.6720097932692308 0.5803579927884616 0.7305803533653846 0.5875495528846154
1 0.7323833173076923 0.6006446658653846 0.7345047451923077 0.5833670096153847 0.6702994158653847 0.5754835865384615 0.6681779879807692 0.5927612427884615 0.7323833173076923 0.6006446658653846
1 0.7419585841346154 0.5782185120192308 0.7391036826923076 0.6014698245192307 0.7868182692307693 0.6073284375 0.7896731706730769 0.5840771274038462 0.7419585841346154 0.5782185120192308
1 0.87155053125 0.2642642211538461 0.8785918701923077 0.20691711057692308 0.8160407836538461 0.19923680288461537 0.8089994447115385 0.25658391346153847 0.87155053125 0.2642642211538461
1 0.8247108028846154 0.26196467788461536 0.8323050697115384 0.2001143485576923 0.7536251081730769 0.19045366586538462 0.7460308413461539 0.2523039951923077 0.8247108028846154 0.26196467788461536
1 0.8288074591346154 0.03671085576923077 0.8224657403846154 0.08836001682692309 0.8753498389423077 0.09485336778846154 0.8816915576923077 0.04320420673076923 0.8288074591346154 0.03671085576923077
1 0.8654159903846155 0.04241856009615385 0.8599318677884615 0.08708313701923077 0.9211905769230769 0.09460475961538463 0.9266746971153845 0.0499401826923077 0.8654159903846155 0.04241856009615385
1 0.9311721706730769 0.05049240384615385 0.9289153317307692 0.06887288942307693 0.9953435504807693 0.07702924759615384 0.9976003894230769 0.05864876201923076 0.9311721706730769 0.05049240384615385