1 0.7254337139423076 0.39911006250000003 0.7378121610576923 0.34087405048076924 0.6493713173076923 0.3220753701923077 0.6369928701923077 0.3803113798076923 0.7254337139423076 0.39911006250000003
1 0.7726087283653846 0.41339717307692303 0.7844096418269231 0.3578782403846154 0.7241924302884615 0.3450786754807692 0.712391516826923 0.40059760817307694 0.7726087283653846 0.41339717307692303
1 0.8196816201923076 0.4319223293269231 0.8311937668269231 0.37776193509615386 0.7663914879807692 0.3639877860576923 0.7548793413461539 0.41814818028846157 0.8196816201923076 0.4319223293269231
1 0.8717480625 0.4344698894230769 0.8812580985576923 0.3897286923076923 0.8355093197115384 0.38000449038461537 0.8259992836538461 0.42474568509615385 0.8717480625 0.4344698894230769
1 0.904454641826923 0.44568164182692305 0.9125208461538462 0.40773313461538463 0.8697778341346154 0.3986478269230769 0.8617116298076923 0.4365963341346154 0.904454641826923 0.44568164182692305
1 0.7217976009615386 0.6449295216346154 0.7310188701923077 0.6015468629807692 0.6807359711538462 0.5908589014423077 0.6715147019230769 0.6342415600961538 0.7217976009615386 0.6449295216346154
1 0.6711414110576922 0.6284825456730769 0.6783413173076924 0.5946096562500001 0.6264791153846154 0.5835860048076923 0.6192792091346154 0.6174588942307693 0.6711414110576922 0.6284825456730769
1 0.6093273004807692 0.6267028894230768 0.6162576923076923 0.59409796875 0.5278168461538462 0.5752992884615384 0.5208864567307692 0.6079042091346154 0.6093273004807692 0.6267028894230768
1 0.6139034254807693 0.6046729134615385 0.6193514807692307 0.5790418221153846 0.528363375 0.5597017019230769 0.5229153197115385 0.5853327932692308 0.6139034254807693 0.6046729134615385
1 0.5312435192307693 0.5386364879807692 0.5254489423076923 0.5658978245192308 0.6155200336538461 0.5850430264423078 0.621314610576923 0.5577816899038461 0.5312435192307693 0.5386364879807692
1 0.5350143846153845 0.5223990024038462 0.5296818341346154 0.5474866778846154 0.6231153076923076 0.5673465745192308 0.6284478581730769 0.5422588990384616 0.5350143846153845 0.5223990024038462
1 0.536440829326923 0.5021607283653846 0.5307617596153846 0.5288786490384616 0.624806576923077 0.5488684903846154 0.6304856466346155 0.5221505697115385 0.536440829326923 0.5021607283653846
1 0.5475407620192307 0.49202481971153844 0.5427857451923077 0.5143954158653846 0.6294944567307692 0.532825920673077 0.6342494735576923 0.5104553245192307 0.5475407620192307 0.49202481971153844
1 0.5528662740384616 0.47147938221153846 0.5463786586538462 0.5020012115384616 0.6349213966346153 0.5208215504807693 0.6414090120192307 0.4902997235576923 0.5528662740384616 0.47147938221153846
1 0.5552242908653846 0.4543736201923077 0.5494297163461538 0.48163495432692305 0.6349157403846154 0.49980556971153844 0.6407103173076922 0.4725442355769231 0.5552242908653846 0.4543736201923077
1 0.7679069879807692 0.18350708653846154 0.7887559086538461 0.0854206201923077 0.6964432283653846 0.06579895432692308 0.6755943076923077 0.1638854206730769 0.7679069879807692 0.18350708653846154
1 0.8175712740384615 0.20286704807692307 0.8371496250000001 0.11075814663461539 0.7419330697115385 0.09051924278846155 0.72235471875 0.18262814423076923 0.8175712740384615 0.20286704807692307
1 0.9524274375 0.2575634278846154 0.96854059375 0.18175699038461537 0.857836704326923 0.1582261514423077 0.8417235480769231 0.23403259134615384 0.9524274375 0.2575634278846154
1 1 0.21513834134615387 0.9598003533653846 0.20659364182692308 0.95077159375 0.2490706081730769 1 0.25953443028846157 1 0.21513834134615387