1 0.6668392932692307 0.5691430216346154 0.6641583317307693 0.5436353774038462 0.5856843389423078 0.5518833245192307 0.5883653004807692 0.5773909711538462 0.6668392932692307 0.5691430216346154
1 0.5924051802884616 0.5600216850961538 0.5908178966346154 0.5449196850961538 0.5656958581730769 0.5475601177884616 0.5672831442307692 0.5626621177884615 0.5924051802884616 0.5600216850961538
1 0.5539541995192307 0.5479562932692308 0.5555511610576923 0.5631503774038461 0.5730588894230769 0.5613102403846153 0.5714619278846154 0.5461161586538462 0.5539541995192307 0.5479562932692308
1 0.522300423076923 0.5746519975961538 0.5206260312500001 0.5587212283653846 0.45510154326923075 0.5656081298076923 0.45677593509615383 0.5815388990384616 0.522300423076923 0.5746519975961538
3 0.6121600600961539 0.4221086442307692 0.6092468149038461 0.39439094951923076 0.5702947067307692 0.3984849807692308 0.5732079543269231 0.4262026754807692 0.6121600600961539 0.4221086442307692
3 0.61282484375 0.4458730432692307 0.6092340961538462 0.4117093725961538 0.5718359278846153 0.4156400793269231 0.5754266730769231 0.44980375 0.61282484375 0.4458730432692307
3 0.6147946057692308 0.4596314038461538 0.6123652860576922 0.4365179783653846 0.5765210600961539 0.4402853581730769 0.5789503798076923 0.4633987836538462 0.6147946057692308 0.4596314038461538
3 0.6168754951923077 0.47942975721153847 0.6140687139423077 0.4527250024038461 0.5766705480769231 0.4566557067307692 0.5794773293269231 0.4833604639423077 0.6168754951923077 0.47942975721153847
3 0.6202780408653846 0.4968547355769231 0.6178971153846154 0.4742017355769231 0.5807579375 0.4781052211538462 0.5831388653846153 0.5007582211538462 0.6202780408653846 0.4968547355769231
3 0.6186846802884615 0.5165737548076923 0.6163618245192308 0.49447326682692305 0.5810355793269231 0.49818620432692307 0.5833584326923077 0.5202866923076923 0.6186846802884615 0.5165737548076923
3 0.6243186658653846 0.5402813822115384 0.6215989903846153 0.5144053942307693 0.5829058725961539 0.5184722043269231 0.585625548076923 0.5443481923076923 0.6243186658653846 0.5402813822115384
3 0.6271137908653847 0.5544185072115385 0.6251296875 0.5355410096153845 0.5841056586538461 0.5398528076923077 0.5860897644230769 0.5587303052884616 0.6271137908653847 0.5544185072115385
3 0.6228328293269231 0.5311272884615384 0.6253492548076923 0.5550694807692308 0.6606755024038461 0.5513565432692308 0.658159076923077 0.5274143485576923 0.6228328293269231 0.5311272884615384
3 0.6218409543269231 0.5167075288461539 0.6239315240384615 0.5365979663461539 0.6592577692307693 0.5328850288461539 0.6571671995192307 0.5129945913461539 0.6218409543269231 0.5167075288461539
3 0.619193689903846 0.49650319230769235 0.6213713653846155 0.5172223990384615 0.6561796322115385 0.5135639014423077 0.6540019567307692 0.49284469471153847 0.619193689903846 0.49650319230769235
3 0.6151934038461538 0.4758824471153846 0.6178162956730768 0.5008375817307692 0.6544374903846154 0.49698853846153845 0.6518146009615384 0.47203340384615383 0.6151934038461538 0.4758824471153846
3 0.6139378774038462 0.45646285817307697 0.6160671610576922 0.47672163701923076 0.6519113870192308 0.4729542572115385 0.6497821033653846 0.4526954783653846 0.6139378774038462 0.45646285817307697
3 0.6124136802884615 0.43697840625 0.6144558557692308 0.4564084158653846 0.6497821033653846 0.4526954783653846 0.6477399278846154 0.43326546875000005 0.6124136802884615 0.43697840625
3 0.6093649326923077 0.40797151682692306 0.6124136802884615 0.43697840625 0.6467039663461538 0.4333743509615384 0.6436552211538462 0.4043674615384615 0.6093649326923077 0.40797151682692306
3 0.6437663461538462 0.4104074519230769 0.6421113125000001 0.39466085817307694 0.6104109254807693 0.39799270192307695 0.6120659615384615 0.41373929807692306 0.6437663461538462 0.4104074519230769
3 0.6093238894230769 0.4050896490384615 0.6074849615384615 0.38759343269230767 0.5763025552884615 0.39087083413461543 0.5781414807692308 0.4083670528846154 0.6093238894230769 0.4050896490384615
3 0.5798536850961539 0.4092112211538461 0.5778599014423077 0.39024163701923076 0.5487494158653846 0.39330127163461537 0.5507431995192308 0.4122708581730769 0.5798536850961539 0.4092112211538461
3 0.5767854206730769 0.42536115384615386 0.5751400649038462 0.4097066442307692 0.5507431995192308 0.4122708581730769 0.5523885552884615 0.4279253677884615 0.5767854206730769 0.42536115384615386
3 0.5786243485576923 0.442857375 0.5768338125 0.4258215817307692 0.5542498798076922 0.42819524999999997 0.5560404134615384 0.4452310408653846 0.5786243485576923 0.442857375
3 0.5796162235576923 0.45727713221153843 0.5781547620192308 0.44337224038461537 0.5555708269230769 0.4457459086538461 0.5570322884615385 0.45965080048076923 0.5796162235576923 0.45727713221153843
3 0.5811477668269232 0.47434014423076926 0.579357233173077 0.4573043533653846 0.5549603677884616 0.4598685673076923 0.5567509014423077 0.4769043581730769 0.5811477668269232 0.47434014423076926
3 0.5826576225961538 0.4887054591346154 0.5811477668269232 0.47434014423076926 0.5572688822115385 0.47684991826923073 0.5587787379807693 0.4912152307692308 0.5826576225961538 0.4887054591346154
3 0.5843029783653846 0.5043599735576924 0.5826576225961538 0.4887054591346154 0.5608506586538462 0.4909974639423077 0.562496014423077 0.5066519759615384 0.5843029783653846 0.5043599735576924
3 0.5845252307692308 0.5164399519230769 0.583218625 0.5040084278846154 0.5614116610576922 0.5063004326923077 0.562718266826923 0.5187319567307692 0.5845252307692308 0.5164399519230769
3 0.5870369951923077 0.5353550961538461 0.5850916057692308 0.5168459375000001 0.5643205985576923 0.5190290576923077 0.5662659903846154 0.5375382163461538 0.5870369951923077 0.5353550961538461
3 0.593457983173077 0.5491111274038462 0.5921029855769231 0.5362191778846154 0.5674471298076923 0.5388106129807693 0.5688021298076923 0.5517025624999999 0.593457983173077 0.5491111274038462
3 0.553430298076923 0.5374907620192307 0.5550272620192308 0.5526848461538462 0.5718616177884616 0.5509154855769232 0.5702646538461539 0.5357213990384616 0.553430298076923 0.5374907620192307
3 0.5520656201923078 0.5245067259615385 0.553430298076923 0.5374907620192307 0.5713006129807693 0.5356125168269231 0.5699359374999999 0.5226284807692307 0.5520656201923078 0.5245067259615385
3 0.5492221009615385 0.5099091730769231 0.550770670673077 0.5246428317307692 0.5699359374999999 0.5226284807692307 0.5683873677884616 0.5078948221153846 0.5492221009615385 0.5099091730769231
3 0.547721923076923 0.4956359423076923 0.5492221009615385 0.5099091730769231 0.5645025168269231 0.5083031370192308 0.5630023389423077 0.49402990625 0.547721923076923 0.4956359423076923
3 0.5461466490384616 0.48313955288461535 0.5474629350961538 0.49566316346153844 0.5630023389423077 0.49402990625 0.5616860552884615 0.48150629567307696 0.5461466490384616 0.48313955288461535
3 0.5446464735576924 0.46886632451923077 0.5461466490384616 0.48313955288461535 0.5603911033653847 0.4816424014423077 0.5588909254807692 0.46736917067307693 0.5446464735576924 0.46886632451923077
3 0.5422725408653846 0.45375390144230765 0.5438695024038462 0.4689479855769231 0.5588909254807692 0.46736917067307693 0.5572939639423077 0.45217508653846156 0.5422725408653846 0.45375390144230765
3 0.5409078629807692 0.4407698653846154 0.5422725408653846 0.45375390144230765 0.5583299254807692 0.4520662019230769 0.5569652475961538 0.4390821658653846 0.5409078629807692 0.4407698653846154
3 0.47846579567307695 0.4281536514423077 0.47657847596153846 0.41019700721153846 0.44492988942307693 0.41352340625 0.44681720913461537 0.4314800528846154 0.47846579567307695 0.4281536514423077
3 0.4793581995192308 0.449101048076923 0.4770740576923077 0.42736890384615384 0.4467204230769231 0.4305591995192308 0.4490045625 0.45229134375 0.4793581995192308 0.449101048076923
3 0.480519625 0.46015129326923077 0.4784290576923077 0.4402608533653846 0.4467286706730769 0.44359269951923075 0.44881924038461535 0.4634831370192308 0.480519625 0.46015129326923077
3 0.48326636057692307 0.4738279903846154 0.4810886850961538 0.45310878605769234 0.45073504807692305 0.4562990817307692 0.45291272355769235 0.4770182860576923 0.48326636057692307 0.4738279903846154
3 0.48467943028846155 0.48727245192307694 0.4828308269230769 0.46968414903846156 0.4535131514423077 0.47276556009615384 0.4553617548076923 0.4903538653846154 0.48467943028846155 0.48727245192307694
3 0.4865183581730769 0.5047686730769231 0.4846310384615385 0.4868120288461538 0.45350043028846154 0.49008398557692306 0.45538775 0.5080406322115384 0.4865183581730769 0.5047686730769231
3 0.4876724375 0.5182403557692308 0.48616258413461544 0.5038750384615385 0.45290825721153843 0.5073702091346154 0.45441811298076923 0.5217355240384616 0.4876724375 0.5182403557692308
3 0.4881169423076923 0.5424003173076923 0.48544566105769227 0.5169847572115385 0.4540042644230769 0.5202893822115384 0.45667554807692307 0.5457049399038462 0.4881169423076923 0.5424003173076923
3 0.49167900721153845 0.5663257139423077 0.4894432596153846 0.5450539951923077 0.45748388461538464 0.5484130600961539 0.4597196322115385 0.5696847788461539 0.49167900721153845 0.5663257139423077
3 0.5158509375 0.5591300096153846 0.5138087596153846 0.5396999975961538 0.48526805048076926 0.5426997475961538 0.4873102283653846 0.5621297596153846 0.5158509375 0.5591300096153846