2 0.5071397980769231 0.2701014326923077 0.5400783725961539 0.5383646033653846 0.6143125552884615 0.5292497908653846 0.5813739807692307 0.26098662259615385 0.5071397980769231 0.2701014326923077
1 0.6226595769230769 0.5224410504807693 0.6185521298076923 0.4889885721153846 0.6042325865384616 0.49074679086538464 0.6083400336538461 0.5241992692307693 0.6226595769230769 0.5224410504807693
1 0.6391217716346154 0.530868 0.6350143221153846 0.49741551923076927 0.6180066322115384 0.4995038004807692 0.6221140793269231 0.5329562812499999 0.6391217716346154 0.530868
1 0.7300031298076923 0.5269856322115385 0.7261890697115384 0.49592261298076923 0.6334997355769231 0.5073034326923077 0.637313795673077 0.5383664495192307 0.7300031298076923 0.5269856322115385
1 0.7971064759615385 0.6068101971153846 0.7861608028846153 0.5176648485576923 0.7140461201923076 0.5265194182692308 0.7249917932692308 0.6156647668269231 0.7971064759615385 0.6068101971153846
1 0.9420201274038462 0.6728829038461538 0.9253082283653846 0.5367754182692308 0.7930204375 0.5530183173076924 0.8097323341346154 0.6891258028846153 0.9420201274038462 0.6728829038461538
1 1 0.5876818581730769 0.9248726826923076 0.5969063341346155 0.941212201923077 0.7299810384615385 1 0.7227628028846154 1 0.5876818581730769
1 0.6214287740384615 0 0.6336938629807692 0.09989113221153846 0.8378895552884615 0.07481905288461538 0.8287029302884614 0 0.6214287740384615 0
1 0.7570211394230769 0.14529232451923077 0.7472490240384615 0.06570482692307691 0.6088612067307693 0.08269671634615385 0.6186333245192308 0.16228421153846154 0.7570211394230769 0.14529232451923077
1 0.7642516081730769 0.1896491875 0.7564316586538461 0.12596081009615384 0.5903352620192307 0.14635488461538462 0.5981552115384615 0.21004326201923076 0.7642516081730769 0.1896491875
1 0.6850106250000001 0.2511535673076923 0.6791428413461538 0.2033643076923077 0.5699110673076923 0.21677628365384616 0.5757788509615385 0.26456554326923076 0.6850106250000001 0.2511535673076923
1 0.5385576995192308 0 0.5342806850961538 0.0005251514423076923 0.5405434158653846 0.05153099519230769 0.5826232355769231 0.04636424278846153 0.5769304206730769 0 0.5385576995192308 0
1 0.593369454326923 0.08217337499999999 0.5886752283653846 0.04394196875 0.53046653125 0.05108909855769231 0.5351607572115384 0.08932050480769231 0.593369454326923 0.08217337499999999
1 0.22293916346153847 0.1936110745192308 0.23115406009615386 0.2605160360576923 0.36974865384615385 0.2434987596153846 0.36153375721153846 0.17659379807692308 0.22293916346153847 0.1936110745192308
1 0.04698625721153846 0.05466681971153846 0.05374549278846154 0.10971637019230769 0.2641962932692308 0.08387625961538461 0.25743706009615386 0.028826711538461537 0.04698625721153846 0.05466681971153846
1 0.17252199038461538 0.8433017836538461 0.1532598653846154 0.6864243509615384 0.024022084134615387 0.7022927548076924 0.04328421153846154 0.8591701875000001 0.17252199038461538 0.8433017836538461
1 0.2883635 0.7508096466346154 0.27182086538461536 0.6160806947115384 0.12712624759615385 0.6338469615384615 0.14366888221153845 0.7685759134615384 0.2883635 0.7508096466346154
1 0.33938560817307695 0.66077234375 0.3297601875 0.5823795793269231 0.2616777259615385 0.5907390528846154 0.2713031466346154 0.6691318173076923 0.33938560817307695 0.66077234375
1 0.37146309855769233 0.6104696129807692 0.3648167067307692 0.5563390865384615 0.32051399278846154 0.5617787764423077 0.3271603870192308 0.6159093004807693 0.37146309855769233 0.6104696129807692
1 0.3961189639423077 0.5928893317307693 0.3895741298076923 0.5395859302884616 0.3560240024038462 0.5437053677884616 0.3625688389423077 0.5970087692307693 0.3961189639423077 0.5928893317307693
1 0.412203858173077 0.5610622139423077 0.4083898004807692 0.5299991947115384 0.38424818269230765 0.5329634134615385 0.3880622427884616 0.5640264302884616 0.412203858173077 0.5610622139423077
1 0.4268871033653846 0.5584197475961539 0.42239599278846157 0.5218425817307693 0.3982026802884615 0.5248131466346154 0.4026937908653846 0.5613903124999999 0.4268871033653846 0.5584197475961539
2 0.42088381009615383 0.3911452668269231 0.4362303197115385 0.5161325600961538 0.4671439951923077 0.5123368365384615 0.45179748557692306 0.38734954326923077 0.42088381009615383 0.3911452668269231
1 0.39905428125000003 0.14241457932692309 0.4032520024038462 0.17660227884615384 0.4468309831730769 0.17125145192307695 0.44263326201923076 0.1370637548076923 0.39905428125000003 0.14241457932692309
1 0.27428465865384616 0.2211701658653846 0.2815516826923077 0.2803553245192308 0.3872681875 0.2673749711538461 0.3800011658653846 0.20818981009615384 0.27428465865384616 0.2211701658653846
1 0.31719362980769233 0.2518174663461539 0.3222150985576923 0.2927140456730769 0.399344204326923 0.28324378125 0.3943227355769231 0.24234720432692305 0.31719362980769233 0.2518174663461539
1 0.3436402139423077 0.2872847331730769 0.34690134615384616 0.31384453125 0.41126176201923076 0.3059420673076923 0.4080006274038462 0.2793822668269231 0.3436402139423077 0.2872847331730769
1 0.28020597115384616 0.3181156009615385 0.273616 0.26444458653846153 0.2101860985576923 0.2722327980769231 0.21677606971153845 0.3259038125 0.28020597115384616 0.3181156009615385
1 0.5654653822115384 0.13569519471153846 0.5624525 0.11115724519230769 0.5038819399038462 0.11834880528846153 0.5068948197115385 0.1428867548076923 0.5654653822115384 0.13569519471153846