1 0.8588844519230769 0.640271514423077 0.8455352451923077 0.5315509471153846 0.7572916875 0.5423858942307692 0.7706408966346154 0.6511064615384616 0.8588844519230769 0.640271514423077
1 1 0.5544713509615384 0.8424857163461539 0.5738116706730769 0.8624361802884616 0.7362951538461538 1 0.7194044399038462 1 0.5544713509615384
1 0.771769985576923 0.5889313413461539 0.7627651947115385 0.5155932067307692 0.7072963413461538 0.5224039254807692 0.7163011322115385 0.5957420600961538 0.771769985576923 0.5889313413461539
1 0.6702846634615385 0.5128619086538462 0.6768746370192308 0.566532923076923 0.7171451298076923 0.561588329326923 0.7105551586538461 0.5079173149038462 0.6702846634615385 0.5128619086538462
1 0.6770220072115385 0.5463646322115385 0.671560454326923 0.501883860576923 0.6462298485576923 0.5049940673076923 0.6516914014423077 0.5494748413461539 0.6770220072115385 0.5463646322115385
1 0.6320210216346154 0.5033803269230769 0.6366701129807691 0.541244125 0.6579168028846154 0.538635358173077 0.6532677139423076 0.5007715600961539 0.6320210216346154 0.5033803269230769
1 0.6375742932692308 0.5242479855769231 0.6337489519230769 0.49309306490384613 0.6165861754807692 0.4952003894230769 0.6204115168269231 0.5263553100961539 0.6375742932692308 0.5242479855769231
1 0.6100237884615385 0.4973121778846154 0.6129576802884615 0.5212068100961539 0.6211772019230769 0.5201975793269231 0.6182433100961539 0.49630294951923076 0.6100237884615385 0.4973121778846154
1 0.6129206442307692 0.514494625 0.6097497836538461 0.4886700432692308 0.5985319447115385 0.4900474206730769 0.6017028028846154 0.5158720024038461 0.6129206442307692 0.514494625
1 0.57266046875 0.4857610024038461 0.5715207644230769 0.4764788581730769 0.5502223798076923 0.4790939711538461 0.5513620841346154 0.4883761153846154 0.57266046875 0.4857610024038461
1 0.5396031778846153 0.3955991033653846 0.5381362307692308 0.3836517860576923 0.5149768197115384 0.38649540384615383 0.5164437668269231 0.39844272115384616 0.5396031778846153 0.3955991033653846
1 0.5512484711538461 0.49044240144230766 0.5497815240384616 0.4784950841346154 0.5270356754807692 0.4812879230769231 0.5285026225961539 0.49323524038461536 0.5512484711538461 0.49044240144230766
1 0.5052159014423077 0.4886314519230769 0.5064458798076923 0.4986488173076923 0.5273307043269231 0.49608448317307696 0.5261007259615385 0.4860671201923077 0.5052159014423077 0.4886314519230769
1 0.5038094278846154 0.49897253365384614 0.50217321875 0.4856466826923077 0.47756634615384613 0.48866802644230767 0.47920255528846156 0.5019938774038462 0.5038094278846154 0.49897253365384614
1 0.6701084471153845 0.2883394591346154 0.6653013798076923 0.24918902644230767 0.5705442379807693 0.26082374038461537 0.5753513076923077 0.2999741730769231 0.6701084471153845 0.2883394591346154
1 0.6430006298076923 0.3111650600961538 0.6406422331730769 0.2919574543269231 0.5629961754807693 0.30149119230769234 0.5653545721153846 0.32069879807692303 0.6430006298076923 0.3111650600961538
1 0.8088953485576924 0.11476139423076924 0.7965842884615385 0.014495853365384614 0.6062945817307692 0.037860490384615385 0.618605641826923 0.13812603365384615 0.8088953485576924 0.11476139423076924
1 0.64614425 0 0.6518246682692308 0.04626329086538462 0.8661526009615385 0.01994712980769231 0.8637034014423077 0 0.64614425 0
1 0.18166659375 0.16304271394230768 0.1910550456730769 0.23950552884615384 0.3678523293269231 0.21779755048076924 0.3584638774038461 0.14133473798076923 0.18166659375 0.16304271394230768
1 0.10293059375000001 0.04574538221153846 0.11371828605769231 0.1336040985576923 0.290463875 0.11190246875 0.27967618028846153 0.02404375480769231 0.10293059375000001 0.04574538221153846
1 0.3228955144230769 0.09140839663461539 0.32911310817307693 0.14204663221153846 0.4097057908653846 0.13215109615384615 0.40348819711538464 0.08151286057692309 0.3228955144230769 0.09140839663461539
1 0.3553833004807692 0.31625473317307695 0.3583171923076923 0.34014936298076925 0.4265547403846154 0.33177084615384617 0.4236208485576923 0.3078762163461538 0.3553833004807692 0.31625473317307695
1 0.3765904495192308 0.3291366201923077 0.3797613100961538 0.3549612019230769 0.43941746875 0.34763634615384614 0.4362466081730769 0.3218117668269231 0.3765904495192308 0.3291366201923077
1 0.40911035096153847 0.5734761923076923 0.40454025240384617 0.5362557115384615 0.37657319471153844 0.5396896346153846 0.3811432956730769 0.5769101153846153 0.40911035096153847 0.5734761923076923
1 0.38917349759615383 0.6021380456730769 0.38201931490384616 0.5438719086538462 0.34598781971153847 0.5482960192307693 0.35314200240384613 0.60656215625 0.38917349759615383 0.6021380456730769
1 0.3662753605769231 0.6378802283653846 0.35748496875 0.5662882403846153 0.30217119951923077 0.5730799182692308 0.3109615913461538 0.6446719038461539 0.3662753605769231 0.6378802283653846
1 0.3251737932692308 0.6894775504807692 0.31379931971153846 0.5968399110576923 0.23103544711538462 0.6070020360576923 0.24240991826923078 0.6996396778846155 0.3251737932692308 0.6894775504807692
1 0.27135031490384615 0.80541971875 0.25065509375 0.6368706778846154 0.053541632211538466 0.6610731658653847 0.07423685336538462 0.8296222091346154 0.27135031490384615 0.80541971875
1 0.4547569423076923 0.5311160456730769 0.4521164399038462 0.5096108798076924 0.4352638317307692 0.5116801201923077 0.4379043341346154 0.5331852860576923 0.4547569423076923 0.5311160456730769
1 0.4582228269230769 0.5217348461538461 0.45624809134615385 0.5056519230769231 0.4491141658653846 0.506527860576923 0.45108890144230773 0.5226107812499999 0.4582228269230769 0.5217348461538461
1 0.46242325 0.5204727956730769 0.46034695673076925 0.50356275 0.45341981009615384 0.5044132980769231 0.4554961033653846 0.5213233413461539 0.46242325 0.5204727956730769
1 0.3528165721153846 0.15303611778846155 0.3573641033653846 0.1900727932692308 0.42575673798076924 0.18167523317307693 0.42120920432692305 0.14463855769230768 0.3528165721153846 0.15303611778846155