3 0.9151385865384616 0.2595248485576923 0.9444447091346154 0.3864636153846154 0.9824045432692308 0.37769989663461534 0.9530984206730769 0.25076112980769233 0.9151385865384616 0.2595248485576923
3 1 0.4539141875 0.9783429278846154 0.3601071033653846 0.9373381875 0.36957379326923073 0.9660194471153846 0.4938059783653846 1 0.4859609471153846 1 0.4539141875
3 1 0.47037633173076926 0.967932108173077 0.47777978605769233 0.9944263437499999 0.5925389278846154 1 0.5912521490384616 1 0.47037633173076926
3 0.14812563221153846 0.7443049182692308 0.12865070192307693 0.6599497331730769 0.06029255288461539 0.675731454326923 0.07976748076923078 0.760086641826923 0.14812563221153846 0.7443049182692308
3 0.0856057451923077 0.7682415889423078 0.06533932211538461 0.6804580625000001 0.03245433173076923 0.6880501586538461 0.05272075721153846 0.7758336850961538 0.0856057451923077 0.7682415889423078
3 0.0677658076923077 0.6763818221153847 0.051915091346153845 0.6077248197115385 0.013904509615384615 0.6165002524038462 0.02975522596153846 0.6851572548076923 0.0677658076923077 0.6763818221153847
3 0.12320957692307692 0.6683330264423077 0.10631742067307691 0.5951650504807693 0.04115642067307693 0.6102086538461539 0.05804857932692308 0.6833766298076923 0.12320957692307692 0.6683330264423077
3 0.01987123076923077 0.5238006682692308 0.04301203125 0.6240344759615385 0.11137018028846153 0.6082527548076923 0.08822938221153846 0.5080189447115384 0.01987123076923077 0.5238006682692308
3 0 0.5532632884615385 0.014293466346153845 0.6151750913461538 0.03961693509615384 0.6093287067307692 0.01987123076923077 0.5238006682692308 0 0.5283883028846155 0 0.5532632884615385
3 0 0.5525687019230769 0.0005528990384615385 0.5549635697115385 0.03161094471153846 0.5477932548076923 0.011594466346153846 0.4610923605769231 0 0.4637691538461538 0 0.5525687019230769
3 0.10051249038461538 0.5401535288461539 0.07972534615384615 0.45011451682692305 0.012635908653846154 0.4656033341346154 0.033423050480769226 0.5556423461538461 0.10051249038461538 0.5401535288461539
3 0 0.43124601201923074 0.014418685096153848 0.4937001947115384 0.08724269711538463 0.4768874471153846 0.06022774278846154 0.35987281730769227 0 0.3737774879807692 0 0.43124601201923074
3 0 0.40827271394230774 0.07169622596153846 0.3917203341346154 0.03178824278846154 0.21885986538461538 0 0.22619875961538463 0 0.40827271394230774
3 0.6488188100961538 0.44815729086538464 0.6456528317307693 0.4344439326923077 0.630631295673077 0.43791192788461536 0.6337972716346154 0.45162528605769225 0.6488188100961538 0.44815729086538464
3 0.6525679951923077 0.4643967908653846 0.6488188100961538 0.44815729086538464 0.6337972716346154 0.45162528605769225 0.6375464567307693 0.46786478605769233 0.6525679951923077 0.4643967908653846
3 0.6552757379807693 0.4761253173076923 0.6525679951923077 0.4643967908653846 0.6379016971153846 0.4677827716346154 0.6406094399038461 0.47951130048076923 0.6552757379807693 0.4761253173076923
3 0.6586511538461538 0.48912512740384617 0.6556309783653845 0.47604330528846156 0.6406094399038461 0.47951130048076923 0.6436296177884615 0.49259312259615384 0.6586511538461538 0.48912512740384617
3 0.6619629326923077 0.5034700192307692 0.6586511538461538 0.48912512740384617 0.6465730240384615 0.49191358173076927 0.6498848052884616 0.5062584735576923 0.6619629326923077 0.5034700192307692
3 0.6674046490384615 0.5152325576923077 0.6645511033653846 0.5028724927884615 0.6495295673076923 0.5063404879807692 0.6523831129807692 0.5187005528846154 0.6674046490384615 0.5152325576923077
3 0.6635804399038462 0.5037617860576923 0.6662881826923077 0.5154903125 0.6813097235576924 0.5120223173076923 0.6786019807692308 0.5002937908653846 0.6635804399038462 0.5037617860576923
3 0.6602050264423076 0.4907619759615385 0.6632252019230769 0.503843798076923 0.6786019807692308 0.5002937908653846 0.6755818028846154 0.48721196875 0.6602050264423076 0.4907619759615385
3 0.6570598774038461 0.4771388413461538 0.6602050264423076 0.4907619759615385 0.6744653365384615 0.4874697235576923 0.6713201875 0.4738465889423077 0.6570598774038461 0.4771388413461538
3 0.6552477716346155 0.46928974759615383 0.6570598774038461 0.4771388413461538 0.6713201875 0.4738465889423077 0.6695080817307691 0.4659974951923077 0.6552477716346155 0.46928974759615383
3 0.6517901899038462 0.45431331971153843 0.6552477716346155 0.46928974759615383 0.6662094350961538 0.4667590480769231 0.6627518533653846 0.45178262019230775 0.6517901899038462 0.45431331971153843
3 0.6457558293269231 0.43651077403846156 0.6499632451923076 0.45473510336538464 0.6627518533653846 0.45178262019230775 0.6585444350961538 0.43355829086538467 0.6457558293269231 0.43651077403846156
3 0.5697579278846153 0.48009398557692307 0.5651131057692308 0.45997505048076925 0.5460824399038462 0.464368625 0.5507272620192307 0.4844875625 0.5697579278846153 0.48009398557692307
3 0.5176437379807692 0.4564899375 0.51314471875 0.43700253605769235 0.4893437019230769 0.44249743269230774 0.49384272115384614 0.4619848341346154 0.5176437379807692 0.4564899375
3 0.5219969591346154 0.47534580048076924 0.5176437379807692 0.4564899375 0.49348748317307695 0.4620668485576923 0.49784070192307694 0.48092271153846156 0.5219969591346154 0.47534580048076924
3 0.5261615721153846 0.4950054350961538 0.5216417211538462 0.47542781490384617 0.4985511778846154 0.4807586850961538 0.5030710288461538 0.5003363076923077 0.5261615721153846 0.4950054350961538
3 0.5286764567307692 0.5177067283653846 0.5235734014423077 0.4956029615384615 0.5034262692307693 0.5002542932692308 0.5085293245192308 0.5223580600961538 0.5286764567307692 0.5177067283653846
3 0.5346680096153846 0.536944576923077 0.5306063942307693 0.5193517836538462 0.5101040240384616 0.5240851298076923 0.5141656418269231 0.5416779230769231 0.5346680096153846 0.536944576923077
3 0.5385743870192308 0.5503919735576923 0.5355750384615384 0.5374003701923077 0.5143114423076923 0.5423094591346154 0.5173107908653847 0.5553010600961539 0.5385743870192308 0.5503919735576923
3 0.5327380721153846 0.5352995192307692 0.5363414567307692 0.550907485576923 0.5568438245192308 0.546174141826923 0.5532404423076923 0.5305661754807692 0.5327380721153846 0.5352995192307692
3 0.5276107403846153 0.5179527668269231 0.5316723557692308 0.5355455600961538 0.5532404423076923 0.5305661754807692 0.549178826923077 0.5129733822115384 0.5276107403846153 0.5179527668269231
3 0.52436259375 0.5022627884615385 0.5279659759615385 0.5178707548076923 0.5517669975961538 0.5123758557692308 0.5481636129807692 0.4967678894230769 0.52436259375 0.5022627884615385
3 0.5200128221153846 0.4785596923076923 0.5254283125 0.5020167475961539 0.5481636129807692 0.4967678894230769 0.542748125 0.4733108341346154 0.5200128221153846 0.4785596923076923
3 0.51580540625 0.46033536057692304 0.5200128221153846 0.4785596923076923 0.5423928846153846 0.47339284615384614 0.53818546875 0.45516851682692305 0.51580540625 0.46033536057692304
3 0.5096794399038461 0.43704233413461535 0.5150949278846154 0.46049938701923077 0.53818546875 0.45516851682692305 0.5327699807692308 0.43171146153846157 0.5096794399038461 0.43704233413461535
3 0.5821784423076923 0.520464295673077 0.5784292596153846 0.504224795673077 0.55533871875 0.5095556682692307 0.5590879038461538 0.5257951682692308 0.5821784423076923 0.520464295673077
3 0.5853444206730769 0.5341776538461539 0.582490875 0.5218175889423077 0.5572181514423077 0.5276522572115385 0.5600716971153846 0.5400123221153846 0.5853444206730769 0.5341776538461539
3 0.35145736298076924 0.5412308245192308 0.34654176682692306 0.5199390336538461 0.33355016346153843 0.5229383822115385 0.3384657620192308 0.5442301730769231 0.35145736298076924 0.5412308245192308
3 0.3600333942307692 0.5482785673076923 0.35805465865384617 0.53970771875 0.3384657620192308 0.5442301730769231 0.34044449759615386 0.5528010192307693 0.3600333942307692 0.5482785673076923
3 0.3630535721153846 0.5613603870192307 0.3604499711538462 0.5500829543269231 0.34136856009615385 0.5544882451923077 0.34397215865384617 0.5657656778846154 0.3630535721153846 0.5613603870192307
3 0.36514968990384616 0.5727549807692308 0.3625460889423077 0.5614775480769231 0.3429571899038461 0.5660000024038461 0.3455607884615385 0.5772774350961538 0.36514968990384616 0.5727549807692308
3 0.3686527235576923 0.5867706346153846 0.36550757451923077 0.5731474975961539 0.34769487259615384 0.5772598846153846 0.35084002163461536 0.5908830216346154 0.3686527235576923 0.5867706346153846
3 0.3640305745192308 0.5725382091346154 0.3667591466346154 0.584356954326923 0.37335644471153845 0.5828338485576923 0.3706278725961539 0.5710151033653846 0.3640305745192308 0.5725382091346154