2 0.5561092331730769 0.38414810336538463 0.5748089471153845 0.5022134423076923 0.6372082163461539 0.49233037019230774 0.6185085048076923 0.37426503125 0.5561092331730769 0.38414810336538463
2 0.5732547139423076 0.5040533052884615 0.5596970600961538 0.4184536466346154 0.5133991682692307 0.42578651201923073 0.5269568221153846 0.5113861706730769 0.5732547139423076 0.5040533052884615
1 0.9617676875 0.6590739326923077 0.9409532139423077 0.5276565120192308 0.792336983173077 0.5511950120192307 0.8131514591346154 0.6826124326923076 0.9617676875 0.6590739326923077
1 1 0.584489639423077 0.9451606658653847 0.5931753389423077 0.9660765336538462 0.7252329278846154 1 0.7198599783653846 1 0.584489639423077
1 0.6883024278846155 0.21696579567307694 0.6792639903846154 0.15989936057692308 0.563159170673077 0.1782885576923077 0.5721976057692307 0.23535499278846156 0.6883024278846155 0.21696579567307694
1 0.6469255841346153 0.27967356009615385 0.6402336658653845 0.23742244951923078 0.5523705552884615 0.2513385985576923 0.5590624735576923 0.29358971153846153 0.6469255841346153 0.27967356009615385
1 0.5211051057692307 0 0.5303587860576923 0.05842543509615385 0.6201766947115386 0.04419967548076923 0.6131761538461539 0 0.5211051057692307 0
1 0.15433606009615383 0.17104225721153846 0.16512713942307694 0.23917446153846156 0.33843557932692303 0.21172510096153846 0.3276444975961538 0.14359289663461539 0.15433606009615383 0.17104225721153846
1 0.07470854807692308 0.07481401442307692 0.09303165865384615 0.1905015841346154 0.2948390216346154 0.1585384375 0.2765159110576923 0.04285086778846154 0.07470854807692308 0.07481401442307692
1 0.036843548076923076 0.06946788221153846 0.04373825240384615 0.11299933173076923 0.2393211201923077 0.08202204807692308 0.23242641586538462 0.03849059855769231 0.036843548076923076 0.06946788221153846
1 0.20008678846153846 0.23316866346153847 0.18544278365384617 0.14071006009615383 0.009459355769230769 0.16858309615384615 0.024103358173076923 0.26104169951923073 0.20008678846153846 0.23316866346153847
1 0.1411358293269231 0.2611611850961538 0.1482912596153846 0.30633878124999997 0.277462375 0.28588008653846153 0.2703069471153846 0.2407024903846154 0.1411358293269231 0.2611611850961538
1 0.3375630264423077 0.3047663509615385 0.34408112740384617 0.34592003125000004 0.41980390144230767 0.33392672115384614 0.41328580048076924 0.2927730408653846 0.3375630264423077 0.3047663509615385
1 0.3408697764423077 0.6858857163461539 0.3265589182692308 0.5955305240384615 0.2624106201923077 0.6056906153846154 0.27672147596153845 0.6960458100961537 0.3408697764423077 0.6858857163461539
1 0.2994511682692308 0.7669744639423077 0.2770868341346154 0.6257716105769231 0.13407779326923078 0.6484220168269231 0.15644212740384617 0.7896248701923076 0.2994511682692308 0.7669744639423077
1 0.166135125 0.875461639423077 0.14119251923076923 0.7179802211538462 0.03187805528846154 0.7352939302884616 0.05682066346153846 0.8927753485576922 0.166135125 0.875461639423077
1 0.3741842668269231 0.631204670673077 0.36530516105769234 0.5751442139423077 0.31257700721153847 0.5834955336538461 0.3214561105769231 0.6395559903846154 0.3741842668269231 0.631204670673077
1 0.3985545264423077 0.5976270745192308 0.3920653942307692 0.5566563004807692 0.35826793269230767 0.5620092908653846 0.36475706730769236 0.6029800673076923 0.3985545264423077 0.5976270745192308
1 0.4112755408653846 0.5793940721153846 0.4059306947115384 0.5456480552884615 0.38550818269230774 0.5488826634615385 0.39085302644230774 0.5826286802884616 0.4112755408653846 0.5793940721153846
1 0.4234317524038461 0.5672503197115385 0.4186228413461538 0.5368880504807693 0.4026243485576923 0.5394219615384616 0.40743325961538457 0.5697842331730769 0.4234317524038461 0.5672503197115385
1 0.4352923052884616 0.5559033701923076 0.43110623317307695 0.5294735625 0.4173711923076923 0.5316489783653846 0.4215572644230769 0.5580787884615385 0.4352923052884616 0.5559033701923076
1 0.4434590360576923 0.5472038918269231 0.4398958076923077 0.5247065456730768 0.4287328701923077 0.5264745817307692 0.4322961009615385 0.5489719278846154 0.4434590360576923 0.5472038918269231
1 0.44929383413461543 0.5334364447115385 0.4465707163461538 0.5162433485576924 0.4383914230769231 0.5175388221153846 0.4411145408653846 0.5347319158653846 0.44929383413461543 0.5334364447115385
1 0.599116766826923 0.5155191225961538 0.5956694158653846 0.49375339663461537 0.5868213725961539 0.4951547884615385 0.5902687259615385 0.516920514423077 0.599116766826923 0.5155191225961538
1 0.6074414375 0.518137985576923 0.6038637235576924 0.4955491875 0.5941926105769231 0.49708094230769234 0.5977703245192308 0.5196697403846154 0.6074414375 0.518137985576923
1 0.6207041225961538 0.5266307692307692 0.6162138725961538 0.4982804543269231 0.6016043149038461 0.5005943822115385 0.6060945649038462 0.5289446971153846 0.6207041225961538 0.5266307692307692
1 0.6359630360576923 0.5327449495192308 0.6307630384615385 0.4999134591346154 0.6146616610576923 0.5024636658653846 0.6198616586538462 0.5352951586538461 0.6359630360576923 0.5327449495192308
1 0.6593463894230769 0.5455408221153847 0.6524516850961538 0.502009375 0.6258046778846154 0.5062298461538461 0.6326993798076923 0.5497612932692307 0.6593463894230769 0.5455408221153847
1 0.6878619206730769 0.5531177403846154 0.68102515625 0.5099521033653847 0.6503142211538461 0.5148162355769231 0.6571509879807693 0.5579818725961538 0.6878619206730769 0.5531177403846154
1 0.7301645649038462 0.5711668076923077 0.72169103125 0.5176670216346154 0.6806402355769231 0.5241688293269231 0.6891137692307693 0.5776686129807692 0.7301645649038462 0.5711668076923077
1 0.8060441875000001 0.6097719110576922 0.7929500432692307 0.5270987403846153 0.7211883125 0.5384646826923076 0.7342824567307692 0.6211378533653846 0.8060441875000001 0.6097719110576922