1 1 0.26420306971153845 0.7717214519230768 0.22804730048076924 0.7523844134615385 0.35013655288461537 1 0.38935500961538466 1 0.26420306971153845
1 1 0.21976710096153845 0.7818280384615384 0.1852120576923077 0.7621288846153846 0.30958762500000003 1 0.3472627091346154 1 0.21976710096153845
1 1 0.16595645192307693 0.7894734927884616 0.13261232932692307 0.7685141706730769 0.26494427884615385 1 0.30160803125 1 0.16595645192307693
1 1 0.07474084615384616 0.8053675528846154 0.04391409375 0.7770280769230768 0.21951311057692308 1 0.2548283918269231 1 0.07474084615384616
1 0.8070081658653846 0.04820505288461538 0.7938995360576923 0.1309696778846154 0.8504344038461539 0.13992392067307693 0.86354303125 0.05715929567307692 0.8070081658653846 0.04820505288461538
1 0.8169732740384615 0.11446864423076922 0.8275905384615385 0.04743387019230769 0.7965195120192308 0.04251270192307692 0.7859022475961539 0.10954747596153847 0.8169732740384615 0.11446864423076922
1 0.7831170432692307 0.14144898076923076 0.7987315216346154 0.04286305048076923 0.7388529158653847 0.03337921153846154 0.7232384374999999 0.13196513942307692 0.7831170432692307 0.14144898076923076
1 0.7763402668269231 0.22718515384615384 0.7938087836538461 0.11689328846153847 0.6907188125 0.1005654423076923 0.673250298076923 0.21085730528846153 0.7763402668269231 0.22718515384615384
1 0.6734954615384615 0.024527555288461535 0.6662386394230769 0.07034531971153847 0.7380518125000001 0.08171940865384617 0.7453086346153845 0.035901644230769234 0.6734954615384615 0.024527555288461535
1 0.6619620913461539 0.3447210072115385 0.6703776875 0.29158703365384614 0.5875044615384616 0.27846120432692306 0.5790888677884616 0.33159517788461534 0.6619620913461539 0.3447210072115385
1 0.6587765264423078 0.3588409591346154 0.6638027067307692 0.3271068990384615 0.5733674927884616 0.31278336778846155 0.5683413125000001 0.3445174278846154 0.6587765264423078 0.3588409591346154
1 0.617431889423077 0.3685108052884616 0.62208146875 0.3391545096153846 0.5622543076923077 0.32967881971153845 0.5576047259615384 0.35903511298076923 0.617431889423077 0.3685108052884616
1 0.6176065673076923 0.3807255504807693 0.621314641826923 0.35731368028846155 0.5558288461538461 0.3469417475961538 0.5521207716346154 0.37035361778846154 0.6176065673076923 0.3807255504807693
1 0.5974708052884615 0.2741336706730769 0.6032791586538462 0.23746116826923075 0.5692244903846154 0.2320674375 0.5634161346153846 0.26873993990384615 0.5974708052884615 0.2741336706730769
1 0.8947330528846155 0.4345552307692308 0.9101447427884615 0.33724963942307695 0.694808110576923 0.3031436682692308 0.6793964182692308 0.40044925961538463 0.8947330528846155 0.4345552307692308
1 0.8320638100961539 0.4513472283653846 0.8422610216346154 0.3869645817307692 0.6543944663461538 0.3572094423076923 0.6441972572115385 0.42159208894230765 0.8320638100961539 0.4513472283653846
1 0.6406155985576922 0.4392116850961539 0.6505810528846154 0.37629227884615385 0.6313417091346154 0.3732450649038462 0.6213762548076923 0.43616447115384616 0.6406155985576922 0.4392116850961539
1 0.6137116081730769 0.4609183653846154 0.6203600745192308 0.4189416105769231 0.5833732043269231 0.4130834663461539 0.5767247379807693 0.45506022115384615 0.6137116081730769 0.4609183653846154
1 0.57743034375 0.464921641826923 0.5834559687499999 0.42687734855769227 0.5683319903846153 0.42448194711538456 0.5623063677884615 0.4625262403846154 0.57743034375 0.464921641826923
1 0.5624186274038462 0.47313740625 0.5678214110576923 0.4390255769230769 0.5500224471153846 0.4362064975961539 0.5446196634615385 0.4703183269230769 0.5624186274038462 0.47313740625
1 0.5508056081730769 0.48020402644230764 0.5553248269230769 0.4516708076923077 0.5384003725961539 0.44899023798076926 0.53388115625 0.47752345673076924 0.5508056081730769 0.48020402644230764
1 0.5335818822115385 0.48806944230769234 0.5374782596153846 0.46346868509615385 0.5236403341346154 0.4612769735576923 0.5197439567307692 0.48587773076923074 0.5335818822115385 0.48806944230769234
1 0.2269387307692308 0 0.21116228365384615 0.09960856490384615 0.34882134615384613 0.12141161778846153 0.36626089182692306 0.011302658653846154 0.29489871153846153 0 0.2269387307692308 0
1 0.22413600240384615 0.07063322115384615 0.21166469951923078 0.14937392788461537 0.36053813942307694 0.17295316586538462 0.37300944230769234 0.09421245673076924 0.22413600240384615 0.07063322115384615
1 0.26696900240384613 0.15344593028846154 0.2579305673076923 0.21051237019230767 0.3714632836538462 0.22849418509615382 0.38050171875 0.17142774759615384 0.26696900240384613 0.15344593028846154
1 0.3803852235576923 0.03932009615384616 0.3700866225961539 0.1043429110576923 0.4040898509615385 0.10972849278846154 0.41438845432692306 0.044705680288461544 0.3803852235576923 0.03932009615384616
1 0.07918209855769232 0 0.054390879807692305 0.15652560096153845 0.1541371129807692 0.17232385096153846 0.18143052884615385 0 0.07918209855769232 0
1 0.06959202884615384 0.08618572836538461 0.04935693990384615 0.2139450456730769 0.2316163028846154 0.24281209375 0.25185139182692307 0.1150527764423077 0.06959202884615384 0.08618572836538461
1 0.06186022355769231 0.18161405288461538 0.04495661057692308 0.28833926682692307 0.28236190865384614 0.32594056971153845 0.2992655216346154 0.21921535817307694 0.06186022355769231 0.18161405288461538
1 0.15294163942307692 0.25078804807692306 0.14060069951923077 0.3287056802884616 0.3116971298076923 0.35580469471153847 0.3240380697115385 0.2778870600961538 0.15294163942307692 0.25078804807692306
1 0.38818637019230773 0.2880471514423077 0.39437132451923074 0.2489968798076923 0.30933753125 0.23552885096153847 0.30315257692307696 0.27457912259615386 0.38818637019230773 0.2880471514423077
1 0.32889321634615387 0.26787516105769227 0.32347594951923075 0.3020784423076923 0.3924598076923077 0.3130044110576923 0.39787707451923077 0.2788011298076923 0.32889321634615387 0.26787516105769227
1 0.38654775 0.23613314903846155 0.3826368894230769 0.26082535817307695 0.4152511802884616 0.2659909543269231 0.4191620432692308 0.2412987451923077 0.38654775 0.23613314903846155
1 0.26091161298076926 0.3165433846153846 0.25382860817307695 0.36126371634615384 0.32708215865384616 0.3728659399038462 0.33416516346153846 0.328145608173077 0.26091161298076926 0.3165433846153846
1 0.3355757427884616 0.3605241634615384 0.32955011778846155 0.39856845432692306 0.3584091370192307 0.40313927403846156 0.36443476201923075 0.3650949831730769 0.3355757427884616 0.3605241634615384
1 0.34584884615384615 0.3942126586538462 0.3422856153846154 0.41671000240384615 0.35530046875 0.41877135336538457 0.3588636971153846 0.3962740096153846 0.34584884615384615 0.3942126586538462
1 0.35576417788461534 0.3965330673076923 0.35127393028846154 0.4248833798076923 0.36536906490384613 0.4271158317307692 0.36985931490384616 0.3987655168269231 0.35576417788461534 0.3965330673076923
1 0.35560060096153845 0.4215375480769231 0.35184907211538463 0.44522377644230765 0.38302298557692305 0.4501612403846154 0.3867745144230769 0.42647501201923077 0.35560060096153845 0.4215375480769231
1 0.3581338725961538 0.3143174831730769 0.35384640865384615 0.3413874615384615 0.3965433509615384 0.34814999278846154 0.40083081490384614 0.32108001442307693 0.3581338725961538 0.3143174831730769
1 0.35562802403846155 0.3301387884615385 0.35228206490384617 0.35126434615384616 0.4060905 0.3597867644230769 0.4094364591346154 0.3386612067307692 0.35562802403846155 0.3301387884615385
1 0.3627949519230769 0.6198264783653846 0.37236932211538465 0.5593762932692308 0.2767898990384615 0.544238 0.26721553124999997 0.6046881850961539 0.3627949519230769 0.6198264783653846
1 0.26621055288461537 0.6150286514423077 0.2757849206730769 0.5545784663461538 0.22125629326923077 0.5459419807692307 0.21168192548076922 0.6063921658653846 0.26621055288461537 0.6150286514423077
1 0.2231057139423077 0.6421378485576923 0.23719930048076923 0.5531544423076923 0.13837902403846153 0.5375028485576923 0.1242854375 0.6264862524038463 0.2231057139423077 0.6421378485576923
1 0 0.6652993581730768 0.14925023076923077 0.6889382716346154 0.16822515144230768 0.5691353341346154 0 0.5424910889423077 0 0.6652993581730768
1 0 0.70382928125 0.06567089903846154 0.7142305288461538 0.08463133653846154 0.5945190456730769 0 0.5811147596153846 0 0.70382928125
1 0.22902260336538463 0.44630051682692307 0.22275073798076922 0.48589950480769234 0.3125686466346154 0.5001252644230769 0.31884051201923075 0.4605262764423077 0.22902260336538463 0.44630051682692307
1 0.35020464423076925 0.4715874086538462 0.3583595168269231 0.4200995793269231 0.24919937980769233 0.4028103125 0.24104450721153844 0.4542981418269231 0.35020464423076925 0.4715874086538462
1 0.3450770697115385 0.5039616370192308 0.35114614903846153 0.4656429855769231 0.3147765841346154 0.45988261298076927 0.3087075072115385 0.4982012644230769 0.3450770697115385 0.5039616370192308
1 0.3337169134615384 0.5447233990384615 0.34071301201923077 0.50055178125 0.30840737259615386 0.4954350721153846 0.3014112764423077 0.5396066875 0.3337169134615384 0.5447233990384615
1 0.3593413774038462 0.5677187620192308 0.3633101754807692 0.5426607451923077 0.34437948317307693 0.5396624182692308 0.34041068509615385 0.5647204350961539 0.3593413774038462 0.5677187620192308
1 0.34247831971153847 0.4724261057692308 0.3384081274038462 0.4981242932692308 0.3591907379807692 0.5014159375 0.3632609302884615 0.4757177475961539 0.34247831971153847 0.4724261057692308
1 0 0.921978016826923 0.11067148076923077 0.9395066586538461 0.14594165865384617 0.716819516826923 0 0.6937046298076923 0 0.921978016826923
1 0.5197020528846154 0.5773679423076923 0.5241343629807692 0.5493834375 0.4808201129807692 0.5425231346153846 0.47638780288461535 0.5705076394230769 0.5197020528846154 0.5773679423076923
1 0.46162273076923077 0.5385451009615385 0.4593631201923077 0.5528117115384615 0.4810202451923077 0.5562418629807693 0.48327985576923077 0.5419752524038461 0.46162273076923077 0.5385451009615385
1 0.45950796875 0.5518971850961538 0.46162273076923077 0.5385451009615385 0.4430521298076923 0.5356038076923076 0.44093736778846154 0.5489558918269231 0.45950796875 0.5518971850961538
1 0.4506176033653846 0.4898349278846154 0.44808278605769225 0.5058391370192308 0.46737357451923073 0.5088944975961538 0.46990839182692307 0.4928902884615385 0.4506176033653846 0.4898349278846154
1 0.4838390913461538 0.5068150408653846 0.48564967548076926 0.4953834615384615 0.46990839182692307 0.4928902884615385 0.4680978076923077 0.5043218677884616 0.4838390913461538 0.5068150408653846
1 0.48880116826923076 0.49213273798076923 0.48612150480769234 0.5090514735576923 0.5191473341346154 0.5142822524038462 0.5218269975961538 0.4973635168269231 0.48880116826923076 0.49213273798076923
1 0.5291568581730769 0.5839277620192308 0.5327200889423077 0.5614304158653846 0.5229460889423077 0.5598823653846154 0.5193828581730769 0.5823797115384616 0.5291568581730769 0.5839277620192308
1 0.5358842716346154 0.5863994783653846 0.5396647716346153 0.5625303461538461 0.52860471875 0.5607786057692308 0.52482421875 0.5846477379807692 0.5358842716346154 0.5863994783653846
1 0.5441813629807692 0.5942758846153846 0.5483239807692308 0.5681204326923077 0.5372124879807691 0.5663605456730769 0.5330698701923077 0.5925159975961539 0.5441813629807692 0.5942758846153846
1 0.5652415360576923 0.6097985673076923 0.5706153485576922 0.5758696442307693 0.5469005384615385 0.5721135889423077 0.5415267259615384 0.6060425096153846 0.5652415360576923 0.6097985673076923
1 0.5688099999999999 0.6122386947115385 0.5737492740384615 0.5810533485576923 0.5619175889423077 0.5791793942307693 0.5569783149038462 0.6103647379807693 0.5688099999999999 0.6122386947115385
1 0.5888988341346153 0.6205765240384615 0.5945623413461538 0.584818548076923 0.5708475336538462 0.5810624903846153 0.5651840264423077 0.6168204663461538 0.5888988341346153 0.6205765240384615
1 0.6068180528846153 0.6342892740384615 0.6133651250000001 0.5929526899038462 0.5886214759615385 0.5890336802884616 0.5820744038461538 0.630370264423077 0.6068180528846153 0.6342892740384615
1 0.6619004110576923 0.6570754783653846 0.6685054206730769 0.6153730841346154 0.6102215216346154 0.6061418197115385 0.6036165096153846 0.6478442163461539 0.6619004110576923 0.6570754783653846
1 0.7050106129807693 0.690527545673077 0.71480225 0.6287055745192307 0.6532774975961538 0.6189610096153846 0.643485860576923 0.6807829831730768 0.7050106129807693 0.690527545673077
1 0.8121151177884616 0.7504272548076922 0.8259914326923077 0.6628156418269231 0.7020674110576923 0.6431880048076923 0.6881910961538461 0.7307996177884615 0.8121151177884616 0.7504272548076922
1 0.9464716033653846 0.8480171033653847 0.9696905336538462 0.701418548076923 0.8179877764423077 0.6773911923076923 0.7947688461538461 0.8239897475961538 0.9464716033653846 0.8480171033653847