1 0.9417885168269231 0.4953431105769231 0.9388783004807693 0.47883846153846155 0.8793795 0.48932970673076925 0.8822897139423076 0.5058343533653846 0.9417885168269231 0.4953431105769231
1 0.9453647307692308 0.5102259879807692 0.9411843125 0.48651765625 0.8794286610576924 0.49740684375 0.883609079326923 0.5211151754807692 0.9453647307692308 0.5102259879807692
1 0.9496605 0.5216912572115384 0.9464608725961539 0.5035452620192308 0.8815764038461539 0.5149861442307693 0.8847760312499999 0.5331321394230769 0.9496605 0.5216912572115384
1 0.9557570649038462 0.54336934375 0.9514480192307692 0.5189315216346154 0.8826140600961538 0.5310688076923077 0.8869231057692308 0.5555066298076923 0.9557570649038462 0.54336934375
1 0.9570188942307692 0.5529250336538462 0.9538192668269231 0.5347790384615384 0.8880628341346154 0.546373670673077 0.8912624615384614 0.5645196658653846 0.9570188942307692 0.5529250336538462
1 0.9618338269230768 0.5700340384615384 0.9579267427884616 0.5478758629807692 0.8908367139423077 0.5597056466346154 0.8947437980769231 0.5818638197115384 0.9618338269230768 0.5700340384615384
1 0.4816461153846153 0.8164201778846153 0.45981146634615383 0.6925897211538461 0.2055566730769231 0.7374217019230769 0.22739132451923078 0.86125215625 0.4816461153846153 0.8164201778846153
1 0.25822201923076926 0.7970527596153846 0.24124308653846155 0.7007604471153847 0.11414133653846154 0.7231719158653847 0.13112026923076922 0.8194642283653846 0.25822201923076926 0.7970527596153846
1 0.15149066826923077 0.8057181105769231 0.13346663221153848 0.7034987139423077 0.033960014423076924 0.7210444158653846 0.051984052884615384 0.8232638125 0.15149066826923077 0.8057181105769231
1 0.6089794158653846 0.6984425624999999 0.59574678125 0.6233965649038461 0.4276113725961539 0.653043375 0.4408440072115385 0.7280893701923077 0.6089794158653846 0.6984425624999999
1 0.703283625 0.6585910048076923 0.6938616033653846 0.6051560649038461 0.5851224134615385 0.6243297163461539 0.5945444350961538 0.67776465625 0.703283625 0.6585910048076923
1 0.7193837620192307 0.645221764423077 0.7123735192307692 0.6054647115384616 0.6759048581730769 0.6118951201923077 0.6829150985576924 0.6516521730769231 0.7193837620192307 0.645221764423077
1 0.7340644639423076 0.6274017620192307 0.7282440360576923 0.5943924663461538 0.7026492932692308 0.5989055096153846 0.7084697235576923 0.6319148052884616 0.7340644639423076 0.6274017620192307
1 0.7687769711538461 0.6224092620192307 0.7625706562500001 0.5872115024038462 0.7190749807692308 0.5948809639423077 0.7252812956730769 0.6300787235576923 0.7687769711538461 0.6224092620192307
4 0.7657403389423076 0.4882126346153846 0.7832820192307692 0.5876964543269231 0.8488845793269231 0.5761289543269231 0.8313428966346154 0.4766451322115385 0.7657403389423076 0.4882126346153846
3 0.8320896225961539 0.5669616514423077 0.8241629038461539 0.5220070024038461 0.7923618221153846 0.527614391826923 0.8002885384615385 0.5725690408653846 0.8320896225961539 0.5669616514423077
3 0.6680009471153846 0.6342554735576923 0.6552345889423077 0.5618538653846155 0.5778348557692308 0.5755015264423077 0.5906012115384616 0.6479031346153847 0.6680009471153846 0.6342554735576923
3 0.5843210552884616 0.5579981850961538 0.5886301033653847 0.5824360072115384 0.6585924855769231 0.57009975 0.6542834399038462 0.5456619278846154 0.5843210552884616 0.5579981850961538
3 0.5784572956730769 0.5400398846153845 0.5826377139423077 0.56374821875 0.6577805985576923 0.5504985024038461 0.6536001802884616 0.5267901658653846 0.5784572956730769 0.5400398846153845
3 0.5825395480769231 0.5176012259615385 0.5862536899038462 0.538665170673077 0.6528820889423077 0.5269167860576923 0.6491679471153847 0.5058528413461538 0.5825395480769231 0.5176012259615385
3 0.5748292740384615 0.49996851923076924 0.5780771370192308 0.5183880697115385 0.6491679471153847 0.5058528413461538 0.6459200841346154 0.48743329086538456 0.5748292740384615 0.49996851923076924
3 0.5711151322115385 0.47890457451923074 0.5756492788461538 0.5046189975961538 0.6452526201923077 0.49234605288461536 0.6407184735576923 0.4666316274038461 0.5711151322115385 0.47890457451923074
3 0.5695452932692308 0.4568043846153846 0.5743045408653846 0.4837954134615385 0.6416510288461539 0.47192040865384616 0.63689178125 0.44492938221153844 0.5695452932692308 0.4568043846153846
3 0.5629068365384615 0.44105114663461537 0.5669586274038462 0.46402999519230764 0.6376903918269231 0.4515580769230769 0.6336385985576923 0.42857922836538465 0.5629068365384615 0.44105114663461537
3 0.6347962548076923 0.43514461298076923 0.6301495576923077 0.4087918894230769 0.555724764423077 0.42191498798076926 0.5603714615384615 0.4482677115384615 0.6347962548076923 0.43514461298076923
3 0.52980115625 0.40476717307692306 0.5351392283653846 0.43504089182692307 0.62915759375 0.4184629182692308 0.6238195216346154 0.38818919711538463 0.52980115625 0.40476717307692306
3 0.6610391995192307 0.4196108389423077 0.656279954326923 0.3926198149038462 0.6237094879807692 0.3983628653846154 0.6284687331730769 0.42535389182692307 0.6610391995192307 0.4196108389423077
3 0.6636708918269231 0.4429341105769231 0.6589116442307692 0.41594308413461534 0.6270592692307692 0.4215595168269231 0.6318185144230769 0.4485505432692308 0.6636708918269231 0.4429341105769231
3 0.6618828341346153 0.4567884158653846 0.6570110384615385 0.4291590865384615 0.62705646875 0.4344408846153846 0.6319282644230769 0.4620702139423077 0.6618828341346153 0.4567884158653846
3 0.6730557211538462 0.47456274038461543 0.6691004014423078 0.4521310072115385 0.6342730841346154 0.45827200240384613 0.6382284038461539 0.4807037355769231 0.6730557211538462 0.47456274038461543
3 0.6730582379807692 0.48537470913461533 0.6692315480769231 0.46367246394230766 0.6395847307692308 0.46889999759615386 0.6434114230769231 0.49060224278846154 0.6730582379807692 0.48537470913461533
3 0.6784283413461538 0.5095314182692308 0.6749553774038461 0.4898352620192308 0.6442314278846154 0.49525272355769234 0.6477043918269231 0.5149488798076923 0.6784283413461538 0.5095314182692308
3 0.6800761850961539 0.5275749495192308 0.6763620432692308 0.5065110048076923 0.648972079326923 0.5113405961538462 0.6526862211538462 0.5324045384615385 0.6800761850961539 0.5275749495192308
3 0.6846936514423076 0.5471633197115385 0.6802720552884616 0.5220871947115385 0.6488300168269231 0.5276312740384616 0.6532516153846154 0.5527073990384616 0.6846936514423076 0.5471633197115385
3 0.6857412740384615 0.5639023725961538 0.6820271322115385 0.5428384278846153 0.6520212716346154 0.5481292716346153 0.6557354134615385 0.5691932139423077 0.6857412740384615 0.5639023725961538
3 0.6928583365384615 0.623761079326923 0.6816033629807693 0.5599309471153846 0.6549314855769232 0.5646339206730769 0.6661864591346155 0.6284640528846153 0.6928583365384615 0.623761079326923
3 0.6816652884615385 0.5557831057692307 0.6926951634615384 0.6183366346153847 0.7144942932692308 0.6144928605769231 0.7034644182692307 0.5519393317307693 0.6816652884615385 0.5557831057692307
3 0.6831555576923076 0.5426394567307692 0.686403423076923 0.5610590096153846 0.7045095216346154 0.5578664158653847 0.7012616586538462 0.5394468629807693 0.6831555576923076 0.5426394567307692
3 0.6883084975961539 0.42909371634615384 0.6842406298076923 0.4060236826923077 0.6583381346153847 0.41059099278846156 0.6624060048076923 0.4336610264423077 0.6883084975961539 0.42909371634615384
3 0.6906691153846154 0.44908003125 0.6857812427884615 0.42135951442307695 0.6620843052884615 0.42553792548076924 0.6669721802884615 0.4532584399038461 0.6906691153846154 0.44908003125
3 0.691025360576923 0.4618980889423077 0.6868449423076922 0.4381897548076923 0.6639173870192308 0.4422325 0.6680978052884616 0.4659408365384615 0.691025360576923 0.4618980889423077
3 0.6936623701923076 0.4831519591346154 0.6886619447115384 0.4547931442307692 0.6668115216346154 0.45864596153846154 0.6718119471153846 0.48700477884615384 0.6936623701923076 0.4831519591346154
3 0.696004389423077 0.4922351177884616 0.6924027980769231 0.47180947596153844 0.6668593461538461 0.4763134759615385 0.6704609374999999 0.4967391177884615 0.696004389423077 0.4922351177884616
3 0.6984216153846153 0.5101429879807692 0.6948200240384614 0.48971734615384616 0.6711230865384615 0.4938957548076923 0.6747246778846154 0.5143213966346154 0.6984216153846153 0.5101429879807692
3 0.7000747764423078 0.5261171225961538 0.6963606346153846 0.5050531778846155 0.6756386394230769 0.5087070240384615 0.67935278125 0.5297709687500001 0.7000747764423078 0.5261171225961538
3 0.7033279567307692 0.5424672740384615 0.6993887163461537 0.5201267283653845 0.6783076754807692 0.5238438846153847 0.6822469158653846 0.5461844302884615 0.7033279567307692 0.5424672740384615
3 0.7308884927884616 0.6054907572115384 0.7216111778846154 0.5528764903846154 0.6994017115384616 0.5567926201923077 0.7086790264423077 0.6094068846153846 0.7308884927884616 0.6054907572115384
3 0.7003530168269231 0.5429918365384615 0.70337578125 0.5601347836538462 0.7241490697115385 0.5564718942307693 0.7211263052884616 0.5393289447115385 0.7003530168269231 0.5429918365384615
3 0.69982828125 0.5268187307692307 0.7026098677884616 0.5425938918269231 0.7211263052884616 0.5393289447115385 0.71834471875 0.5235537836538462 0.69982828125 0.5268187307692307
3 0.69738434375 0.5129584735576923 0.69982828125 0.5268187307692307 0.7175753365384616 0.5236894447115384 0.7151313990384616 0.5098291875000001 0.69738434375 0.5129584735576923
3 0.6937208245192308 0.49668067307692304 0.6965024110576923 0.5124558365384615 0.7146598052884615 0.5092541971153847 0.71187821875 0.49347903605769233 0.6937208245192308 0.49668067307692304
3 0.68997465625 0.48173374278846154 0.6933350697115385 0.50079159375 0.7147751562500001 0.4970111298076923 0.7114147403846154 0.4779532764423077 0.68997465625 0.48173374278846154
3 0.688018391826923 0.4685396610576923 0.6913788052884615 0.48759751682692304 0.7128701826923076 0.48380800721153844 0.7095097692307692 0.4647501514423077 0.688018391826923 0.4685396610576923
3 0.6831836586538462 0.4564172620192308 0.6857401442307692 0.47091581971153845 0.7109245504807693 0.46647512740384617 0.7083680649038461 0.4519765721153846 0.6831836586538462 0.4564172620192308
3 0.68323775 0.4435268485576923 0.6863730625000001 0.46130810096153846 0.70858253125 0.45739197115384617 0.7054472163461539 0.43961072115384614 0.68323775 0.4435268485576923
3 0.6818363990384615 0.42478170673076926 0.6855505408653847 0.4458456490384615 0.7044260240384616 0.44251739182692307 0.7007118822115385 0.42145344951923075 0.6818363990384615 0.42478170673076926
3 0.732065 0.44779816105769227 0.7280132091346154 0.4248193125 0.7028288028846154 0.4292600048076923 0.70688059375 0.45223885096153843 0.732065 0.44779816105769227
3 0.7006204447115384 0.4425302716346154 0.7043345865384616 0.4635942163461539 0.7350585360576923 0.4581767548076923 0.7313443942307691 0.4371128100961539 0.7006204447115384 0.4425302716346154
3 0.7383331129807692 0.4725486923076923 0.7343777932692308 0.4501169615384616 0.7029357548076922 0.45566104326923074 0.7068910745192307 0.47809277403846157 0.7383331129807692 0.4725486923076923
3 0.7030669014423078 0.4672025 0.7066684927884614 0.4876281418269231 0.7388799110576922 0.48194839903846154 0.7352783197115385 0.46152275721153846 0.7030669014423078 0.4672025
3 0.7410046658653846 0.49849752403846154 0.7364865985576923 0.47287428365384615 0.7072501177884616 0.47802946394230766 0.7117681850961539 0.503652704326923 0.7410046658653846 0.49849752403846154
3 0.7422695552884615 0.507770608173077 0.7396005192307692 0.49263374759615386 0.7132876850961539 0.4972734110576923 0.7159567235576922 0.5124102692307692 0.7422695552884615 0.507770608173077
3 0.7485137524038462 0.5236873846153846 0.745265889423077 0.5052678341346154 0.7156190745192308 0.5104953677884615 0.7188669375000001 0.5289149182692308 0.7485137524038462 0.5236873846153846
3 0.7469215673076923 0.5320539350961538 0.7452976346153846 0.5228441610576924 0.7216006995192308 0.5270225697115385 0.7232246298076923 0.5362323461538462 0.7469215673076923 0.5320539350961538
3 0.7531443725961539 0.5499489254807692 0.7498965072115384 0.5315293725961538 0.7217371610576924 0.536494625 0.7249850240384615 0.5549141802884615 0.7531443725961539 0.5499489254807692
3 0.7618695697115385 0.5952328870192308 0.7537499110576923 0.5491840072115385 0.7130240072115386 0.5563650817307693 0.7211436682692308 0.6024139639423077 0.7618695697115385 0.5952328870192308
3 0.4050663365384616 0.719542625 0.38392306490384615 0.5996331634615385 0.23907425721153847 0.6251739158653845 0.26021753125 0.7450833774038461 0.4050663365384616 0.719542625