1 0.6834811634615385 0.8325749591346153 0.699576610576923 0.6794370048076923 0.5471350528846154 0.6634147524038462 0.5310396033653846 0.8165527043269231 0.6834811634615385 0.8325749591346153
1 0.8004231826923077 1 0.8052553822115385 0.9540246995192307 0.6753459591346154 0.940370670673077 0.6690786634615384 1 0.8004231826923077 1
1 0 0.8080343221153845 0.06434358653846153 0.8147971057692308 0.08354585336538461 0.63209975 0 0.6233187259615385 0 0.8080343221153845
1 0.11407406971153847 0.6166878725961538 0.11910692067307692 0.5688034855769231 0.07761671153846154 0.5644426874999999 0.07258385817307692 0.6123270769230769 0.11407406971153847 0.6166878725961538
1 0.1217149110576923 0.6012911033653846 0.12618640625 0.5587476658653846 0.08096674038461539 0.5539948870192307 0.07649524278846154 0.5965383245192307 0.1217149110576923 0.6012911033653846
1 0.30094535576923076 0.6369805528846153 0.30548460096153845 0.5937925192307693 0.1970195576923077 0.5823923846153846 0.1924803125 0.6255804182692307 0.30094535576923076 0.6369805528846153
3 0.4878069326923077 0.7380852884615384 0.5018602019230769 0.60437734375 0.3948973028846154 0.5931350913461538 0.38084403125 0.7268430360576923 0.4878069326923077 0.7380852884615384
3 0.10418838701923076 0.5473115240384615 0.1194030841346154 0.40255333653846154 0.06128571153846153 0.39644495432692306 0.04607101201923077 0.5412031418269231 0.10418838701923076 0.5473115240384615
3 0 0.5293781850961539 0.06772330288461538 0.5364961923076923 0.08655778365384616 0.35729807932692303 0.017562826923076924 0.3500464182692308 0 0.5171455504807693 0 0.5293781850961539
3 0 0.7104627812500001 0.04345970913461539 0.715030579326923 0.0634459375 0.5248743100961538 0 0.5182058725961538 0 0.7104627812500001
3 0.07998414182692308 0.6659871634615384 0.09534401923076923 0.5198476971153846 0.046498492788461535 0.5147138245192308 0.031138615384615383 0.6608532908653846 0.07998414182692308 0.6659871634615384
3 0.1841865865384615 0.5091683653846154 0.18872583173076923 0.46598032932692307 0.14682123798076924 0.46157598076923073 0.14228199278846154 0.504764014423077 0.1841865865384615 0.5091683653846154
3 0.16040105769230767 0.5590851778846153 0.16592751682692308 0.5065044375000001 0.13640264903846153 0.50340125 0.13087618990384617 0.5559819903846154 0.16040105769230767 0.5590851778846153
1 0.05186580769230769 0.0027480384615384615 0.042506639423076926 0.09179458173076924 0.07213510336538462 0.09490865865384615 0.0814942716346154 0.005862115384615384 0.05186580769230769 0.0027480384615384615
1 0.1573086033653846 0.10767796394230769 0.16575798798076924 0.027287442307692308 0.06293892548076924 0.016480723557692308 0.054489543269230764 0.09687124519230769 0.1573086033653846 0.10767796394230769
1 0.17572859615384614 0.17059619471153847 0.17291213461538463 0.19739303605769232 0.20254060096153845 0.20050711298076923 0.20535706250000002 0.17371027403846154 0.17572859615384614 0.17059619471153847
1 0.1680032091346154 0.06820926923076923 0.16398660576923077 0.10642469471153845 0.19522080769230768 0.10970754086538462 0.1992374110576923 0.07149211778846154 0.1680032091346154 0.06820926923076923
1 0.12802117307692307 0.20645399278846155 0.12502081971153844 0.23500045673076922 0.18375976923076923 0.24117416826923074 0.18676012259615385 0.21262770673076922 0.12802117307692307 0.20645399278846155
1 0.10893568990384615 0.14737612259615385 0.10258655528846153 0.2077841201923077 0.17660591826923078 0.21556386778846154 0.18295505528846154 0.15515587259615385 0.10893568990384615 0.14737612259615385
1 0.05252225961538462 0.1803637283653846 0.04686030048076923 0.23423366346153845 0.13248242067307692 0.2432329110576923 0.13814437740384616 0.18936297596153845 0.05252225961538462 0.1803637283653846
1 0.08780151682692307 0.2512918173076923 0.08304934375 0.29650573076923076 0.1563435360576923 0.3042092596153846 0.1610957091346154 0.2589953461538462 0.08780151682692307 0.2512918173076923
1 0.10752901923076924 0.2863235889423077 0.10327045192307692 0.3268411466346154 0.1694683173076923 0.3337988221153846 0.17372688461538463 0.2932812644230769 0.10752901923076924 0.2863235889423077
1 0.04236441826923077 0.2989329591346154 0.038105850961538464 0.33945051923076924 0.08519024759615385 0.34439928846153844 0.08944881490384615 0.30388172836538463 0.04236441826923077 0.2989329591346154
1 0.034929889423076926 0.2759931370192308 0.03067132451923077 0.3165106947115385 0.07967224759615385 0.32166089903846157 0.08393081490384616 0.2811433413461538 0.034929889423076926 0.2759931370192308
1 0.023857490384615383 0.25527783173076923 0.019589245192307696 0.2958874735576923 0.03492145913461538 0.2974989543269231 0.03918970432692308 0.2568893125 0.023857490384615383 0.25527783173076923
1 0.1471526610576923 0.40211824038461536 0.14989169471153846 0.3760580841346154 0.12217975721153847 0.37314544230769225 0.11944072355769232 0.3992055985576923 0.1471526610576923 0.40211824038461536
1 0.12876114423076923 0.39124736298076923 0.1264963605769231 0.4127953365384615 0.1439522908653846 0.41463002884615385 0.14621707451923077 0.3930820552884615 0.12876114423076923 0.39124736298076923
1 0.1452879326923077 0.40192224759615386 0.14283925721153848 0.42521984615384617 0.1537168389423077 0.4263631274038462 0.1561655168269231 0.4030655288461539 0.1452879326923077 0.40192224759615386
1 0.16187601682692307 0.42098281490384615 0.1599499831730769 0.43930780048076923 0.169273625 0.44028775480769233 0.17119965865384618 0.4219627692307692 0.16187601682692307 0.42098281490384615
1 1 0.05808411057692308 0.5775090384615384 0.013678521634615385 0.5504768173076923 0.27087293269230767 0.9877038653846154 0.3168273485576923 1 0.1998374375 1 0.05808411057692308
1 0.7204775048076922 0.3864053725961538 0.7418574471153847 0.1829888125 0.48043286298076926 0.15551198076923076 0.4590529206730769 0.35892854086538456 0.7204775048076922 0.3864053725961538
1 0.6922712379807692 0.3951717067307693 0.7039145480769231 0.2843930168269231 0.42389447596153845 0.25496172115384613 0.4122511682692308 0.3657404110576923 0.6922712379807692 0.3951717067307693
1 0.6029781682692308 0.20684339182692307 0.6208738293269231 0.036577560096153844 0.45714030048076926 0.01936847355769231 0.4392446418269231 0.18963430528846154 0.6029781682692308 0.20684339182692307
1 0.5005484855769231 0 0.4890306370192308 0.10958502644230769 0.6406434254807691 0.12552017067307691 0.6522867355769232 0.014741483173076922 0.5120308942307692 0 0.5005484855769231 0
1 0.5214224495192308 0.22592301923076924 0.5377211466346153 0.07085127163461538 0.39750391826923076 0.05611384615384615 0.38120522115384614 0.21118559374999998 0.5214224495192308 0.22592301923076924