1 0.8545280048076923 0.37454143269230766 0.86100165625 0.3485770360576923 0.805917158653846 0.3348429278846154 0.7994435072115385 0.36080732451923075 0.8545280048076923 0.37454143269230766
1 0.8531626802884615 0.38173976682692307 0.8581803197115385 0.3616151129807692 0.801276516826923 0.34742740384615384 0.7962588798076923 0.3675520552884616 0.8531626802884615 0.38173976682692307
1 0.8522846658653845 0.3960257860576923 0.8579519086538461 0.37329570913461535 0.7977632524038462 0.35828899278846155 0.7920960096153846 0.3810190673076923 0.8522846658653845 0.3960257860576923
1 0.8516446009615385 0.40483635576923077 0.8561694375000001 0.38668823076923076 0.7934034326923077 0.37103890865384614 0.7888785961538461 0.38918703365384616 0.8516446009615385 0.40483635576923077
1 0.8482621754807693 0.4184025264423077 0.8532798149038462 0.398277875 0.79561796875 0.38390116105769234 0.7906003293269231 0.40402581249999997 0.8482621754807693 0.4184025264423077
1 0.8469547524038461 0.42838268509615385 0.8513003846153846 0.41095329807692305 0.7874225841346154 0.39502677403846154 0.7830769519230769 0.4124561610576923 0.8469547524038461 0.42838268509615385
1 0.8392029615384615 0.4484936274038462 0.845183810096154 0.4245057596153846 0.7879262548076924 0.41022984855769234 0.7819454086538461 0.43421771634615386 0.8392029615384615 0.4484936274038462
1 0.7098658750000001 0.6057646634615385 0.7156675216346154 0.5824955360576923 0.6618464302884616 0.5690764302884616 0.6560447836538461 0.5923455576923077 0.7098658750000001 0.6057646634615385
1 0.7081219206730769 0.6179262379807693 0.7112131466346153 0.6055280144230769 0.6561791850961539 0.5918065048076924 0.6530879615384616 0.6042047307692308 0.7081219206730769 0.6179262379807693
1 0.7025890793269232 0.6401172596153846 0.7077187187499999 0.6195433966346153 0.6551104975961538 0.6064266947115384 0.6499808557692308 0.6270005576923077 0.7025890793269232 0.6401172596153846
1 0.5933288317307692 0.6380683990384616 0.6024009014423076 0.6016823076923077 0.5283653149038462 0.5832231634615385 0.5192932451923077 0.6196092548076924 0.5933288317307692 0.6380683990384616
1 0.6092109134615384 0.6281913052884616 0.6168941730769231 0.5973754302884615 0.6053213774038462 0.5944900096153846 0.5976381177884615 0.6253058822115385 0.6092109134615384 0.6281913052884616
2 0.4763101081730769 0.21954942788461537 0.3705140793269231 0.6438741225961538 0.5992410841346154 0.7009021706730769 0.7050371129807692 0.2765774735576923 0.4763101081730769 0.21954942788461537
3 0.6221207860576924 0.4993388677884615 0.6303416490384616 0.46636678365384615 0.5877901370192308 0.45575750000000004 0.5795692740384616 0.4887295841346154 0.6221207860576924 0.4993388677884615
3 0.6026255072115384 0.5839888509615384 0.6104431706730769 0.5526339254807693 0.5691045264423077 0.5423270432692308 0.5612868653846154 0.5736819711538461 0.6026255072115384 0.5839888509615384
3 0.6151319302884615 0.5273696346153847 0.62306159375 0.4955654951923077 0.5814197331730769 0.4851830144230769 0.5734900697115385 0.5169871514423077 0.6151319302884615 0.5273696346153847
3 0.6081550913461539 0.5566439471153847 0.6159727524038462 0.5252890216346153 0.5761501971153846 0.515360141826923 0.5683325360576923 0.5467150697115385 0.6081550913461539 0.5566439471153847
3 0.5526830913461539 0.5072188846153846 0.5443278245192308 0.5407300240384616 0.5683325360576923 0.5467150697115385 0.5766878004807693 0.5132039302884616 0.5526830913461539 0.5072188846153846
3 0.5576182548076922 0.4809663293269231 0.5502261971153847 0.5106142548076923 0.5721083846153846 0.5160700961538461 0.5795004423076923 0.48642217307692304 0.5576182548076922 0.4809663293269231
3 0.5524126009615384 0.4435015096153846 0.5439229326923077 0.47755170192307694 0.5804100937500001 0.4866489735576923 0.5888997620192308 0.45259878124999997 0.5524126009615384 0.4435015096153846
3 0.5590299423076923 0.5736918197115385 0.5672508076923077 0.540719733173077 0.542589125 0.5345708846153846 0.5343682596153847 0.5675429711538462 0.5590299423076923 0.5736918197115385
3 0.5548443701923077 0.5956461899038461 0.5602428125000001 0.5739942211538461 0.5353284495192308 0.5677823725961538 0.5299300072115385 0.5894343413461539 0.5548443701923077 0.5956461899038461
3 0.556984766826923 0.5623031995192307 0.5475542932692308 0.6001267668269231 0.5937949495192307 0.6116558557692308 0.6032254230769231 0.5738322908653847 0.556984766826923 0.5623031995192307
3 0.6013256923076923 0.6059947355769231 0.6087177500000001 0.5763468100961538 0.5971449519230769 0.5734613870192308 0.5897528942307693 0.6031093125 0.6013256923076923 0.6059947355769231
3 0.6086177644230769 0.5780395697115385 0.6016289110576923 0.6060703341346154 0.606177170673077 0.60720434375 0.6131660264423077 0.5791735769230769 0.6086177644230769 0.5780395697115385
3 0.6075109807692308 0.5501851586538462 0.6010373293269231 0.5761495552884616 0.6143788966346154 0.5794759807692308 0.620852548076923 0.5535115841346154 0.6075109807692308 0.5501851586538462
3 0.6130438245192308 0.5279941370192307 0.607376579326923 0.5507242115384615 0.6173827548076923 0.55321903125 0.62305 0.5304889567307692 0.6130438245192308 0.5279941370192307
3 0.6192885841346154 0.49519734134615384 0.6112245192307693 0.5275405336538461 0.62305 0.5304889567307692 0.6311140625 0.4981457644230769 0.6192885841346154 0.49519734134615384
3 0.6292008701923077 0.47352567548076924 0.6215176105769231 0.5043415480769231 0.6321302211538461 0.5069875697115385 0.6398134807692308 0.4761716947115385 0.6292008701923077 0.47352567548076924
3 0.6324121875 0.41134440144230766 0.6417978605769231 0.37370052163461537 0.6023795985576923 0.36387244471153846 0.5929939254807692 0.40151632451923075 0.6324121875 0.41134440144230766
3 0.6292526778846154 0.42229419230769233 0.636532735576923 0.39309547596153843 0.6033304278846153 0.3848172115384615 0.5960503701923077 0.4140159278846154 0.6292526778846154 0.42229419230769233
3 0.6223086225961538 0.4501452716346154 0.6308654903846154 0.41582555288461537 0.5995330216346153 0.4080134903846154 0.59097615625 0.4423332091346154 0.6223086225961538 0.4501452716346154
3 0.6158349735576922 0.4761096658653846 0.6240782379807693 0.44304773798076924 0.5887028725961538 0.43422766826923076 0.5804596057692307 0.4672895985576923 0.6158349735576922 0.4761096658653846
3 0.5776252475961539 0.060349375000000004 0.5665819615384615 0.10464157932692308 0.6164106899038462 0.11706527644230769 0.6274539759615384 0.07277307211538461 0.5776252475961539 0.060349375000000004
3 0.5837649471153846 0.07447656009615385 0.5913138076923077 0.04419974278846154 0.5472462067307693 0.03321245673076923 0.5396973485576922 0.06348927403846154 0.5837649471153846 0.07447656009615385
3 0.5732621057692308 0.08559942307692309 0.5802509591346154 0.05756865865384615 0.5431573605769231 0.04832018509615384 0.5361685048076923 0.07635095192307692 0.5732621057692308 0.08559942307692309
3 0.5375813461538461 0.07326783173076923 0.5449958052884616 0.04353006730769231 0.5115408173076923 0.035188802884615386 0.5041263605769231 0.0649265673076923 0.5375813461538461 0.07326783173076923
3 0.5253530865384616 0.10810357932692308 0.5353211634615385 0.06812380048076923 0.5055047860576922 0.06068974278846154 0.4955367067307692 0.10066952163461539 0.5253530865384616 0.10810357932692308
3 0.5211363581730769 0.134058125 0.5289540192307692 0.10270319711538461 0.4936797283653846 0.09390832932692308 0.48586206730769227 0.12526325721153847 0.5211363581730769 0.134058125
3 0.5092012932692308 0.14425133173076923 0.5147117379807692 0.1221501514423077 0.48888772115384616 0.1157115 0.4833772764423077 0.13781268269230768 0.5092012932692308 0.14425133173076923
3 0.531026670673077 0.0687707548076923 0.5228730072115385 0.10147331490384616 0.5648686201923077 0.11194399759615384 0.5730222836538462 0.07924143509615383 0.531026670673077 0.0687707548076923
3 0.5547219447115385 0.13584747596153846 0.5655860288461538 0.09227401201923077 0.5293010120192307 0.08322713942307693 0.5184369254807693 0.12680060576923077 0.5547219447115385 0.13584747596153846
3 0.5493742788461539 0.16676854086538462 0.5594767572115384 0.1262497139423077 0.5248594375 0.1176186466346154 0.5147569591346154 0.1581374735576923 0.5493742788461539 0.16676854086538462
3 0.5417063557692308 0.18632783173076922 0.5516072331730769 0.14661758173076922 0.5200726225961538 0.13875512019230768 0.5101717451923077 0.1784653701923077 0.5417063557692308 0.18632783173076922
3 0.5359798197115384 0.21295564182692306 0.5423862716346154 0.18726077163461538 0.5108516586538461 0.17939831009615384 0.5044452091346154 0.20509318028846155 0.5359798197115384 0.21295564182692306
3 0.5466497307692307 0.1553059639423077 0.5359872475961539 0.19807085096153848 0.5955189326923077 0.21291376682692306 0.6061814158653847 0.17014888221153848 0.5466497307692307 0.1553059639423077
3 0.5536096033653846 0.1347112956730769 0.5419615144230769 0.1814292355769231 0.5975513725961539 0.19528934375 0.6091994639423077 0.14857140384615383 0.5536096033653846 0.1347112956730769
3 0.5610008173076924 0.11260190625000001 0.5505175336538461 0.1546480528846154 0.6003967980769231 0.16708435096153848 0.6108800817307692 0.12503820192307694 0.5610008173076924 0.11260190625000001
3 0.5695568365384616 0.08582072355769231 0.5567663365384615 0.13712061778846155 0.6123561971153846 0.15098072596153847 0.6251466971153847 0.09968083173076922 0.5695568365384616 0.08582072355769231
3 0.2691169831730769 0.01673371394230769 0.2640769447115385 0.036948209134615384 0.30743703365384617 0.047759093749999995 0.3124770745192308 0.02754459855769231 0.2691169831730769 0.01673371394230769
3 0.2746847884615385 0 0.26888531250000003 0.023260427884615385 0.3083035769230769 0.03308850480769231 0.3150908293269231 0.005866319711538462 0.29156230528846155 0 0.2746847884615385 0
3 0.27983785576923076 0 0.2779928245192308 0.007400019230769231 0.31604661057692307 0.01688789423076923 0.3202572355769231 0 0.27983785576923076 0
3 0.2496172596153846 0 0.2466289014423077 0.011985651442307692 0.27068414903846155 0.017983298076923077 0.2751678894230769 0 0.2496172596153846 0
3 0.25101288221153845 0 0.24290280528846153 0.032527745192307694 0.27266864903846155 0.039949204326923074 0.2808223125 0.00724664423076923 0.2517576129807692 0 0.25101288221153845 0
3 0.6066925769230769 0.1528131514423077 0.5975757043269231 0.18937892548076923 0.607682951923077 0.19189894471153846 0.6167998221153846 0.15533317067307692 0.6066925769230769 0.1528131514423077
3 0.6154717548076923 0.13267208653846155 0.6065340841346154 0.16851912259615384 0.6144177355769231 0.1704847379807692 0.6233554062500001 0.13463770192307692 0.6154717548076923 0.13267208653846155
3 0.6253952716346153 0.10212848798076922 0.6131871754807693 0.1510924855769231 0.6232438870192307 0.15359990625 0.6354519831730769 0.10463590865384614 0.6253952716346153 0.10212848798076922
3 0.5997609567307692 0.2180747908653846 0.6102442403846153 0.17602864182692307 0.6010466466346154 0.17373542548076923 0.5905633629807693 0.21578157451923077 0.5997609567307692 0.2180747908653846
3 0.5927438461538461 0.20143858653846153 0.5842093798076923 0.23566846634615385 0.5973488028846154 0.23894449278846153 0.6058832692307692 0.2047146129807692 0.5927438461538461 0.20143858653846153
3 0.3369498293269231 0.16104163701923074 0.33045377884615385 0.18709587259615384 0.36057337500000003 0.19460553125 0.3670694278846154 0.16855129567307692 0.3369498293269231 0.16104163701923074
3 0.3630059975961538 0.1794665673076923 0.3694124471153846 0.15377170192307693 0.33828212500000004 0.14601004086538463 0.33187567548076924 0.17170490625 0.3630059975961538 0.1794665673076923
3 0.34781578605769237 0.12930161057692308 0.3410733317307692 0.1563441105769231 0.36740271153846155 0.16290876201923077 0.3741451634615384 0.13586626201923077 0.34781578605769237 0.12930161057692308
3 0.3726058317307693 0.14311663701923077 0.37722026923076923 0.12460914663461538 0.3471006706730769 0.11709948557692308 0.3424862355769231 0.13560697836538463 0.3726058317307693 0.14311663701923077
3 0.35087458653846154 0.0922750889423077 0.3442441346153846 0.11886837740384615 0.3784066322115385 0.12738604567307693 0.3850370841346154 0.10079275480769231 0.35087458653846154 0.0922750889423077
3 0.3865538341346154 0.1465942644230769 0.3932962860576923 0.11955176201923078 0.37934828605769233 0.11607413461538461 0.3726058317307693 0.14311663701923077 0.3865538341346154 0.1465942644230769
3 0.37554653365384616 0.13239857451923076 0.36849047836538457 0.16069886778846154 0.3821857980769231 0.1641134951923077 0.38924185576923076 0.13581319951923077 0.37554653365384616 0.13239857451923076
3 0.3799288125 0.18177735817307694 0.38756727403846153 0.15114116826923077 0.3713451418269231 0.1470965360576923 0.36370668269230766 0.17773272596153847 0.3799288125 0.18177735817307694
3 0.3757820649038462 0.19410326201923075 0.3694876153846154 0.21934892067307693 0.3841936610576923 0.2230155480769231 0.39048811057692306 0.1977698894230769 0.3757820649038462 0.19410326201923075
3 0.3616879495192308 0.18152362259615387 0.35696151442307694 0.20048032451923078 0.37773190624999997 0.2056589639423077 0.38245834375 0.1867022620192308 0.3616879495192308 0.18152362259615387
3 0.3740939014423077 0.18795672355769233 0.37823793509615383 0.17133591826923075 0.3650479759615385 0.1680472908653846 0.36090394471153847 0.1846680985576923 0.3740939014423077 0.18795672355769233
3 0.39449961298076924 0.19352157692307692 0.4002116586538461 0.17061181490384614 0.3796939447115385 0.16549617307692308 0.3739819014423077 0.18840593509615383 0.39449961298076924 0.19352157692307692
3 0.38588182932692305 0.14928953125 0.3794753774038462 0.17498439903846152 0.3967082331730769 0.17928103125 0.40311468269230766 0.15358616346153847 0.38588182932692305 0.14928953125
3 0.39868657451923073 0.1648876466346154 0.40495862259615384 0.13973183173076922 0.3879784471153846 0.1354981971153846 0.38170639903846154 0.16065401201923077 0.39868657451923073 0.1648876466346154
3 0.4236406658653846 0 0.4209730600961539 0.010699177884615385 0.43451677163461533 0.014076004807692307 0.43802631490384614 0 0.4236406658653846 0
1 0.31137704807692307 0.09912700240384614 0.32645236538461536 0.03866320432692308 0.24251167788461536 0.017734439903846152 0.22743636057692307 0.07819823798076923 0.31137704807692307 0.09912700240384614
1 0.6124989975961539 0.012837764423076924 0.5967292740384615 0.07608667067307692 0.6716239735576923 0.09476001682692307 0.6873936971153847 0.03151111057692308 0.6124989975961539 0.012837764423076924
1 0.6343501490384615 0.06685830528846154 0.6185804254807692 0.13010721153846155 0.6291930360576923 0.13275323076923076 0.6204793677884616 0.16770184615384617 0.6741993870192308 0.18109575240384615 0.6849290697115384 0.13806134134615383 0.6690101562499999 0.13409231009615385 0.6827638629807692 0.07892919951923077 0.6343501490384615 0.06685830528846154
1 0.5060643629807692 0.18202179086538461 0.4899810360576923 0.24652848798076923 0.5897901009615384 0.2714136826923077 0.6058734278846154 0.20690698557692308 0.5060643629807692 0.18202179086538461
1 0.5079083028846154 0.16816745673076922 0.5156139615384615 0.13726174278846154 0.4936812355769231 0.13179329807692308 0.4859755745192308 0.1626990144230769 0.5079083028846154 0.16816745673076922
1 0.5085973317307693 0.2190110889423077 0.49365641586538456 0.27893583413461537 0.6012985961538462 0.30577404326923074 0.6162395144230769 0.24584930048076922 0.5085973317307693 0.2190110889423077
3 0.7909226754807693 0.6384753557692308 0.7980011322115386 0.6100852211538462 0.7666181298076923 0.6022605600961538 0.759539673076923 0.6306506947115385 0.7909226754807693 0.6384753557692308
3 0.7893846754807693 0.5768276346153847 0.7962167283653846 0.5494257644230769 0.7673100024038462 0.5422185072115384 0.7604779495192309 0.5696203774038462 0.7893846754807693 0.5768276346153847
3 0.7657788197115385 0.5623535889423077 0.7700348533653846 0.5452835697115385 0.7480010528846154 0.5397899254807692 0.7437450192307692 0.5568599447115384 0.7657788197115385 0.5623535889423077
3 0.7641610552884616 0.5787454182692308 0.7683274879807692 0.5620347716346153 0.751852673076923 0.5579271394230769 0.7476862403846154 0.5746377860576923 0.7641610552884616 0.5787454182692308
3 0.7608010288461539 0.59222175 0.7641610552884616 0.5787454182692308 0.7476862403846154 0.5746377860576923 0.7443262139423077 0.5881141153846154 0.7608010288461539 0.59222175
3 0.7552815889423077 0.6089767620192308 0.7594256225961539 0.5923559567307692 0.7462356634615385 0.5890673293269231 0.7420916322115385 0.6056881370192307 0.7552815889423077 0.6089767620192308
3 0.7403488269230769 0.60191365625 0.7368543990384615 0.6159290384615385 0.7535818918269231 0.6200996706730769 0.7570763197115385 0.6060842884615385 0.7403488269230769 0.60191365625
3 0.746902235576923 0.5777822620192308 0.7511806682692307 0.5606224038461538 0.7443077427884616 0.5589087908653846 0.7400293076923077 0.5760686490384616 0.746902235576923 0.5777822620192308