1 0.924054579326923 0.5776400504807693 0.9249459110576923 0.5648933990384616 0.8804192259615384 0.5617797908653845 0.8795278942307692 0.5745264399038461 0.924054579326923 0.5776400504807693
1 0.9154529831730769 0.6035847139423077 0.9173002379807692 0.5771677403846154 0.8799435432692307 0.5745555048076922 0.8780962884615384 0.6009724783653846 0.9154529831730769 0.6035847139423077
3 0.979460204326923 0.49834883653846157 0.9824183966346154 0.4560447331730769 0.925162375 0.45204100240384615 0.9222041826923076 0.49434510576923074 0.979460204326923 0.49834883653846157
3 0.9837749663461538 0.5217624110576924 0.9863908341346155 0.4843537596153846 0.921601125 0.4798232211538461 0.9189852572115385 0.517231875 0.9837749663461538 0.5217624110576924
3 0.9831032379807693 0.5313685841346154 0.9844466947115385 0.5121562403846154 0.9201765528846154 0.5076620336538462 0.9188330937500001 0.5268743774038461 0.9831032379807693 0.5313685841346154
3 0.9883023990384616 0.5578141971153846 0.9901819495192308 0.5309353870192308 0.91941725 0.5259870384615385 0.9175376995192307 0.5528658461538462 0.9883023990384616 0.5578141971153846
3 0.9812196033653847 0.58145178125 0.9829699735576922 0.5564203125 0.91547853125 0.5517008509615384 0.9137281610576923 0.5767323197115385 0.9812196033653847 0.58145178125
3 0.9460867812499999 0.60303509375 0.9477596442307692 0.57911203125 0.9142477259615384 0.5767686514423077 0.9125748629807693 0.6006917139423077 0.9460867812499999 0.60303509375
3 0.944472045673077 0.6261268557692308 0.9460867812499999 0.60303509375 0.9201605048076923 0.6012221538461539 0.9185457716346155 0.6243139134615384 0.944472045673077 0.6261268557692308
3 0.5424552451923077 0.16538716826923078 0.5499023942307693 0.058887968750000005 0.43481883653846154 0.05084054326923077 0.4273716875 0.15733974278846155 0.5424552451923077 0.16538716826923078
3 0.3989566225961539 0.016403182692307693 0.3935440360576923 0.09380676201923076 0.4370835504807692 0.09685134134615384 0.4424961370192308 0.019447762019230767 0.3989566225961539 0.016403182692307693
3 0.2727099855769231 0 0.26937968028846154 0.04762559375 0.3977121394230769 0.056599473557692306 0.4016699591346154 0 0.2727099855769231 0
3 0.2539576538461538 0.35776826201923073 0.26565478124999997 0.1904915504807692 0.11555256490384616 0.17999538221153846 0.10385543750000001 0.34727209375 0.2539576538461538 0.35776826201923073
3 0.025932798076923076 0.13632262259615385 0.013906264423076924 0.3083100528846154 0.11064919471153846 0.3150749783653846 0.12267572596153846 0.1430875480769231 0.025932798076923076 0.13632262259615385
3 0.22550899759615387 0.7384704134615384 0.2377034639423077 0.5640814399038462 0.029461968749999998 0.5495197740384615 0.017267502403846155 0.7239087500000001 0.22550899759615387 0.7384704134615384
3 0 0.6854809903846154 0.11078134375000001 0.6932275769230769 0.12083790144230769 0.54941209375 0 0.5409622836538461 0 0.6854809903846154
3 0.4130116875 0.5949039230769231 0.4197806490384615 0.49810326442307695 0.25881953365384613 0.4868477668269231 0.2520505721153846 0.5836484254807692 0.4130116875 0.5949039230769231
3 0.4081846802884615 0.6751330120192307 0.41543806250000004 0.5714048269230769 0.25213890625 0.5599858365384616 0.24488552403846153 0.6637140240384615 0.4081846802884615 0.6751330120192307
3 0.5455637307692307 0.5823604711538461 0.5506016971153846 0.5103141802884615 0.42689336538461536 0.5016636514423077 0.4218553990384616 0.5737099423076922 0.5455637307692307 0.5823604711538461
3 0.5413137524038462 0.6431379855769231 0.5464615216346154 0.5695214543269231 0.4276890528846154 0.5612160721153846 0.42254128365384613 0.6348326057692308 0.5413137524038462 0.6431379855769231
3 0.44685660096153845 0.28038756971153844 0.44008763942307694 0.3771882283653846 0.5530409855769232 0.38508669471153845 0.5598099471153846 0.2882860360576923 0.44685660096153845 0.28038756971153844
3 0.43726897836538464 0.41077713221153844 0.44045969230769233 0.3651478149038461 0.38065780528846155 0.36096606009615384 0.37746709375 0.40659537740384616 0.43726897836538464 0.41077713221153844
3 0.549426548076923 0.44349536538461537 0.55552378125 0.3563008774038462 0.43986869951923074 0.34821348798076923 0.4337714663461538 0.4354079735576923 0.549426548076923 0.44349536538461537
3 0.5641763846153846 0.36173249999999996 0.559752014423077 0.4250039230769231 0.6065647860576923 0.42827738942307697 0.61098915625 0.36500596634615384 0.5641763846153846 0.36173249999999996
3 0.6016056562500001 0.48575666105769233 0.6063594302884615 0.41777451682692307 0.560481875 0.4145664447115385 0.5557280985576922 0.48254858894230773 0.6016056562500001 0.48575666105769233
3 0.5088135985576924 0.4680369447115385 0.5050674182692307 0.5216098293269231 0.5972901370192308 0.5280586706730769 0.6010363173076922 0.4744857860576923 0.5088135985576924 0.4680369447115385
3 0.5978161634615384 0.5787744615384616 0.6018465360576923 0.5211374254807692 0.5573198509615385 0.5180238173076923 0.5532894759615384 0.5756608509615385 0.5978161634615384 0.5787744615384616
3 0.5955306538461538 0.6308715673076922 0.6004523605769231 0.5604878822115384 0.5563932788461539 0.5574069711538462 0.5514715721153846 0.62779065625 0.5955306538461538 0.6308715673076922
3 0.5942673557692307 0.5712864447115384 0.5907989086538461 0.620887548076923 0.6178162692307693 0.6227767860576924 0.6212847163461538 0.5731756826923077 0.5942673557692307 0.5712864447115384
3 0.6001598052884616 0.5258460504807693 0.5962392331730769 0.5819128461538461 0.6214381153846154 0.583674923076923 0.6253586874999999 0.5276081274038462 0.6001598052884616 0.5258460504807693
3 0.6024091274038461 0.48098627163461544 0.5986564879807692 0.5346515240384615 0.6238553701923077 0.5364136009615385 0.6276080120192307 0.4827483509615385 0.6024091274038461 0.48098627163461544
3 0.6055417115384615 0.4361882572115385 0.6014015336538462 0.49539553125 0.6274836754807692 0.49721937259615384 0.6316238533653846 0.4380120961538462 0.6055417115384615 0.4361882572115385
3 0.6090101586538462 0.38658715625 0.6049281129807692 0.44496312740384614 0.6296593870192309 0.44669250721153847 0.6337414326923076 0.38831653605769234 0.6090101586538462 0.38658715625
3 0.6395178173076924 0.48042532932692306 0.6427666610576923 0.4339647067307692 0.6283747211538462 0.4329583245192307 0.6251258774038462 0.4794189471153846 0.6395178173076924 0.48042532932692306
3 0.6409199807692307 0.5126386466346153 0.6433227043269232 0.4782781081730769 0.6262290264423077 0.47708280048076923 0.6238263028846155 0.5114433413461539 0.6409199807692307 0.5126386466346153
3 0.6391825288461538 0.5374853798076923 0.6409199807692307 0.5126386466346153 0.6260604326923077 0.5115995649038462 0.6243229783653846 0.5364462980769231 0.6391825288461538 0.5374853798076923
3 0.6380570576923077 0.5662732932692308 0.6400657860576923 0.5375471442307692 0.6243229783653846 0.5364462980769231 0.62231425 0.5651724495192307 0.6380570576923077 0.5662732932692308
3 0.6356478774038461 0.6007262019230769 0.6380570576923077 0.5662732932692308 0.6173783870192308 0.5648272980769231 0.6149692067307693 0.5992802067307692 0.6356478774038461 0.6007262019230769
3 0.71731165625 0.6095925216346154 0.7210578365384616 0.556019639423077 0.6436946658653846 0.5506098798076923 0.6399484855769231 0.6041827620192307 0.71731165625 0.6095925216346154
3 0.7526683581730769 0.5960072716346153 0.7549612788461538 0.5632169711538462 0.7153185 0.5604448798076923 0.7130255793269231 0.5932351778846153 0.7526683581730769 0.5960072716346153
3 0.7048610961538462 0.5397576057692308 0.7030913485576923 0.5650661754807692 0.7503197716346153 0.5683687067307692 0.7520895192307692 0.543060139423077 0.7048610961538462 0.5397576057692308
3 0.706312076923077 0.5130344639423077 0.7044454471153846 0.5397285408653846 0.7532325624999999 0.5431400673076923 0.7550991947115384 0.5164459927884615 0.706312076923077 0.5130344639423077
3 0.6745603149038462 0.4773066177884615 0.6765625841346155 0.4486728341346154 0.6442976225961539 0.4464166466346154 0.6422953533653846 0.47505043028846156 0.6745603149038462 0.4773066177884615
3 0.672637545673077 0.5100299831730769 0.6747366995192308 0.48001069230769233 0.6421080432692308 0.4777290745192308 0.6400088894230769 0.5077483653846154 0.672637545673077 0.5100299831730769
3 0.67527678125 0.4827402019230769 0.6731776298076924 0.5127594903846154 0.6922976057692308 0.5140964903846154 0.6943967596153846 0.4840771995192308 0.67527678125 0.4827402019230769
3 0.6694470240384616 0.53923040625 0.6714945048076923 0.5099500528846154 0.6381384567307692 0.5076175721153846 0.6360909759615385 0.5368979230769231 0.6694470240384616 0.53923040625
3 0.6758757572115385 0.5712383004807692 0.6783495288461538 0.5358617259615385 0.6378754471153846 0.5330315024038461 0.6354016754807692 0.5684080769230769 0.6758757572115385 0.5712383004807692
3 0.6717277740384616 0.3393656057692308 0.6680913966346154 0.39136824759615385 0.7009798365384616 0.39366803125000005 0.7046162139423077 0.3416653894230769 0.6717277740384616 0.3393656057692308
3 0.6833601346153846 0.34175693509615385 0.68067321875 0.38018162499999997 0.7184455649038461 0.38282292548076924 0.7211324831730769 0.34439823557692306 0.6833601346153846 0.34175693509615385
3 0.7178180961538462 0.37238335576923076 0.7159773004807692 0.39870796153846155 0.7353570625000001 0.4000631274038462 0.7371978581730769 0.37373851923076923 0.7178180961538462 0.37238335576923076
3 0.7360149230769231 0.3712425168269231 0.7378621778846154 0.34482554086538464 0.7135465528846154 0.34312522596153844 0.7116992980769231 0.3695422019230769 0.7360149230769231 0.3712425168269231
3 0.6777374350961539 0.3116617764423077 0.6752765817307692 0.3468536201923077 0.7369489038461539 0.35116616826923075 0.7394097572115383 0.3159743245192308 0.6777374350961539 0.3116617764423077
3 0.6807459687499999 0.2820773533653846 0.6778911201923077 0.3229035841346154 0.742680829326923 0.32743412259615384 0.7455356778846153 0.2866078894230769 0.6807459687499999 0.2820773533653846
3 0.660081545673077 0.2669880072115384 0.65678103125 0.3141875673076923 0.6869157788461538 0.31629479326923077 0.6902162932692307 0.26909523557692305 0.660081545673077 0.2669880072115384
3 0.5353226778846154 0.1777902091346154 0.5288831225961539 0.2698801490384616 0.5715393798076923 0.2728629663461538 0.5779789350961538 0.1807730264423077 0.5353226778846154 0.1777902091346154
3 0.4606376850961539 0.12810757211538462 0.45264798557692304 0.24236560096153845 0.5385320168269231 0.2483711971153846 0.5465217163461539 0.13411316826923075 0.4606376850961539 0.12810757211538462
3 0.7695525745192308 0.25450131009615384 0.7718842475961538 0.2211568076923077 0.7156154014423077 0.2172221081730769 0.7132837259615384 0.2505666081730769 0.7695525745192308 0.25450131009615384
3 0.7672981177884615 0.23522301201923076 0.7701335889423077 0.19467388221153847 0.71911234375 0.19110612980769232 0.7162768725961539 0.23165525961538463 0.7672981177884615 0.23522301201923076
3 0.7731198966346154 0.15794086298076923 0.7764268701923077 0.11064893990384615 0.7261849711538461 0.1071356826923077 0.7228779975961538 0.1544276081730769 0.7731198966346154 0.15794086298076923
3 0.7716169591346154 0.1846603701923077 0.7745105624999999 0.14327993749999998 0.7239049663461539 0.13974124759615386 0.7210113653846153 0.1811216826923077 0.7716169591346154 0.1846603701923077
3 0.7672493870192307 0.20978728124999999 0.770188201923077 0.16776027884615383 0.723271516826923 0.16447954326923078 0.7203327043269231 0.20650654807692306 0.7672493870192307 0.20978728124999999
3 0.7221390216346154 0.19187468749999997 0.7243738124999999 0.15991569230769231 0.679379516826923 0.15676938461538462 0.6771447259615384 0.1887283798076923 0.7221390216346154 0.19187468749999997
3 0.7082252331730768 0.21837607211538462 0.7105569086538461 0.18503156971153847 0.6741873870192308 0.18248836538461538 0.6718557139423077 0.21583286778846153 0.7082252331730768 0.21837607211538462
3 0.7084615576923077 0.24187572836538462 0.7110257524038462 0.20520601442307693 0.6757992716346154 0.20274273798076925 0.6732350769230769 0.23941245432692307 0.7084615576923077 0.24187572836538462
3 0.7033707740384615 0.2609188533653846 0.705515139423077 0.23025299519230769 0.6717434423076922 0.22789144951923077 0.669599076923077 0.25855730528846155 0.7033707740384615 0.2609188533653846
3 0.639948548076923 0.06286414182692307 0.6360344350961539 0.11883857211538462 0.7148004278846154 0.12434642548076923 0.7187145408653847 0.06837199759615385 0.639948548076923 0.06286414182692307
3 0.6484126971153846 0.017232302884615382 0.6435814158653846 0.08632285096153845 0.7161645913461538 0.09139836057692308 0.7209958725961538 0.022307814903846153 0.6484126971153846 0.017232302884615382
3 0.73002975 0.1074045360576923 0.7341376322115385 0.04865909615384616 0.7134070024038461 0.047209471153846154 0.7092991225961539 0.10595490865384614 0.73002975 0.1074045360576923
3 0.6373689639423077 0.11020693269230769 0.6409149182692307 0.05949742548076923 0.5890623701923077 0.055871543269230765 0.5855164158653846 0.10658105048076923 0.6373689639423077 0.11020693269230769
3 0.5891191682692308 0.01772703125 0.5848498125 0.07878164663461538 0.6393001850961538 0.0825891875 0.6435695384615384 0.021534572115384617 0.5891191682692308 0.01772703125
3 0.6353537764423076 0.13902544951923076 0.6389772379807692 0.08720753846153848 0.5819290432692308 0.08321834134615386 0.5783055817307692 0.13503625240384615 0.6353537764423076 0.13902544951923076
1 0.7218435264423076 0.23417934855769232 0.731351076923077 0.0982150625 0.5894060264423077 0.08828929807692307 0.5798984759615384 0.22425358173076923 0.7218435264423076 0.23417934855769232
1 0.7735104807692307 0.29571111778846154 0.7773793798076922 0.24038325961538462 0.6620360360576923 0.23231766826923075 0.6581671370192308 0.2876455264423077 0.7735104807692307 0.29571111778846154
1 0.6808686971153846 0.38186603125 0.6852220168269232 0.31961064423076924 0.5724764951923077 0.3117267091346154 0.5681231754807692 0.37398209615384614 0.6808686971153846 0.38186603125
1 0.6284150865384616 0.36891624999999995 0.6250306057692309 0.41731657692307694 0.7234880985576922 0.42420139663461537 0.7268725793269231 0.3758010673076923 0.6284150865384616 0.36891624999999995
1 0.7289995673076923 0.40138212259615386 0.7265839254807692 0.4359273966346154 0.7440932548076924 0.4371517692307692 0.7465088942307693 0.40260649519230773 0.7289995673076923 0.40138212259615386
1 0.6875301586538461 0.6479789471153846 0.6913603052884615 0.5932052932692308 0.6163351754807693 0.5879590240384616 0.6125050288461538 0.6427326802884615 0.6875301586538461 0.6479789471153846
1 0.7173659879807693 0.6327081754807692 0.7197816298076922 0.59816290625 0.6954660048076923 0.5964625913461539 0.6930503653846153 0.6310078629807693 0.7173659879807693 0.6327081754807692
1 0.7457102788461539 0.6230878677884615 0.7481259182692307 0.58854259375 0.7194979086538461 0.5865407283653846 0.7170822692307692 0.6210860024038461 0.7457102788461539 0.6230878677884615
1 0.61073034375 0.6890179302884616 0.6158393581730769 0.6159556009615385 0.5532837788461539 0.6115812884615385 0.548174764423077 0.6846436177884615 0.61073034375 0.6890179302884616
1 0.5423527932692308 0.7275828365384616 0.5495480432692308 0.6246859519230769 0.40308278124999997 0.6144441033653846 0.39588753125 0.7173409879807693 0.5423527932692308 0.7275828365384616
1 0.21129818509615386 0.5833048461538461 0.2132358653846154 0.5555947355769231 0.14018508173076924 0.5504865264423077 0.13824740144230768 0.5781966370192307 0.21129818509615386 0.5833048461538461
1 0.14481831971153847 0.4730284471153846 0.1423057956730769 0.5089592283653845 0.2130704951923077 0.5139075769230769 0.21558301923076922 0.47797679807692306 0.14481831971153847 0.4730284471153846
1 0.11316221153846154 0.5680888269230769 0.11625604086538462 0.5238450144230768 0.008913992788461538 0.5163389278846154 0.005820163461538462 0.5605827403846153 0.11316221153846154 0.5680888269230769
1 0 0.8824422620192307 0.21434121875 0.8974304615384615 0.22942282692307694 0.6817534182692307 0 0.6657106129807692 0 0.8824422620192307
1 0.41873051923076926 0.7908728125 0.43033076201923076 0.6249816057692308 0.21413993028846154 0.6098640697115385 0.20253968509615383 0.7757552764423077 0.41873051923076926 0.7908728125
1 0.20782811778846152 0.54407834375 0.20483117307692306 0.5869366514423077 0.27091979086538465 0.5915580192307692 0.2739167355769231 0.5486997091346154 0.20782811778846152 0.54407834375
1 0.46345959375 0.37371752644230766 0.46877529567307696 0.29769945192307695 0.3319219759615385 0.28812973557692306 0.3266062764423077 0.3641478100961538 0.46345959375 0.37371752644230766
1 0.14463759375 0 0.12575731490384617 0.2700005480769231 0.4590060552884615 0.2933035697115385 0.4793904471153846 0.0017931875 0.4537466706730769 0 0.14463759375 0
1 0.6080045384615385 0.10156344471153847 0.6145797331730769 0.0075337956730769234 0.5095757259615384 0.00019119951923076922 0.50300053125 0.0942208485576923 0.6080045384615385 0.10156344471153847
2 0.9474451514423077 0.5888360024038461 0.9653170192307693 0.3332563990384615 0.8846805913461538 0.32761775240384616 0.8668087235576922 0.5831973533653846 0.9474451514423077 0.5888360024038461
3 0.7790373461538462 0.4653060745192308 0.7826091370192307 0.41422709855769235 0.7367315817307692 0.4110190288461538 0.7331597908653846 0.46209800240384613 0.7790373461538462 0.4653060745192308