3 0.9036762548076923 0.18202828125 0.9072028341346154 0.14171929326923077 0.8295826634615384 0.13492840865384614 0.8260560841346154 0.1752373966346154 0.9036762548076923 0.18202828125
3 0.8342092740384615 0.10057127403846153 0.8294318485576924 0.15517750240384617 0.9049247283653846 0.16178227403846154 0.9097021538461539 0.10717604567307691 0.8342092740384615 0.10057127403846153
3 0.9067540985576923 0.12234720673076924 0.9112813533653846 0.07060042548076922 0.8336092980769231 0.06380500240384615 0.8290820432692307 0.11555178125 0.9067540985576923 0.12234720673076924
3 0.8362886730769231 0.045729000000000006 0.8318501850961538 0.09646113701923077 0.8976405456730769 0.10221704807692308 0.90207903125 0.051484911057692304 0.8362886730769231 0.045729000000000006
3 0.9076735096153846 0.06164077644230769 0.9100299423076923 0.03470662259615385 0.8410227091346154 0.028669271634615388 0.8386662740384616 0.055603425480769235 0.9076735096153846 0.06164077644230769
3 0.9810577548076923 0.08637148317307693 0.9843260961538461 0.049014182692307694 0.9137104182692308 0.042836110576923075 0.9104420769230769 0.08019341346153847 0.9810577548076923 0.08637148317307693
3 0.9809692668269231 0.11248164663461538 0.9842456778846155 0.07503210576923078 0.9114508245192308 0.06866337980769231 0.9081744134615384 0.10611292067307693 0.9809692668269231 0.11248164663461538
3 0.9787201153846153 0.14416544471153847 0.9824968629807693 0.10099700961538462 0.907003985576923 0.09439223798076922 0.9032272355769231 0.13756067307692307 0.9787201153846153 0.14416544471153847
3 0.9834465048076922 0.16484124038461537 0.9865534447115384 0.1293287451923077 0.9067540985576923 0.12234720673076924 0.90364715625 0.1578597019230769 0.9834465048076922 0.16484124038461537
3 0.8178411971153847 0.09523550961538461 0.8205204302884616 0.06461174759615385 0.7838376370192308 0.06140241826923077 0.7811584038461539 0.09202618028846153 0.8178411971153847 0.09523550961538461
3 0.7871246322115385 0.04235716586538462 0.7843566298076923 0.07399557211538461 0.8183413942307692 0.07696885336538463 0.8211093966346154 0.045330447115384614 0.7871246322115385 0.04235716586538462
3 0.7838452836538461 0.023666896634615384 0.7822474278846154 0.04193046634615384 0.8232366899038461 0.045516562499999996 0.8248345432692308 0.027252990384615386 0.7838452836538461 0.023666896634615384
3 0.3775457980769231 0.020837389423076925 0.3679828774038461 0.1301420841346154 0.3987507644230769 0.13283392548076922 0.40831368509615384 0.023529230769230768 0.3775457980769231 0.020837389423076925
3 0.29205742067307694 0 0.28698367548076925 0.057993175480769224 0.37923545432692307 0.0660641610576923 0.38501531971153846 0 0.29205742067307694 0
3 0.38407423798076923 0 0.37713944471153843 0.07926504807692308 0.4004358725961538 0.08130322115384615 0.4073921923076923 0.0017921249999999999 0.38690810817307697 0 0.38407423798076923 0
3 0.4550102451923077 0.2266126370192308 0.4498938798076923 0.28509295673076923 0.4881851129807692 0.2884430048076923 0.4933014783653846 0.2299626875 0.4550102451923077 0.2266126370192308
3 0.46852197355769226 0.30224473076923075 0.4738965769230769 0.24081272596153847 0.42533208653846155 0.23656388221153846 0.4199574831730769 0.2979958894230769 0.46852197355769226 0.30224473076923075
3 0.48752603125000005 0.3270509951923077 0.49197258894230766 0.2762266177884615 0.4719968076923077 0.2744789639423077 0.4675502524038461 0.32530334134615385 0.48752603125000005 0.3270509951923077
3 0.4971582956730769 0.3346787884615384 0.4934703173076923 0.3768325817307692 0.5193610024038462 0.37909772355769233 0.5230489807692308 0.3369439278846154 0.4971582956730769 0.3346787884615384
3 0.5191109735576923 0.3945049302884615 0.5224600144230769 0.3562252283653846 0.4954797403846154 0.3538647596153846 0.4921306995192308 0.3921444639423077 0.5191109735576923 0.3945049302884615
3 0.2979579927884615 0.36939388221153846 0.2935921346153846 0.4192958581730769 0.39445684855769236 0.4281203774038461 0.39882270432692307 0.3782184014423077 0.2979579927884615 0.36939388221153846
3 0.3901175745192308 0.4836944014423077 0.3951451706730769 0.42622872596153843 0.29972839663461537 0.41788084134615383 0.29470080048076924 0.475346516826923 0.3901175745192308 0.4836944014423077
3 0.45472999759615385 0.5280129086538461 0.4601772331730769 0.4657507403846154 0.3663170120192308 0.4575390336538462 0.36086977884615384 0.5198012019230769 0.45472999759615385 0.5280129086538461
3 0.45139140144230766 0.572149141826923 0.4560881274038462 0.5184653149038462 0.397873 0.5133721514423077 0.39317627403846156 0.5670559783653846 0.45139140144230766 0.572149141826923
3 0.3616906850961538 0.5169916875 0.3577525360576923 0.5620049302884615 0.3981710625 0.5655410937500001 0.4021092091346154 0.5205278509615385 0.3616906850961538 0.5169916875
3 0.4125220649038462 0.631580201923077 0.4193169855769231 0.5539139110576923 0.30496213701923075 0.5439091586538461 0.29816721634615384 0.6215754495192307 0.4125220649038462 0.631580201923077
3 0.41199206730769233 0.5629394759615385 0.40779567788461535 0.6109044086538462 0.45096411538461534 0.61468115625 0.45516050480769227 0.5667162259615385 0.41199206730769233 0.5629394759615385
3 0.4551492139423077 0.4855731346153846 0.45205034134615385 0.5209933918269231 0.47311570913461537 0.5228363725961539 0.47621458173076925 0.4874161153846154 0.4551492139423077 0.4855731346153846
3 0 0.5997647283653846 0.2684808918269231 0.6232537620192308 0.2852987235576923 0.4310250793269231 0.009477314903846153 0.4068938341346154 0 0.515220048076923 0 0.5997647283653846
3 0 0.7766415 0.25405766105769234 0.7988686634615385 0.2747813581730769 0.561995704326923 0 0.5379554495192308 0 0.7766415
3 0.3199056586538462 0.70118040625 0.3315022139423077 0.5686311682692308 0.25881113221153845 0.5622715216346154 0.2472145769230769 0.6948207620192307 0.3199056586538462 0.70118040625
3 1 0.44206110096153844 0.8988491538461538 0.4332115480769231 0.8945075072115384 0.4828368028846154 0.9962023846153846 0.49173395192307695 1 0.44832700240384615 1 0.44206110096153844
3 0.9265096129807693 0.6327705889423078 0.9308431899038462 0.5832375721153846 0.8337660913461539 0.5747444278846154 0.829432514423077 0.6242774423076922 0.9265096129807693 0.6327705889423078
3 0.9595837043269231 0.6533239879807693 0.9651681274038462 0.5894937355769231 0.8757181466346153 0.5816678750000001 0.8701337235576924 0.6454981298076923 0.9595837043269231 0.6533239879807693
3 0.9306331346153847 0.5647228846153847 0.9352491610576923 0.5119614615384616 0.9006417740384615 0.5089337067307692 0.8960257475961538 0.5616951322115384 0.9306331346153847 0.5647228846153847
3 0.9281153004807692 0.59350184375 0.9315450408653846 0.5542997355769231 0.8906595504807692 0.55072271875 0.8872298100961539 0.5899248269230769 0.9281153004807692 0.59350184375
3 0.9003461778846155 0.47107870913461536 0.8957301514423077 0.5238401346153846 0.9303375384615384 0.5268678870192308 0.9349535649038461 0.47410646394230765 0.9003461778846155 0.47107870913461536
3 1 0.47821720432692305 0.9350907548076923 0.4725383798076923 0.9306199879807693 0.5236394783653846 0.9989008341346154 0.5296132788461538 1 0.5170497548076923 1 0.47821720432692305
3 0.9923832884615386 0.5628755120192308 0.9974189543269231 0.5053175985576923 0.9596465697115384 0.5020129423076922 0.95461090625 0.559570858173077 0.9923832884615386 0.5628755120192308
3 0.9889616201923077 0.6019853798076923 0.9924559182692309 0.5620453509615385 0.9546835360576923 0.5587406971153845 0.9511892355769231 0.5986807235576923 0.9889616201923077 0.6019853798076923
3 0.8697088798076924 0.4949809326923077 0.8736228173076923 0.45024440865384613 0.8057570528846154 0.4443069254807692 0.8018431153846154 0.4890434471153846 0.8697088798076924 0.4949809326923077
3 0.8048709182692307 0.4908884302884615 0.8077357596153847 0.45814314182692306 0.7852694951923076 0.4561775985576923 0.7824046538461539 0.48892288701923076 0.8048709182692307 0.4908884302884615
3 0.78244765625 0.5195059759615385 0.7854496875 0.4851926033653846 0.7710775048076923 0.4839351995192308 0.7680754735576923 0.5182485721153847 0.78244765625 0.5195059759615385
3 0.7829141538461539 0.4777209639423077 0.7792100336538461 0.5200592379807693 0.8003272860576923 0.5219067596153846 0.8040314062499999 0.4795684831730769 0.7829141538461539 0.4777209639423077
3 0.8736789663461538 0.52191090625 0.8768262572115385 0.48593720913461536 0.8040314062499999 0.4795684831730769 0.8008841153846155 0.5155421802884615 0.8736789663461538 0.52191090625
3 0.8667498509615386 0.5598773918269231 0.8702441514423077 0.5199373653846154 0.8019633076923077 0.5139635649038461 0.7984690072115386 0.5539035913461539 0.8667498509615386 0.5598773918269231
3 0.7816301706730768 0.5186908846153846 0.7787007692307693 0.5521740961538462 0.7984690072115386 0.5539035913461539 0.8013984086538462 0.5204203822115384 0.7816301706730768 0.5186908846153846
3 0.7798098677884616 0.5442777475961539 0.78204525 0.5187271995192307 0.7636260264423077 0.5171157283653847 0.7613906442307693 0.5426662740384616 0.7798098677884616 0.5442777475961539
3 0.7755233822115385 0.5777351754807692 0.7784608533653846 0.5441597259615384 0.7618576105769231 0.5427071298076923 0.7589201394230769 0.5762825817307692 0.7755233822115385 0.5777351754807692
3 0.7791629423076922 0.5361348245192308 0.7755233822115385 0.5777351754807692 0.7952916201923077 0.5794646730769231 0.7989311802884616 0.5378643197115385 0.7791629423076922 0.5361348245192308
3 0.8759707355769231 0.5889397860576924 0.8797474831730769 0.5457713485576924 0.7988585504807693 0.5386944831730769 0.7950818004807693 0.581862920673077 0.8759707355769231 0.5889397860576924
3 0.8274365745192308 0.6160164927884615 0.8302287884615385 0.5841013653846153 0.7956213966346154 0.5810736129807692 0.7928291850961539 0.6129887379807692 0.8274365745192308 0.6160164927884615
3 0.7795230961538462 0.5732518990384615 0.7761740552884615 0.6115316033653846 0.7928291850961539 0.6129887379807692 0.7961782259615385 0.5747090336538462 0.7795230961538462 0.5732518990384615
3 0.7770133341346154 0.6019386153846153 0.7795230961538462 0.5732518990384615 0.766966891826923 0.5721533725961538 0.7644571298076923 0.6008400913461538 0.7770133341346154 0.6019386153846153
3 0.7511039471153846 0.5771788389423077 0.7490783822115384 0.600331141826923 0.7643845 0.6016702548076923 0.7664100649038462 0.5785179519230769 0.7511039471153846 0.5771788389423077
3 0.8032987043269231 0.43117231490384617 0.806163548076923 0.3984270264423077 0.7796502403846154 0.3961074110576923 0.7767853966346153 0.4288526995192308 0.8032987043269231 0.43117231490384617
3 0.8092382091346154 0.36328348798076926 0.8039281634615385 0.4239775745192308 0.8812370216346154 0.4307412235576923 0.8865470673076923 0.37004713701923075 0.8092382091346154 0.36328348798076926
3 0.7752268004807692 0.45204585576923073 0.7789954783653846 0.40896966105769234 0.7542462668269232 0.40680438461538465 0.7504775889423076 0.4498805817307692 0.7752268004807692 0.45204585576923073
3 0.7563827307692308 0.29991718509615384 0.7593928317307692 0.2655115721153846 0.7252005240384616 0.26252013221153847 0.722190423076923 0.29692574759615387 0.7563827307692308 0.29991718509615384
3 0.7535649807692307 0.31658688701923077 0.7559456250000001 0.2893760144230769 0.7226872475961539 0.28646628125 0.7203066057692307 0.31367715625000003 0.7535649807692307 0.31658688701923077
1 0.40060933653846154 0.02434232692307692 0.3920551610576923 0.12211699278846154 0.5113391009615385 0.13255298557692308 0.5198932740384615 0.03477831971153846 0.40060933653846154 0.02434232692307692
1 0.4102676634615384 0 0.40619242307692305 0.04658021153846154 0.5031138629807692 0.05505974038461539 0.5078993605769231 0.0003612740384615385 0.5037699807692307 0 0.4102676634615384 0
1 0 0.9536112211538461 0.07286751923076923 0.9599863028846154 0.08881379086538461 0.7777195673076923 0 0.7699493677884616 0 0.9536112211538461
1 0.3004270625 0.9256145528846154 0.32216757692307696 0.6771193197115385 0.05194976682692308 0.6534783245192308 0.03020925 0.9019735576923077 0.3004270625 0.9256145528846154
1 0.4188815264423077 0.6897632764423077 0.42612836538461535 0.6069315336538461 0.32982954567307693 0.5985064783653846 0.3225827067307692 0.6813382211538461 0.4188815264423077 0.6897632764423077
1 0.4566385793269231 0.6627661033653846 0.46258615384615387 0.5947850384615385 0.41583763942307694 0.5906950745192308 0.4098900673076923 0.6586761370192308 0.4566385793269231 0.6627661033653846
1 0.47225676923076926 0.6294635552884615 0.4756138798076923 0.591091610576923 0.4531476129807693 0.5891260673076923 0.44979050480769234 0.6274980120192308 0.47225676923076926 0.6294635552884615
3 0.4783334615384615 0.5600066466346154 0.4815533822115385 0.5232027860576923 0.45638908894230773 0.5210011947115385 0.45316916826923076 0.5578050552884615 0.4783334615384615 0.5600066466346154
3 0.4787743173076923 0.5962013197115384 0.4823331754807692 0.5555233677884616 0.45400388942307696 0.5530448774038461 0.45044502884615384 0.5937228293269231 0.4787743173076923 0.5962013197115384
1 0.8731757163461539 0.6788531466346155 0.8780984038461538 0.6225865913461538 0.83430734375 0.6187553701923078 0.8293846586538461 0.6750219254807692 0.8731757163461539 0.6788531466346155
1 0.8728557716346154 0.628727108173077 0.8666176802884615 0.7000288221153846 0.95331775 0.70761409375 0.9595558413461538 0.6363123798076923 0.8728557716346154 0.628727108173077
1 0.8106007692307693 0.6453087692307692 0.8147971586538462 0.5973438389423077 0.7748974831730769 0.5938530697115385 0.7707010961538461 0.641818 0.8106007692307693 0.6453087692307692
1 0.7493457379807692 0.5877138389423077 0.7459886274038462 0.62608578125 0.7723981658653846 0.6283963173076923 0.7757552740384616 0.590024375 0.7493457379807692 0.5877138389423077
1 0.7464082668269231 0.6212892884615384 0.7493457379807692 0.5877138389423077 0.7272426658653846 0.5857800721153846 0.7243051947115385 0.6193555216346154 0.7464082668269231 0.6212892884615384
1 0.7128243437499999 0.582659704326923 0.71039528125 0.6104240192307693 0.7276730312499999 0.6119356274038462 0.73010209375 0.5841713125 0.7128243437499999 0.582659704326923
1 0.713074795673077 0.6048957764423076 0.7150035192307692 0.5828503581730768 0.6972069158653846 0.5812933557692308 0.6952781899038462 0.6033387764423077 0.713074795673077 0.6048957764423076
1 0.9460497451923077 0.24150325 0.9531755360576923 0.16005510817307694 0.8111659062500001 0.147630875 0.8040401177884615 0.22907901682692305 0.9460497451923077 0.24150325
1 0.9423940480769232 0.28328808173076925 0.9491808966346155 0.20571403365384616 0.7858983605769231 0.1914286610576923 0.7791115096153847 0.26900271153846156 0.9423940480769232 0.28328808173076925
1 0.8631313028846154 0.316785125 0.86796521875 0.26153321394230766 0.7572942139423078 0.2518507548076923 0.752460298076923 0.30710266586538465 0.8631313028846154 0.316785125