1 0.7174823052884616 0.5570691081730769 0.7114001225961538 0.5075337019230769 0.6750584567307693 0.5119958966346154 0.681140639423077 0.5615313028846154 0.7174823052884616 0.5570691081730769
1 0.7886436177884615 0.5930165216346154 0.7803723004807692 0.5256520480769231 0.7130652644230769 0.5339163124999999 0.7213365817307692 0.6012807884615385 0.7886436177884615 0.5930165216346154
1 0.9040234447115385 0.6305311826923077 0.8893314182692307 0.5108742307692308 0.7693987596153846 0.525600110576923 0.7840907860576922 0.6452570625 0.9040234447115385 0.6305311826923077
1 1 0.5516727091346154 0.8564150408653847 0.5693027259615385 0.8755530432692308 0.725169233173077 1 0.7098890673076923 1 0.5516727091346154
1 0.6523362355769231 0 0.66042978125 0.06591664182692308 0.8787899350961539 0.03910538461538461 0.8739883966346155 0 0.6523362355769231 0
1 0.76248596875 0.16458494951923075 0.7543274927884615 0.09813949759615384 0.6086506658653846 0.11602636298076924 0.616809141826923 0.18247181490384617 0.76248596875 0.16458494951923075
1 0.7011302403846155 0.23499456009615385 0.6964811490384615 0.19713076442307692 0.5875078509615385 0.21051100240384615 0.5921569423076923 0.24837479807692306 0.7011302403846155 0.23499456009615385
1 0.5564129062500001 0 0.5602438822115384 0.031200795673076924 0.6170051153846153 0.024231391826923077 0.6140298725961538 0 0.5564129062500001 0
1 0.4256027115384615 0.1338374278846154 0.42067151682692305 0.09367606971153847 0.3555356754807692 0.1016737451923077 0.36046687019230766 0.1418351033653846 0.4256027115384615 0.1338374278846154
1 0.43561285576923076 0.16749802884615386 0.43139256490384614 0.13312652403846154 0.37339064903846153 0.14024826442307692 0.37761093990384614 0.17461976923076922 0.43561285576923076 0.16749802884615386
1 0.23109223317307695 0.18094900961538463 0.23883319471153847 0.24399407211538462 0.3800642403846154 0.22665307932692308 0.37232328124999997 0.16360801923076923 0.23109223317307695 0.18094900961538463
1 0.40370906490384617 0.2645166923076923 0.39568600000000004 0.19917407211538463 0.27637368269230767 0.21382378365384616 0.28439674759615385 0.2791664038461538 0.40370906490384617 0.2645166923076923
1 0.38266915865384615 0.31710240865384615 0.3874536586538462 0.3560690336538462 0.4519174615384615 0.348153875 0.44713296153846155 0.30918724759615385 0.38266915865384615 0.31710240865384615
1 0.09713662980769232 0.8562894591346153 0.08173369951923076 0.7308426538461539 0.027867391826923073 0.7374566057692308 0.04327032211538462 0.8629034086538462 0.09713662980769232 0.8562894591346153
1 0.2770757403846154 0.77896925 0.25862607451923075 0.6287087908653847 0.07293723317307692 0.6515085144230769 0.09138689663461538 0.8017689711538462 0.2770757403846154 0.77896925
1 0.33612631009615385 0.6833750649038461 0.32360084855769233 0.5813633798076923 0.21075042067307692 0.5952196682692308 0.2232758798076923 0.6972313557692308 0.33612631009615385 0.6833750649038461
1 0.37486957451923075 0.6309478485576924 0.3662823004807692 0.561010108173077 0.3030591778846154 0.5687729302884615 0.31164645432692306 0.6387106730769231 0.37486957451923075 0.6309478485576924
1 0.4095993341346154 0.594126076923077 0.4031222043269231 0.5413740889423078 0.3605771274038462 0.54659796875 0.36705425721153845 0.5993499567307692 0.4095993341346154 0.594126076923077
1 0.4363038125 0.5692976658653847 0.4309325360576923 0.5255521129807692 0.39376374759615385 0.5301158653846154 0.39913502644230764 0.5738614182692308 0.4363038125 0.5692976658653847
1 0.4609170504807692 0.5291469350961538 0.4586714951923077 0.5108583557692308 0.41747049038461537 0.5159172019230769 0.41971604567307697 0.5342057836538461 0.4609170504807692 0.5291469350961538
1 0 0.1678104326923077 0.16093492307692306 0.14805010817307693 0.3289174783653846 0.25585160817307695 0.6400644350961537 0.4962357139423077 0.6452438822115384 0.5384189254807692 0.6984898461538461 0.5318811442307692 0.6933103990384615 0.48969793269230766 0.3315018245192308 0.2575100913461539 0.16036609855769232 0.14341739182692306 0.14842074759615384 0.04613032211538462 0 0.06435409855769231 0 0.1678104326923077
1 0.6295222956730769 0.4958509423076923 0.6333363557692308 0.5269139615384616 0.6454330120192308 0.5254286802884616 0.6416189519230768 0.4943656586538462 0.6295222956730769 0.4958509423076923
1 0.6330230024038461 0.5205155697115385 0.6299875528846154 0.49579381490384616 0.6156680048076922 0.4975520360576923 0.618703454326923 0.5222737884615385 0.6330230024038461 0.5205155697115385
1 0.6096146634615385 0.4926980168269231 0.6124469975961538 0.5157655240384615 0.6223207620192308 0.5145531778846154 0.6194884278846153 0.49148567067307697 0.6096146634615385 0.4926980168269231
1 0.6717830408653847 0.26565144951923075 0.6679689807692307 0.23458842788461537 0.5842228990384615 0.24487115384615385 0.5880369591346154 0.27593417548076926 0.6717830408653847 0.26565144951923075