1 0.8255770336538462 0.7094798389423077 0.8394556850961539 0.6107281057692308 0.7367669519230768 0.5962961442307692 0.7228883004807692 0.6950478774038462 0.8255770336538462 0.7094798389423077
1 0.9555984711538461 0.8497739927884616 0.9791676947115384 0.6820702596153846 0.8284612716346154 0.6608898533653846 0.8048920504807692 0.8285935865384615 0.9555984711538461 0.8497739927884616
1 0.8341177211538462 0.6124089711538462 0.84174646875 0.5581276105769231 0.6948567067307692 0.5374836009615385 0.6872279591346153 0.5917649615384616 0.8341177211538462 0.6124089711538462
1 0.7335737451923077 0.6508268701923078 0.7425555649038462 0.5869179038461538 0.69324846875 0.5799882427884615 0.6842666490384615 0.6438972091346155 0.7335737451923077 0.6508268701923078
1 0.6614887427884616 0.5571047019230769 0.6542594735576923 0.6085436274038462 0.6901566899038462 0.6135886514423077 0.6973859615384614 0.5621497283653846 0.6614887427884616 0.5571047019230769
1 0.6743844639423078 0.5783656081730769 0.6796163413461538 0.5411388629807692 0.6222117379807692 0.5330711730769231 0.616979860576923 0.5702979182692307 0.6743844639423078 0.5783656081730769
1 0.6310454951923077 0.5499276033653846 0.6343959591346154 0.5260878173076923 0.6079888125 0.5223765336538462 0.6046383485576923 0.5462163221153846 0.6310454951923077 0.5499276033653846
1 0.5966289783653846 0.5193774759615384 0.5941161322115385 0.5372573149038462 0.6078870456730769 0.5391926923076923 0.6103998942307692 0.5213128509615385 0.5966289783653846 0.5193774759615384
1 0.8124320240384615 0.3236174423076923 0.8175479254807693 0.28721592307692306 0.7687565913461539 0.28035874759615387 0.7654963317307693 0.30355669471153846 0.74429840625 0.30057751923076925 0.7391825048076923 0.3369790408653846 0.8016931778846155 0.34576434375 0.8049534375 0.32256639423076927 0.8124320240384615 0.3236174423076923
1 0.7258872764423077 0.31818655528846157 0.7322144975961538 0.2731660336538461 0.6436061370192309 0.2607129423076923 0.6372789158653845 0.30573346394230766 0.7258872764423077 0.31818655528846157
1 0.7309220745192307 0.08027563461538462 0.7162573533653845 0.18462054807692307 0.9069355336538462 0.2114186201923077 0.9216002548076924 0.10707370432692308 0.7309220745192307 0.08027563461538462
1 0.7611416538461538 0.03328331971153846 0.7487707115384615 0.12130714903846154 0.9178899302884616 0.14507530528846152 0.9302608725961539 0.057051475961538464 0.7611416538461538 0.03328331971153846
1 0.18032970673076923 0 0.17494369711538463 0.03832345673076923 0.40585151682692305 0.07077543509615385 0.41579835576923074 0 0.18032970673076923 0
1 0 0.7085541971153847 0.17950109134615386 0.7337814278846154 0.2034182451923077 0.5636020288461538 0 0.5350134591346154 0 0.7085541971153847
1 0.28755697115384615 0.631434983173077 0.3004820288461538 0.5394684206730769 0.19629757692307692 0.52482625 0.18337251923076922 0.6167928125 0.28755697115384615 0.631434983173077
1 0.3399542740384615 0.5856894951923077 0.34852372836538464 0.5247146538461538 0.28632251442307693 0.51597284375 0.27775306009615386 0.5769476826923077 0.3399542740384615 0.5856894951923077
1 0.37093655528846153 0.5624605168269231 0.3773797548076923 0.5166147740384616 0.34664018509615385 0.5122946081730769 0.3401969855769231 0.5581403509615385 0.37093655528846153 0.5624605168269231
1 0.3962980240384616 0.5507839206730769 0.40187783413461536 0.5110815072115384 0.37428442548076923 0.5072035072115384 0.3687046153846154 0.546905920673077 0.3962980240384616 0.5507839206730769
1 0.41151196874999996 0.5394577355769231 0.4161639591346154 0.5063571081730769 0.3966164783653846 0.5036098894230769 0.3919644903846154 0.5367105168269231 0.41151196874999996 0.5394577355769231
1 0.42597810096153843 0.5285874639423077 0.42947031490384613 0.5037390721153846 0.4120890480769231 0.5012962956730769 0.4085968341346154 0.5261446875 0.42597810096153843 0.5285874639423077
1 0.43764661778846153 0.5222796514423077 0.4407393533653846 0.5002736947115385 0.42738105288461536 0.4983963076923077 0.4242883173076923 0.5204022644230769 0.43764661778846153 0.5222796514423077
1 0.4490958533653846 0.5149124903846154 0.45172467788461534 0.4962074278846154 0.4318677403846154 0.49341671875000004 0.4292389158653846 0.5121217788461538 0.4490958533653846 0.5149124903846154
1 0.3304380408653846 0.11113565384615386 0.32063149278846154 0.180912875 0.43966996634615385 0.1976426418269231 0.44947651682692313 0.1278654206730769 0.3304380408653846 0.11113565384615386
1 0.35620479086538465 0.16693135817307692 0.3487564519230769 0.21992903846153847 0.45629337499999995 0.23504236778846155 0.4637417139423077 0.18204468750000002 0.35620479086538465 0.16693135817307692
1 0.37061047355769233 0.20476742307692308 0.36410284134615384 0.25107162259615384 0.4627686129807692 0.2649381923076923 0.46927624278846153 0.2186339951923077 0.37061047355769233 0.20476742307692308
1 0.3911787572115385 0.2339323245192308 0.3852252403846154 0.27629379326923076 0.47084216586538463 0.28832646634615383 0.4767956826923077 0.24596499759615384 0.3911787572115385 0.2339323245192308
1 0.675640889423077 0.022669509615384616 0.6697775793269231 0.06438913701923077 0.7401278725961539 0.07427622596153846 0.7459911826923077 0.03255659855769231 0.675640889423077 0.022669509615384616
1 0.7287867307692307 0.14150021153846154 0.7350237475961539 0.09712153125 0.6527592908653846 0.08556001682692307 0.6465222740384615 0.1299386971153846 0.7287867307692307 0.14150021153846154