1 0.5901504302884615 0.6055709014423077 0.5910699134615385 0.5528937403846154 0.4694738533653846 0.5507712740384615 0.4685543701923077 0.6034484350961539 0.5901504302884615 0.6055709014423077
1 0.593510264423077 0.5473799350961538 0.5924938221153846 0.6056118052884615 0.7234113798076923 0.6078969807692307 0.7244278221153846 0.549665110576923 0.593510264423077 0.5473799350961538
1 0.8783516995192309 0.6216216706730768 0.8795846802884615 0.55098428125 0.7198173509615385 0.5481955336538461 0.7185843701923077 0.6188329230769232 0.8783516995192309 0.6216216706730768
1 0.46384496153846155 0.6046627259615385 0.46485978605769235 0.5465234350961539 0.32691205048076927 0.5441155480769231 0.3258972235576923 0.6022548413461538 0.46384496153846155 0.6046627259615385
1 0.3416636658653846 0.5942880456730769 0.3423649927884615 0.5541089807692308 0.21842553846153848 0.551945610576923 0.21772421153846155 0.5921246754807693 0.3416636658653846 0.5942880456730769
1 0.2247059110576923 0.5950247427884615 0.22567387259615385 0.5395702259615385 0.1048589423076923 0.5374613942307692 0.10389098076923077 0.5929159110576923 0.2247059110576923 0.5950247427884615
1 0 0.58962078125 0.09397043509615385 0.5912610408653847 0.09478326442307691 0.5446940600961538 0 0.5430396129807693 0 0.58962078125
1 0.9972520384615385 0.6170294038461539 0.9982103052884616 0.5621303581730769 0.8990587427884615 0.5603996610576923 0.8981004759615385 0.6152987067307693 0.9972520384615385 0.6170294038461539
1 1 0.011151747596153847 0.8299877932692308 0.00818417548076923 0.8278676490384616 0.12964715384615386 1 0.13265173317307694 1 0.011151747596153847
1 0.8815561850961539 0.1604962548076923 0.8841982860576922 0.009130423076923076 0.6933940192307693 0.005799923076923077 0.6907519182692308 0.15716575480769232 0.8815561850961539 0.1604962548076923
1 0.7386275096153846 0.1479999014423077 0.7411241730769231 0.004966134615384615 0.5971356899038461 0.002452807692307692 0.5946390264423077 0.14548657451923078 0.7386275096153846 0.1479999014423077
1 0.61134303125 0.15244582451923078 0.6138396947115384 0.009412057692307692 0.47354856490384617 0.006963266826923077 0.4710519014423077 0.14999703365384615 0.61134303125 0.15244582451923078
1 0.4811071442307692 0.16184099278846154 0.4838365072115384 0.005475923076923077 0.33516123557692307 0.0028807884615384615 0.33243187500000004 0.15924585576923075 0.4811071442307692 0.16184099278846154
1 0.20949578846153846 0.01902341346153846 0.20691347836538462 0.16696384134615386 0.36402496153846153 0.16970623317307693 0.3666072716346154 0.02176580528846154 0.20949578846153846 0.01902341346153846
1 0.2752134158653846 0.16648910096153846 0.2779120745192308 0.011883021634615383 0.09273194951923076 0.008650692307692307 0.09003329086538461 0.16325677163461538 0.2752134158653846 0.16648910096153846
1 0.009507790865384615 0.03748039663461538 0.007138788461538462 0.1732004639423077 0.1687808341346154 0.17602193509615385 0.17114983653846153 0.040301870192307694 0.009507790865384615 0.03748039663461538