1 0.979768766826923 0.67641934375 0.9485679639423077 0.5159051225961538 0.7863438461538461 0.547438298076923 0.8175446514423077 0.7079525192307692 0.979768766826923 0.67641934375
1 1 0.5858958725961538 0.9642146466346154 0.5928518413461539 0.9923943076923076 0.7378236322115386 1 0.7363452355769231 1 0.5858958725961538
1 0.8101285504807693 0.6010139278846154 0.7924963870192308 0.5103043028846154 0.7134549471153846 0.5256684014423076 0.731087110576923 0.6163780264423077 0.8101285504807693 0.6010139278846154
1 0.6718574399038462 0.5161152475961539 0.6850727283653846 0.5841020192307692 0.7309842524038461 0.5751777235576923 0.7177689615384615 0.507190951923077 0.6718574399038462 0.5161152475961539
1 0.6460797259615384 0.5093352259615385 0.6551254855769231 0.555871625 0.6812510817307692 0.5507933245192308 0.6722053221153845 0.504256923076923 0.6460797259615384 0.5093352259615385
1 0.6594218293269231 0.5373032836538462 0.6506234158653845 0.4920393629807692 0.6206633341346154 0.49786301442307695 0.62946175 0.5431269326923077 0.6594218293269231 0.5373032836538462
1 0.6355035889423076 0.5201633028846154 0.6300266634615385 0.4919869663461538 0.6008846057692308 0.4976516081730769 0.60636153125 0.5258279447115385 0.6355035889423076 0.5201633028846154
1 0.5907165504807692 0.49283663461538463 0.5959461298076923 0.5197404879807692 0.60591578125 0.5178025841346154 0.6006862019230769 0.4908987307692308 0.5907165504807692 0.49283663461538463
1 0.5965349471153846 0.5107594254807692 0.5918177259615385 0.4864914206730769 0.5829217307692308 0.4882206274038462 0.5876389519230769 0.5124886322115384 0.5965349471153846 0.5107594254807692
1 0.5753253125 0.4903575 0.5788941466346154 0.5087175649038461 0.5885059134615385 0.5068492259615385 0.584937076923077 0.4884891610576923 0.5753253125 0.4903575
1 0.70534521875 0.18314491346153844 0.690645860576923 0.10752326201923078 0.5567457764423077 0.13355080288461538 0.5714451370192308 0.20917245432692308 0.70534521875 0.18314491346153844
1 0.5783262427884616 0 0.5922548918269231 0.07165669471153846 0.7841834567307693 0.03434956009615385 0.7775065793269231 0 0.5783262427884616 0
1 0.7417882139423077 0.11540973798076924 0.7256047860576923 0.03215320913461538 0.5612844855769231 0.06409384134615384 0.5774679158653846 0.14735036778846153 0.7417882139423077 0.11540973798076924
1 0.6729462163461538 0.24056712740384614 0.6641301346153846 0.19521231490384613 0.5456191009615384 0.2182485264423077 0.5544351850961539 0.2636033389423077 0.6729462163461538 0.24056712740384614
1 0.3168801274038462 0.3039311754807692 0.3229400793269231 0.33510692548076926 0.3978402788461538 0.3205478028846154 0.3917803269230769 0.2893720528846154 0.3168801274038462 0.3039311754807692
1 0.3265600528846154 0.32261257451923075 0.3315246201923077 0.3481530576923077 0.40432863461538465 0.33400138942307694 0.39936406730769225 0.30846090625 0.3265600528846154 0.32261257451923075
1 0.23059338701923077 0.05300750961538462 0.24161790865384616 0.10972374759615386 0.3462736802884615 0.08938072596153845 0.33524915865384614 0.03266448798076923 0.23059338701923077 0.05300750961538462
1 0.2463509326923077 0.10295555048076924 0.25405396394230767 0.14258420192307691 0.3614194375 0.12171446875 0.35371640625 0.08208581490384616 0.2463509326923077 0.10295555048076924
1 0.03305701923076923 0.09640394711538461 0.05473504086538462 0.2079277019230769 0.26287068028846156 0.16747023317307694 0.24119265865384615 0.05594647596153846 0.03305701923076923 0.09640394711538461
1 0 0.22875428365384615 0.15705541105769233 0.19822580528846154 0.1321442355769231 0.07006892307692308 0 0.09575516105769231 0 0.22875428365384615
1 0 0.2549848677884615 0.0043446947115384615 0.2773363846153846 0.18292926682692306 0.24262306009615384 0.16815923798076923 0.16663784615384614 0 0.19932468990384616 0 0.2549848677884615
1 0.06196683653846154 0.2331218076923077 0.07717855528846154 0.3113793076923077 0.2250872764423077 0.28262876442307694 0.20987556009615385 0.2043712644230769 0.06196683653846154 0.2331218076923077
1 0.1324698269230769 0.2759184591346154 0.1421692860576923 0.32581784375 0.2703432115384615 0.3009033557692308 0.2606437548076923 0.25100397355769233 0.1324698269230769 0.2759184591346154
1 0.07631595192307693 0.35880411778846155 0.08476101682692307 0.40225020913461534 0.12780946153846154 0.3938824399038462 0.11936439663461539 0.35043634615384617 0.07631595192307693 0.35880411778846155
1 0.1169830216346154 0.3695757115384615 0.12359066586538461 0.40356909855769235 0.16132196153846154 0.39623487740384616 0.1547143173076923 0.36224149278846157 0.1169830216346154 0.3695757115384615
1 0.18763423798076923 0.40385424759615385 0.18286401201923075 0.37931356971153846 0.14937620913461538 0.3858229375 0.15414643269230768 0.41036361778846153 0.18763423798076923 0.40385424759615385
1 0.09773535817307691 0.886354125 0.07457326682692308 0.7671954927884616 0.04517557692307693 0.7729098245192307 0.06833767067307692 0.8920684567307693 0.09773535817307691 0.886354125
1 0.2712198221153846 0.7825482259615384 0.24422388221153846 0.64366615625 0.07417742548076924 0.6767198389423077 0.1011733653846154 0.8156019110576923 0.2712198221153846 0.7825482259615384
1 0.32901850480769235 0.6903819182692307 0.3116690216346154 0.6011265576923077 0.2053772019230769 0.6217875961538462 0.2227266875 0.711042954326923 0.32901850480769235 0.6903819182692307
1 0.36145049278846153 0.6404993413461538 0.348305875 0.5728761370192308 0.23613451682692307 0.5946800408653846 0.24927913701923077 0.6623032451923077 0.36145049278846153 0.6404993413461538
1 0.4039521995192308 0.5831885264423077 0.39732688701923075 0.5491042475961538 0.2732942043269231 0.5732137596153846 0.27991951682692306 0.6072980360576923 0.4039521995192308 0.5831885264423077
1 0.4188454663461538 0.5749170072115384 0.41213181730769227 0.5403782716346154 0.39163012500000005 0.5443633966346154 0.39834377644230773 0.5789021322115384 0.4188454663461538 0.5749170072115384
1 0.4287025528846154 0.5560223725961538 0.4239146610576923 0.5313908004807693 0.4074519567307692 0.5345908269230769 0.41223984855769236 0.5592223990384615 0.4287025528846154 0.5560223725961538
1 0.4362791153846154 0.5483241466346154 0.4321449206730769 0.5270555576923077 0.4199768341346154 0.5294207932692307 0.42411103125000005 0.5506893846153846 0.4362791153846154 0.5483241466346154
1 0.44746126442307693 0.5362463653846153 0.4440691033653846 0.51879521875 0.42868005528846154 0.5217865456730769 0.4320722139423077 0.5392376947115385 0.44746126442307693 0.5362463653846153
1 0.4519386586538462 0.5295278605769231 0.4489881875 0.5143489951923077 0.44234175240384616 0.5156409302884616 0.4452922235576923 0.530819798076923 0.4519386586538462 0.5295278605769231
1 0.4554727932692308 0.5272373581730769 0.45266366105769235 0.5127856274038461 0.4460172259615385 0.5140775625 0.448826358173077 0.5285292956730769 0.4554727932692308 0.5272373581730769
1 0.35515675480769227 0.3376169230769231 0.36001531730769226 0.3626120600961539 0.41446494951923074 0.35202812259615385 0.40960638701923074 0.32703298798076924 0.35515675480769227 0.3376169230769231