1 0.938142514423077 0.30008248798076925 0.95595753125 0.19904850961538462 0.8055178870192308 0.1725219423076923 0.7877028701923077 0.27355592067307694 0.938142514423077 0.30008248798076925
1 0.7539633221153846 0.2717436514423077 0.7703151923076923 0.1790075889423077 0.6482400649038461 0.15748244951923077 0.6318881947115386 0.2502185120192308 0.7539633221153846 0.2717436514423077
1 1 0.22674683413461538 0.9780410408653846 0.22287487740384615 0.9638758509615385 0.30320965865384614 1 0.30957931971153846 1 0.22674683413461538
1 0.9293330192307692 0.6499795721153846 0.9402985817307693 0.5877907860576923 0.8223781129807691 0.5669982259615385 0.8114125504807692 0.6291870120192308 0.9293330192307692 0.6499795721153846
1 0.7822090240384616 0.6223452620192307 0.7911647668269232 0.5715547139423077 0.6954024735576922 0.5546692379807692 0.6864467283653847 0.6054597860576924 0.7822090240384616 0.6223452620192307
1 0.6903778798076924 0.604460576923077 0.697597141826923 0.5635181057692308 0.6009115865384616 0.5464698341346154 0.5936923245192308 0.5874123052884616 0.6903778798076924 0.604460576923077
1 0.5793196562499999 0.59333990625 0.5905746298076923 0.5295097740384616 0.5067633870192307 0.5147315889423077 0.49550841346153846 0.5785617211538462 0.5793196562499999 0.59333990625
1 0.5057923317307692 0.5685284086538461 0.5144425817307693 0.5194703942307692 0.4196035456730769 0.5027477115384615 0.41095329326923075 0.5518057283653847 0.5057923317307692 0.5685284086538461
1 0.42694180528846154 0.5580096899038461 0.43732853846153846 0.49910359615384614 0.33228237980769226 0.480581125 0.3218956442307693 0.5394872187499999 0.42694180528846154 0.5580096899038461
1 0.5037435985576922 0.23552092788461537 0.5219284206730769 0.13238966826923076 0.39477537980769234 0.10996915865384614 0.3765905576923077 0.2131004158653846 0.5037435985576922 0.23552092788461537
1 0.38155127403846156 0.21735987740384616 0.3985945216346154 0.1207028221153846 0.2963694230769231 0.10267777884615385 0.2793261778846154 0.1993348341346154 0.38155127403846156 0.21735987740384616
1 0.20673294711538462 0.09364195913461539 0.19026852884615383 0.18701632451923075 0.29716120192307693 0.20586438701923077 0.31362562259615384 0.11249002163461538 0.20673294711538462 0.09364195913461539
1 0.3147259278846154 0.5534544014423077 0.3239710841346154 0.5010225072115385 0.2327224903846154 0.48493291826923074 0.2234773341346154 0.5373648125 0.3147259278846154 0.5534544014423077
1 0.2319110144230769 0.5219281225961538 0.23941968990384616 0.4793443028846154 0.14545261778846152 0.46277537259615387 0.13794393990384615 0.5053591923076923 0.2319110144230769 0.5219281225961538
1 0.21382992788461538 0.19286321153846153 0.23187004326923077 0.09055262980769231 0.11825810576923076 0.07051978125 0.10021799038461537 0.17283036057692308 0.21382992788461538 0.19286321153846153
1 0.07642994951923077 0.05609277403846154 0.05814865625 0.15977114423076924 0.15488549999999998 0.17682845913461537 0.17316679326923076 0.07315008894230769 0.07642994951923077 0.05609277403846154
1 0.12077730528846153 0.49593882211538465 0.12775538942307693 0.4563641418269231 0.07405259134615384 0.4468948894230769 0.06707450721153846 0.4864695697115385 0.12077730528846153 0.49593882211538465