1 0.7270621490384616 0.13356068990384615 0.7048228822115384 0.05056262019230769 0.5459482091346154 0.09313295913461538 0.5681874735576924 0.17613103125000001 0.7270621490384616 0.13356068990384615
1 0.6791403389423076 0.18311526201923078 0.663371548076923 0.12426533413461538 0.5448443990384615 0.1560245889423077 0.5606131899038462 0.21487451682692307 0.6791403389423076 0.18311526201923078
1 0.6829303533653845 0.2111449783653846 0.6715231442307693 0.16857269230769228 0.5412237740384616 0.2034863028846154 0.5526309831730769 0.24605858894230767 0.6829303533653845 0.2111449783653846
1 0.6374632812500001 0.2507434903846154 0.625840389423077 0.2073662644230769 0.54177465625 0.2298916081730769 0.5533975504807692 0.2732688341346154 0.6374632812500001 0.2507434903846154
1 0.6395482139423077 0.2585245576923077 0.6316638173076924 0.22909959615384615 0.5392971610576923 0.25384916586538464 0.5471815552884615 0.2832741298076923 0.6395482139423077 0.2585245576923077
1 0.22661099519230768 0.23976123076923078 0.2435540576923077 0.3029935985576923 0.34920219471153846 0.27468526442307695 0.33225913221153847 0.2114528966346154 0.22661099519230768 0.23976123076923078
1 0.09839414423076923 0.14279013221153847 0.12604943990384615 0.24600109375 0.3075126923076923 0.1973781610576923 0.2798573990384615 0.09416719951923078 0.09839414423076923 0.14279013221153847
1 0.27641152403846153 0.2795230528846154 0.28808234615384615 0.3230791538461538 0.3703872764423077 0.30102561298076924 0.35871645432692306 0.25746951201923074 0.27641152403846153 0.2795230528846154
1 0.29293948798076924 0.3073988485576923 0.30173454326923077 0.34022243990384615 0.3840394735576923 0.3181688990384615 0.3752444182692308 0.2853453100961538 0.29293948798076924 0.3073988485576923
1 0.31598512500000003 0.3231754783653846 0.32303075480769233 0.34947012499999996 0.3950727211538462 0.33016653846153843 0.3880270913461539 0.3038718918269231 0.31598512500000003 0.3231754783653846
1 0.3028641778846154 0.8569826899038462 0.2577385985576923 0.6885717355769232 0.07828769230769231 0.7366554615384615 0.12341327163461538 0.9050664158653846 0.3028641778846154 0.8569826899038462
1 0.34709854326923073 0.7184046562499999 0.32260659375 0.6269994543269231 0.24040228125000002 0.6490260312499999 0.2648942331730769 0.740431235576923 0.34709854326923073 0.7184046562499999
1 0.3843008533653846 0.6558097884615385 0.36613559134615387 0.5880161057692308 0.2960556610576923 0.6067939663461538 0.31422092307692306 0.6745876490384616 0.3843008533653846 0.6558097884615385
1 0.4056743293269231 0.6162445889423077 0.39256562259615385 0.567322233173077 0.3539788966346154 0.577661516826923 0.3670876033653846 0.6265838701923077 0.4056743293269231 0.6162445889423077
1 0.41994087259615387 0.5897991778846154 0.4093724278846154 0.5503572067307693 0.3871863197115385 0.5563019567307692 0.3977547644230769 0.5957439278846154 0.41994087259615387 0.5897991778846154
1 0.4317406081730769 0.5722586129807692 0.42225057451923076 0.5368413341346154 0.39925952884615384 0.543001766826923 0.4087495600961538 0.5784190456730769 0.4317406081730769 0.5722586129807692
1 0.4395134423076923 0.5580018076923077 0.4321802355769231 0.5306339086538462 0.41608147355769226 0.5349475576923077 0.4234146802884616 0.5623154567307692 0.4395134423076923 0.5580018076923077
1 0.44479057211538464 0.5509321274038462 0.4391828269230769 0.530003735576923 0.4262031995192308 0.5334816153846154 0.43181094471153847 0.5544100096153847 0.44479057211538464 0.5509321274038462
1 0.4521133557692308 0.5406302692307693 0.44676922115384615 0.5206856923076922 0.4327834206730769 0.5244331754807692 0.43812755528846153 0.5443777524038461 0.4521133557692308 0.5406302692307693
1 0.9043197283653845 0.5729320456730769 0.878030423076923 0.4748190240384615 0.7688606850961539 0.50407096875 0.7951499879807693 0.6021839903846155 0.9043197283653845 0.5729320456730769
1 1 0.4863283317307693 0.8909395841346155 0.5155509807692308 0.9270064975961538 0.6501545336538462 1 0.6305959831730769 1 0.4863283317307693
1 0.7847524975961538 0.544866454326923 0.7675458245192307 0.48065027403846156 0.7131621875 0.4952223269230769 0.7303688605769231 0.5594385048076923 0.7847524975961538 0.544866454326923
1 0.7287397379807692 0.5310214975961538 0.7151757019230769 0.48039982932692304 0.6749287932692307 0.49118395673076926 0.6884928293269231 0.5418056250000001 0.7287397379807692 0.5310214975961538
1 0.686195764423077 0.5187439711538462 0.6752438846153846 0.4778709975961538 0.6483287620192308 0.4850828846153846 0.659280641826923 0.5259558557692308 0.686195764423077 0.5187439711538462
1 0.6739982764423077 0.5076334423076923 0.6654908004807693 0.4758831009615384 0.6316833966346154 0.4849417692307692 0.6401908725961539 0.5166921081730769 0.6739982764423077 0.5076334423076923
1 0.6166958341346154 0.48454816586538463 0.62390921875 0.511468875 0.6394545865384615 0.5073035072115385 0.6322412043269231 0.48038279567307696 0.6166958341346154 0.48454816586538463
1 0.6226506370192308 0.5017409254807692 0.616755314903846 0.47973928365384616 0.6070960576923077 0.4823274735576923 0.6129913798076922 0.5043291153846154 0.6226506370192308 0.5017409254807692
1 0.5970842908653846 0.4809840432692308 0.6027878966346154 0.5022701850961538 0.6124471538461539 0.49968199519230766 0.6067435504807692 0.4783958533653846 0.5970842908653846 0.4809840432692308
1 0.6033457043269231 0.49771121153846154 0.5977379567307692 0.47678281971153846 0.5872234519230769 0.4796001730769231 0.5928311995192308 0.5005285649038462 0.6033457043269231 0.49771121153846154
2 0.5177984471153846 0.42515806009615387 0.5332556971153847 0.48284529567307694 0.55005878125 0.47834292307692305 0.5346015336538461 0.4206556875 0.5177984471153846 0.42515806009615387
1 0.6156988894230769 0.2854287716346154 0.6076227764423077 0.2552883076923077 0.5337696995192307 0.27507718028846156 0.5418458125 0.30521764423076925 0.6156988894230769 0.2854287716346154
1 0.47532252884615384 0 0.4821519735576923 0.025487834134615382 0.5286874639423077 0.013018687499999999 0.5251991177884615 0 0.47532252884615384 0