1 1 0.5496029302884615 0.9991151754807692 0.5327194663461539 0.8673688918269231 0.5396239975961539 0.8718077572115385 0.6243225769230769 1 0.6176043052884614 1 0.5496029302884615
1 1 0.5875631346153847 0.8889619807692307 0.5933823918269231 0.8954022115384616 0.7162693028846154 1 0.7107875649038462 1 0.5875631346153847
1 0.9243663774038461 0.6797960432692308 0.9182750528846154 0.5635666610576924 0.7323843245192307 0.57330878125 0.7384756490384615 0.6895381634615384 0.9243663774038461 0.6797960432692308
1 0.7338278004807692 0.6376732956730768 0.7307409495192307 0.5787726466346154 0.6461695096153846 0.5832048485576923 0.6492563629807692 0.6421054975961538 0.7338278004807692 0.6376732956730768
1 0.652715625 0.625512826923077 0.6504041201923076 0.5814066875 0.5986002139423077 0.5841216153846154 0.60091171875 0.6282277548076922 0.652715625 0.625512826923077
1 0.6112042596153846 0.6156347884615384 0.6090720528846154 0.5749498822115384 0.5737559350961539 0.5768007211538462 0.5758881394230769 0.6174856274038463 0.6112042596153846 0.6156347884615384
1 0.576998483173077 0.6167784014423077 0.5749341201923077 0.5773880120192307 0.5482519879807692 0.5787863653846154 0.5503163509615384 0.6181767524038461 0.576998483173077 0.6167784014423077
1 0.5559772403846154 0.6037866875 0.5546833798076923 0.5790983461538461 0.5325262860576923 0.5802595504807692 0.5338201466346153 0.6049478918269231 0.5559772403846154 0.6037866875
1 0.5370452163461539 0.6087658173076923 0.5354751370192308 0.5788069326923077 0.5200795985576924 0.5796137788461538 0.5216496754807692 0.6095726634615384 0.5370452163461539 0.6087658173076923
1 0.5217895552884616 0.6042803149038461 0.5201855552884616 0.5736741682692308 0.506350375 0.5743992379807692 0.507954375 0.6050053846153847 0.5217895552884616 0.6042803149038461
1 0.49883287259615383 0.5752568125 0.5001461177884615 0.600315016826923 0.5092482067307692 0.5998379951923076 0.5079349615384615 0.5747797932692308 0.49883287259615383 0.5752568125
1 0.5702280625 0.4647020985576923 0.5687209807692308 0.4359452668269231 0.4943438846153846 0.4398432043269231 0.49585096634615383 0.4686000360576923 0.5702280625 0.4647020985576923
1 0.5454681274038461 0.48287469230769225 0.5438398966346154 0.4518062139423077 0.48439023317307695 0.4549218389423077 0.48601846153846157 0.4859903173076923 0.5454681274038461 0.48287469230769225
1 0.5410043509615384 0.3598841947115385 0.5391968221153847 0.3253944903846154 0.4809954447115385 0.3284446971153846 0.4828029735576923 0.3629344014423077 0.5410043509615384 0.3598841947115385
1 0.588939576923077 0.263447 0.5870448221153846 0.22729291105769228 0.5607787860576923 0.22866945673076922 0.5626735408653846 0.2648235456730769 0.588939576923077 0.263447
1 0.5787724206730769 0.3152538125 0.5769939663461539 0.2813189014423077 0.5460468533653846 0.2829407716346154 0.5478253076923078 0.3168756802884615 0.5787724206730769 0.3152538125
1 0.5666093822115384 0.32201074759615383 0.5652670625 0.29639775 0.5333317211538462 0.2980714110576923 0.5346740408653846 0.32368440625 0.5666093822115384 0.32201074759615383
1 0.5329304615384616 0.2725018100961539 0.5307740264423078 0.23135457692307693 0.46851571634615385 0.2346173966346154 0.4706721514423077 0.2757646298076923 0.5329304615384616 0.2725018100961539
1 0.5133571129807692 0.21548509855769232 0.5113751298076923 0.1776666298076923 0.4606634735576923 0.18032431490384615 0.46264545673076923 0.21814278365384615 0.5133571129807692 0.21548509855769232
1 0.9037599519230769 0.3413365793269231 0.8949936802884615 0.17406613221153847 0.6317611754807693 0.1878615625 0.6405274495192308 0.3551320096153846 0.9037599519230769 0.3413365793269231
1 0.9777195336538462 0.20208981490384614 0.9671893461538462 0.0011618533653846154 0.6822678557692308 0.01609395673076923 0.6927980456730769 0.21702191826923078 0.9777195336538462 0.20208981490384614
1 0.7110379254807693 0.38592842788461534 0.7069043533653846 0.3070551875 0.657857079326923 0.3096256466346154 0.6619906514423076 0.3884988846153846 0.7110379254807693 0.38592842788461534
1 0.7760001610576922 0.32976641346153845 0.7727388557692307 0.26753699759615385 0.7120409038461539 0.27071804326923077 0.7153022091346154 0.33294745913461543 0.7760001610576922 0.32976641346153845
1 0.6654021225961538 0.3938832764423077 0.6626447932692308 0.34127029567307693 0.6244680192307693 0.3432710552884615 0.6272253485576923 0.39588403846153847 0.6654021225961538 0.3938832764423077
1 0.7250050096153846 0.4892279038461539 0.7223252139423076 0.43809437259615386 0.6663083389423077 0.44103009374999996 0.6689881346153845 0.492163625 0.7250050096153846 0.4892279038461539
1 0 0.16895503125 0.049265353365384616 0.16637314423076924 0.042059466346153845 0.028876653846153847 0 0.031080896634615385 0 0.16895503125
1 0 0.28290749519230773 0.15274340625 0.27490255288461535 0.14391898317307691 0.10652251923076922 0 0.11406499519230769 0 0.28290749519230773
1 0.0031705120192307692 0.19641933413461538 0.010570235576923076 0.33761445192307693 0.20088197596153845 0.3276406370192308 0.19348225480769232 0.18644551682692306 0.0031705120192307692 0.19641933413461538
1 0.06659515384615385 0.30000115865384613 0.07087894711538462 0.3817408341346154 0.23466459374999998 0.37315719230769234 0.23038079807692308 0.2914175168269231 0.06659515384615385 0.30000115865384613
1 0.10985072596153846 0.3391799182692308 0.11322833413461539 0.4036285096153846 0.2618785 0.39583808653846153 0.2585008918269231 0.3313894927884615 0.10985072596153846 0.3391799182692308
1 0.18435288942307693 0.38543676201923077 0.18656747596153847 0.42769358653846157 0.27904473076923075 0.42284706009615386 0.27683014423076924 0.38059023557692306 0.18435288942307693 0.38543676201923077
1 0.2709667067307692 0.40305752403846157 0.2727257764423077 0.4366225721153846 0.29701536057692307 0.4353496081730769 0.29525629086538463 0.4017845600961539 0.2709667067307692 0.40305752403846157
1 0.2423910985576923 0.3543937716346154 0.24440700240384614 0.39285950240384615 0.3033365456730769 0.3897711346153846 0.3013206418269231 0.35130540384615383 0.2423910985576923 0.3543937716346154
1 0.2923839807692308 0.3778279807692308 0.29404613221153847 0.40954371394230765 0.31620322355769226 0.40838251201923076 0.3145410721153846 0.37666677644230767 0.2923839807692308 0.3778279807692308
1 0.32581337740384614 0.4673585264423077 0.32423026682692313 0.4631985600961538 0.3255492740384615 0.46231914663461543 0.32330666105769235 0.4585988894230769 0.32528517067307694 0.4572797668269231 0.32396465625 0.43208286298076926 0.3187114495192308 0.43235817307692304 0.3177650240384615 0.4310008509615385 0.3085289591346154 0.3850041225961538 0.3210102524038462 0.36575769951923076 0.31864059615384616 0.3205419735576923 0.30246487740384614 0.3213897067307692 0.30483453365384616 0.36660543269230766 0.3076053533653846 0.3804044519230769 0.3108316394230769 0.43277113701923076 0.28719220673076923 0.4340100264423077 0.28930502884615383 0.4743250697115385 0.32607747836538464 0.4723979086538461 0.32515387500000004 0.46779823557692307 0.32581337740384614 0.4673585264423077
1 0.28302723076923075 0.28188989903846157 0.2852951201923077 0.32516384375 0.30583984375 0.3240871418269231 0.30357195192307695 0.2808131971153846 0.28302723076923075 0.28188989903846157
1 0.2229085144230769 0.2831861923076923 0.22557861778846153 0.3341347932692308 0.29584676923076925 0.3304521947115384 0.2931766658653846 0.2795035961538461 0.2229085144230769 0.2831861923076923
1 0.1792991923076923 0.2372574375 0.18277371634615386 0.30355534134615386 0.2914266899038461 0.2978610793269231 0.28795216346153846 0.2315631778846154 0.1792991923076923 0.2372574375
1 0.16023367067307692 0.1630609735576923 0.16496813461538462 0.25339996153846156 0.26015001442307695 0.24841168990384616 0.25541554807692307 0.15807270192307693 0.16023367067307692 0.1630609735576923
1 0.04888986057692308 0.056705463942307695 0.05527193990384616 0.17848278846153848 0.24365923798076924 0.1686098293269231 0.23727715865384613 0.046832504807692306 0.04888986057692308 0.056705463942307695
1 0.028691100961538464 0.028557341346153845 0.03210262980769231 0.0936531923076923 0.20332598557692305 0.08467975721153846 0.1999144567307692 0.01958390625 0.028691100961538464 0.028557341346153845
1 0.21559078846153845 0.07986460336538462 0.21914285096153846 0.1476419591346154 0.2572676129807692 0.14564392548076924 0.2537155528846154 0.0778665673076923 0.21559078846153845 0.07986460336538462
1 0.21697181971153848 0.04650586778846154 0.22052388221153846 0.1142832235576923 0.2781011153846154 0.11126572836538462 0.2745490552884615 0.04348837259615385 0.21697181971153848 0.04650586778846154
1 0.24604493990384618 0.09968681009615385 0.24891857211538462 0.15451896875 0.30025437019230766 0.1518285721153846 0.29738074038461537 0.09699641586538463 0.24604493990384618 0.09968681009615385
1 0.2541045889423077 0.16092299759615386 0.25732712740384617 0.2224126875 0.3006010745192308 0.22014479567307693 0.29737853605769227 0.15865510576923075 0.2541045889423077 0.16092299759615386
1 0.2997284951923077 0.21444190384615383 0.302248375 0.26252406730769234 0.31956835576923076 0.2616163653846154 0.31704847596153846 0.21353420192307693 0.2997284951923077 0.21444190384615383
1 0.27377453125 0.21580209374999998 0.27669662259615385 0.2715589110576923 0.29942584615384615 0.27036772115384616 0.2965037548076923 0.21461090625 0.27377453125 0.21580209374999998
1 0.2972077331730769 0.2588940096153846 0.2996743076923077 0.3059590504807692 0.31855464663461536 0.3049695745192308 0.3160880721153846 0.25790453365384614 0.2972077331730769 0.2588940096153846
1 0.30577135817307693 0.3297466298076923 0.30829123798076924 0.3778287932692308 0.3401745673076923 0.3761578605769231 0.3376546875 0.32807569471153847 0.30577135817307693 0.3297466298076923
1 0.15973190384615382 0.7854216370192308 0.15385864663461538 0.6733532139423077 0.03631162980769231 0.6795135913461539 0.04218488701923077 0.7915820168269231 0.15973190384615382 0.7854216370192308
1 0.04094923557692308 0.8277147235576923 0.03674297355769231 0.7474544975961539 0.01260942548076923 0.7487192836538461 0.016815685096153846 0.8289795096153847 0.04094923557692308 0.8277147235576923
1 0.19826302884615382 0.7384332716346154 0.19331049759615387 0.643933329326923 0.12980389903846154 0.6472615697115385 0.1347564326923077 0.7417615120192308 0.19826302884615382 0.7384332716346154
1 0.22852783413461536 0.7208066586538462 0.22403566586538462 0.6350909591346153 0.17446827163461537 0.6376886754807691 0.17896044230769229 0.723404375 0.22852783413461536 0.7208066586538462
1 0.2644506177884615 0.682763358173077 0.26214395913461536 0.6387496850961539 0.21304467067307692 0.6413228701923077 0.21535132932692308 0.6853365432692308 0.2644506177884615 0.682763358173077
1 0.2935469158653846 0.6498065192307692 0.2919041466346154 0.6184606490384615 0.26938297115384613 0.6196409326923077 0.27102573798076923 0.6509868052884615 0.2935469158653846 0.6498065192307692
1 0.2545023774038462 0.6163411274038462 0.2570561778846154 0.6650705504807692 0.27697675721153847 0.6640265576923077 0.2744229567307692 0.6152971346153846 0.2545023774038462 0.6163411274038462
1 0.30845366826923076 0.6476344951923078 0.3066703701923077 0.6136071201923077 0.2890383173076923 0.6145311754807692 0.2908216153846154 0.6485585504807693 0.30845366826923076 0.6476344951923078
1 0.2948936826923077 0.5968857331730769 0.2967787451923077 0.6328548870192308 0.31368263221153847 0.6319689927884615 0.3117975673076923 0.5959998389423077 0.2948936826923077 0.5968857331730769
1 0.3246258197115385 0.6327862788461539 0.3235064110576923 0.611426704326923 0.3081108725961539 0.6122335480769231 0.30923028124999996 0.6335931250000001 0.3246258197115385 0.6327862788461539
1 0.3396572740384615 0.631998514423077 0.33804842788461537 0.6012999038461538 0.3162554206730769 0.6024420264423077 0.3178642668269231 0.6331406370192307 0.3396572740384615 0.631998514423077