1 0.9487729230769231 0.7935547139423077 0.9701256850961539 0.6416219182692308 0.755928639423077 0.6115184879807692 0.7345758774038462 0.7634512836538462 0.9487729230769231 0.7935547139423077
1 0.9551339134615385 0.8452205793269231 0.9767959495192307 0.6910871875000001 0.8473906057692309 0.672900454326923 0.8257285697115384 0.8270338461538462 0.9551339134615385 0.8452205793269231
1 0.7560497716346154 0.6731536947115385 0.7662686850961538 0.60044234375 0.6975688389423078 0.5907872091346154 0.6873499254807692 0.6634985600961538 0.7560497716346154 0.6731536947115385
1 0.6995829447115385 0.6228611418269231 0.7068379879807692 0.5712388341346154 0.6639779471153846 0.5652152500000001 0.65672290625 0.6168375576923076 0.6995829447115385 0.6228611418269231
1 0.6401483557692308 0.5465318004807692 0.6338984519230769 0.5910021706730769 0.6611824014423077 0.5948366802884615 0.6674323052884615 0.5503663100961538 0.6401483557692308 0.5465318004807692
1 0.6452045769230769 0.5681869783653846 0.6497019302884616 0.5361866490384615 0.6134436778846154 0.5310908822115384 0.6089463245192308 0.5630912115384615 0.6452045769230769 0.5681869783653846
1 0.6037211923076924 0.5257973677884615 0.6000743413461538 0.5517460600961539 0.612504266826923 0.5534929735576923 0.6161511177884615 0.52754428125 0.6037211923076924 0.5257973677884615
1 0.6032458774038462 0.5471426538461539 0.6065834543269231 0.5233945576923077 0.5945145625 0.5216983870192308 0.5911769855769231 0.5454464807692307 0.6032458774038462 0.5471426538461539
1 0.9049351802884615 0.18972540384615386 0.9196643317307692 0.08492203125 0.7338343413461538 0.058805329326923075 0.7191051875000001 0.16360869951923077 0.9049351802884615 0.18972540384615386
1 0.8973450913461539 0.2437316875 0.9077186418269231 0.1699200408653846 0.7057967932692308 0.1415417764423077 0.6954232427884615 0.21535342307692307 0.8973450913461539 0.2437316875
1 0.7824099543269232 0.2640446033653846 0.7912242500000001 0.20132762740384613 0.6777560360576923 0.18538070913461538 0.6689417403846154 0.24809768509615385 0.7824099543269232 0.2640446033653846
1 0.8729031274038461 0.30425234134615387 0.8799262139423077 0.25428047836538464 0.785231829326923 0.24097205048076922 0.7782087427884616 0.2909439134615385 0.8729031274038461 0.30425234134615387
1 0.7198766730769232 0.13753641105769232 0.7249925721153846 0.10113488942307693 0.6487109855769231 0.09041421153846155 0.6435950841346153 0.12681573317307693 0.7198766730769232 0.13753641105769232
1 0.6612254375 0.02270060576923077 0.6517410480769231 0.0901855408653846 0.7131686153846153 0.09881862259615384 0.7226530048076923 0.0313336875 0.6612254375 0.02270060576923077
1 0.22829651682692306 0 0.22060258413461536 0.05474517067307692 0.4178825504807693 0.08247106009615385 0.4294731033653846 0 0.22829651682692306 0
1 0.21972350240384617 0 0.20530139903846154 0.10261859375 0.413464 0.13187393990384616 0.43028074759615387 0.012216545673076923 0.34335550480769234 0 0.21972350240384617 0
1 0.2992713966346154 0.08777444951923076 0.28815043509615385 0.16690420432692307 0.4301920120192308 0.18686684615384616 0.4413129735576923 0.1077370889423077 0.2992713966346154 0.08777444951923076
1 0.47928749278846156 0.12943700721153847 0.4749576634615385 0.1602453485576923 0.5069866466346153 0.16474672836538462 0.5113164759615384 0.13393838701923078 0.47928749278846156 0.12943700721153847
1 0.35655469951923074 0.18839262019230768 0.34887440625 0.24304074759615385 0.45176944711538464 0.2575017019230769 0.4594497403846154 0.20285357451923075 0.35655469951923074 0.18839262019230768
1 0.37464777403846156 0.2228198076923077 0.3687071442307692 0.26508958413461536 0.4618026586538461 0.2781733052884615 0.46774328846153845 0.23590352884615384 0.37464777403846156 0.2228198076923077
1 0 0.7280027259615385 0.11333009375 0.7439302331730769 0.1355075841346154 0.5861291826923076 0 0.5670848341346153 0 0.7280027259615385
1 0.2326580096153846 0.6743978197115384 0.25001598798076924 0.5508893870192307 0.11942438701923078 0.5325359350961538 0.10206640865384616 0.6560443677884616 0.2326580096153846 0.6743978197115384
1 0.3034536177884615 0.6118830168269231 0.3137885096153846 0.5383464447115385 0.22889365384615384 0.52641525 0.21855876201923077 0.5999518245192308 0.3034536177884615 0.6118830168269231
1 0.3487729230769231 0.5757085673076923 0.3562212596153846 0.5227108870192307 0.31784837259615384 0.5173179302884615 0.31040003365384616 0.570315610576923 0.3487729230769231 0.5757085673076923
1 0.37159357692307693 0.5555401634615384 0.37691565865384613 0.5176715793269231 0.35494408653846155 0.5145836754807692 0.34962200480769234 0.5524522596153847 0.37159357692307693 0.5555401634615384
1 0.39827050721153845 0.54722753125 0.40296115625 0.5138518293269231 0.3777402668269231 0.510307264423077 0.3730496177884615 0.5436829663461539 0.39827050721153845 0.54722753125
1 0.42464999759615385 0.5283073100961538 0.42766541586538465 0.5068515 0.3987825985576923 0.5027922860576923 0.3957671802884616 0.5242480961538462 0.42464999759615385 0.5283073100961538
1 0.43613823317307693 0.5247792355769231 0.4395789014423077 0.5002976081730769 0.42168186778846156 0.49778234374999997 0.4182411995192308 0.5222639711538462 0.43613823317307693 0.5247792355769231
1 0.44324225 0.5180169278846154 0.4462576658653846 0.4965611201923077 0.43181625721153843 0.4945315120192308 0.4288008389423077 0.5159873197115384 0.44324225 0.5180169278846154
1 0.4507590024038462 0.5128086658653846 0.45291103125 0.49749618990384614 0.4428020432692307 0.49607546394230767 0.44065001442307694 0.5113879423076922 0.4507590024038462 0.5128086658653846
1 0.4559809567307692 0.5115790120192307 0.4584551442307693 0.4939742475961539 0.449841875 0.49276373076923075 0.4473676850961539 0.5103684975961539 0.4559809567307692 0.5115790120192307
1 0.38867968990384616 0.26256689423076923 0.38552252163461537 0.28503131009615384 0.46644599038461537 0.2964043605769231 0.46960315865384616 0.2739399471153846 0.38867968990384616 0.26256689423076923