1 0.7467265288461539 0.9477483725961539 0.7911002740384615 0.7389863149038463 0.5318402139423077 0.6838788870192307 0.48746646875 0.8926409447115385 0.7467265288461539 0.9477483725961539
1 0.5858433894230769 0.7973076947115385 0.6103307668269231 0.6821036418269231 0.44409662019230767 0.6467694831730769 0.41960924278846157 0.7619735360576924 0.5858433894230769 0.7973076947115385
1 0.4828508653846154 0.6400504879807692 0.4935159663461538 0.5898751394230769 0.4449652019230769 0.5795553581730769 0.43430010336538466 0.6297307067307693 0.4828508653846154 0.6400504879807692
1 0.4409114543269231 0.6139076610576922 0.4477455889423077 0.5817555865384615 0.42257866826923074 0.5764061923076923 0.41574453365384617 0.608558266826923 0.4409114543269231 0.6139076610576922
1 0.42104283173076923 0.6096844543269231 0.4298790793269231 0.5681131802884616 0.40781981490384617 0.5634243389423077 0.3989835673076923 0.6049956129807692 0.42104283173076923 0.6096844543269231
1 0.40545993269230773 0.5940662548076923 0.4117935384615385 0.5642689807692307 0.38576054807692306 0.5587354975961538 0.3794269423076923 0.5885327716346154 0.40545993269230773 0.5940662548076923
1 0 0.5300337980769231 0.026813721153846153 0.5357332307692307 0.038345120192307694 0.4814822668269231 0.23902621153846154 0.46390743028846154 0.6020995192307692 0.4853520360576923 0.7380722259615384 0.5142539254807692 0.749603625 0.46000296153846154 0.6136309182692308 0.43110106971153844 0.24170196153846155 0.46367310096153846 0 0.47244026201923073 0 0.5300337980769231
1 0.07026996634615384 0.544970141826923 0.08293717788461538 0.4853755913461538 0.03413168990384616 0.4750016634615385 0.021464478365384617 0.5345962139423077 0.07026996634615384 0.544970141826923
1 0.1446863076923077 0.5373118533653846 0.15134718028846156 0.5059749038461538 0.12709727163461537 0.5008204254807692 0.12043639663461538 0.5321573749999999 0.1446863076923077 0.5373118533653846
1 0.1212794639423077 0.5389628557692308 0.13028897115384616 0.4965764615384615 0.1060390625 0.49142198317307695 0.09702955528846154 0.5338083798076924 0.1212794639423077 0.5389628557692308
1 0.08165791346153847 0.4846303701923077 0.07081955288461539 0.5356208437500001 0.10255840625 0.5423671442307693 0.11339676682692307 0.4913766730769231 0.08165791346153847 0.4846303701923077
1 0.15706973557692308 0.5334124110576923 0.1640771298076923 0.5004452163461539 0.15083138221153847 0.4976297451923077 0.14382398798076923 0.5305969399038462 0.15706973557692308 0.5334124110576923
1 0.04642427403846154 0.2460733221153846 0.03129292307692308 0.3172607307692308 0.08086259134615384 0.3277970889423077 0.09599394230769231 0.25660968028846154 0.04642427403846154 0.2460733221153846
1 0.11682312740384616 0.3768076658653846 0.1324550048076923 0.3032654567307692 0.08589110336538462 0.2933679951923077 0.0702592235576923 0.36691020192307694 0.11682312740384616 0.3768076658653846
1 0.12117808173076924 0.34128879326923073 0.11110976682692307 0.3886564951923077 0.1414221514423077 0.39509959134615386 0.15149046634615385 0.3477318894230769 0.12117808173076924 0.34128879326923073
1 0.1578906033653846 0.4065516057692308 0.16553328125 0.3705956274038461 0.1410286466346154 0.36538700480769226 0.13338596634615385 0.4013429855769231 0.1578906033653846 0.4065516057692308
1 0.17693694951923078 0.3321764134615384 0.1837363846153846 0.31501760336538465 0.20406351442307694 0.31933826682692307 0.21357354807692308 0.27459707211538464 0.19324641826923078 0.27027640625 0.18479305528846154 0.3100463581730769 0.17523709134615384 0.3364661153846154 0.1582385048076923 0.3793631394230769 0.1494407596153846 0.4207532740384616 0.17119435576923078 0.4253771442307693 0.17999210096153848 0.3839870096153846 0.1663961033653846 0.3810970913461539 0.17693694951923078 0.3321764134615384
1 0.21606873076923078 0.3169676754807692 0.2087340673076923 0.3514745480769231 0.21800609134615384 0.35344537740384613 0.2253407548076923 0.3189385048076923 0.21606873076923078 0.3169676754807692
1 0.20997688461538463 0.29352210096153847 0.19946579326923078 0.34297289423076927 0.2091963245192308 0.3450411826923077 0.21970741586538461 0.2955903894230769 0.20997688461538463 0.29352210096153847
1 0.07838259615384616 0.21396053365384615 0.0683912860576923 0.2609659615384615 0.18974272115384616 0.2867600048076923 0.19973403365384618 0.23975457932692307 0.07838259615384616 0.21396053365384615
1 0.06378146153846154 0.15264034855769232 0.04795706971153846 0.22708825 0.17547287500000003 0.25419257211538465 0.19129726682692308 0.17974467067307692 0.06378146153846154 0.15264034855769232
1 0.08583926201923077 0.10072150240384616 0.06966835096153846 0.1767996514423077 0.1610130721153846 0.19621556971153845 0.17718398317307693 0.12013742307692307 0.08583926201923077 0.10072150240384616
1 0.09694428605769231 0.01741359375 0.0773659375 0.10952249278846155 0.1315206706730769 0.12103343750000001 0.1510990216346154 0.02892453846153846 0.09694428605769231 0.01741359375
1 0.1152885625 0 0.10404307692307692 0.05290584615384616 0.22274536298076922 0.07813679567307694 0.23935385096153847 0 0.1152885625 0
1 0.21576101201923076 0.14556555528846155 0.23327949519230767 0.06314756490384615 0.13577040625 0.04242136778846154 0.11825192307692307 0.12483935817307691 0.21576101201923076 0.14556555528846155
1 0.1741298485576923 0.11371391346153846 0.16379201682692307 0.1623495889423077 0.23480960817307692 0.17744484375 0.24514743990384616 0.12880916826923078 0.1741298485576923 0.11371391346153846
1 0.22275313221153845 0.10189840144230769 0.21108697836538462 0.15678334855769233 0.24109369471153846 0.1631614735576923 0.25275984855769235 0.10827652403846154 0.22275313221153845 0.10189840144230769
1 0.24647490384615384 0.20122314182692308 0.23619482692307692 0.24958710336538464 0.25896732451923077 0.2544275480769231 0.2692474038461538 0.20606358653846155 0.24647490384615384 0.20122314182692308
1 0.26331364903846155 0.2738103173076923 0.2548239206730769 0.31375134374999997 0.2717377235576923 0.3173464831730769 0.2802274495192308 0.2774054567307692 0.26331364903846155 0.2738103173076923
1 0.6318165096153846 0.23882860096153846 0.6536664879807692 0.13603253365384615 0.5259469038461538 0.1088848966346154 0.5040969254807692 0.21168096634615383 0.6318165096153846 0.23882860096153846
1 0.5635495192307692 0.25337898317307694 0.5817225408653847 0.16788163701923078 0.4939439831730769 0.1492237283653846 0.4757709615384615 0.23472107451923077 0.5635495192307692 0.25337898317307694
1 0.5611666370192308 0.2906422908653846 0.5741803701923077 0.2294174951923077 0.46872383173076926 0.20700201682692307 0.4557100985576923 0.26822681249999997 0.5611666370192308 0.2906422908653846
1 0.5122900697115385 0.33846987259615385 0.527459923076923 0.2671013245192308 0.44273807451923075 0.24909313942307693 0.4275682211538462 0.3204616875 0.5122900697115385 0.33846987259615385
1 1 0.3236200384615385 0.9424255673076923 0.3113822163461538 0.9258311346153847 0.38945288461538463 1 0.4052179639423077 1 0.3236200384615385
1 0.9257886754807692 0.42096602644230774 0.9411895408653846 0.3485106514423077 0.8723116466346154 0.3338702019230769 0.8569107788461537 0.4063255793269231 0.9257886754807692 0.42096602644230774
1 0.8557303701923077 0.4198952067307692 0.8659526947115384 0.37180294951923076 0.8129696971153847 0.3605410649038462 0.8027473725961538 0.40863332211538467 0.8557303701923077 0.4198952067307692
1 0.8053045192307693 0.43568198557692306 0.8157001033653846 0.3867746057692308 0.7601189038461539 0.3749604567307693 0.7497233197115385 0.42386783894230773 0.8053045192307693 0.43568198557692306
1 0.8171664326923077 0.34079697596153846 0.8243663389423077 0.30692408653846154 0.7836101899038461 0.2982610985576923 0.7764102836538461 0.33213398798076926 0.8171664326923077 0.34079697596153846
1 0.8327598100961539 0.26743590625 0.8185717620192308 0.3341854230769231 0.8689056081730769 0.34488421153846155 0.88309365625 0.27813469471153845 0.8327598100961539 0.26743590625
1 0.9476867908653847 0.32821427644230766 0.9598919759615385 0.2707933894230769 0.8868365793269231 0.25526498557692306 0.8746313918269231 0.3126858725961539 0.9476867908653847 0.32821427644230766
1 1 0.21731554807692308 0.9582367836538462 0.20843850240384618 0.9442219951923078 0.2743728966346154 1 0.28622887740384617 1 0.21731554807692308
1 1 0.10703528846153845 0.9802057884615384 0.10282789903846154 0.9583558076923077 0.20562396875 1 0.2144757139423077 1 0.10703528846153845
1 1 0.16600919711538462 0.9071800288461538 0.14627970192307693 0.8853300504807693 0.2490757716346154 0.994658423076923 0.2723142331730769 1 0.2471840889423077 1 0.16600919711538462
1 0.9148442596153846 0.2978520745192308 0.9330942860576923 0.21199244951923074 0.8466912475961539 0.1936269158653846 0.8284412211538462 0.2794865408653846 0.9148442596153846 0.2978520745192308
1 0.8912169206730769 0.25269359375 0.9089856706730769 0.16909819951923077 0.8213090048076922 0.15046194951923078 0.8035402548076923 0.23405734134615383 0.8912169206730769 0.25269359375
1 0.9549953125 0.21191459855769232 0.9713202307692307 0.13511189903846155 0.8677486634615386 0.11309708413461537 0.8514237475961538 0.18989978125 0.9549953125 0.21191459855769232
1 0.9069304975961539 0.1757609471153846 0.9239869567307692 0.09551661778846153 0.8292798533653846 0.075386 0.8122233942307692 0.1556303317307692 0.9069304975961539 0.1757609471153846
1 0.9450369735576923 0.13075581490384616 0.9539309735576923 0.08891283413461538 0.8675279375 0.07054730288461539 0.8586339374999999 0.11239028125 0.9450369735576923 0.13075581490384616
1 0.8446250552884614 0.21562243028846154 0.8549436346153846 0.16707732692307695 0.776182375 0.15033610576923076 0.7658637956730769 0.19888120913461538 0.8446250552884614 0.21562243028846154
1 0.7778984014423076 0.2392090480769231 0.7898918245192307 0.18278442307692308 0.7441430480769231 0.17306022115384617 0.7321496225961539 0.22948484615384615 0.7778984014423076 0.2392090480769231
3 0.8164753461538462 0.18247126923076923 0.8303938798076923 0.1169897235576923 0.8012022860576924 0.11078485817307691 0.7872837548076923 0.17626640625 0.8164753461538462 0.18247126923076923
3 0.7939228413461539 0.1918767620192308 0.8080916394230768 0.12521781490384615 0.7782377596153847 0.11887217548076924 0.7640689615384615 0.185531125 0.7939228413461539 0.1918767620192308
1 0.8989283629807693 1 0.9181837740384615 0.9094104134615384 0.6717619014423076 0.857031829326923 0.641373079326923 1 0.8989283629807693 1