2 0.48929134375 0.26493416586538465 0.4419424447115385 0.5085231346153847 0.5115766225961539 0.5220586490384616 0.5589255216346154 0.27846968028846153 0.48929134375 0.26493416586538465
1 0.7195889735576924 0.3548814639423077 0.7343943389423077 0.2787144639423077 0.6647601610576923 0.2651789519230769 0.6499547956730769 0.34134595192307693 0.7195889735576924 0.3548814639423077
1 0.7952163485576923 0.3498678798076923 0.8047391298076924 0.30087741346153846 0.7266690937500001 0.2857021370192308 0.7171463125 0.33469260336538464 0.7952163485576923 0.3498678798076923
1 0.8635536057692307 0.3659810673076923 0.8730763870192307 0.3169905985576923 0.7934725576923077 0.30151718269230765 0.7839497764423077 0.35050765144230767 0.8635536057692307 0.3659810673076923
1 0.9352797427884615 0.37284879326923076 0.9453325504807691 0.3211315841346154 0.8596446754807693 0.30447554807692306 0.8495918677884616 0.3561927596153846 0.9352797427884615 0.37284879326923076
1 0.9255165841346155 0.26011842548076924 0.9565760480769231 0.10033133413461538 0.7846890384615384 0.06691988221153847 0.7536295721153846 0.22670697596153846 0.9255165841346155 0.26011842548076924
1 0.6888565528846153 0.03612393028846154 0.6747578894230769 0.10865527163461539 0.7772152259615385 0.12857096153846154 0.791313891826923 0.05603961778846153 0.6888565528846153 0.03612393028846154
1 0.58830965625 0.40189975 0.5912247932692307 0.3869026682692308 0.5571234735576923 0.3802740432692308 0.5542083365384616 0.39527112499999995 0.58830965625 0.40189975
1 0.6787594783653846 0.42353741826923075 0.6900843461538462 0.36527602403846154 0.6458088725961539 0.3566697451923077 0.6344840048076923 0.4149311370192308 0.6787594783653846 0.42353741826923075
1 0.6379014975961539 0.4090869615384615 0.6477069615384615 0.35864223076923074 0.601233048076923 0.34960861778846153 0.5914275865384615 0.4000533485576923 0.6379014975961539 0.4090869615384615
1 0.7250751658653846 0.43584167067307694 0.7373187451923078 0.37285392548076923 0.6863968341346154 0.3629557091346154 0.6741532572115384 0.42594345432692304 0.7250751658653846 0.43584167067307694
1 0.6127028581730769 0.3080710360576923 0.6202115456730769 0.26944218750000004 0.5857012139423077 0.26273406009615385 0.5781925264423077 0.30136290865384613 0.6127028581730769 0.3080710360576923
1 0.6696828317307693 0.2562316346153846 0.6814670552884615 0.19560706490384616 0.6385208653846154 0.18725917307692308 0.6267366442307692 0.2478837403846154 0.6696828317307693 0.2562316346153846
1 0.6291678629807692 0.19525099759615383 0.6343797740384616 0.16843803125 0.6082541754807692 0.16335973076923077 0.6030422644230768 0.19017269471153847 0.6291678629807692 0.19525099759615383
1 0.6038196346153846 0.18617347355769231 0.6082541754807692 0.16335973076923077 0.5785497283653845 0.1575857716346154 0.5741151875 0.1803995120192308 0.6038196346153846 0.18617347355769231
1 0.55366775 0.18623479807692306 0.559480358173077 0.15633152403846154 0.5231806033653846 0.14927556730769231 0.5173679951923077 0.17917884134615386 0.55366775 0.18623479807692306
1 0.577690173076923 0.29220999999999997 0.5830434254807693 0.26466990384615385 0.5546682644230769 0.25915433173076924 0.5493150120192307 0.2866944278846154 0.577690173076923 0.29220999999999997
1 0.2712205432692308 0.06568199278846154 0.2543834158653846 0.1523015 0.4156361298076923 0.1836458533653846 0.43247325721153845 0.09702634375 0.2712205432692308 0.06568199278846154
1 0.19681326923076922 0 0.18191959134615385 0.07662133173076922 0.3796254423076923 0.11505145673076923 0.4018864903846154 0.0005282836538461538 0.3991687067307692 0 0.19681326923076922 0
1 0.4454555889423077 0.03842685096153846 0.4337773725961539 0.09850607211538462 0.49564033653846157 0.11053101442307692 0.5073185528846154 0.05045179326923077 0.4454555889423077 0.03842685096153846
1 0.4670721009615385 0.14695281009615385 0.46048212259615384 0.18085530528846153 0.49678187740384616 0.18791126442307693 0.5033718557692308 0.15400876923076925 0.4670721009615385 0.14695281009615385
1 0.3684525745192308 0.24295469951923077 0.3589651274038462 0.29176338461538465 0.45590081250000003 0.31060577163461534 0.4653882596153846 0.2617970889423077 0.3684525745192308 0.24295469951923077
1 0.34272830048076924 0.552719 0.3546361947115385 0.4914581923076923 0.20156370673076923 0.46170391346153844 0.1896558125 0.5229647235576923 0.34272830048076924 0.552719
1 0.19488059615384618 0.6227392427884616 0.21443851682692308 0.5221224567307693 0.06831922115384616 0.49371974278846154 0.048761300480769224 0.5943365288461538 0.19488059615384618 0.6227392427884616
1 0 0.6328700336538462 0.08491316586538462 0.6493754807692308 0.10685619951923077 0.5364883557692308 0 0.5157176129807692 0 0.6328700336538462
1 0.9551030384615384 0.7772086370192308 0.9794841899038461 0.6517784951923077 0.8130677043269231 0.61943040625 0.7886865552884615 0.744860548076923 0.9551030384615384 0.7772086370192308