2 0.5384265072115384 0 0.6898299062500001 0.7789029783653846 1 0.7186120192307693 1 0.46004428846153844 0.9105764495192308 0 0.5384265072115384 0
2 0.7660968533653846 0.5358101850961539 0.7090661658653846 0.2424127283653846 0.5805343557692308 0.26739678125 0.6375650456730769 0.5607942379807692 0.7660968533653846 0.5358101850961539
2 0.31650346875 0.33201910096153847 0.36125524519230773 0.56224703125 0.46407046634615384 0.5422617764423077 0.4193186899038462 0.31203384615384616 0.31650346875 0.33201910096153847
1 0.34383490625 0.15899545432692308 0.3533576899038462 0.20798592067307692 0.42314524759615385 0.19442059375 0.4136224639423077 0.14543012740384614 0.34383490625 0.15899545432692308
1 0.15445188942307692 0.15562506971153847 0.16816186778846154 0.22615680048076922 0.35329062019230767 0.19017141586538464 0.33958064182692305 0.11963968509615384 0.15445188942307692 0.15562506971153847
1 0.08779730769230769 0.08076425480769231 0.10562381490384615 0.1724736826923077 0.3171849230769231 0.1313503701923077 0.29935841586538464 0.039640942307692315 0.08779730769230769 0.08076425480769231
1 0 0.19781548076923078 0.06325912740384615 0.18551915144230768 0.14299736057692308 0.5987924350961539 0.1676034423076923 0.763745889423077 0.049910435096153845 0.7866230937500001 0.08785775961538461 0.9818451514423077 0.20555076682692308 0.9589679471153846 0.16850695192307694 0.7683940336538462 0.14232014182692307 0.5942122836538462 0.0813706610576923 0.18199862740384615 0.0628021201923077 0.08647175961538461 0 0.09867925480769231 0 0.19781548076923078
1 0.3334584759615385 0.8194052548076923 0.30102094471153845 0.6525286346153846 0.03260726201923077 0.7047029687499999 0.06504479086538462 0.8715795889423077 0.3334584759615385 0.8194052548076923
1 0.3791580360576923 0.6860123413461537 0.36076617067307687 0.591394389423077 0.28729750961538464 0.60567525 0.30568937740384616 0.700293201923077 0.3791580360576923 0.6860123413461537
1 0.40090726442307695 0.6360367932692307 0.3885400168269231 0.5724128100961539 0.3518312475961538 0.5795482716346154 0.36419849759615386 0.6431722548076924 0.40090726442307695 0.6360367932692307
1 0.43130716826923077 0.6013583389423076 0.42305644471153847 0.5589120528846154 0.39002878124999996 0.5653319783653846 0.39827950480769225 0.6077782644230769 0.43130716826923077 0.6013583389423076
1 0.6672581009615384 0.5044639615384615 0.6602087692307692 0.4681982908653846 0.6060147668269231 0.47873253605769234 0.6130640985576923 0.5149982067307692 0.6672581009615384 0.5044639615384615
1 0.6080804591346154 0.4814437524038461 0.6121616514423077 0.5024396682692308 0.6206486370192308 0.5007899639423077 0.6165674447115385 0.47979404807692305 0.6080804591346154 0.4814437524038461
1 0.6079681923076923 0.5005193509615384 0.604399358173077 0.4821592860576923 0.5962702572115385 0.4837394230769231 0.5998390913461539 0.5020994879807692 0.6079681923076923 0.5005193509615384
1 0.6003899903846154 0.3100397668269231 0.5926162908653846 0.2700475480769231 0.5616336826923077 0.27606995673076923 0.5694073846153846 0.3160621754807692 0.6003899903846154 0.3100397668269231
1 0.6062205913461539 0.31437730048076923 0.6022630697115384 0.294017625 0.5642761442307692 0.3014015360576923 0.5682336634615385 0.3217612091346154 0.6062205913461539 0.31437730048076923
1 0.31997784134615387 0.030256370192307695 0.32349367548076924 0.04834376201923077 0.3910827980769231 0.03520576682692308 0.3875669639423077 0.017118374999999998 0.31997784134615387 0.030256370192307695