2 0.5113880625 0.1024948389423077 0.5552161009615385 0.6034516346153846 0.9819194951923078 0.5661199254807692 0.9380914567307692 0.06516312740384615 0.5113880625 0.1024948389423077
2 0 0.5170497692307692 0.017561915865384616 0.7177833870192308 0.15443491826923078 0.7058085504807692 0.10809711538461539 0.17616503846153847 0 0.18562231009615385 0 0.5170497692307692
1 0 0.16879903125 0.18135105048076922 0.1529328701923077 0.17196566826923076 0.04565746153846154 0 0.06070250721153846 0 0.16879903125
1 0.0014586201923076924 0.14469128125 0.008939487980769231 0.2301979903846154 0.2080227716346154 0.21278046153846153 0.20054190384615384 0.12727375000000002 0.0014586201923076924 0.14469128125
1 0.08873460817307693 0.18910553846153844 0.09412535096153846 0.25072202403846156 0.22274861298076923 0.23946894711538463 0.21735787019230768 0.17785246153846154 0.08873460817307693 0.18910553846153844
1 0.4582244927884615 0.08465304807692307 0.45335829807692307 0.029032177884615387 0.4018882379807692 0.03353522355769231 0.4067544326923077 0.08915609615384615 0.4582244927884615 0.08465304807692307
1 0.2277527451923077 0.6402802403846154 0.2219504326923077 0.5739595000000001 0.12876472115384616 0.5821121923076923 0.13456703365384615 0.6484329326923077 0.2277527451923077 0.6402802403846154
1 0.24496987259615383 0.5956468605769231 0.24146750240384615 0.5556145913461539 0.19876603365384618 0.5593504879807693 0.20226840384615383 0.5993827548076923 0.24496987259615383 0.5956468605769231
1 0.2634755889423077 0.5926336249999999 0.2590048221153846 0.5415325288461539 0.23726494711538462 0.5434345192307692 0.2417357139423077 0.5945356177884615 0.2634755889423077 0.5926336249999999
1 0.5771811730769231 0.5694634735576923 0.5731946033653846 0.5238967884615385 0.5264460913461538 0.5279867548076923 0.5304326610576923 0.5735534375 0.5771811730769231 0.5694634735576923
1 0.5057740168269231 0.51938534375 0.509752514423077 0.5648597884615385 0.5358507379807692 0.5625764879807693 0.5318722403846153 0.5171020456730769 0.5057740168269231 0.51938534375
1 0.5088486778846154 0.5545288798076923 0.5057740168269231 0.51938534375 0.4860057764423077 0.5211148389423077 0.48908043749999996 0.5562583774038461 0.5088486778846154 0.5545288798076923
1 0.4729573052884615 0.5165867091346154 0.4753379495192308 0.5437975841346154 0.4914742259615385 0.5423858413461539 0.4890935841346154 0.51517496875 0.4729573052884615 0.5165867091346154
1 0.4781433052884615 0.5346293052884615 0.47640018990384614 0.5147054110576923 0.4593299783653846 0.5161988605769231 0.46107309375 0.5361227548076923 0.4781433052884615 0.5346293052884615
1 0.580591125 0.2152257019230769 0.5741593533653846 0.14171022115384616 0.4698702211538462 0.1508343389423077 0.4763019903846154 0.22434981971153847 0.580591125 0.2152257019230769
1 0.591430326923077 0.23035710096153844 0.5865399206730769 0.17445950961538464 0.4553224014423077 0.18593955528846154 0.4602128076923077 0.2418371466346154 0.591430326923077 0.23035710096153844
1 0.6159703774038461 0.16723736298076922 0.6074000625 0.06927822115384616 0.4901396442307692 0.07953717788461538 0.4987099591346154 0.17749632211538463 0.6159703774038461 0.16723736298076922
1 0.09478395432692308 0.22956560096153847 0.09985996875 0.28758471634615385 0.24275164663461538 0.27508331490384613 0.23767562980769233 0.2170641971153846 0.09478395432692308 0.22956560096153847