4 0.18730938701923078 0.8334824759615385 0.19577218990384615 0.3486489206730769 0.045378430288461544 0.3460237884615385 0.03691562980769231 0.8308573437500001 0.18730938701923078 0.8334824759615385
1 0.23788806009615385 0.7321275360576922 0.23929071634615384 0.65176940625 0.17299873317307693 0.6506122764423077 0.1715960769230769 0.7309704038461539 0.23788806009615385 0.7321275360576922
1 0.22031436298076923 0.7063539447115385 0.2549445048076923 0.7069584158653845 0.25546484375 0.6771481418269231 0.28848064903846155 0.6777244350961538 0.2893710456730769 0.6267136875 0.24552355528846154 0.6259483269230769 0.24512118269230768 0.6490003701923077 0.22132272596153849 0.6485849663461539 0.22031436298076923 0.7063539447115385
1 0.3132898629807693 0.6530610673076923 0.3137924278846154 0.62426915625 0.2802037956730769 0.6236828653846154 0.27970123076923076 0.6524747740384615 0.3132898629807693 0.6530610673076923
1 0.4165247884615385 0.617820360576923 0.41688514663461534 0.5971753557692308 0.36277880528846157 0.5962309278846154 0.3624184447115385 0.6168759302884615 0.4165247884615385 0.617820360576923
1 0.5003661826923077 0.6192838173076923 0.5007152307692307 0.5992868629807693 0.4499937908653846 0.5984015168269231 0.4496447427884615 0.6183984711538462 0.5003661826923077 0.6192838173076923
4 0.3532301875 0.6150486298076923 0.35499481971153846 0.5139529158653846 0.30927261778846155 0.5131548317307693 0.30750798557692305 0.6142505456730769 0.3532301875 0.6150486298076923
1 0.7710509254807693 0.2541374903846154 0.7726846634615385 0.16054063701923077 0.6096886586538461 0.15769553125000002 0.608054920673077 0.2512923846153846 0.7710509254807693 0.2541374903846154
1 0.8322248293269231 0.17547091586538463 0.83399915625 0.07381973557692308 0.6566824158653847 0.07072465865384615 0.6549080889423077 0.17237584134615383 0.8322248293269231 0.17547091586538463
1 0.6523749495192307 0.2040957235576923 0.6531021322115385 0.16243540384615385 0.5646781033653846 0.16089195673076923 0.5639509182692307 0.2025522764423077 0.552233954326923 0.2023477548076923 0.5511270192307692 0.2657640216346154 0.6625163004807693 0.26770832692307694 0.6636232355769232 0.2042920625 0.6523749495192307 0.2040957235576923
1 0.6082920432692307 0.30037807211538464 0.6092147572115384 0.2475157548076923 0.5352156129807693 0.24622409374999998 0.5342928990384616 0.29908641346153847 0.6082920432692307 0.30037807211538464
1 0.5662983125 0.32770489903846156 0.5669560096153846 0.29002545192307694 0.5236292740384616 0.2892691826923077 0.5229715769230769 0.3269486274038461 0.5662983125 0.32770489903846156
1 0.6912721802884616 0.37804180528846154 0.6925455600961539 0.3050899567307692 0.5806875985576924 0.30313746875 0.57941421875 0.37608931730769235 0.6912721802884616 0.37804180528846154
1 0.6419594831730768 0.38597868750000003 0.6428692716346155 0.33385699759615384 0.5643916442307693 0.3324871658653846 0.5634818557692308 0.38460885576923076 0.6419594831730768 0.38597868750000003
1 0.6196823677884615 0.39688785576923075 0.6202431057692308 0.36476312019230767 0.5462960360576923 0.3634723677884616 0.545735298076923 0.3955971057692308 0.6196823677884615 0.39688785576923075
1 0.5506695312500001 0.3964240865384615 0.5510896826923077 0.37235367788461543 0.5357274399038462 0.3720855288461538 0.5353072908653846 0.3961559375 0.5506695312500001 0.3964240865384615
1 0.5461600288461539 0.42199742788461536 0.546788639423077 0.38598439423076925 0.5346029951923077 0.38577169230769226 0.5339743846153846 0.4217847259615385 0.5461600288461539 0.42199742788461536
1 0.5370378677884615 0.42832066826923076 0.5375000336538461 0.40184322115384613 0.5230230721153846 0.4015905240384615 0.52256090625 0.42806797115384615 0.5370378677884615 0.42832066826923076
1 0.5750657091346154 0.16264758653846154 0.5759464110576923 0.11219230769230769 0.5402747620192307 0.11156965625 0.5393940625 0.16202493509615384 0.5750657091346154 0.16264758653846154
1 0.5700164254807693 0.1922861995192308 0.5707581538461539 0.14979267307692307 0.5333159399038462 0.14913911538461538 0.5325742139423076 0.19163264423076923 0.5700164254807693 0.1922861995192308
1 0.5649121995192308 0.22507248317307693 0.5655149543269231 0.19054070673076923 0.52041765625 0.18975352884615385 0.5198149038461538 0.22428530528846155 0.5649121995192308 0.22507248317307693
1 0.15706984855769232 0.30379997596153846 0.1559273629807692 0.36925296875 0.30908111778846153 0.3719262788461538 0.3102236033653846 0.3064732860576923 0.15706984855769232 0.30379997596153846
1 0.12452429086538461 0.27628334134615384 0.1234819951923077 0.3359964711538461 0.2852802644230769 0.3388206682692308 0.28632256009615387 0.27910754086538464 0.12452429086538461 0.27628334134615384
1 0.012405913461538461 0.1549562764423077 0.010339096153846154 0.2733641658653846 0.2641545985576923 0.27779453125 0.26622141826923074 0.15938664423076923 0.012405913461538461 0.1549562764423077
1 0.012610305288461538 0 0.009206584134615385 0.19499913221153847 0.2123520625 0.19854504807692308 0.23792179326923077 0.2069890432692308 0.3348863942307692 0.2424495144230769 0.33548106971153846 0.20838062980769229 0.36484611538461537 0.20889319711538462 0.38560783653846153 0.24333486057692305 0.3862025096153846 0.20926597596153848 0.23537009134615383 0.20605587259615385 0.21495649038461537 0.19859050961538463 0.21841465384615383 0.0004725408653846154 0.19134280048076924 0 0.012610305288461538 0
1 0.24884321153846153 0.003041019230769231 0.24762962259615387 0.07256746634615384 0.3483434471153846 0.0743254326923077 0.34955703605769234 0.0047989855769230766 0.24884321153846153 0.003041019230769231
1 0.3091034855769231 0.3288645528846154 0.30836499038461535 0.37117292307692307 0.36575207932692305 0.37217461778846156 0.3664905745192308 0.32986624759615385 0.3091034855769231 0.3288645528846154
1 0.3318024783653846 0.2549901971153846 0.33135485576923074 0.2806344375 0.3701510264423077 0.2813116274038462 0.3705986490384615 0.2556673870192308 0.3318024783653846 0.2549901971153846
3 0.5639902836538462 0.6151157980769231 0.5649307740384615 0.5612351177884615 0.5270198798076924 0.5605733822115385 0.526079389423077 0.6144540600961539 0.5639902836538462 0.6151157980769231
1 0.6587485841346153 0.6745563894230769 0.6592689230769231 0.6447461153846153 0.6268259471153846 0.6441798221153847 0.6263056057692308 0.6739900961538462 0.6587485841346153 0.6745563894230769
1 0.6253122139423077 0.668231141826923 0.6260006129807691 0.628792704326923 0.6054308317307693 0.62843365625 0.6047424302884615 0.66787209375 0.6253122139423077 0.668231141826923
3 0.4937720576923077 0.5523992884615384 0.49419220913461537 0.5283288798076924 0.47200808653846155 0.5279416538461539 0.47158793749999994 0.5520120625 0.4937720576923077 0.5523992884615384
3 0.4583259639423077 0.55974475 0.45879297596153845 0.5329895673076923 0.43962923076923077 0.5326550625 0.4391622163461539 0.5594102475961539 0.4583259639423077 0.55974475
3 0.4653691201923077 0.5859827788461538 0.4660235841346154 0.5484884903846153 0.4480054951923077 0.548173983173077 0.44735102884615385 0.5856682716346154 0.4653691201923077 0.5859827788461538
3 0.4669529591346154 0.6026796298076923 0.46737311057692305 0.5786092211538462 0.44409540625 0.57820290625 0.44367525721153844 0.6022733149038462 0.4669529591346154 0.6026796298076923
3 0.4079602908653846 0.5802577596153846 0.4085662764423077 0.5455408269230769 0.3619587932692308 0.5447272908653846 0.36135280528846153 0.5794442235576923 0.4079602908653846 0.5802577596153846
3 0.3884345673076923 0.6006608389423077 0.38914559134615384 0.5599263028846153 0.35982713942307687 0.5594145456730769 0.35911611538461535 0.6001490841346153 0.3884345673076923 0.6006608389423077
3 0.4210328798076923 0.6072492788461539 0.4217439038461538 0.5665147427884615 0.39164432451923076 0.5659893533653846 0.39093330048076924 0.606723889423077 0.4210328798076923 0.6072492788461539