1 0.6630387211538462 0.29448078125 0.6635639086538461 0.2643927740384615 0.6278401826923077 0.2637692139423077 0.6273149951923076 0.29385722115384616 0.6630387211538462 0.29448078125
1 0.6576264663461538 0.3896786033653846 0.6578704759615385 0.37569925240384616 0.6233965576923077 0.37509750721153845 0.6231525480769231 0.3890768581730769 0.6576264663461538 0.3896786033653846
1 0.7680255144230769 0.5438510336538461 0.7685797908653846 0.5120966129807693 0.6668244567307693 0.5103204663461539 0.6662701826923076 0.5420748894230769 0.7680255144230769 0.5438510336538461
1 0.7761037451923076 0.2929352860576923 0.7772106802884615 0.22951901923076923 0.6743617644230769 0.22772378365384613 0.673254829326923 0.29114005288461536 0.7761037451923076 0.2929352860576923
1 0.8444331370192307 0.29375755528846154 0.8456111730769231 0.2262678341346154 0.7624988341346154 0.22481710336538463 0.761320795673077 0.2923068221153846 0.8444331370192307 0.29375755528846154
1 0.9230870624999999 0.2730900673076923 0.9238433341346154 0.2297633341346154 0.8372419423076922 0.22825170192307692 0.836485670673077 0.27157843509615387 0.9230870624999999 0.2730900673076923
1 0.9963346850961539 0.26371884134615386 0.9969212788461538 0.23011284855769232 0.9379198509615385 0.2290829735576923 0.9373332572115385 0.26268896875 0.9963346850961539 0.26371884134615386
1 1 0.014300379807692307 0.8451388701923077 0.011597266826923077 0.8431076033653846 0.12796842788461538 1 0.13070699278846154 1 0.014300379807692307
1 1 0.041989781250000004 0.9592215793269231 0.04127799038461539 0.9578431610576923 0.12024744230769231 1 0.1209832908653846 1 0.041989781250000004
1 0.7477785144230769 0.005730533653846154 0.7472953413461538 0.0334115 0.8322303173076923 0.034894045673076926 0.8327134903846154 0.007213076923076924 0.7477785144230769 0.005730533653846154
1 0.9924850745192307 0.6663055649038461 0.9945389663461538 0.5486383028846153 0.9204877451923077 0.547345733173077 0.9184338557692308 0.6650129951923076 0.9924850745192307 0.6663055649038461
1 0.13514642067307692 0.27952477403846154 0.13605297596153848 0.2275882403846154 0.02627803125 0.22567211057692307 0.02537147596153846 0.27760864423076925 0.13514642067307692 0.27952477403846154
1 0.21667455528846155 0.2613152331730769 0.2173597235576923 0.2220619519230769 0.18746844471153848 0.22154019711538464 0.18678327403846154 0.26079347836538463 0.21667455528846155 0.2613152331730769
1 0.2893026923076923 0.26952846394230767 0.29002825961538464 0.22796072115384616 0.21795590384615385 0.2267026923076923 0.21723033653846152 0.26827043509615384 0.2893026923076923 0.26952846394230767
1 0.377593375 0.3115387115384615 0.37908491105769226 0.22608876201923078 0.28748428125000003 0.22448986778846153 0.28599274759615384 0.3099398149038462 0.377593375 0.3115387115384615
1 0.26200984374999997 0.0007704639423076923 0.2604084230769231 0.09251574759615384 0.39059692548076924 0.09478819711538462 0.39219834375 0.0030429134615384615 0.26200984374999997 0.0007704639423076923
1 0.027404223557692307 0 0.02481528846153846 0.14831998557692308 0.21671314182692306 0.15166957692307692 0.21936054567307692 0 0.027404223557692307 0
0 0.5741367884615385 0.25764584375 0.5693309134615384 0.5329742740384615 0.6467670336538462 0.5343259254807692 0.6515729086538461 0.2589974951923077 0.5741367884615385 0.25764584375
2 0.40956658653846156 0.7001188653846153 0.4205082764423077 0.07326990625 0.06415630769230769 0.06704975961538462 0.05321462019230769 0.6938987163461537 0.40956658653846156 0.7001188653846153
2 0.4776383774038461 0.5515620336538462 0.4816718245192308 0.32048612259615383 0.39001911778846154 0.31888631971153847 0.3859856730769231 0.5499622307692308 0.4776383774038461 0.5515620336538462