0 0.5645160817307693 0.22930182451923078 0.5489025216346154 0.5272263028846154 0.6295210528846155 0.5314513413461538 0.6451346129807691 0.23352686298076925 0.5645160817307693 0.22930182451923078
1 0.6410096826923077 0.39881528125000004 0.6430255865384615 0.3603495504807693 0.5916377740384615 0.3576564278846154 0.5896218701923077 0.3961221586538462 0.6410096826923077 0.39881528125000004
1 0.8113231418269231 0.5883589326923077 0.8145408341346154 0.5269617091346154 0.6725481971153846 0.5195201899038462 0.6693305048076923 0.5809174134615385 0.8113231418269231 0.5883589326923077
1 0.8451039110576922 0.44734102644230767 0.8473378798076923 0.40471434134615386 0.778578076923077 0.4011107908653846 0.776344108173077 0.4437374783653846 0.8451039110576922 0.44734102644230767
1 0.8182756177884615 0.25168732451923076 0.8232329951923076 0.15709491826923075 0.7058420120192307 0.15094271634615383 0.7008846346153846 0.245535125 0.8182756177884615 0.25168732451923076
1 0.9153402716346153 0.2486149375 0.9199293581730769 0.16104992067307694 0.7960368822115385 0.15455699278846155 0.7914477956730769 0.24212200721153848 0.9153402716346153 0.2486149375
1 0.8269286298076923 0.28561260817307693 0.8295841947115385 0.23494140624999998 0.7231677355769232 0.22936435576923075 0.7205121706730769 0.2800355576923077 0.8269286298076923 0.28561260817307693
1 0.6473345913461538 0.2661867596153846 0.6489434374999999 0.23548814903846155 0.610610625 0.23347921153846155 0.6090017788461538 0.26417782211538465 0.6473345913461538 0.2661867596153846
1 1 0.17433277403846154 0.8954249350961538 0.16885222596153845 0.8908310024038462 0.2565097091346154 1 0.26223101442307695 1 0.17433277403846154
1 0.9507251995192308 0.5914923004807693 0.9536279086538462 0.5361053461538462 0.8193330384615384 0.52906725 0.8164303317307693 0.5844542043269231 0.9507251995192308 0.5914923004807693
1 0.28872091346153844 0.2143844158653846 0.29307255288461537 0.13135021634615385 0.16309467548076922 0.1245383653846154 0.15874303846153845 0.20757256249999997 0.28872091346153844 0.2143844158653846
1 0.1739118269230769 0.17090878124999997 0.17652377884615383 0.1210697716346154 0.09091210096153847 0.11658305288461539 0.08830014903846153 0.1664220625 0.1739118269230769 0.17090878124999997
1 0.2982961730769231 0.3302294927884616 0.30112134615384617 0.27632198798076923 0.2505137139423077 0.27366975480769234 0.2476885408653846 0.32757725721153846 0.2982961730769231 0.3302294927884616
1 0.4449739230769231 0.5100042379807692 0.44656823076923075 0.4795830216346154 0.4076632908653846 0.47754410096153843 0.40606898317307694 0.5079653173076923 0.4449739230769231 0.5100042379807692
2 0.2843935336538462 0.26710055288461537 0.26879935817307693 0.5646551658653846 0.41672135817307693 0.5724074302884615 0.4323155336538462 0.27485281730769234 0.2843935336538462 0.26710055288461537
2 0.030993971153846153 0 0 0.5914001995192307 0 0.737490829326923 0.26475129326923075 0.7513658557692308 0.30349928365384615 0.012010137019230769 0.07433219230769231 0 0.030993971153846153 0