1 0.8202839278846153 0.6520897283653846 0.8302818822115385 0.5569655504807692 0.5186132211538461 0.5242078533653847 0.5086152668269232 0.6193320336538461 0.8202839278846153 0.6520897283653846
1 0.6168928317307691 0.6404882379807693 0.6248582884615386 0.5647019855769231 0.44346163701923075 0.5456364278846154 0.43549618028846154 0.6214226802884616 0.6168928317307691 0.6404882379807693
1 0.4451675456730769 0.5991635264423076 0.4522038581730769 0.53221746875 0.39082321153846156 0.5257661033653845 0.3837868966346154 0.5927121610576923 0.4451675456730769 0.5991635264423076
1 0.3547717932692308 0.5219769471153847 0.35045515384615383 0.5630470192307693 0.39246334374999997 0.5674622572115384 0.39677998076923077 0.5263921850961538 0.3547717932692308 0.5219769471153847
1 0.3558430480769231 0.5481582764423076 0.36016936538461536 0.5069961177884615 0.3300229206730769 0.5038275985576923 0.32569660336538464 0.5449897572115385 0.3558430480769231 0.5481582764423076
1 0.30726602884615384 0.49761854807692313 0.3040527451923077 0.5281908870192308 0.3272064591346154 0.5306244399038461 0.33041974038461536 0.5000521009615384 0.30726602884615384 0.49761854807692313
1 0.3086373221153846 0.5209452283653846 0.31185060576923074 0.49037288942307694 0.29030263221153846 0.4881081057692308 0.2870893485576923 0.5186804447115384 0.3086373221153846 0.5209452283653846
1 0.2698424134615385 0.4859576490384615 0.26743245192307696 0.5088869038461539 0.29110414663461537 0.5113748990384616 0.2935141081730769 0.48844564423076925 0.2698424134615385 0.4859576490384615
1 0.5364039158653846 0.2064564423076923 0.5473890817307692 0.10193955769230768 0.39427414903846153 0.08584652884615385 0.3832889807692308 0.19036341346153846 0.5364039158653846 0.2064564423076923
1 0.49468921153846157 0.0014359062500000001 0.4838395432692308 0.1046635985576923 0.7127349735576923 0.12872147596153846 0.7235846418269231 0.02549378605769231 0.49468921153846157 0.0014359062500000001
1 0.5672472620192308 0.0953681923076923 0.5578590576923077 0.18469099278846152 0.7253220408653847 0.2022920625 0.7347102451923077 0.11296926201923077 0.5672472620192308 0.0953681923076923
1 0.5112650240384615 0.21992099278846153 0.6262566177884616 0.23200709615384613 0.6354318942307693 0.14471017307692308 0.5204403004807692 0.13262406971153845 0.5199305625 0.13747389903846152 0.5181758990384615 0.1355395480769231 0.45024390865384617 0.22300387980769232 0.31536187740384614 0.20882720673076924 0.3076867788461538 0.2818508990384615 0.44256881009615384 0.2960275721153846 0.44973223557692305 0.22787212740384616 0.5112650240384615 0.21992099278846153
1 0.03129670432692308 0.21937729086538463 0.02637031730769231 0.2662487403846154 0.09614224278846153 0.2735820649038462 0.10106863221153846 0.2267106153846154 0.03129670432692308 0.21937729086538463
1 0.03466915144230769 0.17234251923076924 0.030323478365384612 0.21368884375 0.08460779807692308 0.21939435576923078 0.0889534735576923 0.17804803125000002 0.03466915144230769 0.17234251923076924