1 0.8418281995192308 0.5941624230769231 0.8351561225961538 0.4987472692307692 0.5225340937499999 0.5206079302884615 0.5292061730769231 0.6160230865384615 0.8418281995192308 0.5941624230769231
1 0.6395124927884616 0.6180556778846154 0.6341967908653847 0.5420376033653846 0.4522452644230769 0.5547608918269231 0.45756096634615384 0.63077896875 0.6395124927884616 0.6180556778846154
1 0.46322013942307694 0.6071785649038461 0.4585244951923077 0.5400277259615385 0.3969560889423077 0.5443330096153847 0.4016517331730769 0.6114838485576923 0.46322013942307694 0.6071785649038461
1 0.3607943918269231 0.5468616802884616 0.36367507692307693 0.5880573846153846 0.40581176442307687 0.5851108990384616 0.40293107932692307 0.5439151971153846 0.3607943918269231 0.5468616802884616
1 0.3663957139423077 0.5724592355769231 0.36350856971153844 0.5311711658653846 0.3332699110576923 0.5332856610576923 0.33615705288461534 0.5745737283653847 0.3663957139423077 0.5724592355769231
1 0.3097805552884615 0.5311226298076923 0.31192492067307687 0.5617884879807693 0.3351494591346154 0.56016446875 0.33300509375000004 0.529498610576923 0.3097805552884615 0.5311226298076923
1 0.3151816514423077 0.5538568028846154 0.3130372860576923 0.5231909447115385 0.29142339903846154 0.5247023365384615 0.2935677644230769 0.5553681923076923 0.3151816514423077 0.5538568028846154
1 0.27090059615384615 0.5261374302884616 0.2725088701923077 0.5491368221153846 0.2962529735576923 0.5474764735576924 0.2946446995192308 0.5244770793269231 0.27090059615384615 0.5261374302884616
1 0.4848775552884615 0.20459455528846154 0.47754666586538463 0.09975796153846155 0.32396336538461534 0.1104975528846154 0.3312942548076923 0.21533414663461536 0.4848775552884615 0.20459455528846154
1 0.5502354278846154 0 0.40819514903846155 0.009932423076923077 0.4154356105769231 0.1134758798076923 0.6450312115384615 0.0974209903846154 0.638218875 0 0.5502354278846154 0
1 0.49596205048076925 0.08983809375 0.5022272139423077 0.17943412500000003 0.6702024519230769 0.16768815144230767 0.6639372860576922 0.07809212259615385 0.49596205048076925 0.08983809375
1 0.4624586730769231 0.22221987019230768 0.577802016826923 0.21415427884615384 0.5716789471153846 0.12659032211538462 0.45633560576923077 0.13465591346153846 0.45667577403846155 0.13952057932692308 0.4546118725961538 0.13792031009615385 0.4028999447115385 0.23585212740384615 0.26760531971153845 0.2453128485576923 0.27272725480769233 0.3185599158653846 0.4080218798076923 0.30909919471153846 0.40324140625 0.2407352668269231 0.4624586730769231 0.22221987019230768
1 0 0.35155366586538467 0.0629606875 0.34715102403846154 0.059673091346153846 0.30013619951923076 0 0.30430894951923076 0 0.35155366586538467
1 0 0.29873982932692306 0.04219188221153846 0.2957894855769231 0.03929181971153846 0.25431668509615385 0 0.2570642379807692 0 0.29873982932692306