1 0.693982451923077 0.6301196658653846 0.7073961995192307 0.5720183389423077 0.6747142043269231 0.5644731057692307 0.6613004567307693 0.6225744326923077 0.693982451923077 0.6301196658653846
1 0.7510569302884615 0.6774114543269231 0.7678866009615385 0.6045141394230769 0.6980059975961539 0.5883809302884615 0.681176326923077 0.6612782451923077 0.7510569302884615 0.6774114543269231
1 0.849056733173077 0.7484058245192308 0.8718017860576922 0.6498861826923077 0.7510204951923077 0.622001625 0.7282754423076923 0.7205212668269231 0.849056733173077 0.7484058245192308
1 0.9330092139423076 0.8344025192307692 0.9581495769230769 0.7255076418269231 0.8706592668269231 0.7053089134615385 0.8455189038461538 0.8142037908653846 0.9330092139423076 0.8344025192307692
1 1 0.1046577451923077 0.8311373221153846 0.06567272596153846 0.8121206274038462 0.14804308173076922 0.9944090264423077 0.19012767548076923 1 0.16591050961538462 1 0.1046577451923077
1 0.9393467956730769 0.2484966201923077 0.9661534639423077 0.1323841875 0.7800589326923077 0.08942087980769231 0.7532522644230769 0.2055333125 0.9393467956730769 0.2484966201923077
1 0.7172070745192307 0.039369853365384615 0.7075425096153847 0.08123168028846153 0.8055377475961538 0.10385566346153846 0.8152023125000001 0.06199383894230769 0.7172070745192307 0.039369853365384615
1 0.7587309735576924 0.2709421778846154 0.7701034975961538 0.2216823581730769 0.6738337067307693 0.19945672596153846 0.6624611826923077 0.2487165456730769 0.7587309735576924 0.2709421778846154
1 0.7558536009615384 0.2875730120192308 0.7652473918269231 0.24688403846153847 0.6737987019230769 0.22577144471153848 0.6644049134615385 0.2664604182692308 0.7558536009615384 0.2875730120192308
1 0.7463819326923077 0.2985001875 0.754671795673077 0.2625928485576923 0.6693636658653846 0.24289791346153844 0.6610738028846155 0.2788052548076923 0.7463819326923077 0.2985001875
1 0.7424555288461538 0.31735956490384615 0.7509328509615384 0.28064024759615386 0.6674516634615385 0.2613670985576923 0.6589743413461538 0.29808641346153847 0.7424555288461538 0.31735956490384615
1 0.7325730288461538 0.3381698509615385 0.7417793581730769 0.29829285576923076 0.661343079326923 0.27972267548076923 0.6521367475961538 0.31959967307692305 0.7325730288461538 0.3381698509615385
1 0.7224571610576922 0.3498035576923077 0.7305803918269231 0.31461797355769233 0.6457797475961539 0.2950402019230769 0.637656516826923 0.3302257860576923 0.7224571610576922 0.3498035576923077
1 0.6755748966346153 0.22618151201923078 0.6831357524038462 0.19343185336538463 0.6483730721153846 0.1854062548076923 0.6408122163461538 0.2181559158653846 0.6755748966346153 0.22618151201923078
1 0.6760033197115385 0.37528457451923075 0.6808980889423076 0.35408300240384616 0.6174117884615384 0.33942603605769234 0.6125170216346154 0.36062760576923075 0.6760033197115385 0.37528457451923075
1 0.5623202307692308 0.37754721153846155 0.5663193605769231 0.3602250769230769 0.5302879663461538 0.3519065745192308 0.5262888365384616 0.36922870673076924 0.5623202307692308 0.37754721153846155
1 0.4999131274038462 0.3443238221153846 0.49578902644230766 0.3621872716346154 0.5278112908653847 0.36958019471153847 0.5319353918269231 0.35171674519230767 0.4999131274038462 0.3443238221153846
1 0.49002338221153846 0.3591456610576923 0.49402251201923075 0.3418235264423077 0.4632182067307692 0.3347117932692308 0.4592190769230769 0.35203392788461535 0.49002338221153846 0.3591456610576923
1 0.49377196875 0.22459596634615384 0.4997914927884616 0.19852254326923077 0.4674647379807692 0.19105932451923074 0.4614452139423077 0.2171327451923077 0.49377196875 0.22459596634615384
1 0.44684377403846154 0.4098048293269231 0.450467985576923 0.39410664423076924 0.42697145913461537 0.38868204567307696 0.4233472475961539 0.4043802283653846 0.44684377403846154 0.4098048293269231
1 0.4784873269230769 0.4176804879807693 0.48186159375 0.4030649375 0.45009306730769233 0.39573059375 0.4467188004807693 0.4103461466346153 0.4784873269230769 0.4176804879807693
1 0.5138748725961538 0.42299950000000003 0.5163743269230769 0.4121731658653846 0.4864834975961539 0.4052723245192308 0.4839840408653846 0.4160986586538461 0.5138748725961538 0.42299950000000003
1 0.5444640961538462 0.43405276201923076 0.54821328125 0.41781326201923075 0.5167492451923077 0.4105492163461539 0.5130000625 0.42678871875 0.5444640961538462 0.43405276201923076
1 0.5844083076923077 0.4295905552884615 0.5873035120192308 0.4170500504807692 0.5485317043269231 0.408098875 0.5456365 0.42063937740384616 0.5844083076923077 0.4295905552884615
1 0.5787973149038461 0.44254937980769227 0.5815467163461538 0.4306404134615385 0.5483064879807692 0.4229663004807692 0.5455570865384616 0.43487526682692307 0.5787973149038461 0.44254937980769227
1 0.5656760745192307 0.5174431923076923 0.5700709519230769 0.4984068894230769 0.5334305793269231 0.48994779086538465 0.5290357019230769 0.50898409375 0.5656760745192307 0.5174431923076923
1 0.5304877259615385 0.5110298293269231 0.5351325504807692 0.49091089182692305 0.5021460649038462 0.48329536057692307 0.4975012403846154 0.5034142980769231 0.5304877259615385 0.5110298293269231
1 0.4972512956730769 0.5044969326923077 0.5037707091346154 0.47625824519230775 0.46961700961538466 0.46837324038461536 0.46309759375 0.4966119278846154 0.4972512956730769 0.5044969326923077
1 0.46352705769230773 0.4961409086538462 0.4667971802884615 0.4819764543269231 0.42863435336538463 0.4731658725961539 0.42536423076923074 0.4873303269230769 0.46352705769230773 0.4961409086538462
1 0.5791509879807692 0.528536485576923 0.5829001730769231 0.512296985576923 0.5762013774038461 0.5107504471153846 0.5724521947115385 0.5269899471153846 0.5791509879807692 0.528536485576923
1 0.5847212307692308 0.5338136610576923 0.5890952788461539 0.5148675769230769 0.5820412451923077 0.5132390240384616 0.5776671971153846 0.5321851105769231 0.5847212307692308 0.5338136610576923
1 0.5929970240384616 0.5368646153846154 0.5971211274038462 0.5190011634615385 0.5858549735576923 0.5164001682692307 0.5817308701923077 0.5342636201923077 0.5929970240384616 0.5368646153846154
1 0.6009714254807692 0.5483985240384615 0.6064702307692308 0.5245805889423077 0.5948488365384615 0.5218975793269232 0.58935003125 0.5457155144230769 0.6009714254807692 0.5483985240384615
1 0.6720719423076923 0.5717504278846154 0.6780914663461538 0.5456770072115384 0.601156829326923 0.5279152451923077 0.5951373052884615 0.5539886682692308 0.6720719423076923 0.5717504278846154
1 0.1028700264423077 0 0.08177498317307694 0.09137267548076923 0.18809296874999998 0.11591811538461538 0.21485477403846154 0 0.1028700264423077 0
1 0.32975478846153844 0.2647477331730769 0.3354618798076923 0.24002760576923077 0.27847138221153844 0.2268703125 0.2727642908653846 0.25159043990384616 0.32975478846153844 0.2647477331730769
1 0.21795217548076923 0.23779573076923077 0.22601292067307693 0.20288080288461538 0.17790339903846153 0.19177384375 0.16984265384615385 0.2266887716346154 0.21795217548076923 0.23779573076923077
1 0.27151825240384614 0.24541102403846154 0.2774961177884615 0.21951804326923077 0.2237027716346154 0.20709887019230772 0.21772490625 0.2329918533653846 0.27151825240384614 0.24541102403846154
1 0.37584760817307694 0.2730133966346154 0.38415830048076927 0.23701583413461538 0.3360487788461538 0.22590887740384616 0.32773808653846154 0.26190643750000003 0.37584760817307694 0.2730133966346154
1 0.3813274278846154 0.2434893894230769 0.37457889663461535 0.2727204903846154 0.4397398942307692 0.28776409375 0.4464884254807692 0.25853299038461536 0.3813274278846154 0.2434893894230769
1 0.25747963942307694 0.30621893269230765 0.2616454014423077 0.28817504326923077 0.22683197115384615 0.28013772836538464 0.22266620913461538 0.2981816201923077 0.25747963942307694 0.30621893269230765
1 0.3981117548076923 0.32082112259615386 0.39394599519230766 0.3388650120192308 0.43322528846153846 0.34793335096153843 0.4373910480769231 0.32988946153846155 0.3981117548076923 0.32082112259615386
1 0.3926546081730769 0.34445862019230766 0.3981117548076923 0.32082112259615386 0.3557368076923077 0.3110380961538462 0.3502796610576923 0.3346755913461538 0.3926546081730769 0.34445862019230766
1 0.22368497596153844 0.2995571586538462 0.22785073557692306 0.28151326923076925 0.19049988221153846 0.27289014663461536 0.18633412259615384 0.2909340336538462 0.22368497596153844 0.2995571586538462
1 0.40106871875 0.4957854350961538 0.4060051442307693 0.47440342307692307 0.3522117956730769 0.46198425000000004 0.3472753701923077 0.4833662620192308 0.40106871875 0.4957854350961538
1 0.2715150216346154 0.5429434423076923 0.28711579326923076 0.47536907451923077 0.1307598485576923 0.4392714591346154 0.11515907692307693 0.5068458269230769 0.2715150216346154 0.5429434423076923
1 0 0.4755078509615384 0.12635020432692307 0.5046780937500001 0.13466089423076924 0.46868053365384615 0.003628420673076923 0.4384293028846154 0 0.45414572355769234 0 0.4755078509615384