2 0.4264699350961539 0.4394327764423077 0.4416541298076923 0.5052027548076923 0.4658611370192308 0.49961412740384614 0.45067693990384616 0.4338441490384615 0.4264699350961539 0.4394327764423077
1 0.71276940625 0 0.7321543774038461 0.08396554326923077 0.9071350024038461 0.04356808173076923 0.8970765192307693 0 0.71276940625 0
1 0.7426858557692307 0 0.6114161778846154 0.03030599278846154 0.6578644038461537 0.23149536778846153 0.9343419110576924 0.16766550721153847 0.8956332764423076 0 0.7426858557692307 0
1 0.926282485576923 0.2022158581730769 0.9019752740384616 0.09692975961538462 0.5959114278846154 0.16759016586538464 0.6202186370192307 0.27287626442307694 0.926282485576923 0.2022158581730769
1 0.7282788918269231 0.27463150240384615 0.7120532548076923 0.20435055048076922 0.5727995336538462 0.23649980528846154 0.5890251706730769 0.30678075721153847 0.7282788918269231 0.27463150240384615
1 0.7298689158653846 0.3009673293269231 0.7162260504807693 0.24187358894230768 0.5569774447115384 0.2786390264423077 0.5706203076923078 0.33773276682692305 0.7298689158653846 0.3009673293269231
1 0.6863841899038461 0.32678124278846155 0.6749075192307692 0.2770703269230769 0.5472751923076923 0.3065365697115384 0.558751860576923 0.3562474879807693 0.6863841899038461 0.32678124278846155
1 0.6983202091346155 0.33495383413461544 0.6907385264423076 0.30211395432692306 0.5430098125 0.33621981490384617 0.5505914975961539 0.36905969471153843 0.6983202091346155 0.33495383413461544
1 0.5905348076923077 0.2531214326923077 0.5818700264423077 0.21559014182692307 0.5064070961538462 0.23301213221153846 0.5150718774038462 0.2705434230769231 0.5905348076923077 0.2531214326923077
1 0.5923157379807692 0.2754220024038462 0.5845257668269231 0.24167992788461537 0.5064746658653847 0.2596994447115385 0.5142646370192308 0.2934415192307692 0.5923157379807692 0.2754220024038462
1 0.5020703533653846 0.09869325000000001 0.5217743990384616 0.1840408485576923 0.6372778509615386 0.15737477644230768 0.6175738052884616 0.07202717788461538 0.5020703533653846 0.09869325000000001
1 0.557460375 0 0.5149081442307692 0.00982395673076923 0.5406733701923077 0.12142541826923077 0.7252961995192307 0.07880187980769231 0.7071033533653845 0 0.557460375 0
1 0.49324887740384615 0 0.4480203052884616 0.010441838942307692 0.4640376538461538 0.07982059615384615 0.5373691514423077 0.0628906875 0.5228496923076923 0 0.49324887740384615 0
1 0.20924025480769232 0.05673093990384615 0.21767591826923077 0.09326981730769231 0.32424764423076924 0.06866579567307693 0.3158119807692307 0.03212691826923077 0.20924025480769232 0.05673093990384615
1 0.1405157139423077 0.23091416105769233 0.15674135096153846 0.30119511298076923 0.30335359615384616 0.2673470096153846 0.2871279591346154 0.19706605769230767 0.1405157139423077 0.23091416105769233
1 0.222625125 0.26450828125 0.23416427884615384 0.3144898581730769 0.32358303125000004 0.2938459110576923 0.31204387499999997 0.24386433653846154 0.222625125 0.26450828125
1 0.3610600096153846 0.14569233413461538 0.35554037740384614 0.12178417788461539 0.30946079326923076 0.13242248798076922 0.3149804254807692 0.15633064423076923 0.3610600096153846 0.14569233413461538
1 0.2519775384615385 0.2886158942307692 0.2609964110576923 0.3276809158653846 0.3406714639423077 0.30928648076923076 0.3316525913461538 0.27022145913461537 0.2519775384615385 0.2886158942307692
1 0.26200998557692307 0.3126225216346154 0.2705289663461538 0.34952227644230766 0.35842526682692305 0.32922981730769235 0.3499062860576923 0.2923300625 0.26200998557692307 0.3126225216346154
1 0.2963065264423077 0.3430959158653846 0.30380489423076923 0.3755749182692308 0.3810947716346154 0.35773114423076924 0.37359640384615384 0.3252521418269231 0.2963065264423077 0.3430959158653846
1 0 0.31257935336538456 0.17875993990384617 0.2713093701923077 0.15818108413461537 0.18217255528846155 0 0.21869153365384617 0 0.31257935336538456
1 0 0.4013784038461538 0.003614841346153846 0.41703600240384614 0.05223184855769231 0.40581188221153847 0.03913053365384615 0.34906384855769235 0 0.35809784375000003 0 0.4013784038461538
1 0.19293582451923078 0.4254982692307693 0.21808666826923076 0.43470618990384613 0.23351419471153845 0.4311444639423077 0.2273905264423077 0.4046199447115385 0.211963 0.40818166826923075 0.21563720192307695 0.42409638221153845 0.19014128846153847 0.42447516586538464 0.16219590865384617 0.4142441442307693 0.1601797283653846 0.4144893942307692 0.15940137259615383 0.4132210432692308 0.1590192644230769 0.4094628798076923 0.15437741826923077 0.38935683173076924 0.12275388942307693 0.39665769951923074 0.12307237740384616 0.3999207139423077 0.12027783894230769 0.3988976129807692 0.12011859375 0.3972661033653846 0.11748330048076923 0.3978745096153846 0.12560653365384616 0.43306009375 0.16250065144230771 0.4245424158653846 0.19293582451923078 0.4254982692307693
1 0.19267674519230768 0.4068375360576923 0.19863378365384615 0.43264029807692306 0.21796893990384614 0.4281764254807693 0.2120119014423077 0.4023736634615384 0.19267674519230768 0.4068375360576923
1 0.13271694471153844 0.8514429855769231 0.10591027884615384 0.7353305552884616 0.045164394230769234 0.7493548461538461 0.0719710625 0.8654672788461538 0.13271694471153844 0.8514429855769231
1 0.2573867091346154 0.7572813293269232 0.2318089423076923 0.64649184375 0.08068008413461537 0.6813826899038461 0.10625785336538461 0.7921721754807692 0.2573867091346154 0.7572813293269232
1 0.30806030048076927 0.6829588557692308 0.28966846875 0.6032950793269231 0.21232784615384614 0.6211505697115385 0.2307196778846154 0.7008143437500001 0.30806030048076927 0.6829588557692308
1 0.3411477980769231 0.6424402596153846 0.32737996153846155 0.5828052019230769 0.28008241346153845 0.5937247019230769 0.29385025 0.6533597596153846 0.3411477980769231 0.6424402596153846
1 0.363452 0.6054564951923077 0.3544123004807692 0.5663012548076923 0.31731518990384616 0.5748657980769231 0.3263548894230769 0.6140210384615384 0.363452 0.6054564951923077
1 0.3830955480769231 0.5870473149038461 0.37509728846153845 0.5524030480769231 0.35053504326923074 0.5580736875000001 0.3585333028846154 0.5927179567307692 0.3830955480769231 0.5870473149038461
1 0.39136500240384614 0.5719292475961538 0.38511636057692306 0.5448634110576923 0.3698410793269231 0.5483899879807692 0.3760897211538462 0.5754558245192307 0.39136500240384614 0.5719292475961538
1 0.40666306249999995 0.5615553846153847 0.4005393966346154 0.5350308653846154 0.37120679567307696 0.5418028317307693 0.3773304615384615 0.5683273485576923 0.40666306249999995 0.5615553846153847
1 0.41141683653846156 0.5501948461538462 0.406772014423077 0.5300759110576924 0.3948461298076923 0.53282921875 0.3994909519230769 0.5529481538461538 0.41141683653846156 0.5501948461538462
1 0.41503895913461536 0.5436569254807693 0.4116438653846154 0.52895115625 0.40281363701923073 0.5309897740384616 0.40620873076923075 0.5456955432692308 0.41503895913461536 0.5436569254807693
1 1 0.5200760576923077 0.8348014975961539 0.5582151370192308 0.8827493990384615 0.7659003125 1 0.7388308774038461 1 0.5200760576923077
1 0.7341072235576923 0.5233050096153846 0.7647672187500001 0.6561080408653847 0.8584488389423076 0.6344799326923076 0.8277888437500001 0.5016769038461538 0.7341072235576923 0.5233050096153846
1 0.7552373822115384 0.5801000048076923 0.7380952788461539 0.5058493942307692 0.6684684158653845 0.5219240240384615 0.6856105192307692 0.5961746322115384 0.7552373822115384 0.5801000048076923
1 0.6302924591346154 0.5156281586538461 0.6418316153846154 0.5656097355769231 0.6770002836538461 0.5574904086538461 0.6654611274038462 0.5075088317307692 0.6302924591346154 0.5156281586538461
1 0.6379230432692308 0.5426600336538462 0.6280085336538461 0.49971557451923077 0.6056284711538461 0.5048824182692307 0.6155429807692308 0.5478268774038462 0.6379230432692308 0.5426600336538462
1 0.5941771586538461 0.5034399495192308 0.6028211129807692 0.5408810240384615 0.6146962475961538 0.5381394326923077 0.6060522932692307 0.5006983605769231 0.5941771586538461 0.5034399495192308
1 0.5985735336538461 0.5245665288461538 0.5928039567307692 0.49957574278846156 0.5787466370192308 0.5028211298076923 0.5845162139423077 0.5278119158653847 0.5985735336538461 0.5245665288461538
1 0.5681758798076924 0.4970891586538461 0.573758 0.5212679711538462 0.5825374783653846 0.5192410697115385 0.5769553605769231 0.49506225721153846 0.5681758798076924 0.4970891586538461
1 0.5721333533653846 0.5142308557692308 0.5669053245192308 0.4915857716346154 0.5563496466346154 0.49402274278846153 0.5615776778846153 0.5166678245192308 0.5721333533653846 0.5142308557692308
1 0.5540086730769231 0.36950614182692304 0.5484057259615385 0.3452371105769231 0.5356171201923077 0.34818959374999997 0.5412200673076923 0.37245862500000004 0.5540086730769231 0.36950614182692304
1 0.5469537355769231 0.3891902548076923 0.5397469711538462 0.3579743245192307 0.5283285721153846 0.36061046875 0.5355353365384615 0.39182639903846156 0.5469537355769231 0.3891902548076923