2 0.41004992067307694 0.40077812740384616 0.42625403125 0.5327500048076923 0.4819813629807692 0.5259075504807693 0.46577725240384615 0.39393567067307694 0.41004992067307694 0.40077812740384616
1 0.44166418990384615 0.5364551538461538 0.43812095192307693 0.5075977908653846 0.42648955048076925 0.5090259471153846 0.4300327884615385 0.5378833100961539 0.44166418990384615 0.5364551538461538
1 0.43296523317307695 0.5361239302884615 0.4297605192307692 0.5100236442307693 0.4212308269230769 0.5110709591346153 0.4244355384615384 0.5371712451923076 0.43296523317307695 0.5361239302884615
1 0.4264666947115385 0.5537136802884615 0.42241566826923077 0.5207207115384616 0.40695882932692307 0.5226185721153846 0.4110098581730769 0.5556115408653846 0.4264666947115385 0.5537136802884615
1 0.4132102764423077 0.5735325120192308 0.4067895673076923 0.5212400360576923 0.3727741826923077 0.5254165985576923 0.3791948918269231 0.5777090769230769 0.4132102764423077 0.5735325120192308
1 0.3864264206730769 0.6242114350961538 0.37562744471153847 0.5362608197115384 0.29286356971153843 0.5464229447115385 0.3036625480769231 0.6343735600961539 0.3864264206730769 0.6242114350961538
1 0.32152118509615385 0.6712684447115385 0.3103836802884615 0.5805607548076923 0.23227236778846153 0.5901516177884616 0.2434098701923077 0.6808593076923077 0.32152118509615385 0.6712684447115385
1 0.25600650721153845 0.7449873509615385 0.2409759543269231 0.6225733269230769 0.09705676201923077 0.6402443822115385 0.11208731490384616 0.76265840625 0.25600650721153845 0.7449873509615385
1 0.11285030288461538 0.8419527644230769 0.09655592067307692 0.709245670673077 0.02413106971153846 0.7181383245192308 0.04042545192307692 0.8508454182692307 0.11285030288461538 0.8419527644230769
1 0.09537974519230769 0.3534965697115385 0.09011002403846155 0.31057813701923076 0.04875393509615385 0.31565602644230767 0.05402365625 0.3585744591346154 0.09537974519230769 0.3534965697115385
1 0.1392836514423077 0.3597668389423077 0.13541317307692308 0.32824431009615385 0.06071373557692307 0.33741624759615385 0.06458421634615384 0.3689387764423077 0.1392836514423077 0.3597668389423077
1 0.05701694230769231 0.052595615384615386 0.07140429567307692 0.16977120192307693 0.290539875 0.14286473557692309 0.27615252163461534 0.025689149038461537 0.05701694230769231 0.052595615384615386
1 0 0.19197201201923075 0.1491761201923077 0.17365548798076924 0.1347887668269231 0.056479901442307696 0 0.07302987980769231 0 0.19197201201923075
1 0.33923214423076925 0.27317976923076925 0.34428746394230775 0.3143520528846154 0.40285802884615385 0.30716049038461535 0.39780270673076923 0.2659882067307692 0.33923214423076925 0.27317976923076925
1 0.2520841177884615 0.22669468750000002 0.25932857451923075 0.28569604326923076 0.3891866923076923 0.2697514711538461 0.3819422379807692 0.21075011538461538 0.2520841177884615 0.22669468750000002
1 0.22047342307692308 0.2209673341346154 0.21066745432692308 0.14110413221153847 0.03190575961538462 0.1630533076923077 0.04171172596153846 0.24291650961538463 0.22047342307692308 0.2209673341346154