0 0.5070291682692308 0.3445266009615385 0.5407301682692307 0.49050167067307693 0.5801109591346154 0.48140989903846154 0.5464099591346154 0.33543482932692303 0.5070291682692308 0.3445266009615385
1 0.42319772115384613 0.5414882427884615 0.4183029519230769 0.5202866730769231 0.3489805817307693 0.5362910024038462 0.35387535096153844 0.5574925745192307 0.42319772115384613 0.5414882427884615
1 0.43247524519230773 0.5358303149038461 0.42710141586538464 0.5125536971153847 0.412130625 0.5160099783653846 0.41750445432692307 0.53928659375 0.43247524519230773 0.5358303149038461
1 0.44576684375000003 0.5264898485576923 0.4418926875 0.5097090336538461 0.4260084254807692 0.5133762043269231 0.4298825817307692 0.5301570192307692 0.44576684375000003 0.5264898485576923
1 0.24441451201923078 0.7036394158653846 0.2244813485576923 0.6172994014423078 0.11552444711538461 0.6424540841346154 0.13545761057692307 0.7287940985576923 0.24441451201923078 0.7036394158653846
1 0.1559051201923077 0.7634150769230769 0.13057729807692306 0.6537082235576922 0.032125322115384616 0.6764376538461538 0.05745314423076923 0.7861445072115385 0.1559051201923077 0.7634150769230769
1 0.5840003100961538 0 0.5851775961538461 0.005099384615384616 0.5429548966346154 0.014847262019230768 0.5564936153846154 0.07348990625 0.5987163173076924 0.0637420264423077 0.6079018197115384 0.10352880528846153 0.6953413846153846 0.08334179086538461 0.6761004158653846 0 0.5840003100961538 0
1 0.6310658509615384 0.18788754807692307 0.6229634447115384 0.15279218028846153 0.5798780192307692 0.16273923557692307 0.587980423076923 0.19783460096153846 0.6310658509615384 0.18788754807692307
1 0.6705808100961538 0.16641113942307692 0.6646446009615385 0.14069859615384617 0.6193262427884616 0.15116116346153846 0.6252624519230768 0.17687370673076924 0.6705808100961538 0.16641113942307692
1 0.7240794158653846 0.2578307620192308 0.7145189951923077 0.21642003365384616 0.6481400360576923 0.23174482451923076 0.657700454326923 0.2731555528846154 0.7240794158653846 0.2578307620192308
1 0.780223875 0.24239805769230768 0.7708300865384616 0.2017090889423077 0.6996300216346154 0.21814691826923077 0.7090238125 0.25883588942307695 0.780223875 0.24239805769230768
1 0.8409349975961539 0.21849886298076923 0.8337074038461538 0.18719271634615384 0.7765646586538462 0.20038515865384615 0.7837922524038461 0.23169130528846155 0.8409349975961539 0.21849886298076923
1 0.7322017427884616 0.31107190865384615 0.7277027211538462 0.29158450721153845 0.6867994783653846 0.3010277644230769 0.6912985 0.3205151658653846 0.7322017427884616 0.31107190865384615
1 0.69730534375 0.3224543605769231 0.6918898557692308 0.2989973028846154 0.6619990240384616 0.3058981466346154 0.6674145120192307 0.32935520432692306 0.69730534375 0.3224543605769231
1 0.666364329326923 0.3287424038461539 0.6604072932692309 0.30293963942307695 0.6199607860576923 0.31227745192307693 0.6259178245192308 0.3380802139423077 0.666364329326923 0.3287424038461539
1 0.7361819663461537 0 0.7500706322115385 0.060158420673076925 0.9004890120192308 0.025431603365384615 0.8946176634615385 0 0.7361819663461537 0