1 0.39240657692307696 0.50195459375 0.3843325288461538 0.4604172211538462 0.2660771298076923 0.48340374278846154 0.2741511754807692 0.5249411153846154 0.39240657692307696 0.50195459375
1 0.4100864375 0.5664324230769231 0.4030017716346154 0.52998496875 0.28050287980769234 0.5537963413461539 0.2875875480769231 0.5902437956730769 0.4100864375 0.5664324230769231
1 0.42505893509615383 0.6549235913461539 0.41504146394230773 0.6033881634615385 0.29468988221153847 0.6267821418269232 0.3047073533653846 0.6783175673076923 0.42505893509615383 0.6549235913461539
1 0.23142428846153845 0.6717163894230769 0.22481664423076925 0.6377230048076924 0.15047883653846153 0.6521728100961539 0.15708648076923076 0.6861661971153846 0.23142428846153845 0.6717163894230769
1 0.30532417548076923 0.6247150432692308 0.29846918509615383 0.5894491754807692 0.20853781971153845 0.6069300625 0.21539281009615385 0.6421959302884616 0.30532417548076923 0.6247150432692308
1 0.30455163701923077 0.6548607548076923 0.29965774038461535 0.6296838365384616 0.26427826201923077 0.6365609110576924 0.26917215865384614 0.661737829326923 0.30455163701923077 0.6548607548076923
1 0.7842607956730769 0 0.7203886490384614 0.01241548798076923 0.737526125 0.1005801514423077 0.8578777067307691 0.07718617307692308 0.8428742331730769 0 0.7842607956730769 0
1 0.8695143413461538 0.12586007692307694 0.8509104639423076 0.03015142548076923 0.737665451923077 0.05216402644230769 0.7562693293269231 0.14787267548076924 0.8695143413461538 0.12586007692307694
1 0.9702049254807693 0.48500517307692304 0.9599224399038462 0.432106375 0.8438143509615385 0.45467549999999995 0.8540968341346153 0.5075743004807692 0.9702049254807693 0.48500517307692304
1 0.8706581538461537 0.2261888533653846 0.8635558197115384 0.18965050721153845 0.7665690072115384 0.20850283173076922 0.77367134375 0.24504118028846153 0.8706581538461537 0.2261888533653846
2 0.4688396923076923 0 0.3910518461538462 0.015120425480769232 0.5277982932692308 0.7186199062499999 0.9603277716346154 0.6345446923076923 0.8369847788461539 0 0.4688396923076923 0
2 0.2885756442307692 0.6671157596153846 0.23573215384615384 0.3952595649038461 0.1422730673076923 0.4134261706730769 0.19511655769230768 0.6852823653846154 0.2885756442307692 0.6671157596153846
4 0.7394921586538461 0.6435135649038461 0.6942280240384615 0.41064978125 0.38205012980769226 0.4713310168269231 0.4273142620192308 0.7041948004807692 0.7394921586538461 0.6435135649038461
4 0.3400621346153846 0.2744287596153846 0.38532626923076924 0.5072925432692308 0.6897329495192307 0.4481218774038461 0.6444688173076922 0.21525809375 0.3400621346153846 0.2744287596153846
4 0.29534818028846155 0.08588540144230769 0.33181389903846153 0.2734852620192308 0.647519516826923 0.2121183076923077 0.6110537980769231 0.024518444711538464 0.29534818028846155 0.08588540144230769
4 0.45525232451923076 0 0.28436759375 0.033216627403846156 0.2946324110576923 0.08602453365384616 0.60824184375 0.025065033653846155 0.6033696947115385 0 0.45525232451923076 0
4 0 0.40325668028846157 0.11893019951923077 0.3801389903846154 0.09617446153846153 0.2630708605769231 0 0.28176528125 0 0.40325668028846157
4 0 0.49079085576923076 0.14028489903846153 0.46352223317307695 0.12143367788461538 0.3665411033653846 0 0.3901454182692307 0 0.49079085576923076
4 0 0.5432312355769231 0.00289834375 0.5581419206730769 0.1494777764423077 0.529649764423077 0.13479608413461538 0.4541190072115385 0 0.4803207115384615 0 0.5432312355769231
4 0 0.5432312283653846 0.016343310096153845 0.62731028125 0.16430315865384618 0.5985498004807692 0.1476780408653846 0.5130209855769231 0 0.5417266899038462 0 0.5432312283653846
4 0.17786037980769231 0.6794870408653846 0.15902682451923075 0.5825968028846155 0.05355303125 0.6030988317307693 0.07238658413461538 0.6999890697115384 0.17786037980769231 0.6794870408653846
4 0.07401434375 0.7009932259615385 0.056647192307692315 0.6116469735576924 0.015592677884615384 0.6196271634615385 0.03295982932692308 0.7089734158653846 0.07401434375 0.7009932259615385
4 0.21288833653846154 0.4063027451923077 0.1964928966346154 0.3219555216346154 0.07972016586538462 0.34465384134615384 0.09611560576923076 0.42900106490384615 0.21288833653846154 0.4063027451923077
4 0.2266262596153846 0.5864354158653846 0.21122019951923077 0.5071781105769231 0.12911117548076922 0.5231384879807692 0.14451723557692306 0.6023957932692308 0.2266262596153846 0.5864354158653846
4 0.21855785096153849 0.5149013990384615 0.19604945673076923 0.39910575000000004 0.09527929326923078 0.4186934855769231 0.1177876875 0.5344891346153846 0.21855785096153849 0.5149013990384615