1 0.7868260793269232 0.6023969639423077 0.7741401153846154 0.5304512860576923 0.6831992740384615 0.546486610576923 0.6958852379807693 0.6184322860576923 0.7868260793269232 0.6023969639423077
1 0.9730068677884615 0.5578156442307692 0.9614303221153846 0.49216179086538464 0.8406887908653846 0.51345178125 0.8522653341346154 0.5791056322115384 0.9730068677884615 0.5578156442307692
1 0.983988764423077 0.6326943798076923 0.9697431826923076 0.5519036706730769 0.8717240360576923 0.5691870913461539 0.8859696177884615 0.6499778004807693 0.983988764423077 0.6326943798076923
1 1 0.5530560264423077 0.958080875 0.5604474975961539 0.97277665625 0.6437914134615385 1 0.638991204326923 1 0.5530560264423077
1 1 0.4616545168269231 0.9858048966346153 0.38115008173076925 0.9268190144230769 0.3915508846153846 0.9432995120192308 0.4850164350961539 1 0.47501860817307695 1 0.4616545168269231
1 0.4139379663461539 0.5871951298076923 0.4094842115384615 0.5619366370192307 0.3491134471153846 0.5725816322115385 0.35356719951923077 0.5978401250000001 0.4139379663461539 0.5871951298076923
1 0.15748172115384615 0.8339962740384615 0.13633844951923077 0.7140868100961538 0.034780149038461536 0.7319942788461538 0.05592342307692308 0.8519037427884615 0.15748172115384615 0.8339962740384615
1 0.2715005048076923 0.49233992548076927 0.2661624326923077 0.4620662043269231 0.20297059855769228 0.47320862980769235 0.20830867307692308 0.5034823509615385 0.2715005048076923 0.49233992548076927
1 0.2917679591346154 0.6111815456730769 0.28686400721153843 0.5833698461538461 0.23500772355769228 0.5925135072115385 0.23991167788461537 0.6203252067307693 0.2917679591346154 0.6111815456730769
2 0.9326036899038462 0.6235148846153845 0.8426764447115385 0.1135121298076923 0.6707967163461538 0.14381916346153847 0.7607239639423077 0.6538219182692308 0.9326036899038462 0.6235148846153845
2 0.5416863004807693 0.5870466490384616 0.5056221466346154 0.3825166682692308 0.3700059110576923 0.40642946874999997 0.4060700649038462 0.6109594495192308 0.5416863004807693 0.5870466490384616
4 0.9461285192307692 0.1603332596153846 0.9249691658653846 0.04033260817307693 0.8404398317307693 0.05523741105769231 0.8615991850961537 0.17523806009615386 0.9461285192307692 0.1603332596153846
4 0.6520778822115385 0.17053102403846154 0.6307095096153846 0.04934495913461538 0.48509132451923076 0.07502137259615385 0.5064596971153846 0.1962074375 0.6520778822115385 0.17053102403846154
4 0.6649889471153846 0.24375330288461539 0.646289610576923 0.1377040985576923 0.5035437788461539 0.16287403846153847 0.5222431153846154 0.2689232451923077 0.6649889471153846 0.24375330288461539
4 0.6779428028846154 0.31301915625 0.6603689639423076 0.2133529639423077 0.5176231298076923 0.23852290625 0.53519696875 0.3381890985576923 0.6779428028846154 0.31301915625
4 0.6919204927884616 0.39648969230769227 0.6745556754807692 0.29800891586538464 0.5318098437500001 0.32317885817307695 0.5491746610576923 0.42165963221153846 0.6919204927884616 0.39648969230769227
4 0.7086974687500001 0.46254285817307694 0.6937765889423078 0.37792233894230765 0.5488764903846154 0.4034721370192308 0.5637973701923077 0.48809265384615386 0.7086974687500001 0.46254285817307694
4 0.7359919399038461 0.5801454254807692 0.7146074879807693 0.45886817548076925 0.59319915625 0.4802757403846154 0.6145836081730769 0.6015529903846154 0.7359919399038461 0.5801454254807692
4 0.6108394423076923 0.5722204951923077 0.5948091418269231 0.48130814903846153 0.5642903605769231 0.48668943509615387 0.5803206586538462 0.5776017788461538 0.6108394423076923 0.5722204951923077
4 0.3805729519230769 0.29719425 0.4085013677884615 0.4555841658653846 0.5288325649038461 0.43436652884615384 0.5009041490384616 0.2759766129807692 0.3805729519230769 0.29719425
4 0.5563444038461538 0.5870946153846154 0.5269528413461538 0.42040678365384615 0.4055445096153846 0.4418143485576923 0.4349360721153846 0.6085021802884616 0.5563444038461538 0.5870946153846154
4 0.5867397451923076 0.5726150624999999 0.5606925192307692 0.42489389903846153 0.5287375600961538 0.4305284206730769 0.5547847860576923 0.5782495841346154 0.5867397451923076 0.5726150624999999
4 0.7382942524038462 0.3688504014423077 0.7113466274038461 0.2160228269230769 0.65666928125 0.22566391826923077 0.68361690625 0.37849149278846156 0.7382942524038462 0.3688504014423077
4 0.738005173076923 0.45869141346153847 0.7212995745192308 0.36394925961538466 0.6829843990384615 0.37070525961538464 0.6996899951923077 0.46544741346153845 0.738005173076923 0.45869141346153847
4 0.7636673125000001 0.23020850721153846 0.7451930769230769 0.12543590384615386 0.6265545168269231 0.14635508173076922 0.6450287548076923 0.25112768509615385 0.7636673125000001 0.23020850721153846
4 0.25821298317307695 0.4286801442307692 0.27289268509615383 0.5119328725961538 0.3261851442307692 0.5025359759615384 0.3115054423076923 0.4192832451923077 0.25821298317307695 0.4286801442307692
4 0.34280105288461543 0.5913706201923077 0.32624016105769227 0.49744914182692307 0.2743838774038462 0.5065928028846154 0.29094476923076923 0.6005142836538462 0.34280105288461543 0.5913706201923077
4 0.6414400552884616 0.4125363485576923 0.6215991418269231 0.30001294471153844 0.4842902716346154 0.3242242019230769 0.5041311826923077 0.4367476081730769 0.6414400552884616 0.4125363485576923
1 0.26988086057692307 0.6184255865384615 0.24791758173076922 0.49386564182692305 0.18888040865384617 0.5042754903846154 0.2108436875 0.6288354326923078 0.26988086057692307 0.6184255865384615
1 0.20264014182692308 0.6362992836538461 0.1950510745192308 0.5932595360576923 0.01742663221153846 0.6245795192307693 0.025015701923076925 0.667619264423077 0.20264014182692308 0.6362992836538461
1 0.21257762740384617 0.6641636466346154 0.2060015048076923 0.626868610576923 0.11070083653846154 0.6436726899038461 0.11727695913461539 0.6809677235576923 0.21257762740384617 0.6641636466346154
1 0.22651561057692307 0.7150158990384615 0.2169006466346154 0.6604867307692307 0.11841987259615384 0.677851548076923 0.12803483653846154 0.7323807187500001 0.22651561057692307 0.7150158990384615