1 0.9664016850961539 0.49855358413461537 0.9557365865384615 0.44837823557692313 0.8019330649038461 0.48107018269230767 0.8125981658653847 0.53124553125 0.9664016850961539 0.49855358413461537
1 0.9969883197115385 0.45532366346153846 0.9913862548076923 0.4289680192307692 0.9434468341346154 0.43915785817307695 0.9490488990384616 0.4655135 0.9969883197115385 0.45532366346153846
1 0.10115981009615385 0.7636857043269232 0.08756854567307691 0.6997438317307693 0.034636495192307694 0.7109948870192307 0.04822775961538461 0.7749367572115384 0.10115981009615385 0.7636857043269232
1 0.16523499759615384 0.28480646875 0.1583046081730769 0.25220155048076925 0.08988522115384615 0.2667445408653846 0.09681561057692309 0.2993494591346154 0.16523499759615384 0.28480646875
1 0 0.3303409831730769 0.0671943798076923 0.3160583774038462 0.05866614903846154 0.27593620913461536 0 0.28840608653846156 0 0.3303409831730769
2 0.6186990865384616 0.6248076802884615 0.5472775697115385 0.2887958629807692 0.4618934350961539 0.30694482211538465 0.5333149519230769 0.6429566370192308 0.6186990865384616 0.6248076802884615
4 0.8076879447115384 0.5279348173076923 0.7869737812500001 0.43048233413461534 0.6788680913461539 0.45346090865384614 0.6995822572115385 0.5509133918269231 0.8076879447115384 0.5279348173076923
4 0.7036153701923078 0.55961690625 0.6825546850961538 0.46053417548076925 0.6007367139423077 0.4779251225961539 0.6217973990384615 0.5770078533653846 0.7036153701923078 0.55961690625
4 0.5788367115384616 0.39217869711538456 0.5985498197115384 0.4849215817307692 0.6867359399038461 0.4661770432692308 0.6670228317307692 0.37343415865384616 0.5788367115384616 0.39217869711538456
4 0.5521471514423077 0.31521254086538464 0.5681448004807692 0.39047556250000004 0.6640745889423076 0.3700850576923077 0.6480769399038462 0.2948220360576923 0.5521471514423077 0.31521254086538464
4 0.5334167908653846 0.22358602403846153 0.5528603846153847 0.31506093990384615 0.6438484903846154 0.29572082211538464 0.6244048966346154 0.20424590625 0.5334167908653846 0.22358602403846153
4 0.516265016826923 0.13938618509615386 0.5370561875000001 0.23720094471153846 0.6273310600961538 0.21801242788461536 0.606539891826923 0.12019766826923076 0.516265016826923 0.13938618509615386
4 0.4942187596153846 0.049695079326923075 0.5163382524038462 0.15375911298076922 0.6073263581730769 0.13441899519230768 0.5852068653846154 0.030354959134615386 0.4942187596153846 0.049695079326923075
4 0.5758912956730768 0.3783216081730769 0.5220460192307692 0.12499949278846154 0.40283428125 0.15033873076923077 0.4566795576923077 0.40366084375 0.5758912956730768 0.3783216081730769
4 0.6332257524038462 0.6099819567307693 0.5817676081730769 0.3678904254807692 0.45129698557692305 0.39562281250000003 0.5027551274038461 0.63771434375 0.6332257524038462 0.6099819567307693
4 0.5203793365384615 0.644475591346154 0.46705383653846155 0.39359884615384616 0.3189052307692308 0.4250888052884615 0.37223073076923074 0.6759655504807692 0.5203793365384615 0.644475591346154
4 0.26911229807692305 0.20110224999999998 0.32241854567307693 0.4518884254807692 0.4620593028846154 0.42220686778846156 0.4087530552884615 0.17142068990384615 0.26911229807692305 0.20110224999999998
2 0.6783264302884615 0 0.8110929567307692 0.6246174014423077 1 0.58446396875 1 0.4519570072115385 0.9039335721153846 0 0.6783264302884615 0
1 0.24383905288461538 0.6475952764423076 0.2525597932692308 0.6886231346153846 0.3718224783653846 0.6632730697115385 0.3631017379807692 0.6222452115384616 0.24383905288461538 0.6475952764423076
1 0.23826516346153845 0.6188671153846154 0.2461773581730769 0.656091064903846 0.36273994711538465 0.631314923076923 0.35482775 0.5940909711538461 0.23826516346153845 0.6188671153846154
1 0.23084457211538462 0.5864610528846154 0.23958456250000001 0.6275794807692308 0.3582868485576923 0.60234853125 0.34954685817307696 0.5612301033653846 0.23084457211538462 0.5864610528846154
1 0.2279212355769231 0.5621865408653846 0.23502488461538462 0.5956065841346153 0.3494477740384615 0.5712852475961538 0.342344125 0.5378652043269231 0.2279212355769231 0.5621865408653846
1 0.22166251923076924 0.5354971658653847 0.22736083894230769 0.56230565625 0.342344125 0.5378652043269231 0.33664580528846155 0.5110567139423077 0.22166251923076924 0.5354971658653847
1 0.2139620841346154 0.4992694783653846 0.22166251923076924 0.5354971658653847 0.3409251995192308 0.5101471009615385 0.33322476682692304 0.4739194110576923 0.2139620841346154 0.4992694783653846
1 0.20917889182692306 0.47927139903846155 0.21404941586538462 0.5021854110576923 0.3306120048076923 0.4774092668269231 0.32574148076923076 0.4544952548076923 0.20917889182692306 0.47927139903846155
1 0.2008988125 0.4430722548076923 0.20861849519230768 0.47939051442307695 0.32737172836538464 0.45414873557692303 0.31965204326923075 0.41783047596153844 0.2008988125 0.4430722548076923
1 0.19521974278846152 0.4163543341346154 0.2008988125 0.4430722548076923 0.31965204326923075 0.41783047596153844 0.3139729759615385 0.3911125552884615 0.19521974278846152 0.4163543341346154
1 0.18700985817307691 0.3802349350961538 0.19471029086538463 0.4164626225961538 0.3123427283653846 0.39145907692307697 0.30464229326923076 0.35523138701923074 0.18700985817307691 0.3802349350961538
1 0.1782071706730769 0.3520984134615385 0.18652363701923078 0.3912243173076923 0.30308622596153845 0.36644817307692307 0.2947697572115385 0.32732226923076924 0.1782071706730769 0.3520984134615385
1 0.17175593990384613 0.3245033485576923 0.18009165865384616 0.36371981971153844 0.29721464423076926 0.33882456009615386 0.2888789278846154 0.2996080889423077 0.17175593990384613 0.3245033485576923
1 0.1671042379807692 0.2865863557692308 0.1768452860576923 0.3324143846153846 0.29070777884615384 0.30821216346153846 0.2809667307692308 0.2623841370192308 0.1671042379807692 0.2865863557692308
1 0.15802170673076923 0.25462821153846155 0.1689755721153846 0.30616210096153845 0.2855891057692308 0.2813751274038462 0.2746352403846154 0.2298412403846154 0.15802170673076923 0.25462821153846155
1 0.15058796153846155 0.23017648317307693 0.16094504326923076 0.2789027235576923 0.2786284254807692 0.2538883485576923 0.26827134375 0.20516210576923077 0.15058796153846155 0.23017648317307693
1 0.12329054567307693 0.6571262548076924 0.1308947235576923 0.6929010985576922 0.22993216826923077 0.6718500408653847 0.2223279903846154 0.6360751971153846 0.12329054567307693 0.6571262548076924
1 0.11815637259615384 0.6367294711538461 0.12252636778846153 0.6572886875 0.22385634615384614 0.6357503341346155 0.21948635096153846 0.6151911201923077 0.11815637259615384 0.6367294711538461
1 0.11811437259615384 0.6137357355769231 0.12279238461538461 0.6357440576923078 0.21948635096153846 0.6151911201923077 0.21480833653846154 0.5931828004807692 0.11811437259615384 0.6137357355769231
1 0.11524832932692308 0.5812135264423077 0.12138942307692308 0.6101051057692307 0.21579085576923077 0.5900394639423077 0.2096497596153846 0.5611478822115384 0.11524832932692308 0.5812135264423077
1 0.11514105288461537 0.5654279110576923 0.11953030048076922 0.5860776971153846 0.21005989903846153 0.5668350360576923 0.2056706514423077 0.5461852524038462 0.11514105288461537 0.5654279110576923
1 0.11201064663461538 0.5431853004807692 0.11697742548076924 0.5665521586538461 0.20597866826923078 0.547634360576923 0.20101188942307693 0.5242675024038461 0.11201064663461538 0.5431853004807692
1 0.1062604375 0.5198903028846154 0.11064968509615383 0.5405400841346154 0.19883580528846154 0.521795545673077 0.1944465576923077 0.5011457644230769 0.1062604375 0.5198903028846154
1 0.07189828605769231 0.5027716225961538 0.0786169158653846 0.53438028125 0.1985418846153846 0.5088894423076923 0.19182325721153845 0.47728078124999995 0.07189828605769231 0.5027716225961538
1 0.027211165865384617 0.48642766346153843 0.034218560096153844 0.5193948605769231 0.19046744951923078 0.4861831346153846 0.18346005528846154 0.45321593750000005 0.027211165865384617 0.48642766346153843
1 0.021871617788461535 0.4157147956730769 0.037946271634615385 0.49134009615384616 0.1818154831730769 0.46075975240384615 0.16574082932692308 0.3851344495192308 0.021871617788461535 0.4157147956730769
1 0.08439048076923077 0.6755234663461539 0.09139787499999999 0.7084906610576923 0.13470128605769233 0.699286235576923 0.1276938918269231 0.6663190408653846 0.08439048076923077 0.6755234663461539
1 0.029191978365384615 0.6670934399038462 0.03358122596153846 0.6877432211538461 0.12798265625 0.6676775769230769 0.12359341105769231 0.647027795673077 0.029191978365384615 0.6670934399038462
1 0.02189581971153846 0.6327677067307692 0.029191978365384615 0.6670934399038462 0.12048575240384615 0.6476883485576923 0.11318959375000001 0.6133626153846155 0.02189581971153846 0.6327677067307692
1 0.01783733894230769 0.6364701947115384 0.11763896153846153 0.6152567067307693 0.11267218028846153 0.5918898461538462 0.012870557692307692 0.6131033365384615 0.01783733894230769 0.6364701947115384
1 0.012870557692307692 0.6131033365384615 0.11190800240384614 0.5920522764423077 0.10634443990384615 0.5658777740384615 0.0073069951923076925 0.5869288317307693 0.012870557692307692 0.6131033365384615
1 0.2856009206730769 0.20677961778846152 0.2685444615384615 0.12653528605769232 0.13124718028846155 0.15571872596153843 0.14830363942307692 0.23596305528846154 0.2856009206730769 0.20677961778846152
1 0.2735125841346154 0.2165433221153846 0.26109563461538465 0.1581261730769231 0.13862340384615385 0.18415844951923077 0.15104035096153845 0.2425755985576923 0.2735125841346154 0.2165433221153846