1 0.7193752355769232 0.5907486466346155 0.7257488485576923 0.5631414951923077 0.6626685384615385 0.5485782572115384 0.6562949254807692 0.5761854086538462 0.7193752355769232 0.5907486466346155
1 0.64146084375 0.5719054375 0.6470221346153846 0.5478168461538462 0.5949034855769231 0.5357843076923077 0.5893421971153846 0.5598729014423077 0.64146084375 0.5719054375
1 0.6078804615384615 0.6944364014423077 0.6158995504807692 0.6597019110576923 0.5663183245192308 0.6482551826923076 0.5582992355769231 0.682989673076923 0.6078804615384615 0.6944364014423077
1 0.6865485913461539 0.7239067211538461 0.6933387812499999 0.6944951802884615 0.6367035192307693 0.6814199014423077 0.6299133317307692 0.7108314423076922 0.6865485913461539 0.7239067211538461
1 0.7497751586538463 0.746866201923077 0.7571693822115384 0.7148382956730769 0.6956115240384615 0.7006265456730769 0.6882173004807692 0.7326544495192308 0.7497751586538463 0.746866201923077
1 0.9379228918269231 0.6258097884615386 0.9477749134615384 0.5831359879807693 0.8776913173076923 0.5669559134615384 0.8678392932692307 0.6096297139423077 0.9379228918269231 0.6258097884615386
1 0.9301732884615385 0.6869292908653846 0.9373800528846155 0.655713360576923 0.8592274567307693 0.6376704134615385 0.8520206899038462 0.6688863413461538 0.9301732884615385 0.6869292908653846
1 0.9087096274038462 0.761607610576923 0.9189782259615384 0.7171294206730768 0.8473721754807693 0.7005978629807692 0.837103576923077 0.7450760528846154 0.9087096274038462 0.761607610576923
1 0.8898912211538461 0.8248280600961538 0.8991392091346154 0.784770625 0.8310348004807693 0.7690474831730769 0.8217868149038462 0.8091049182692308 0.8898912211538461 0.8248280600961538
1 1 0.3800493485576923 0.9578849567307692 0.37032632451923075 0.9398888725961538 0.4482759302884615 1 0.4621536778846154 1 0.3800493485576923
1 1 0.42727834375 0.9096747067307691 0.4064251057692308 0.89363653125 0.47589408413461537 1 0.5004500264423076 1 0.42727834375
1 0.9840568774038462 0.5283186129807692 0.9959084663461539 0.47698374759615386 0.8775631009615386 0.4496615673076923 0.8657115144230769 0.5009964326923076 0.9840568774038462 0.5283186129807692
1 0.8656279543269231 0.5177971274038462 0.8735220697115385 0.4836039543269231 0.8446462091346153 0.47693743509615383 0.8367520913461538 0.511130608173077 0.8656279543269231 0.5177971274038462
1 0.8351214543269231 0.5265288197115384 0.8427656250000001 0.49341828125 0.8199288269230769 0.4881459903846154 0.81228465625 0.5212565312499999 0.8351214543269231 0.5265288197115384
1 1 0.1632901201923077 0.9697193004807693 0.15629926923076923 0.9487446971153847 0.2471502548076923 1 0.2589834735576923 1 0.1632901201923077
1 0.9426632451923077 0.29525591105769233 0.9557437307692307 0.23859809855769232 0.9209303028846154 0.23056078365384616 0.9078498149038462 0.28721859855769233 0.9426632451923077 0.29525591105769233
1 0.909942658653846 0.33835177884615386 0.9230231442307691 0.28169396153846155 0.884555826923077 0.27281308173076924 0.8714753389423078 0.32947089903846155 0.909942658653846 0.33835177884615386
1 0.9452526658653846 0.17174695192307693 0.9602910600961538 0.10660850961538461 0.9121815384615384 0.09550155288461538 0.8971431442307692 0.1606399951923077 0.9452526658653846 0.17174695192307693
1 0.9015518846153847 0.21563382692307692 0.9121537451923077 0.16971212740384617 0.8785075288461539 0.16194428605769232 0.8679056682692308 0.2078659855769231 0.9015518846153847 0.21563382692307692
1 0.8756215600961539 0.28395935817307694 0.8887020480769231 0.22730154326923074 0.8508437091346154 0.21856125721153846 0.8377632211538462 0.2752190721153846 0.8756215600961539 0.28395935817307694
1 0.5286015264423077 0.2133462860576923 0.5097722884615384 0.2949046706730769 0.5478336201923077 0.3036918221153846 0.5666628557692308 0.2221334375 0.5286015264423077 0.2133462860576923
1 0.46758737259615385 0.09073790384615385 0.4388227980769231 0.2153309639423077 0.5287997836538462 0.23610378846153848 0.5575643581730769 0.11151072836538461 0.46758737259615385 0.09073790384615385
1 0.41557206009615383 0 0.3954830336538461 0.08701513461538461 0.5071296057692307 0.1127907764423077 0.5323532836538462 0.0035350216346153847 0.5170414230769231 0 0.41557206009615383 0
1 0.5704238461538462 0.12179674278846155 0.55684346875 0.18061982451923075 0.6379394783653846 0.19934231249999998 0.6515198557692308 0.14051923076923079 0.5704238461538462 0.12179674278846155
1 0.6328889423076922 0.1610202956730769 0.6166008197115385 0.23157190384615384 0.6586712788461538 0.24128463461538463 0.6749594014423077 0.1707330264423077 0.6328889423076922 0.1610202956730769
1 0.6927008389423077 0.07466927884615385 0.6823489230769231 0.11950834615384615 0.6901641826923076 0.12131264182692308 0.7005160961538461 0.07647357451923077 0.6927008389423077 0.07466927884615385
1 0.5855800144230769 0.4235892067307692 0.5944739134615384 0.3850655024038462 0.5649890697115384 0.37825838942307694 0.5560951706730769 0.41678209374999997 0.5855800144230769 0.4235892067307692
1 0.5735711658653846 0.4174907596153846 0.5657187067307692 0.4515034927884616 0.5830746730769231 0.45551043509615385 0.5909271322115385 0.4214976995192308 0.5735711658653846 0.4174907596153846
1 0.5862223317307692 0.4705863798076923 0.5916586490384615 0.4470391033653846 0.5819149471153846 0.44478959375 0.5764786322115385 0.4683368701923077 0.5862223317307692 0.4705863798076923
1 0.5905305480769231 0.4597975192307692 0.5848234567307693 0.4845176490384615 0.5924864711538461 0.4862867956730769 0.5981935649038461 0.4615666658653846 0.5905305480769231 0.4597975192307692
1 0.5393757692307692 0.31323757692307697 0.5245456610576923 0.3774738293269231 0.5662608798076924 0.38710454567307695 0.5810909855769231 0.3228682956730769 0.5393757692307692 0.31323757692307697
1 0.5753400456730768 0.3572711730769231 0.5896077740384615 0.29547084855769234 0.545101389423077 0.28519574038461537 0.5308336610576924 0.3469960649038461 0.5753400456730768 0.3572711730769231
1 0.5534736298076923 0.272779375 0.5416220408653847 0.3241142403846154 0.5812565721153846 0.33326459375 0.5931081610576923 0.2819297259615384 0.5534736298076923 0.272779375
1 0.5841550144230769 0.30010372596153845 0.595715 0.25003193028846155 0.5623225240384616 0.24232267067307692 0.5507625408653847 0.29239446634615385 0.5841550144230769 0.30010372596153845
1 0.5660795480769231 0.2119257860576923 0.5525199975961539 0.27065864663461536 0.5910888100961539 0.2795629591346154 0.6046483605769231 0.22083009615384613 0.5660795480769231 0.2119257860576923
1 0.8567951802884616 0.39051080769230767 0.8659390240384616 0.35090446634615385 0.8381288774038461 0.34448398798076924 0.8289850336538461 0.38409032932692305 0.8567951802884616 0.39051080769230767
1 0.8232784423076923 0.7912989086538461 0.8358590384615384 0.7368063605769231 0.7871912812499999 0.7255705240384616 0.7746106875 0.7800630721153846 0.8232784423076923 0.7912989086538461
1 0.5955564783653846 0.03979305048076923 0.5766022692307693 0.12189274759615384 0.6379063870192307 0.13604591826923076 0.65686059375 0.05394622115384616 0.5955564783653846 0.03979305048076923
3 0.7155684014423076 0.4588259399038461 0.7197133341346155 0.4408722692307692 0.6929181562500001 0.4346861153846154 0.6887732259615384 0.4526397860576923 0.7155684014423076 0.4588259399038461
3 0.7098613100961538 0.48354606971153846 0.7155684014423076 0.4588259399038461 0.6908539110576922 0.4531201514423077 0.6851468197115385 0.4778402788461538 0.7098613100961538 0.48354606971153846
3 0.7040905817307692 0.5069211129807693 0.7096518725961538 0.48283251923076925 0.6852926201923076 0.47720874278846154 0.6797313317307693 0.5012973365384615 0.7040905817307692 0.5069211129807693
3 0.6989458677884616 0.5292053173076924 0.7036531778846153 0.5088157211538461 0.6758430336538462 0.5023952451923077 0.6711357235576922 0.5227848389423077 0.6989458677884616 0.5292053173076924
3 0.6948843581730769 0.55953190625 0.7018828365384615 0.529218170673077 0.6712815264423077 0.5221533028846154 0.6642830480769231 0.5524670384615384 0.6948843581730769 0.55953190625
3 0.7259359591346153 0.5660355384615385 0.7333510144230769 0.5339174134615384 0.6996540480769231 0.5261378557692308 0.6922389951923077 0.5582559807692308 0.7259359591346153 0.5660355384615385
3 0.7055891081730769 0.4988095697115385 0.6988822355769231 0.5278602307692307 0.72983878125 0.5350071129807692 0.7365456562499999 0.5059564519230769 0.7055891081730769 0.4988095697115385
3 0.7101506153846154 0.4790515096153846 0.7054433076923078 0.4994411033653846 0.7360446177884616 0.5065059735576922 0.7407519254807693 0.48611637740384617 0.7101506153846154 0.4790515096153846
3 0.7141484903846155 0.44737983173076923 0.7070042115384615 0.4783251033653846 0.7403966850961539 0.48603436538461536 0.7475409639423076 0.45508909374999995 0.7141484903846155 0.44737983173076923
3 0.743167375 0.6215189855769231 0.7487494927884615 0.5973401730769231 0.7220050625 0.591165733173077 0.7164229447115384 0.6153445480769231 0.743167375 0.6215189855769231
3 0.7385282980769231 0.6497166418269231 0.7450893701923077 0.6212975144230769 0.7165687451923077 0.6147130096153846 0.7100076730769231 0.6431321370192309 0.7385282980769231 0.6497166418269231
3 0.7315450072115385 0.6845952355769231 0.7393974639423077 0.6505825024038461 0.7098618725961539 0.6437636730769231 0.7020094134615384 0.67777640625 0.7315450072115385 0.6845952355769231
3 0.7262567908653845 0.7107424639423077 0.7322554855769231 0.6847592644230769 0.7020094134615384 0.67777640625 0.69601071875 0.7037596081730769 0.7262567908653845 0.7107424639423077
3 0.7548618798076923 0.7185818365384615 0.7628393100961539 0.6840277860576923 0.7301573149038462 0.6764825528846153 0.7221798846153846 0.7110366033653845 0.7548618798076923 0.7185818365384615
3 0.7371073413461539 0.6493885865384615 0.7304004663461539 0.67843925 0.7637929423076923 0.6861485096153845 0.7704998173076922 0.6570978485576924 0.7371073413461539 0.6493885865384615
3 0.7434460913461538 0.6189225432692307 0.7363018125 0.6498678149038462 0.766192641826923 0.6567686562499999 0.773336920673077 0.6258233846153847 0.7434460913461538 0.6189225432692307
3 0.749523608173077 0.5988492836538462 0.7442330913461539 0.6217650264423077 0.7744791610576923 0.6287478798076923 0.7797696778846154 0.6058321394230769 0.749523608173077 0.5988492836538462
3 0.7160839375 0.6087093365384615 0.7207912451923076 0.5883197427884616 0.6877540120192307 0.5806924951923077 0.6830467019230769 0.6010820913461539 0.7160839375 0.6087093365384615
3 0.7125059831730769 0.6306900576923078 0.7173590913461538 0.6096689278846154 0.6825964086538462 0.6016433317307692 0.6777433004807693 0.6226644615384616 0.7125059831730769 0.6306900576923078
3 0.7052344302884616 0.6589451586538462 0.7117955024038461 0.6305260312500001 0.6780477908653846 0.6227347572115385 0.6714867163461539 0.6511538870192308 0.7052344302884616 0.6589451586538462
3 0.6952663173076924 0.6768848365384615 0.7005568317307692 0.6539690961538462 0.6702600144230769 0.6469745240384616 0.6649694975961539 0.669890264423077 0.6952663173076924 0.6768848365384615
3 0.6895107740384615 0.7048247379807692 0.695926045673077 0.6770371466346153 0.6677606610576923 0.6705346538461538 0.661345389423077 0.6983222475961538 0.6895107740384615 0.7048247379807692
3 0.6384530360576923 0.6611076706730769 0.631600360576923 0.6907898677884615 0.6614911899038461 0.6976907091346154 0.6683438653846154 0.6680085120192308 0.6384530360576923 0.6611076706730769
3 0.6423017668269231 0.6379540937500001 0.6373028533653847 0.6596067620192307 0.6654682379807693 0.6661092548076923 0.6704671514423077 0.6444565841346154 0.6423017668269231 0.6379540937500001
3 0.6502376442307691 0.61631428125 0.6455303365384615 0.6367038774038462 0.6706000649038462 0.6424916802884616 0.6753073749999999 0.6221020841346154 0.6502376442307691 0.61631428125
3 0.6547991514423077 0.5965562211538461 0.6502376442307691 0.61631428125 0.6780477908653846 0.6227347572115385 0.682609298076923 0.6029766995192307 0.6547991514423077 0.5965562211538461
3 0.6619271995192307 0.5721641466346153 0.656220108173077 0.5968842740384616 0.6819495673076923 0.6028243894230769 0.6876566586538462 0.5781042596153847 0.6619271995192307 0.5721641466346153
3 0.6319453221153846 0.5925153653846154 0.6380689879807692 0.5659908461538461 0.6081274086538462 0.5590782884615385 0.6020037427884616 0.5856028076923077 0.6319453221153846 0.5925153653846154
3 0.627943891826923 0.6066060120192308 0.632651201923077 0.5862164158653846 0.6069217427884616 0.5802763004807692 0.6022144326923077 0.6006658990384616 0.627943891826923 0.6066060120192308
3 0.6229449807692308 0.6282586802884615 0.627943891826923 0.6066060120192308 0.6025696706730769 0.6007479110576923 0.5975707596153846 0.622400579326923 0.6229449807692308 0.6282586802884615
3 0.6170746009615384 0.6458139999999999 0.6212195336538462 0.627860329326923 0.5982304903846154 0.622552889423077 0.5940855576923076 0.6405065600961539 0.6170746009615384 0.6458139999999999
3 0.6112217091346154 0.6711656658653846 0.6169496298076923 0.6463553149038461 0.5925903774038461 0.6407315384615385 0.5868624567307692 0.6655418894230769 0.6112217091346154 0.6711656658653846
3 0.569051389423077 0.6301656153846154 0.5623445168269231 0.6592162788461539 0.5870082596153846 0.6649103509615385 0.5937151322115384 0.6358596875 0.569051389423077 0.6301656153846154
3 0.5745051947115385 0.6144146850961538 0.5699228557692307 0.6342629663461538 0.5956523173076923 0.6402030793269231 0.6002346538461538 0.6203547980769231 0.5745051947115385 0.6144146850961538
3 0.5807099807692307 0.5970315985576924 0.5767108509615384 0.6143537307692308 0.5992939086538461 0.6195674399038461 0.6032930384615385 0.6022453076923078 0.5807099807692307 0.5970315985576924
3 0.586565173076923 0.5749114206730769 0.5815662596153847 0.5965640889423077 0.6030836009615385 0.6015317572115385 0.6080825120192308 0.5798790913461539 0.586565173076923 0.5749114206730769
3 0.5895622211538462 0.558688329326923 0.5860004975961538 0.574115858173077 0.6082283149038461 0.5792475528846154 0.6117900384615385 0.5638200264423077 0.5895622211538462 0.558688329326923
3 0.6017690504807692 0.5074354759615385 0.59447896875 0.5390122860576922 0.6160470552884616 0.543991670673077 0.6233371370192308 0.5124148629807692 0.6017690504807692 0.5074354759615385
3 0.6044755384615385 0.4813574086538462 0.5986226442307692 0.5067090721153846 0.6233371370192308 0.5124148629807692 0.6291900288461538 0.4870631971153846 0.6044755384615385 0.4813574086538462
3 0.6112635360576923 0.4614481754807693 0.6065562259615385 0.4818377716346154 0.6302049975961539 0.48729752163461537 0.6349123076923077 0.4669079230769231 0.6112635360576923 0.4614481754807693
3 0.6250687451923077 0.43337109615384617 0.6186534759615385 0.4611586875 0.6339795024038462 0.46469698076923077 0.6403947740384616 0.43690938942307694 0.6250687451923077 0.43337109615384617
3 0.6575461129807691 0.47213335096153847 0.6652527692307693 0.43875215624999997 0.6426189639423078 0.4335267283653846 0.6349123076923077 0.4669079230769231 0.6575461129807691 0.47213335096153847
3 0.6554380144230769 0.5002501346153847 0.6615616826923076 0.47372561538461533 0.6344112668269232 0.4674574471153846 0.6282875985576923 0.49398196875 0.6554380144230769 0.5002501346153847
3 0.64929121875 0.5236333846153847 0.6547275360576923 0.500086108173077 0.6282875985576923 0.49398196875 0.6228512836538461 0.5175292427884616 0.64929121875 0.5236333846153847
3 0.6431467235576923 0.5502481225961539 0.6491454182692308 0.524264920673077 0.62306071875 0.5182427932692307 0.6170620240384616 0.5442259951923076 0.6431467235576923 0.5502481225961539
1 0.6266361610576923 0.3291069615384616 0.61440965625 0.38206577644230766 0.6337448124999999 0.38652964903846154 0.6459713173076923 0.3335708341346154 0.6266361610576923 0.3291069615384616
1 0.6447227019230769 0.24405112740384613 0.6387240072115384 0.27003432692307694 0.6711015120192307 0.27750926442307694 0.6771002067307692 0.25152606250000004 0.6447227019230769 0.24405112740384613
1 0.6613038918269231 0.21205358173076924 0.6545970192307693 0.24110424519230772 0.6712932548076923 0.244958875 0.6780001298076923 0.21590821153846151 0.6613038918269231 0.21205358173076924