1 0.7287995240384616 0.5633371033653846 0.7317611634615384 0.535158983173077 0.6673762307692308 0.5283918533653846 0.6644145913461539 0.5565699759615385 0.7287995240384616 0.5633371033653846
1 0.6491694855769231 0.5541297259615384 0.6517536610576923 0.5295429350961538 0.5985571009615385 0.5239517524038462 0.5959729254807692 0.5485385408653847 0.6491694855769231 0.5541297259615384
1 0.6307721730769231 0.67983978125 0.6344984206730769 0.6443869158653845 0.5838917596153845 0.6390679423076923 0.5801655144230768 0.6745208052884616 0.6307721730769231 0.67983978125
1 0.712445451923077 0.6995031995192308 0.7156006634615385 0.6694833725961539 0.6577940769230769 0.66340765625 0.6546388653846154 0.6934274831730769 0.712445451923077 0.6995031995192308
1 0.7779987956730768 0.7145861634615385 0.7814346826923076 0.6818958605769231 0.7186036899038462 0.6752920576923077 0.7151678004807691 0.7079823605769231 0.7779987956730768 0.7145861634615385
1 0.9499910360576924 0.5715026442307692 0.9545689951923078 0.5279462692307693 0.8830359350961537 0.5204278413461538 0.8784579759615384 0.5639842163461538 0.9499910360576924 0.5715026442307692
1 0.9497477908653846 0.6331110120192308 0.9530965745192308 0.6012494783653847 0.8733276322115385 0.5928654254807693 0.8699788485576924 0.6247269591346154 0.9497477908653846 0.6331110120192308
1 0.9375451153846155 0.7098484543269231 0.9423166466346153 0.6644503701923077 0.8692296466346154 0.6567686177884616 0.8644581153846154 0.7021667019230768 0.9375451153846155 0.7098484543269231
1 0.9265716153846154 0.7748910528846154 0.9308688966346155 0.7340051538461538 0.8613559591346154 0.7266990480769231 0.8570586778846153 0.7675849495192307 0.9265716153846154 0.7748910528846154
1 1 0.32193693269230766 0.9386687067307692 0.31549075480769234 0.9303064302884615 0.39505250480769233 1 0.40237759615384616 1 0.32193693269230766
1 1 0.2844165769230769 0.9891873798076923 0.283280125 0.9813864615384615 0.3575009254807692 1 0.35945728846153846 1 0.2844165769230769
1 1 0.3682089326923077 0.8952171442307691 0.35719581009615387 0.8877646514423077 0.4281015408653846 1 0.4398979495192308 1 0.3682089326923077
1 0.9838999639423077 0.4691158365384615 0.9894070649038462 0.41671926682692306 0.8686140913461539 0.4040234134615384 0.8631069903846154 0.4564199831730769 0.9838999639423077 0.4691158365384615
1 0.8650715432692307 0.4731056298076923 0.8687397187499999 0.43820527884615385 0.8392666490384616 0.4351075336538462 0.8355984735576923 0.47000788701923074 0.8650715432692307 0.4731056298076923
1 0.8358565600961538 0.4854900480769231 0.8394085937500001 0.45169471875 0.8160994855769231 0.44924483173076923 0.8125474543269231 0.4830401610576923 0.8358565600961538 0.4854900480769231
1 1 0.10956985817307692 0.9243315024038462 0.10161677884615385 0.9145851899038462 0.19434673798076924 0.9949239134615385 0.20279067788461538 1 0.15449493269230768 1 0.10956985817307692
1 0.9144116730769232 0.2428349639423077 0.9204898076923077 0.1850053581730769 0.8849563701923077 0.18127064423076922 0.878878235576923 0.23910025000000001 0.9144116730769232 0.2428349639423077
1 0.8871870432692308 0.28959723798076925 0.8932651802884616 0.2317676298076923 0.8540022860576924 0.2276409326923077 0.8479241490384616 0.28547054086538465 0.8871870432692308 0.28959723798076925
1 0.9615567355769231 0.047898788461538465 0.9562819182692308 0.09808531009615384 0.9888110721153847 0.10150426201923077 0.9940858870192308 0.05131774038461538 0.9615567355769231 0.047898788461538465
1 0.9019298365384615 0.11993105048076923 0.9089177572115384 0.05344542067307692 0.8598132403846154 0.04828432932692307 0.8528253173076923 0.11476995673076923 0.9019298365384615 0.11993105048076923
1 0.8639032596153846 0.1688165841346154 0.8688296466346154 0.12194513701923076 0.8344875624999999 0.11833563701923078 0.8295611754807692 0.16520708653846153 0.8639032596153846 0.1688165841346154
1 0.8464930024038462 0.23979293990384615 0.8525711394230769 0.18196333173076923 0.8139298197115384 0.17790196634615382 0.8078516826923077 0.23573157211538462 0.8464930024038462 0.23979293990384615
1 0.49345403605769234 0.21199731009615386 0.4847046153846154 0.2952424783653846 0.5235531274038462 0.2993256201923077 0.5323025456730769 0.21608045432692308 0.49345403605769234 0.21199731009615386
1 0.41795246875 0.09773858653846154 0.404586375 0.22490846874999998 0.4964242572115385 0.23456101923076922 0.5097903485576923 0.10739113701923077 0.41795246875 0.09773858653846154
1 0.3567398533653846 0 0.34593189423076925 0.102830875 0.4598875288461538 0.11480809375 0.47160826442307696 0.003292721153846154 0.44028011298076924 0 0.3567398533653846 0
1 0.5238075336538461 0.11603330528846154 0.5174971129807692 0.1760729591346154 0.60027034375 0.1847727764423077 0.606580764423077 0.1247331201923077 0.5238075336538461 0.11603330528846154
1 0.5905871754807692 0.1473519110576923 0.5830185408653846 0.2193626610576923 0.6259590961538462 0.22387589423076923 0.6335277307692307 0.15186514423076922 0.5905871754807692 0.1473519110576923
1 0.6394296995192307 0.05435530528846154 0.634619454326923 0.10012173076923078 0.6425963485576923 0.10096013461538461 0.6474065913461539 0.05519371153846154 0.6394296995192307 0.05435530528846154
1 0.5756299807692308 0.4137291802884615 0.5797627259615384 0.3744087331730769 0.5496680793269231 0.3712456586538462 0.5455353341346154 0.4105661057692308 0.5756299807692308 0.4137291802884615
1 0.5629674302884615 0.4091397019230769 0.5593186105769231 0.4438558846153846 0.5770335336538461 0.445717798076923 0.5806823509615385 0.4110016153846154 0.5629674302884615 0.4091397019230769
1 0.5819950240384615 0.4602977668269231 0.5845211298076923 0.43626348798076925 0.5745759110576923 0.4352182019230769 0.5720498052884616 0.4592524807692308 0.5819950240384615 0.4602977668269231
1 0.5849562980769231 0.44906428365384615 0.5823043725961539 0.47429567307692305 0.5901258725961539 0.47511774519230765 0.5927777980769231 0.4498863557692308 0.5849562980769231 0.44906428365384615
1 0.5163216538461538 0.30983097836538465 0.5094305168269231 0.37539575721153845 0.5520084855769231 0.3798708798076923 0.5588996225961538 0.3143061033653846 0.5163216538461538 0.30983097836538465
1 0.5573842019230769 0.34915341105769226 0.5640140168269231 0.2860749375 0.51858715625 0.28130038221153847 0.51195734375 0.34437885336538465 0.5573842019230769 0.34915341105769226
1 0.5253838173076922 0.2679562451923077 0.5198767139423077 0.32035281490384615 0.5603309639423076 0.32460472836538456 0.5658380649038461 0.2722081586538462 0.5253838173076922 0.2679562451923077
1 0.5591665096153846 0.2913378076923077 0.5645381105769232 0.24023043028846153 0.530455014423077 0.23664815384615384 0.5250834134615384 0.28775552884615385 0.5591665096153846 0.2913378076923077
1 0.5304795841346154 0.20601997596153848 0.5241788413461539 0.2659675432692308 0.5635453317307693 0.2701051298076923 0.5698460745192307 0.21015756009615386 0.5304795841346154 0.20601997596153848
1 0.8407923076923077 0.34784452884615386 0.8450411971153847 0.30741905288461535 0.8166558822115384 0.30443563701923076 0.8124069927884616 0.3448611105769231 0.8407923076923077 0.34784452884615386
1 0.8563691802884615 0.7497298798076923 0.86221503125 0.6941103221153846 0.812540733173077 0.68888934375 0.8066948822115385 0.7445089014423077 0.8563691802884615 0.7497298798076923
1 0.5387590961538462 0.031577956730769234 0.5299516057692307 0.11537563461538461 0.5925236081730769 0.12195221634615384 0.6013310985576923 0.03815454086538462 0.5387590961538462 0.031577956730769234
3 0.7089437331730769 0.4328616658653846 0.710869766826923 0.4145366802884615 0.6835204134615385 0.41166214663461537 0.6815943798076923 0.4299871322115385 0.7089437331730769 0.4328616658653846
3 0.7062918076923077 0.45809305528846156 0.7089437331730769 0.4328616658653846 0.6837180985576924 0.43021034375 0.6810661730769231 0.45544173317307696 0.7062918076923077 0.45809305528846156
3 0.7034127932692308 0.4819971394230769 0.7059969687500001 0.4574103461538461 0.6811339230769231 0.4547971346153846 0.6785497475961539 0.47938392788461537 0.7034127932692308 0.4819971394230769
3 0.7010221899038461 0.5047422235576924 0.7032095432692308 0.4839309326923077 0.6748242331730769 0.48094751682692305 0.6726368774038461 0.5017588076923076 0.7010221899038461 0.5047422235576924
3 0.7006868341346154 0.5353377355769231 0.7039388317307692 0.5043970552884616 0.6727046274038462 0.5011142091346155 0.6694526298076924 0.5320548894230769 0.7006868341346154 0.5353377355769231
3 0.7322995745192308 0.5380086514423077 0.7357451442307692 0.5052262620192308 0.7013512596153846 0.5016113197115385 0.6979056923076924 0.5343937091346154 0.7322995745192308 0.5380086514423077
3 0.7039116009615385 0.4737634326923077 0.7007951057692308 0.5034149182692308 0.7323918918269231 0.5067358725961538 0.735508389423077 0.4770843894230769 0.7039116009615385 0.4737634326923077
3 0.7060312067307692 0.45359673798076927 0.7038438509615385 0.4744080288461538 0.7350780552884615 0.47769087740384614 0.7372654086538462 0.4568795865384615 0.7060312067307692 0.45359673798076927
3 0.7061394735576924 0.42167391826923073 0.7028197283653845 0.45325919951923077 0.7369028221153846 0.45684147596153846 0.7402225697115384 0.4252561971153846 0.7061394735576924 0.42167391826923073
3 0.75616428125 0.5909785528846154 0.7587581346153847 0.5662996754807692 0.7314605793269231 0.5634305865384616 0.7288667259615385 0.5881094639423077 0.75616428125 0.5909785528846154
3 0.7549962139423076 0.619531389423077 0.7580449591346153 0.5905245 0.7289344759615385 0.5874648653846154 0.7258857283653846 0.6164717548076923 0.7549962139423076 0.619531389423077
3 0.7523156057692308 0.6550010528846154 0.7559644230769231 0.6202848701923076 0.7258179783653845 0.6171163509615384 0.7221691610576924 0.6518325336538461 0.7523156057692308 0.6550010528846154
3 0.7502533533653846 0.6815978557692308 0.753040778846154 0.6550772716346154 0.7221691610576924 0.6518325336538461 0.7193817355769231 0.6783531177884616 0.7502533533653846 0.6815978557692308
3 0.7796006009615385 0.6858927091346154 0.7833074903846153 0.6506240168269231 0.7499495697115385 0.6471179567307692 0.7462426802884615 0.6823866514423076 0.7796006009615385 0.6858927091346154
3 0.7535458677884616 0.619378951923077 0.7504293725961539 0.6490304375 0.7845124663461539 0.6526127163461539 0.7876289639423076 0.6229612283653847 0.7535458677884616 0.619378951923077
3 0.7561244927884616 0.5883674975961538 0.7528047451923077 0.6199527764423076 0.7833137740384615 0.6231594038461539 0.7866335216346154 0.591574125 0.7561244927884616 0.5883674975961538
3 0.7597103942307691 0.5677031995192308 0.7572520384615384 0.5910928798076923 0.78812365625 0.5943376177884615 0.7905820096153846 0.5709479350961538 0.7597103942307691 0.5677031995192308
3 0.7277216153846153 0.5815650264423077 0.7299089711538461 0.5607537355769231 0.6961884615384615 0.5572095673076923 0.6940011081730769 0.5780208581730769 0.7277216153846153 0.5815650264423077
3 0.7268491057692308 0.6038179495192307 0.7291042115384615 0.5823620625 0.6936225697115385 0.5786327932692308 0.6913674663461538 0.6000886802884615 0.7268491057692308 0.6038179495192307
3 0.7230751850961539 0.6327486225961538 0.7261239326923078 0.6037417307692308 0.6916782524038462 0.6001213437499999 0.6886295072115385 0.6291282355769231 0.7230751850961539 0.6327486225961538
3 0.7153676706730769 0.6517693846153846 0.7178260240384616 0.628379704326923 0.686902610576923 0.6251295216346153 0.6844442548076923 0.6485192043269231 0.7153676706730769 0.6517693846153846
3 0.7130600456730769 0.6802024519230769 0.7160410432692307 0.6518401610576923 0.6872931442307693 0.6488186346153846 0.6843121466346154 0.6771809254807692 0.7130600456730769 0.6802024519230769
3 0.6570551153846154 0.6430336177884615 0.6538708677884616 0.6733296995192308 0.6843798966346154 0.676536326923077 0.6875641442307692 0.6462402451923077 0.6570551153846154 0.6430336177884615
3 0.6580534447115384 0.6195835817307693 0.6557305913461539 0.6416840697115384 0.6844784879807692 0.6447055961538461 0.68680134375 0.6226051081730769 0.6580534447115384 0.6195835817307693
3 0.6632929423076923 0.5971379278846154 0.6611055865384615 0.6179492211538461 0.6866938052884616 0.6206386514423077 0.6888811610576924 0.5998273581730769 0.6632929423076923 0.5971379278846154
3 0.665412545673077 0.5769712355769231 0.6632929423076923 0.5971379278846154 0.6916782524038462 0.6001213437499999 0.6937978581730769 0.5799546514423077 0.665412545673077 0.5769712355769231
3 0.6695148149038462 0.5518922836538461 0.6668628894230769 0.5771236730769231 0.693124483173077 0.5798838774038462 0.6957764086538462 0.5546524879807693 0.6695148149038462 0.5518922836538461
3 0.6422366081730769 0.5757456802884615 0.6450821057692308 0.5486725841346154 0.6145212764423077 0.5454605120192307 0.6116757788461539 0.572533608173077 0.6422366081730769 0.5757456802884615
3 0.6399822235576923 0.5902189495192307 0.6421695793269231 0.56940765625 0.6159079855769231 0.5666474519230769 0.6137206298076923 0.5874587451923077 0.6399822235576923 0.5902189495192307
3 0.6376593677884616 0.6123194350961538 0.6399822235576923 0.5902189495192307 0.6140832139423077 0.5874968533653846 0.611760358173077 0.6095973389423077 0.6376593677884616 0.6123194350961538
3 0.6339722019230769 0.6304593197115385 0.635898235576923 0.6121343317307693 0.6124337331730769 0.6096681129807693 0.6105076995192308 0.6279931009615385 0.6339722019230769 0.6304593197115385
3 0.6312525264423077 0.6563353052884615 0.6339141298076924 0.6310118293269231 0.6090510817307693 0.6283986177884615 0.6063894783653846 0.65372209375 0.6312525264423077 0.6563353052884615
3 0.584399889423077 0.6207801322115384 0.5812833918269231 0.6504316177884615 0.6064572283653846 0.6530774951923076 0.6095737259615385 0.6234260096153845 0.584399889423077 0.6207801322115384
3 0.5878934855769231 0.6044819543269231 0.5857642019230769 0.6247407379807692 0.6120257956730769 0.6275009423076923 0.6141550793269231 0.6072421610576924 0.5878934855769231 0.6044819543269231
3 0.5919335576923077 0.5864722668269231 0.5900752740384616 0.60415265625 0.613125391826923 0.6065753197115384 0.6149836754807693 0.5888949326923076 0.5919335576923077 0.5864722668269231
3 0.5950493341346154 0.5638034014423077 0.5927264807692307 0.5859038870192308 0.6146888389423076 0.5882122235576923 0.6170116947115385 0.5661117379807693 0.5950493341346154 0.5638034014423077
3 0.5960469471153846 0.5473359879807692 0.5943919134615384 0.5630825841346154 0.6170794447115384 0.5654671394230769 0.6187344783653846 0.5497205432692308 0.5960469471153846 0.5473359879807692
3 0.6019166346153846 0.4949775264423077 0.598529139423077 0.5272074038461538 0.6205432956730769 0.5295211850961539 0.6239307908653846 0.4972913076923077 0.6019166346153846 0.4949775264423077
3 0.6014248317307692 0.46876400240384614 0.59870515625 0.49463998557692307 0.6239307908653846 0.4972913076923077 0.6266504663461538 0.4714153221153846 0.6014248317307692 0.46876400240384614
3 0.6057359086538462 0.44817592067307693 0.6035485528846154 0.4689872139423077 0.6276864254807693 0.4715242067307692 0.6298737812499999 0.4507129134615384 0.6057359086538462 0.44817592067307693
3 0.6160164807692308 0.4186256923076923 0.6130354855769231 0.4469879831730769 0.6286784855769232 0.4486321298076923 0.6316594807692308 0.42026983894230774 0.6160164807692308 0.4186256923076923
3 0.6529756971153847 0.4531410216346154 0.6565567644230769 0.41906943990384615 0.6334548485576923 0.4166413317307692 0.6298737812499999 0.4507129134615384 0.6529756971153847 0.4531410216346154
3 0.6543098870192308 0.4813051418269231 0.6571553846153846 0.4542320432692308 0.6294434471153847 0.4513194014423077 0.6265979495192308 0.4783925 0.6543098870192308 0.4813051418269231
3 0.651058610576923 0.5052632019230769 0.6535847139423077 0.4812289230769231 0.6265979495192308 0.4783925 0.6240718461538461 0.5024267788461538 0.651058610576923 0.5052632019230769
3 0.6482034350961539 0.5324283822115384 0.6509908605769231 0.5059078004807692 0.6243666802884615 0.503109485576923 0.6215792548076924 0.5296300697115385 0.6482034350961539 0.5324283822115384
1 0.6048656129807692 0.3149477043269231 0.5991842980769231 0.36900181249999997 0.6189193413461538 0.37107604807692307 0.6246006562499999 0.31702194230769226 0.6048656129807692 0.3149477043269231
1 0.6124516394230769 0.2283216706730769 0.6096642139423077 0.25484225240384617 0.6427113485576924 0.25831564663461537 0.6454987740384616 0.23179506490384616 0.6124516394230769 0.2283216706730769
1 0.6250097163461539 0.19454189182692308 0.6218932211538462 0.22419337740384615 0.638934766826923 0.22598451682692305 0.6420512644230769 0.19633302884615383 0.6250097163461539 0.19454189182692308