1 0.42191659615384614 0.13665004807692308 0.43887945192307687 0.23285117788461537 0.48088765624999996 0.22544399759615383 0.46392480288461535 0.12924287019230768 0.42191659615384614 0.13665004807692308
1 0.7612583317307693 0.3914091538461539 0.7656799302884616 0.4164852764423077 0.7885048990384615 0.41246062019230767 0.7840833028846154 0.38738449519230767 0.7612583317307693 0.3914091538461539
1 0.5178629471153846 0.28577317548076925 0.5048393341346153 0.21191259375 0.46616511298076924 0.21873190144230767 0.4791887259615385 0.29259248317307696 0.5178629471153846 0.28577317548076925
1 0.4908324375 0.2731455 0.5008815216346154 0.33013668990384615 0.5453004543269231 0.3223044350961538 0.5352513701923077 0.2653132451923077 0.4908324375 0.2731455
1 0.5648597115384615 0.36304547115384617 0.5570937788461539 0.31900268028846157 0.5348330192307692 0.3229278509615385 0.5425989519230769 0.3669706442307692 0.5648597115384615 0.36304547115384617
1 0.5455917163461538 0.3395529375 0.5538400048076924 0.3863313052884615 0.5801528365384615 0.3816916418269231 0.5719045480769231 0.33491327403846155 0.5455917163461538 0.3395529375
1 0.5916013197115384 0.39922932932692307 0.5860381490384615 0.3676790096153846 0.5698298533653846 0.37053696875000003 0.5753930264423077 0.40208729086538464 0.5916013197115384 0.39922932932692307
1 0.9418216778846153 0.20669284615384614 0.9193438846153845 0.07921495432692308 0.8502534663461538 0.09139745913461539 0.8727312572115384 0.21887535096153846 0.9418216778846153 0.20669284615384614
1 0.9078755985576923 0.2544237716346154 0.894160608173077 0.17664219711538462 0.8259421562499999 0.18867095192307692 0.8396571466346153 0.2664525264423077 0.9078755985576923 0.2544237716346154
1 0.8796919014423078 0.3042413269230769 0.8689996754807693 0.24360270192307693 0.815655923076923 0.25300864423076924 0.8263481490384615 0.31364727163461537 0.8796919014423078 0.3042413269230769
1 0.8342774110576923 0.3331217860576923 0.8271546201923077 0.29272643028846157 0.8000211153846154 0.2975108004807692 0.80714390625 0.33790615625 0.8342774110576923 0.3331217860576923
1 0.8678176201923077 0.35447382692307694 0.8595854110576924 0.30778664423076924 0.786083875 0.3207469495192308 0.7943160841346154 0.3674341298076923 0.8678176201923077 0.35447382692307694
1 0.8360621009615384 0.3795355240384615 0.8294055889423078 0.3417845600961539 0.7783186850961539 0.3507925600961539 0.7849751995192308 0.3885435216346154 0.8360621009615384 0.3795355240384615
1 0.8288195432692308 0.3975483173076923 0.8223077379807692 0.36061802884615385 0.7691691514423076 0.36998779326923076 0.7756809591346154 0.40691808413461533 0.8288195432692308 0.3975483173076923
1 0.7493729038461538 0.4205829206730769 0.75257253125 0.4387289134615384 0.7666265600961538 0.43625081009615385 0.7634269326923077 0.41810481490384616 0.7493729038461538 0.4205829206730769
1 0.7760971249999999 0.42997386298076923 0.7714986634615385 0.4038946971153846 0.7583166033653845 0.40621905048076923 0.7629150625 0.43229821634615384 0.7760971249999999 0.42997386298076923
1 0.8173959783653846 0.10001175000000001 0.8069288509615385 0.04064972596153846 0.7461990408653846 0.051358031250000005 0.7566661658653846 0.11072005528846153 0.8173959783653846 0.10001175000000001
1 0.80877834375 0.14891784615384615 0.7990990673076923 0.0940239326923077 0.7484737932692307 0.10295053605769232 0.7581530721153846 0.15784444711538462 0.80877834375 0.14891784615384615
1 0.7967904615384616 0.18440908173076925 0.7898123774038462 0.1448344014423077 0.7447266466346154 0.15278423076923076 0.7517047307692307 0.19235891346153847 0.7967904615384616 0.18440908173076925
1 0.7923425096153847 0.21857082451923077 0.7852036418269231 0.17808428365384615 0.7346296586538461 0.18700184134615386 0.7417685264423077 0.22748838221153844 0.7923425096153847 0.21857082451923077
1 0.7614711610576923 0 0.7712726177884615 0.055586814903846156 0.8478516802884616 0.04208385817307692 0.8404311610576923 0 0.7614711610576923 0
1 0.7050409447115384 0 0.7142929831730769 0.052470923076923075 0.7367589110576923 0.04850957451923077 0.7282053653846153 0 0.7050409447115384 0
1 0.737905108173077 0.09400166586538461 0.72933525 0.045399579326923074 0.7026120817307693 0.05011159615384615 0.7111819399038463 0.09871368028846154 0.737905108173077 0.09400166586538461
1 0.7327772115384616 0.1216078125 0.7274391370192308 0.09133409134615385 0.7067684350961538 0.09497889423076923 0.7121065072115385 0.12525261538461538 0.7327772115384616 0.1216078125
1 0.7427423341346154 0.15322814182692307 0.7355069927884615 0.11219448317307693 0.7008848461538462 0.11829930288461539 0.7081201874999999 0.15933295913461537 0.7427423341346154 0.15322814182692307
1 0.7594720985576923 0.26940281730769233 0.7510951826923077 0.22189495913461538 0.7322197019230768 0.22522321634615386 0.7405966177884615 0.27273107451923073 0.7594720985576923 0.26940281730769233
1 0.4860949471153846 0.11160661298076922 0.4927675384615385 0.14944876201923077 0.5273896875 0.1433439423076923 0.52071709375 0.10550179326923076 0.4860949471153846 0.11160661298076922
1 0.47206290625 0.028427723557692304 0.4851990697115385 0.10292660817307693 0.5119222379807693 0.09821459134615385 0.49878607451923074 0.02371570673076923 0.47206290625 0.028427723557692304
1 0.49071572115384615 0.8945507548076923 0.46275514903846154 0.73597846875 0.3542724182692308 0.7551069014423077 0.3822329903846154 0.9136791875000001 0.49071572115384615 0.8945507548076923
1 0.4055982475961538 1 0.37532363942307695 0.8283041658653846 0.20000734375 0.8592171610576924 0.22483115625 1 0.4055982475961538 1
1 0.07044214182692307 0.0980220264423077 0.10928788221153847 0.3183271682692308 0.26495931730769234 0.29087809615384613 0.22611357451923078 0.07057295192307692 0.07044214182692307 0.0980220264423077
1 0.41229477403846154 0.3841174855769231 0.3791247548076923 0.19600096634615383 0.2234533221153846 0.2234500408653846 0.2566233389423077 0.4115665600961539 0.41229477403846154 0.3841174855769231
1 0.4761133581730769 0.43651675240384613 0.4609513004807692 0.35052844711538456 0.3808330865384616 0.36465544951923073 0.39599514423076926 0.4506437548076923 0.4761133581730769 0.43651675240384613
1 0.5278860384615385 0.4571924831730769 0.5166793004807693 0.3936359086538461 0.46713115865384613 0.4023725841346154 0.4783378990384615 0.46592915625 0.5278860384615385 0.4571924831730769
1 0.5573820096153846 0.48800158413461536 0.5473329254807692 0.4310103966346154 0.5145059975961538 0.43679866826923075 0.5245550817307693 0.49378985817307697 0.5573820096153846 0.48800158413461536
1 0.5805456802884615 0.4999947908653847 0.5723134711538461 0.45330761057692304 0.5446157524038462 0.4581914639423077 0.5528479639423077 0.5048786466346153 0.5805456802884615 0.4999947908653847
1 0.5986503173076924 0.68785309375 0.5906592860576922 0.6425336971153846 0.5636796562499999 0.6472909350961539 0.5716706875 0.6926103293269231 0.5986503173076924 0.68785309375
1 0.5782950432692308 0.7301789230769231 0.5664130072115385 0.6627925384615385 0.5124537499999999 0.6723070120192307 0.5243357860576923 0.7396933942307692 0.5782950432692308 0.7301789230769231
1 0.5257509543269231 0.7603165216346154 0.5162485408653846 0.7064256514423076 0.4568523221153846 0.7168988052884615 0.4663547355769231 0.7707896754807693 0.5257509543269231 0.7603165216346154
1 0.9328526778846153 0.6699173485576922 0.9248455673076923 0.6245067692307693 0.884017076923077 0.6317059326923077 0.8920241875 0.6771165120192308 0.9328526778846153 0.6699173485576922
1 0.999301798076923 0.6889454374999999 0.9903782091346154 0.6383372596153846 0.9313410384615385 0.648747108173077 0.940264625 0.6993552836538461 0.999301798076923 0.6889454374999999
1 0.9000253653846154 0.6568074711538461 0.8922433557692308 0.6126734951923077 0.8603396850961539 0.6182989711538462 0.8681216971153846 0.6624329495192308 0.9000253653846154 0.6568074711538461
1 0.8643882932692308 0.6352610360576924 0.8597898317307693 0.6091818701923077 0.8420427764423077 0.6123111538461539 0.8466412355769232 0.6383903221153846 0.8643882932692308 0.6352610360576924
1 0.8431792908653846 0.6334535192307692 0.8387255360576924 0.6081950240384615 0.8179522475961538 0.6118579158653846 0.8224060024038462 0.6371164110576923 0.8431792908653846 0.6334535192307692
1 0.8216487187499999 0.6298222836538462 0.8159247620192308 0.5973601009615385 0.7997164663461539 0.6002180600961539 0.8054404254807692 0.6326802427884615 0.8216487187499999 0.6298222836538462
1 0.7237228846153846 0.6053439326923077 0.7211824759615385 0.5909365600961538 0.6908175697115385 0.5962907139423077 0.6933579783653846 0.6106980865384615 0.7237228846153846 0.6053439326923077
1 0.5749650937499999 0.47794365865384614 0.5797404206730769 0.5050258725961538 0.5923582692307693 0.5028010048076923 0.5875829447115385 0.4757187908653846 0.5749650937499999 0.47794365865384614
1 0.6299811682692307 0.6357882307692309 0.6268458557692308 0.6180069807692308 0.6180749110576923 0.6195535336538461 0.6212102259615384 0.6373347860576923 0.6299811682692307 0.6357882307692309
1 0.6224359182692307 0.639187125 0.6198794302884616 0.6246885649038462 0.6143398870192308 0.6256653365384615 0.6168963725961538 0.6401638966346154 0.6224359182692307 0.639187125
1 0.6187454038461537 0.6506502740384617 0.6146132211538462 0.6272154975961539 0.6023031249999999 0.6293860985576922 0.6064353076923077 0.652820875 0.6187454038461537 0.6506502740384617
1 0.6103199447115385 0.6628543004807692 0.6052712860576923 0.6342219302884615 0.5868061394230769 0.6374778341346155 0.5918548004807692 0.6661102043269231 0.6103199447115385 0.6628543004807692
1 0.6893991923076922 0.60594290625 0.6875662379807692 0.5955477139423077 0.6600223966346154 0.6004044375 0.6618553509615384 0.6107996298076923 0.6893991923076922 0.60594290625
1 0.7522022115384615 0.5991940072115385 0.7503531802884615 0.5887076298076923 0.7263484903846155 0.5929403028846154 0.7281975216346154 0.6034266802884616 0.7522022115384615 0.5991940072115385
3 0.39670036778846157 0.04463082211538461 0.4090486826923077 0.11466159615384616 0.43156590384615384 0.11069120192307692 0.4192175889423077 0.04066042788461539 0.39670036778846157 0.04463082211538461
3 0.37523213221153845 0.019457790865384614 0.38315885096153846 0.06441243990384615 0.4000339423076923 0.061436906250000006 0.39210722596153846 0.01648225721153846 0.37523213221153845 0.019457790865384614
3 0.39602162740384617 0.02218546875 0.40594208413461536 0.07844717067307692 0.4252791971153846 0.07503751442307692 0.41535874038461534 0.0187758125 0.39602162740384617 0.02218546875
3 0.4027698629807693 0.015166271634615385 0.40939421875000004 0.05273486298076923 0.4238072884615385 0.05019344951923077 0.4171829326923077 0.012624858173076924 0.4027698629807693 0.015166271634615385
3 0.48107055769230767 0.14699824759615385 0.47479993028846157 0.11143574519230769 0.4582838822115385 0.11434797115384615 0.4645545096153846 0.14991047355769233 0.48107055769230767 0.14699824759615385
3 0.48583512259615386 0.171919875 0.4799986129807693 0.13881939423076922 0.46102054807692305 0.14216573798076923 0.46685705528846155 0.17526622115384616 0.48583512259615386 0.171919875
3 0.48933492548076923 0.19386780048076924 0.4833858677884615 0.16012901682692307 0.4640487572115385 0.16353867067307692 0.4699978149038462 0.19727745432692306 0.48933492548076923 0.19386780048076924
3 0.49497623076923075 0.22766085096153846 0.48859305288461535 0.19146004567307692 0.4667939230769231 0.19530382211538463 0.4731771009615385 0.23150462500000002 0.49497623076923075 0.22766085096153846
3 0.4567208245192308 0.08688738942307692 0.46366675240384614 0.12627969951923076 0.4815676826923077 0.12312328365384614 0.47462175480769225 0.08373097355769231 0.4567208245192308 0.08688738942307692
3 0.45411810576923073 0.057729709134615385 0.46083893269230775 0.09584541586538461 0.47807306730769233 0.09280657451923077 0.4713522403846154 0.054690865384615386 0.45411810576923073 0.057729709134615385
3 0.44571565625 0.0346718125 0.45188981490384617 0.06968719711538461 0.4715346754807692 0.06622327884615385 0.46536051923076927 0.031207891826923077 0.44571565625 0.0346718125
3 0.4442513269230769 0.0059715480769230765 0.45085960576923073 0.04344895432692308 0.46773469951923075 0.040473420673076924 0.4611264206730769 0.0029960144230769233 0.4442513269230769 0.0059715480769230765
3 0.8546048221153846 0 0.8630128629807692 0.04768437980769231 0.9085602235576923 0.039653151442307695 0.9015683028846154 0 0.8546048221153846 0
3 0.8705672163461539 0 0.8555990673076923 0.0026392884615384616 0.8687673870192308 0.07732054326923077 0.9143147475961538 0.06928931490384616 0.9020971706730769 0 0.8705672163461539 0
3 0.9204825336538461 0.09227113701923077 0.9087452043269231 0.02570543028846154 0.8641723942307693 0.033564817307692306 0.8759097235576923 0.1001305264423077 0.9204825336538461 0.09227113701923077
3 0.9294546394230768 0.11945953365384615 0.9189875120192308 0.060097512019230775 0.8784667788461539 0.06724240865384615 0.8889339038461539 0.1266044326923077 0.9294546394230768 0.11945953365384615
3 0.8974766658653847 0.16035598076923077 0.88668796875 0.09917024038461539 0.8517580673076923 0.10532932451923077 0.862546764423077 0.16651506490384615 0.8974766658653847 0.16035598076923077
3 0.8487513822115385 0.0882775625 0.8581090889423078 0.14134775721153844 0.8864736057692307 0.13634632692307694 0.8771158990384615 0.0832761346153846 0.8487513822115385 0.0882775625
3 0.8824958389423077 0.10178984855769231 0.8726557740384616 0.04598407451923077 0.8473174903846155 0.05045189903846154 0.8571575528846154 0.10625767067307691 0.8824958389423077 0.10178984855769231
3 0.8405884182692307 0.020987572115384615 0.8494798485576923 0.07141337740384615 0.8707147644230768 0.06766908894230769 0.8618233365384615 0.017243283653846156 0.8405884182692307 0.020987572115384615
3 0.8347722716346154 0 0.8429904879807691 0.04660783653846154 0.8693033221153846 0.04196817307692308 0.8619031995192308 0 0.8347722716346154 0
3 0.8353011394230769 0 0.8385833798076923 0.018614507211538463 0.8643832884615384 0.014065286057692307 0.8619031995192308 0 0.8353011394230769 0
3 0.8742171634615384 0.17931257451923077 0.8667567235576924 0.1370023173076923 0.8363918173076923 0.14235646875000002 0.8438522572115384 0.1846667283653846 0.8742171634615384 0.17931257451923077
3 0.8760337548076923 0.2133099206730769 0.8673031081730769 0.16379597596153847 0.8404773581730769 0.16852607932692307 0.8492080024038462 0.21804002403846154 0.8760337548076923 0.2133099206730769
3 0.8502804879807692 0.2151243076923077 0.8426592620192307 0.17190218990384618 0.824912204326923 0.17503147596153848 0.8325334302884616 0.21825359374999997 0.8502804879807692 0.2151243076923077
3 0.8572314735576924 0.23984845432692306 0.8500926033653846 0.19936191105769233 0.8273189230769231 0.20337752403846154 0.8344577932692308 0.2438640673076923 0.8572314735576924 0.23984845432692306
3 0.8177266899038462 0.13727976682692308 0.8272612620192308 0.19135300721153847 0.8444953966346154 0.18831416346153845 0.8349608269230769 0.13424092548076924 0.8177266899038462 0.13727976682692308
3 0.8198785961538462 0.09609522355769232 0.8313104350961538 0.16092839903846154 0.8697794879807692 0.1541452668269231 0.8583476490384616 0.08931209134615384 0.8198785961538462 0.09609522355769232
3 0.8648530865384616 0.1142088173076923 0.8543698822115384 0.054755608173076925 0.8179012187500001 0.061186016826923074 0.8283844254807692 0.12063922596153846 0.8648530865384616 0.1142088173076923
3 0.8121403269230769 0.01951629326923077 0.8240384423076923 0.08699386057692307 0.8518387427884615 0.08209191586538461 0.8399406274038461 0.014614350961538462 0.8121403269230769 0.01951629326923077
3 0.824111 0.07870722115384615 0.8180815504807692 0.04451250480769231 0.7968466322115385 0.04825679567307692 0.8028760841346153 0.08245150961538461 0.824111 0.07870722115384615
3 0.831524798076923 0.12375231249999999 0.8234372932692308 0.07788580528846153 0.8016894591346154 0.08172053365384616 0.8097769615384615 0.1275870408653846 0.831524798076923 0.12375231249999999
3 0.8151827884615385 0.17684105288461538 0.8090407884615385 0.14200803846153848 0.7946790096153846 0.14454040865384615 0.8008210096153847 0.17937342307692308 0.8151827884615385 0.17684105288461538
3 0.8193838076923078 0.1970669807692308 0.8149782884615384 0.17208204326923077 0.8017962259615385 0.17440639663461538 0.8062017451923077 0.19939133413461538 0.8193838076923078 0.1970669807692308
3 0.8241591322115384 0.22414919471153846 0.81772771875 0.1876748341346154 0.8024939735576923 0.19036095432692307 0.8089253870192308 0.22683531490384615 0.8241591322115384 0.22414919471153846
3 0.8319459471153846 0.2410162403846154 0.8258843389423076 0.20663915384615386 0.8062394759615384 0.21010307211538462 0.8123010841346154 0.24448015865384615 0.8319459471153846 0.2410162403846154
3 0.8206211610576923 0.24517558653846153 0.8136430769230769 0.20560090384615387 0.7919465312499999 0.20942658894230767 0.7989246153846155 0.24900127163461538 0.8206211610576923 0.24517558653846153
3 0.8209150673076924 0.2795354423076923 0.8128275649038461 0.2336689326923077 0.7979015721153846 0.23630078846153849 0.8059890745192307 0.2821672980769231 0.8209150673076924 0.2795354423076923
3 0.8123052956730769 0.3008920048076923 0.8044911274038462 0.25657565625 0.7913090649038461 0.2589000096153846 0.799123233173077 0.30321635817307696 0.8123052956730769 0.3008920048076923
3 0.7870534423076924 0.22636696153846153 0.7949480024038462 0.2711392427884615 0.803462485576923 0.2696379086538462 0.7955679254807693 0.22486562980769229 0.7870534423076924 0.22636696153846153
3 0.7782955456730769 0.19199519951923077 0.7860936370192307 0.23622036298076926 0.7975317668269231 0.2342035120192308 0.7897336778846153 0.1899783485576923 0.7782955456730769 0.19199519951923077
3 0.7718297163461538 0.15712526442307692 0.7801905528846155 0.20454193509615384 0.7936803677884616 0.20216331490384618 0.7853195288461539 0.1547466466346154 0.7718297163461538 0.15712526442307692
3 0.7772769230769231 0.13312963221153845 0.7848016778846154 0.17580463701923074 0.8032668221153846 0.1725487331730769 0.7957420673076924 0.12987373076923078 0.7772769230769231 0.13312963221153845
1 0.5065152788461538 0.14373393028846154 0.5143455240384616 0.18814146394230769 0.5438897572115384 0.18293201923076924 0.5360595096153846 0.13852448557692307 0.5065152788461538 0.14373393028846154
1 0.5661739903846154 0.24152666105769233 0.557346875 0.1914655985576923 0.53734296875 0.19499282692307693 0.5461700841346153 0.24505388942307693 0.5661739903846154 0.24152666105769233
1 0.56715809375 0.25940516346153847 0.5729946009615385 0.29250564903846155 0.5856637451923077 0.2902717379807692 0.5798272355769231 0.2571712524038462 0.56715809375 0.25940516346153847
1 0.5821435192307692 0.3932812956730769 0.5869831586538461 0.42072825240384615 0.5996522980769231 0.4184943413461539 0.5948126610576924 0.39104738461538463 0.5821435192307692 0.3932812956730769
1 0.7664665456730769 0.28537534615384613 0.7609516081730768 0.2540985817307692 0.7324845096153846 0.2591181009615385 0.7379994471153846 0.2903948629807692 0.7664665456730769 0.28537534615384613
1 0.7700167163461539 0.2995106514423077 0.7656111971153846 0.2745257139423077 0.7276550673076922 0.2812184038461539 0.7320605841346153 0.30620334134615385 0.7700167163461539 0.2995106514423077
1 0.7583905480769231 0.3157578245192308 0.7540975817307692 0.2914111899038461 0.7210654855769231 0.2972356394230769 0.7253584543269231 0.3215822740384615 0.7583905480769231 0.3157578245192308
1 0.7576093269230769 0.33592204567307693 0.7535253798076924 0.31276082692307694 0.7211600817307692 0.31846770192307694 0.7252440288461539 0.3416289206730769 0.7576093269230769 0.33592204567307693
1 0.73174428125 0.18713452884615386 0.7278854326923077 0.1652499110576923 0.7015213076923076 0.16989861778846155 0.7053801562500001 0.19178323557692306 0.73174428125 0.18713452884615386
1 0.513843375 0 0.5043657644230769 0.0016711586538461537 0.5132250384615384 0.051914591346153845 0.5364603461538462 0.04781757932692307 0.5280288149038461 0 0.513843375 0
1 0.34501352644230765 0.028641004807692307 0.36374501923076924 0.13487258173076924 0.42355157451923076 0.12432707451923078 0.4048200793269231 0.018095497596153844 0.34501352644230765 0.028641004807692307
3 0.8415724951923077 0.26291808653846155 0.8365559927884616 0.2344680841346154 0.8158852884615384 0.23811288701923078 0.8209017908653846 0.26656288942307693 0.8415724951923077 0.26291808653846155
3 0.8208461826923077 0.16756859855769232 0.8146398677884614 0.13237084134615384 0.8061766778846154 0.1338631298076923 0.8123829927884615 0.16906088701923078 0.8208461826923077 0.16756859855769232
3 0.8289671802884615 0.20402710336538463 0.8234200865384615 0.17256796634615384 0.8141362211538462 0.17420496394230767 0.8196833149038463 0.20566410096153845 0.8289671802884615 0.20402710336538463
3 0.8077684519230769 0.14289053365384616 0.8002276201923078 0.10012434615384615 0.7867378052884615 0.10250296394230769 0.794278639423077 0.1452691514423077 0.8077684519230769 0.14289053365384616