1 0.6657795144230769 0.7894804855769231 0.6698575865384615 0.6726998149038461 0.47815152403846156 0.6660052908653846 0.47407345192307687 0.7827859615384616 0.6657795144230769 0.7894804855769231
1 0.49199999759615387 0.5813444302884615 0.49337658894230774 0.5419240144230769 0.46599744230769236 0.5409679134615385 0.4646208509615385 0.5803883293269231 0.49199999759615387 0.5813444302884615
1 0.4932006370192308 0.29176548557692306 0.49614124278846156 0.2075575528846154 0.4184802475961539 0.2048455721153846 0.41553964182692305 0.28905350240384614 0.4932006370192308 0.29176548557692306
1 0.5012694014423077 0.3367967331730769 0.5029238966346153 0.28941820673076923 0.4592525985576923 0.2878931706730769 0.45759810576923077 0.3352716971153846 0.5012694014423077 0.3367967331730769
1 0.9753455961538461 0.27006036057692306 0.9797532716346153 0.143841 0.885800125 0.14056008413461538 0.8813924471153847 0.2667794423076923 0.9753455961538461 0.27006036057692306
1 0.9688495120192309 0.32773915624999994 0.9723394615384616 0.22780007451923076 0.8288331850961538 0.2227887235576923 0.825343235576923 0.3227278052884615 0.9688495120192309 0.32773915624999994
1 0.9274556250000001 0.3684489591346154 0.9302120384615384 0.28951559134615384 0.791910923076923 0.2846860096153846 0.7891545096153846 0.36361937740384614 0.9274556250000001 0.3684489591346154
1 0.8701379711538462 0.39804070432692307 0.8720671394230769 0.3427965985576923 0.767755721153846 0.33915396394230773 0.7658265552884616 0.3943980673076923 0.8701379711538462 0.39804070432692307
1 0.7922879711538461 0.42163444471153844 0.7937098028846153 0.38091852403846155 0.7441566754807692 0.3791880889423077 0.74273484375 0.4199040120192308 0.7922879711538461 0.42163444471153844
1 0.7748987139423077 0.43158918990384615 0.7758616802884616 0.40401340625000004 0.7336998798076924 0.40254108413461537 0.7327369134615385 0.4301168653846154 0.7748987139423077 0.43158918990384615
1 0.7675025721153846 0.45236224038461537 0.7687402139423077 0.41692088221153845 0.7191870841346154 0.41519044951923073 0.7179494447115384 0.45063180769230765 0.7675025721153846 0.45236224038461537
1 0.7441377692307692 0.4647951346153846 0.7451492091346155 0.43583131009615383 0.7088692427884615 0.4345643846153846 0.7078578028846153 0.4635282115384615 0.7441377692307692 0.4647951346153846
1 0.7346423605769231 0.4815109711538461 0.7356990408653845 0.4512516370192308 0.7001998461538462 0.4500119783653846 0.6991431682692307 0.4802713125 0.7346423605769231 0.4815109711538461
1 0.7063955432692308 0.48450847836538463 0.7070385985576924 0.4660937764423077 0.6871028341346155 0.4653976057692307 0.6864597788461538 0.48381230528846153 0.7063955432692308 0.48450847836538463
1 1 0.04402383173076923 0.975816 0.0431793076923077 0.9722452644230769 0.1454317956730769 1 0.14640101201923078 1 0.04402383173076923
1 0.8581062572115384 0.07399747836538462 0.8601711442307691 0.014866855769230771 0.8139493173076923 0.013252754807692307 0.8118844302884616 0.07238337740384615 0.8581062572115384 0.07399747836538462
1 0.842402264423077 0.1535904951923077 0.8452717788461539 0.07141836057692308 0.7761993004807692 0.06900629567307692 0.7733297860576923 0.15117843028846153 0.842402264423077 0.1535904951923077
1 0.8204440673076923 0.19887026682692308 0.8226252836538461 0.1364083389423077 0.7566758990384616 0.13410533653846154 0.7544946802884615 0.1965672644230769 0.8204440673076923 0.19887026682692308
1 0.8010586634615385 0.2421089543269231 0.8030880048076923 0.1839962283653846 0.743905329326923 0.18192952403846155 0.7418759879807693 0.24004224999999998 0.8010586634615385 0.2421089543269231
1 0.7737215961538462 0.28173459855769234 0.7752145192307692 0.2389828798076923 0.7240477908653846 0.2371960985576923 0.7225548677884616 0.2799478173076923 0.7737215961538462 0.28173459855769234
1 0.5002117379807692 0.04473005048076923 0.4973163701923077 0.12764247596153847 0.5335442884615385 0.1289075841346154 0.5364396538461539 0.04599515865384615 0.5002117379807692 0.04473005048076923
1 0.3212471057692308 0 0.3197240168269231 0.043615627403846155 0.43371703125 0.04759635096153846 0.43536829567307694 0.00031035817307692307 0.4264808004807692 0 0.3212471057692308 0
1 0.7515649447115386 0.008850665865384615 0.7504630264423077 0.040405504807692304 0.7837760528846154 0.04156882211538461 0.7848779711538462 0.01001398076923077 0.7515649447115386 0.008850665865384615
1 0.7685216754807692 0.09634759855769232 0.7703603629807693 0.04369450721153846 0.735589889423077 0.04248029567307692 0.733751201923077 0.09513338701923077 0.7685216754807692 0.09634759855769232
1 0.756332764423077 0.1275152716346154 0.7576641153846153 0.08939036538461538 0.7258605841346154 0.08827976201923077 0.7245292331730769 0.12640466826923077 0.756332764423077 0.1275152716346154
1 0.7400277548076922 0.16910119951923075 0.7415917692307693 0.12431368269230769 0.7134839014423077 0.12333213461538461 0.7119198870192308 0.1681196514423077 0.7400277548076922 0.16910119951923075
1 0.7413697692307692 0.3008023365384615 0.7424716875 0.26924749759615385 0.7158733173076922 0.2683186610576923 0.7147713966346154 0.29987350240384614 0.7413697692307692 0.3008023365384615
1 0.7372104278846153 0.3348445817307692 0.7384512980769231 0.2993106875 0.7036808245192308 0.2980964735576923 0.7024399543269231 0.3336303701923077 0.7372104278846153 0.3348445817307692
1 0.7274439254807692 0.3608158557692308 0.7286363245192308 0.32667 0.692356358173077 0.32540307692307696 0.6911639567307692 0.3595489302884615 0.7274439254807692 0.3608158557692308
1 0.8284802836538462 0.7417962764423076 0.8301380096153845 0.6943252139423077 0.7967729302884615 0.6931600793269231 0.7951152043269231 0.7406311442307693 0.8284802836538462 0.7417962764423076
1 0.8808026995192308 0.77466084375 0.8826833942307692 0.7208047812499999 0.8272484350961539 0.7188689495192307 0.8253677403846154 0.7727250120192307 0.8808026995192308 0.77466084375
1 0.963473641826923 0.8189618942307693 0.9662849903846153 0.7384554086538462 0.8828983173076923 0.7355434807692307 0.8800869687499999 0.8160499663461539 0.963473641826923 0.8189618942307693
1 0.7960372091346154 0.7187055192307692 0.7971843677884615 0.685855173076923 0.7642877524038462 0.6847063990384614 0.76314059375 0.7175567451923077 0.7960372091346154 0.7187055192307692
1 0.76686796875 0.7003615384615384 0.7678567860576924 0.6720454663461539 0.7380312163461539 0.6710039350961539 0.7370423966346155 0.6993200072115384 0.76686796875 0.7003615384615384
1 0.743035935096154 0.6903570528846154 0.7439924399038461 0.6629663389423077 0.7239525721153846 0.66226653125 0.7229960673076923 0.6896572451923078 0.743035935096154 0.6903570528846154
1 0.7275217692307692 0.6779562067307693 0.7281906754807692 0.6588012163461539 0.7138244326923077 0.6582995360576922 0.7131555240384616 0.6774545264423076 0.7275217692307692 0.6779562067307693
1 0.7143028461538462 0.6729547908653846 0.7149749855769231 0.6537072644230769 0.7031592692307692 0.6532946490384616 0.7024871298076923 0.6725421778846153 0.7143028461538462 0.6729547908653846
1 0.7012652331730769 0.6642537451923077 0.7016497740384615 0.6532419375 0.6882725120192308 0.6527747932692307 0.6878879711538463 0.6637866009615384 0.7012652331730769 0.6642537451923077
1 0.6878879711538463 0.6637866009615384 0.688527795673077 0.6454644326923076 0.6792626081730769 0.6451408870192308 0.6786227836538461 0.6634630528846154 0.6878879711538463 0.6637866009615384
3 0.9682176201923076 0.18614937019230768 0.9721567403846154 0.07334775721153847 0.911776877403846 0.07123924519230769 0.9078377596153846 0.18404085817307692 0.9682176201923076 0.18614937019230768
3 0.9085091730769231 0.2170473605769231 0.9115725745192308 0.12932305528846155 0.8795608365384615 0.12820518028846153 0.8764974350961539 0.21592948798076922 0.9085091730769231 0.2170473605769231
3 0.8890946057692308 0.06711179807692308 0.8855723413461539 0.16797624278846154 0.9071217067307693 0.16872876201923076 0.9106439711538462 0.06786431730769231 0.8890946057692308 0.06711179807692308
3 0.96908725 0.10752071153846154 0.9721183365384616 0.02072176442307692 0.9085112764423078 0.01850055769230769 0.9054801899038462 0.10529950240384614 0.96908725 0.10752071153846154
3 0.9100591995192308 0.015960439903846154 0.9086826081730769 0.05538085576923077 0.9434530817307691 0.05659506971153846 0.9448296730769231 0.017174651442307693 0.9100591995192308 0.015960439903846154
3 0.9103181995192308 0.09360937259615384 0.9127062283653846 0.025225129807692308 0.8898035240384616 0.02442535096153846 0.8874154927884615 0.09280959134615384 0.9103181995192308 0.09360937259615384
3 0.8879336874999999 0.013798064903846155 0.8866928173076923 0.04933196153846154 0.9088668004807693 0.05010629326923077 0.9101076706730769 0.014572396634615384 0.8879336874999999 0.013798064903846155
3 1 0.020398326923076922 0.9707061346153847 0.01937536298076923 0.967814 0.10219525240384615 1 0.10331921153846155 1 0.020398326923076922
3 1 0.022992502403846152 0.9706156538461539 0.021966377403846157 0.9691453509615384 0.06407034375 1 0.0651478125 1 0.022992502403846152
3 0.8847203413461538 0.08641534134615385 0.8871342235576923 0.017290810096153846 0.8557471057692307 0.016194747596153847 0.8533332235576924 0.08531927884615385 0.8847203413461538 0.08641534134615385
3 0.8841540480769231 0.11307848798076922 0.8863255721153845 0.05089417067307692 0.8528043389423078 0.049723581730769226 0.8506328149038461 0.11190789903846153 0.8841540480769231 0.11307848798076922
3 0.8832492451923077 0.13898862259615385 0.8851299423076924 0.08513256009615386 0.8512443461538461 0.08394924759615385 0.8493636514423077 0.13780531009615385 0.8832492451923077 0.13898862259615385
3 0.8835983100961537 0.17077943028846151 0.8855921057692308 0.11368460096153846 0.8527475408653846 0.11253764423076923 0.8507537451923077 0.16963247115384616 0.8835983100961537 0.17077943028846151
3 0.8803942403846154 0.19985198557692307 0.8822523149038461 0.14664367788461538 0.8537280360576923 0.1456475889423077 0.8518699615384615 0.19885589423076924 0.8803942403846154 0.19985198557692307
3 0.8773836129807692 0.2353240793269231 0.8792223004807693 0.18267098798076922 0.8521034158653846 0.18172397596153844 0.8502647283653846 0.2343770673076923 0.8773836129807692 0.2353240793269231
3 0.8776785336538461 0.25821868990384617 0.8791197524038462 0.21694755048076922 0.8523652307692308 0.2160132620192308 0.8509240096153847 0.2572844014423077 0.8776785336538461 0.25821868990384617
3 0.8485359110576923 0.28388392788461536 0.8501742475961538 0.23696807932692307 0.8298741225961539 0.2362591826923077 0.8282357836538462 0.28317503125 0.8485359110576923 0.28388392788461536
3 0.8299209447115385 0.2140250528846154 0.8282599879807692 0.2615886538461539 0.8486121634615384 0.2622993677884615 0.8502731201923077 0.21473576442307693 0.8299209447115385 0.2140250528846154
3 0.8514224399038461 0.23256451682692306 0.8529509086538462 0.1887948966346154 0.83296309375 0.18809690625 0.831434625 0.23186652644230768 0.8514224399038461 0.23256451682692306
3 0.8335520048076923 0.16078600721153846 0.8318037980769231 0.21084808653846154 0.8496575 0.2114715528846154 0.8514057067307692 0.16140947355769233 0.8335520048076923 0.16078600721153846
3 0.8524225360576924 0.18303220673076923 0.854128735576923 0.1341730985576923 0.8338286081730769 0.13346420192307692 0.8321224110576922 0.18232331009615385 0.8524225360576924 0.18303220673076923
3 0.8347807427884616 0.11515294471153846 0.8331650240384616 0.16142103846153846 0.8481558870192308 0.16194453125000002 0.8497716033653847 0.11567643749999999 0.8347807427884616 0.11515294471153846
3 0.8493062788461538 0.12900164663461539 0.8505471490384615 0.09346775240384615 0.8355562860576923 0.0929442596153846 0.8343154158653847 0.12847815384615385 0.8493062788461538 0.12900164663461539
3 0.8354248677884615 0.04596661057692308 0.8331660961538462 0.11064940625 0.851019798076923 0.11127287259615384 0.8532785697115385 0.04659007451923077 0.8354248677884615 0.04596661057692308
3 0.842192826923077 0.17600424759615382 0.8442383245192308 0.11742884134615385 0.8222204975961538 0.11665996153846153 0.8201749975961538 0.17523536778846155 0.842192826923077 0.17600424759615382
3 0.8446416009615384 0.19990056009615384 0.8463381033653847 0.1513190625 0.8213533317307693 0.15044657692307692 0.8196568293269231 0.1990280745192308 0.8446416009615384 0.19990056009615384
3 0.8471082716346154 0.23074617788461538 0.8487530721153846 0.18364525721153846 0.8190316057692308 0.1826073605769231 0.8173868052884615 0.22970828125 0.8471082716346154 0.23074617788461538
3 0.8449158028846154 0.25920551682692305 0.8462633125000001 0.22061792788461537 0.8174267211538461 0.2196109326923077 0.8160792115384615 0.2581985216346154 0.8449158028846154 0.25920551682692305
3 0.8447998870192308 0.3058039326923077 0.8467581370192309 0.2497270048076923 0.815527173076923 0.24863639423076922 0.8135689254807693 0.3047133245192308 0.8447998870192308 0.3058039326923077
3 0.8141036658653846 0.3237250480769231 0.8156159783653846 0.2804181105769231 0.7963048341346154 0.27974375240384614 0.7947925216346154 0.3230506875 0.8141036658653846 0.3237250480769231
3 0.7993865504807692 0.24223586057692306 0.7976674278846154 0.2914651129807692 0.8131267548076924 0.2920049663461538 0.8148458774038462 0.2427757139423077 0.7993865504807692 0.24223586057692306
3 0.8141070192307692 0.25497958173076923 0.81539959375 0.21796510817307693 0.8023346370192308 0.2175088701923077 0.8010420649038461 0.25452334374999996 0.8141070192307692 0.25497958173076923
3 0.8057630721153846 0.18798090384615385 0.8046546899038461 0.2197208173076923 0.8153252692307693 0.2200934423076923 0.8164336514423076 0.18835352884615386 0.8057630721153846 0.18798090384615385
3 0.8147732283653847 0.21053131249999998 0.8164535745192307 0.1624124951923077 0.8030763125 0.16194535096153845 0.8013959663461538 0.21006416826923077 0.8147732283653847 0.21053131249999998