1 0.24954746153846155 1 0.5594679807692308 0.9564435120192307 0.5241334783653846 0.705025451923077 0.15051358653846153 0.7575343028846154 0.18458991586538462 1 0.24954746153846155 1
1 0.6072305168269231 0.7603882548076922 0.5935065024038462 0.6627368197115384 0.5133051057692307 0.6740083918269231 0.5270291201923076 0.771659826923077 0.6072305168269231 0.7603882548076922
1 1 0.7565650264423076 0.9880997884615385 0.6718906153846155 0.9459102403846154 0.6778199687500001 0.958306954326923 0.7660271802884615 1 0.7601676033653846 1 0.7565650264423076
1 1 0.7084606947115385 0.9827971490384615 0.7108783966346154 0.9954644783653847 0.8010111274038461 1 0.800373701923077 1 0.7084606947115385
2 0.8032289134615385 0.6378438822115384 0.7830745865384615 0.4944383966346154 0.6548039254807693 0.5124656610576923 0.6749582524038461 0.6558711490384616 0.8032289134615385 0.6378438822115384
1 0.7178737475961537 0.13417318990384614 0.7154897620192308 0.11721026442307693 0.682945016826923 0.12178412980769229 0.685329 0.13874705528846154 0.7178737475961537 0.13417318990384614
1 0.7206838149038461 0.14406354086538462 0.7182998317307692 0.1271006153846154 0.6836404495192308 0.1319716730769231 0.6860244326923077 0.1489345985576923 0.7206838149038461 0.14406354086538462
1 0.7204900865384616 0.1479243701923077 0.7192529927884616 0.13912199038461537 0.6853156802884615 0.14389156730769231 0.6865527740384615 0.15269394951923076 0.7204900865384616 0.1479243701923077
1 0.723532141826923 0.15909115625 0.7217538197115385 0.14643773076923078 0.68606290625 0.15145375961538463 0.6878412283653846 0.1641071875 0.723532141826923 0.15909115625
1 0.7236732451923077 0.1679540673076923 0.7219078076923077 0.15539233413461537 0.6851337884615384 0.1605605841346154 0.6868992259615384 0.17312231971153846 0.7236732451923077 0.1679540673076923
1 0.7269345504807692 0.17843551923076922 0.7250789110576924 0.1652319447115385 0.6887175048076923 0.17034220673076922 0.6905731466346154 0.18354578365384616 0.7269345504807692 0.17843551923076922
1 0.7291514447115385 0.18897025240384616 0.7270380769230769 0.1739328485576923 0.6902640576923077 0.1791010985576923 0.6923774278846154 0.19413850240384617 0.7291514447115385 0.18897025240384616
1 0.7303883221153846 0.20039073557692305 0.7287130913461539 0.18847084374999998 0.6930221802884616 0.193486875 0.6946974110576923 0.20540676682692308 0.7303883221153846 0.20039073557692305
1 0.7305036850961538 0.20869625 0.7291763846153846 0.19925202884615387 0.6945170024038462 0.20412308653846153 0.6958443004807692 0.21356730769230767 0.7305036850961538 0.20869625
1 0.7323593245192307 0.22189982451923077 0.7305036850961538 0.20869625 0.6954832644230768 0.21361804807692308 0.69733890625 0.22682162499999997 0.7323593245192307 0.22189982451923077
1 0.7347181538461538 0.23119907451923077 0.7333908533653847 0.2217548533653846 0.6969778701923077 0.2268723653846154 0.698305170673077 0.23631658653846152 0.7347181538461538 0.23119907451923077
1 0.7356326850961538 0.24257136057692305 0.7340476586538462 0.23129330769230771 0.7007808389423077 0.23596865384615384 0.7023658677884614 0.24724670673076923 0.7356326850961538 0.24257136057692305
1 0.7567505625000001 0.11589956009615385 0.7550753317307692 0.10397966586538462 0.722169548076923 0.10860427403846154 0.723844778846154 0.12052416586538461 0.7567505625000001 0.11589956009615385
1 0.7601020745192308 0.12702285096153848 0.7588649807692308 0.11822046875 0.7235351057692309 0.12318575961538461 0.7247721995192309 0.13198814182692306 0.7601020745192308 0.12702285096153848
1 0.7618677283653846 0.13696648317307691 0.7604631105769231 0.12697211057692306 0.7247721995192309 0.13198814182692306 0.7261768173076923 0.1419825144230769 0.7618677283653846 0.13696648317307691
1 0.7623827524038462 0.14587034615384614 0.7611456586538462 0.1370679639423077 0.72581578125 0.1420332548076923 0.727052875 0.15083563701923078 0.7623827524038462 0.14587034615384614
1 0.7645092235576924 0.15838134134615386 0.7627437860576923 0.14581960817307693 0.7291675096153847 0.15053844471153846 0.7309329471153846 0.16310017788461537 0.7645092235576924 0.15838134134615386
1 0.7697045432692308 0.1699000216346154 0.7679391057692307 0.15733828846153844 0.7308556274038461 0.16255003125 0.732621064903846 0.17511176442307694 0.7697045432692308 0.1699000216346154
1 0.7715472980769231 0.18301190384615384 0.7690859951923077 0.16549882932692309 0.7323635528846153 0.17065983173076923 0.7348248557692307 0.18817290625 0.7715472980769231 0.18301190384615384
1 0.7715986586538462 0.1856227548076923 0.77088990625 0.18057972596153846 0.7312791826923076 0.18614664903846154 0.7319879350961538 0.19118968028846156 0.7715986586538462 0.1856227548076923
1 0.7751045913461538 0.2004644471153846 0.7729912211538461 0.18542704326923076 0.7298732980769231 0.19148687259615385 0.7319866682692309 0.20652427644230767 0.7751045913461538 0.2004644471153846
1 0.7744074591346154 0.21084770432692307 0.7726420216346154 0.19828597115384616 0.7323608076923077 0.203947125 0.7341262427884616 0.2165088581730769 0.7744074591346154 0.21084770432692307
1 0.7758118605769231 0.2234601778846154 0.7740464254807692 0.21089844471153846 0.7309285024038462 0.2169582716346154 0.7326939375 0.22952000721153845 0.7758118605769231 0.2234601778846154
1 0.7790731682692308 0.2339416298076923 0.7773850504807692 0.22193004567307695 0.73390609375 0.22804061298076925 0.7355942115384615 0.2400521995192308 0.7790731682692308 0.2339416298076923
1 0.7800265480769231 0.24334490144230767 0.7784415192307693 0.23206684855769233 0.7346531033653847 0.23822090865384615 0.7362381322115384 0.24949896153846154 0.7800265480769231 0.24334490144230767
1 0.7796904495192307 0.25367741826923074 0.7783631514423077 0.24423319711538463 0.7356062644230769 0.25024228365384615 0.7369335625000001 0.25968650721153846 0.7796904495192307 0.25367741826923074
1 0.7832996923076923 0.26663454086538463 0.7817919831730769 0.2559066370192308 0.7393961322115385 0.26186498317307694 0.7409038413461538 0.2725928894230769 0.7832996923076923 0.26663454086538463
1 0.7860580288461538 0.27840221153846156 0.7843827980769231 0.26648231971153846 0.7409038413461538 0.2725928894230769 0.7425790721153847 0.28451278125 0.7860580288461538 0.27840221153846156
1 0.7854513197115385 0.2868092067307692 0.7841240192307691 0.2773649855769231 0.7448743341346155 0.28288116826923076 0.7462016322115385 0.2923253918269231 0.7854513197115385 0.2868092067307692
1 0.7877197283653847 0.29808472115384615 0.7861218125 0.2867149759615385 0.7462016322115385 0.2923253918269231 0.7477995456730769 0.3036951370192308 0.7877197283653847 0.29808472115384615
1 0.7876546754807693 0.30510655288461536 0.7865979903846154 0.2975878533653846 0.7477093413461537 0.30305329567307693 0.7487660264423077 0.31057199759615384 0.7876546754807693 0.30510655288461536
1 0.7896007379807692 0.3163338653846154 0.7881961225961539 0.3063394951923077 0.7507000336538462 0.31160922596153845 0.7521046514423078 0.32160359855769227 0.7896007379807692 0.3163338653846154
1 0.6719189038461538 0.14324979326923076 0.6694447163461539 0.1256450264423077 0.6400977067307692 0.12976948076923078 0.6425718966346154 0.14737424759615386 0.6719189038461538 0.14324979326923076
1 0.6747422908653846 0.14799563221153847 0.6733247860576923 0.1379095673076923 0.640109545673077 0.14257766586538462 0.6415270504807692 0.1526637283653846 0.6747422908653846 0.14799563221153847
1 0.6768556586538461 0.16303303605769232 0.6747422908653846 0.14799563221153847 0.6418880841346154 0.15261299038461537 0.6440014519230769 0.16765039423076925 0.6768556586538461 0.16303303605769232
1 0.6776415120192307 0.1712443173076923 0.6763142139423077 0.16180009615384616 0.6434600096153846 0.16641745192307691 0.6447873076923076 0.17586167548076923 0.6776415120192307 0.1712443173076923
1 0.6775762475961538 0.1808842548076923 0.6761587451923077 0.1707981923076923 0.6436139975961539 0.17537205769230768 0.6450315024038461 0.18545812019230767 0.6775762475961538 0.1808842548076923
1 0.6796642475961538 0.19087608653846155 0.6780663317307692 0.17950634134615384 0.6430974927884615 0.1844208894230769 0.64469540625 0.19579063701923077 0.6796642475961538 0.19087608653846155
1 0.6796894014423077 0.19853975961538461 0.6784523076923077 0.18973737740384616 0.6424003605769231 0.19480414903846155 0.6436374567307692 0.20360652884615385 0.6796894014423077 0.19853975961538461
1 0.6776254495192308 0.209676125 0.6761306274038461 0.1990399134615385 0.6439984903846153 0.2035557908653846 0.6454933125 0.21419200240384614 0.6776254495192308 0.209676125
1 0.679133158653846 0.22040402884615384 0.6776254495192308 0.209676125 0.6479689807692307 0.21384406971153844 0.6494766899038461 0.22457197355769232 0.679133158653846 0.22040402884615384
1 0.6824851033653846 0.22629111778846156 0.6812480096153847 0.21748873557692308 0.6430814254807693 0.22285269951923076 0.6443185192307692 0.23165508173076924 0.6824851033653846 0.22629111778846156
1 0.6842505384615385 0.23885285096153847 0.6824851033653846 0.22629111778846156 0.6450405913461539 0.23155360096153846 0.6468060288461538 0.2441153341346154 0.6842505384615385 0.23885285096153847
1 0.6861061802884615 0.25205642548076923 0.6842505384615385 0.23885285096153847 0.6475280985576923 0.24401385336538464 0.6493837379807693 0.2572174278846154 0.6861061802884615 0.25205642548076923
1 0.6874334783653846 0.26150064903846154 0.6856680432692308 0.24893891346153846 0.6499771298076923 0.25395494471153846 0.6517425673076923 0.26651668028846154 0.6874334783653846 0.26150064903846154
1 0.62842684375 0.15188677403846154 0.6261330649038462 0.1355656875 0.5967860576923077 0.13969013942307693 0.5990798389423077 0.15601122596153846 0.62842684375 0.15188677403846154
1 0.628452 0.15955044471153845 0.6270473822115386 0.14955607451923078 0.5973393413461539 0.1537312668269231 0.5987439567307692 0.1637256394230769 0.628452 0.15955044471153845
1 0.6316228870192307 0.17200815865384617 0.6298445649038461 0.1593547331730769 0.5983829206730769 0.1637763798076923 0.6001612451923077 0.17642980528846156 0.6316228870192307 0.17200815865384617
1 0.6317770913461539 0.1783446610576923 0.630630201923077 0.17018411778846154 0.60344940625 0.1740041298076923 0.6045962956730769 0.18216467307692305 0.6317770913461539 0.1783446610576923
1 0.6333619038461538 0.19224081490384615 0.6316866706730769 0.18032092307692307 0.6002250288461538 0.1847425673076923 0.6019002596153846 0.19666246153846154 0.6333619038461538 0.19224081490384615
1 0.6328453966346154 0.2012896514423077 0.6315180985576923 0.1918454278846154 0.6032541971153846 0.19581766105769233 0.6045814951923076 0.20526188221153846 0.6328453966346154 0.2012896514423077
1 0.6351524927884615 0.2124662235576923 0.6335674663461539 0.2011881706730769 0.6045814951923076 0.20526188221153846 0.6061665240384616 0.2165399375 0.6351524927884615 0.2124662235576923
1 0.6320316394230769 0.21870198798076926 0.6312326826923077 0.21301711778846155 0.6061665240384616 0.2165399375 0.6069654807692307 0.2222248076923077 0.6320316394230769 0.21870198798076926
1 0.6376135817307692 0.23259739903846155 0.6356806201923076 0.2188436778846154 0.6031358725961539 0.22341754326923077 0.6050688317307692 0.23717126442307693 0.6376135817307692 0.23259739903846155
1 0.6376902499999999 0.24100185336538463 0.6360021322115385 0.22899026923076923 0.6080992668269231 0.23291176201923078 0.6097873846153846 0.24492334615384617 0.6376902499999999 0.24100185336538463
1 0.6368900264423077 0.25065157932692306 0.6359235480769231 0.24377471634615383 0.6080206826923077 0.24769620913461537 0.6089871634615385 0.2545730697115384 0.6368900264423077 0.25065157932692306
1 0.60051953125 0.2096663581730769 0.5990118245192307 0.19893845673076924 0.56930378125 0.20311364903846155 0.5708114903846154 0.21384155288461537 0.60051953125 0.2096663581730769
1 0.59919075 0.21817483413461541 0.5975155192307692 0.20625494230769228 0.5688905841346154 0.21027791346153846 0.5705658149038462 0.22219780528846153 0.59919075 0.21817483413461541
1 0.6011887620192308 0.2249067235576923 0.6000418725961538 0.21674618028846154 0.5714169350961538 0.22076915384615384 0.5725638245192308 0.22892969471153846 0.6011887620192308 0.2249067235576923
1 0.607234826923077 0.23948492548076925 0.6051085721153846 0.22435582932692308 0.5725638245192308 0.22892969471153846 0.5746900817307693 0.24405879326923077 0.607234826923077 0.23948492548076925
1 0.604371701923077 0.2475545216346154 0.6029541995192308 0.23746845673076925 0.5739682259615384 0.24154217067307693 0.5753857307692308 0.2516282331730769 0.604371701923077 0.2475545216346154
1 0.5503136610576923 0.17053207211538463 0.5489090432692307 0.1605377019230769 0.5210061754807692 0.16445919471153847 0.5224107932692308 0.17445356490384614 0.5503136610576923 0.17053207211538463
1 0.5513701274038462 0.18066887740384616 0.549952625 0.17058281250000001 0.5220497572115385 0.17450430528846153 0.5234672620192308 0.18459037019230767 0.5513701274038462 0.18066887740384616
1 0.5526974278846154 0.19011310096153847 0.5513701274038462 0.18066887740384616 0.5238282980769231 0.18453962980769228 0.5251555961538462 0.19398385336538462 0.5526974278846154 0.19011310096153847
1 0.5520907163461538 0.19852009615384617 0.5508536225961538 0.1897177139423077 0.525065391826923 0.1933420120192308 0.526302485576923 0.20214439663461536 0.5520907163461538 0.19852009615384617
1 0.5539594615384615 0.20919725721153848 0.5524517524038461 0.19846935576923078 0.5276950504807693 0.20194868269230767 0.5292027596153847 0.21267658653846155 0.5539594615384615 0.20919725721153848
1 0.5567566418269231 0.21899592067307694 0.5552618197115384 0.20835970673076923 0.528390485576923 0.21213622836538462 0.5298853076923077 0.22277243990384615 0.5567566418269231 0.21899592067307694
1 0.55790353125 0.22715646153846156 0.5567566418269231 0.21899592067307694 0.5274096370192308 0.22312037259615383 0.5285565264423077 0.23128091346153848 0.55790353125 0.22715646153846156
1 0.5590502043269231 0.23793510576923077 0.5575424951923077 0.22720720192307692 0.5285565264423077 0.23128091346153848 0.5300642355769231 0.24200881971153845 0.5590502043269231 0.23793510576923077
1 0.5606352307692307 0.2492131610576923 0.55896 0.23729326442307694 0.5289425 0.24151194951923077 0.5306177307692308 0.25343184375 0.5606352307692307 0.2492131610576923
1 0.5613308822115385 0.2567826009615385 0.5598360600961538 0.2461463894230769 0.5305406298076923 0.25026359375 0.532035451923077 0.2608998052884615 0.5613308822115385 0.2567826009615385
1 0.5144547620192308 0.17996633413461538 0.5131661201923077 0.17079718509615385 0.48861572596153846 0.17424751923076925 0.4899043653846154 0.18341666826923075 0.5144547620192308 0.17996633413461538
1 0.5167618605769231 0.19114290384615387 0.5151124014423076 0.17940639423076923 0.4858685480769231 0.18351635096153848 0.4875180048076923 0.19525286057692307 0.5167618605769231 0.19114290384615387
1 0.5164518461538461 0.19791865865384617 0.5154724783653847 0.19095010576923077 0.48700227163461535 0.19495133173076923 0.48798163942307693 0.20191988701923075 0.5164518461538461 0.19791865865384617
1 0.5181918173076923 0.20655686538461537 0.516967608173077 0.19784617307692307 0.48798163942307693 0.20191988701923075 0.48920584615384616 0.21063057692307693 0.5181918173076923 0.20655686538461537
1 0.5192225745192307 0.21576225721153847 0.5182432091346154 0.20879370192307695 0.48899935336538464 0.21290365865384614 0.48997872115384616 0.21987221153846154 0.5192225745192307 0.21576225721153847
1 0.5202533341346154 0.22496764903846153 0.5189646923076923 0.2157985 0.4909586754807692 0.21973448798076925 0.4922473149038461 0.22890363701923075 0.5202533341346154 0.22496764903846153
1 0.5228957860576923 0.23478805288461538 0.5214911682692308 0.2247936826923077 0.4922473149038461 0.22890363701923075 0.49365193028846155 0.23889800961538463 0.5228957860576923 0.23478805288461538
1 0.5243907620192307 0.24355419471153847 0.5231536658653846 0.23475181009615384 0.49246567067307695 0.23906472596153844 0.4937027644230769 0.24786711057692307 0.5243907620192307 0.24355419471153847
1 0.5231776490384615 0.2566280360576923 0.5213993245192308 0.24397461298076922 0.49318700240384616 0.24793959615384614 0.49496532451923075 0.2605930192307692 0.5231776490384615 0.2566280360576923
1 0.52396371875 0.26222121875000004 0.5231132163461538 0.25616958173076926 0.49392093990384617 0.2602722884615385 0.49477144230769227 0.2663239254807692 0.52396371875 0.26222121875000004
1 0.5248395625 0.2736924423076923 0.5233060817307693 0.26278115625000004 0.4950937548076923 0.2667461418269231 0.49662723798076924 0.2776574254807692 0.5248395625 0.2736924423076923
1 0.4823609759615385 0.18849743028846153 0.48045378846153847 0.17492708894230768 0.45172569951923075 0.17896456009615386 0.4536328870192308 0.19253489903846152 0.4823609759615385 0.18849743028846153
1 0.4830694206730769 0.1972806081730769 0.48184521153846155 0.18856991586538463 0.45383919471153844 0.19250590625000003 0.4550634014423077 0.20121659615384616 0.4830694206730769 0.1972806081730769
1 0.48461594230769234 0.20641351442307693 0.48332730288461534 0.1972443653846154 0.4575390721153846 0.20086866346153845 0.4588277115384616 0.2100378125 0.48461594230769234 0.20641351442307693
1 0.48244895673076926 0.21606831971153848 0.48116031730769226 0.20689917067307692 0.4588277115384616 0.2100378125 0.46011635096153847 0.21920696153846153 0.48244895673076926 0.21606831971153848
1 0.48716713942307693 0.2283085721153846 0.485685204326923 0.21776405288461537 0.4577307620192308 0.22169279326923078 0.4592126971153846 0.2322373125 0.48716713942307693 0.2283085721153846
1 0.4875143317307692 0.23976059375 0.48604528125 0.22930776201923075 0.4605665096153846 0.23288857211538463 0.4620355600961539 0.2433414014423077 0.4875143317307692 0.23976059375
1 0.4892411081730769 0.2520472524038462 0.4875787620192308 0.24021905048076922 0.46307994471153846 0.24366213461538463 0.46474229086538466 0.25549033653846154 0.4892411081730769 0.2520472524038462
1 0.48850541105769235 0.2610333894230769 0.48708790865384616 0.2509473269230769 0.4623312067307692 0.2544266538461538 0.4637487091346154 0.26451271875 0.48850541105769235 0.2610333894230769
1 0.49193436538461544 0.27121077403846156 0.4904008846153846 0.26029948557692306 0.4619306778846154 0.2643007115384615 0.4634641586538461 0.275212 0.49193436538461544 0.27121077403846156
1 0.4967430600961539 0.2803527211538462 0.4953255576923077 0.27026665865384614 0.46339972596153844 0.2747535408653846 0.46481723076923076 0.28483960576923073 0.4967430600961539 0.2803527211538462
1 0.49586545673076926 0.29020032692307696 0.49439640865384615 0.27974749759615386 0.46592620192307693 0.2837487235576923 0.46739525 0.29420155288461536 0.49586545673076926 0.29020032692307696