1 0.42643762500000004 0.7802556201923078 0.41613226682692306 0.6624648173076924 0.22503929326923075 0.6791832860576924 0.23534465384615383 0.7969740889423077 0.42643762500000004 0.7802556201923078
1 0.4688988894230769 0.708039329326923 0.4625558870192308 0.6355384927884615 0.3899685769230769 0.6418890600961539 0.39631157932692307 0.7143898966346154 0.4688988894230769 0.708039329326923
1 0.6720286490384615 0.7404587692307693 0.6641039326923077 0.64987884375 0.46533195913461534 0.6672691394230769 0.4732566754807692 0.7578490649038462 0.6720286490384615 0.7404587692307693
1 0.7827724735576923 0.7148761274038461 0.7780111875 0.6604543798076924 0.6722692692307692 0.6697055985576923 0.6770305552884615 0.7241273461538462 0.7827724735576923 0.7148761274038461
1 0.8810490024038462 0.6788588918269232 0.8760940360576923 0.6222233774038461 0.7601307475961538 0.6323688509615385 0.7650857139423077 0.6890043653846154 0.8810490024038462 0.6788588918269232
1 0.17877048076923077 0.7813825576923077 0.17183030048076922 0.7020559423076923 0.017679548076923075 0.7155423870192308 0.024619728365384615 0.7948690024038462 0.17877048076923077 0.7813825576923077
1 0.30826342067307694 0.02471716346153846 0.32202273076923077 0.18198679086538463 0.5529116081730769 0.1617866298076923 0.539152298076923 0.004517004807692308 0.30826342067307694 0.02471716346153846
1 0.5174776177884616 0 0.479342639423077 0.003336377403846154 0.4841604158653846 0.05840380769230769 0.5549317475961538 0.05221212019230769 0.5503637788461538 0 0.5174776177884616 0
1 0.7643548653846154 0.2653262091346154 0.7529358485576924 0.13480625721153847 0.5733613774038462 0.15051698557692308 0.5847803918269231 0.28103693990384615 0.7643548653846154 0.2653262091346154
1 0.5485861802884615 0 0.5572994783653846 0.0995934639423077 0.7475104038461539 0.08295216346153846 0.7402530312500001 0 0.5485861802884615 0
1 0.7394687956730769 0 0.7462237187499999 0.07720912019230769 0.8640029879807692 0.06690476923076924 0.8581495793269232 0 0.7394687956730769 0
1 0.9487912932692308 0.16953514903846154 0.938913641826923 0.05663308413461539 0.8083706298076923 0.06805411778846154 0.8182482788461538 0.18095618269230768 0.9487912932692308 0.16953514903846154
1 0.9759302163461538 0.20842895192307692 0.9704345625 0.14561334134615384 0.9356196346153846 0.14865925240384617 0.9411152884615385 0.21147486298076926 0.9759302163461538 0.20842895192307692
1 0.8652792860576923 0.17591204086538464 0.8726875240384615 0.2605885889423077 0.9555999807692307 0.25333468990384617 0.9481917427884615 0.1686581418269231 0.8652792860576923 0.17591204086538464
1 0.7732861826923076 0.25088171875 0.782284204326923 0.35372959615384614 0.8918656225961539 0.3441424639423077 0.8828675985576923 0.24129458653846153 0.7732861826923076 0.25088171875
1 0.8906638533653847 0.27184245192307693 0.8818998581730769 0.1716695408653846 0.771332625 0.18134292067307692 0.7800966177884615 0.2815158317307692 0.8906638533653847 0.27184245192307693
1 0.9667446177884614 0.38071847596153846 0.9610956346153846 0.31615030048076925 0.8837867740384616 0.32291394951923075 0.8894357572115384 0.3874821225961539 0.9667446177884614 0.38071847596153846
1 0.9922130552884615 0.40051854326923075 0.9894289134615384 0.3686956586538462 0.9648872427884616 0.3708427764423077 0.9676713846153846 0.4026656634615385 0.9922130552884615 0.40051854326923075
1 0.9503066971153846 0.2400417451923077 0.9537283677884615 0.27915160817307694 0.9819019999999999 0.2766867355769231 0.9784803293269231 0.23757687019230772 0.9503066971153846 0.2400417451923077
1 0.9219186826923077 0.6458192860576923 0.9188924399038462 0.6112291947115385 0.8810162908653846 0.6145429278846154 0.88404253125 0.6491330192307692 0.9219186826923077 0.6458192860576923
1 1 0.6160303245192308 0.9184207307692307 0.6231675865384615 0.9214469711538461 0.6577576802884615 1 0.6508851826923077 1 0.6160303245192308