4 0.6088558701923077 0.6870782019230769 0.6325833197115384 0.5650110456730769 0.5670903822115384 0.5522805072115384 0.5433629302884616 0.6743476658653846 0.6088558701923077 0.6870782019230769
4 0.5416926442307692 0.6714762019230769 0.5655437668269231 0.5487728052884615 0.5259719230769231 0.5410808173076923 0.5021207980769231 0.6637842139423077 0.5416926442307692 0.6714762019230769
1 0.8745747740384615 0.9087034927884615 0.8961644591346154 0.7976341947115385 0.8060797139423077 0.7801234951923077 0.7844900288461538 0.8911927908653846 0.8745747740384615 0.9087034927884615
1 0.9201104447115385 0.9536814423076923 0.9406930817307693 0.8477929543269231 0.8833292451923077 0.8366425552884615 0.8627466081730769 0.9425310432692308 0.9201104447115385 0.9536814423076923
1 0.7864920216346154 0.7258518245192308 0.7913329158653847 0.7009475793269231 0.7510453004807692 0.6931164615384616 0.7462044062500001 0.7180207067307692 0.7864920216346154 0.7258518245192308
1 0.74777275 0.7156844447115385 0.7529669951923077 0.6889623701923077 0.7357885192307693 0.6856232139423077 0.7305942764423077 0.7123452884615384 0.74777275 0.7156844447115385
1 0.8183994399038461 0.7339405120192308 0.8217739326923077 0.7165802548076923 0.78813275 0.7100410721153847 0.7847582572115385 0.727401329326923 0.8183994399038461 0.7339405120192308
1 0.6908737355769231 0.6884947139423077 0.6942658942307692 0.6710435673076923 0.6641013076923077 0.6651801658653846 0.6607091490384616 0.6826313125 0.6908737355769231 0.6884947139423077
1 0.6621275576923077 0.6848878629807692 0.6667387740384616 0.6611652067307693 0.6292119831730769 0.6538707379807692 0.624600766826923 0.6775933942307693 0.6621275576923077 0.6848878629807692
1 0.6279757307692309 0.6678736009615385 0.6306435240384616 0.6541490000000001 0.613465048076923 0.6508098437500001 0.6107972548076923 0.6645344447115384 0.6279757307692309 0.6678736009615385
1 0.5641009951923077 0.22372925000000002 0.5783763341346154 0.15028899278846153 0.4581781298076923 0.12692482932692306 0.4439027884615384 0.2003650841346154 0.5641009951923077 0.22372925000000002
1 0.6107107788461539 0.24571188221153847 0.6252334639423077 0.17099914903846153 0.5762032307692307 0.16146863701923075 0.5616805480769231 0.23618137259615385 0.6107107788461539 0.24571188221153847
1 0.5498935048076923 0.28180761538461535 0.5546283942307693 0.25744871875 0.48913545432692307 0.2447181826923077 0.4844005649038462 0.2690770793269231 0.5498935048076923 0.28180761538461535
1 0 0.5543911153846154 0.05538817788461538 0.5651574879807693 0.13174711057692307 0.17232483173076923 0.05766493509615385 0.1579247139423077 0 0.45458508894230765 0 0.5543911153846154
1 0 0.9041505144230769 0.09785607932692307 0.9231718100961538 0.23797701923076925 0.20231207211538463 0.05969920673076923 0.167658375 0 0.4747841658653846 0 0.9041505144230769
0 0.15373004326923076 0 0 0.7908725072115386 0 0.8898130216346154 0.4324031033653846 0.973863670673077 0.6186008822115384 0.015959141826923075 0.5364982139423077 0 0.15373004326923076 0