1 0.7178279399038462 0.7130334855769231 0.6914795048076924 0.5989058798076923 0.5248723750000001 0.6373701658653845 0.5512208100961539 0.7514977716346153 0.7178279399038462 0.7130334855769231
1 0.6878420913461538 0.6227424567307692 0.6617852620192307 0.5098779254807693 0.575259170673077 0.5298540456730769 0.601316 0.6427185769230769 0.6878420913461538 0.6227424567307692
1 0.549147170673077 1 0.6098975961538462 0.9859746586538461 0.5576173052884615 0.7595238389423078 0.3467067860576923 0.8082163701923076 0.3909835264423077 1 0.549147170673077 1
1 0.48121019711538465 0.22875630769230768 0.46419306730769233 0.15504701923076925 0.38548223557692307 0.17321884615384614 0.4024993653846154 0.24692813461538463 0.48121019711538465 0.22875630769230768
1 0.3786886322115385 0.1905619471153846 0.37104446153846155 0.15745140625 0.3206005096153846 0.16909731009615386 0.32824468028846154 0.20220785096153845 0.3786886322115385 0.1905619471153846
1 0.38055827644230766 0.20143865384615384 0.3758717980769231 0.18113927884615383 0.33862244230769234 0.18973897115384614 0.34330892307692307 0.21003834615384614 0.38055827644230766 0.20143865384615384
1 0.3881597451923077 0.22325070192307692 0.38249431009615387 0.19871101201923078 0.3482391129807692 0.2066194471153846 0.35390454807692306 0.23115913701923077 0.3881597451923077 0.22325070192307692
1 0.39685110096153847 0.2527934927884615 0.3877280865384615 0.21327737259615384 0.36067916826923074 0.2195221081730769 0.3698021826923077 0.25903822596153847 0.39685110096153847 0.2527934927884615
1 1 0.5685224519230769 0.9997539927884616 0.5674568774038462 0.9091680240384614 0.588370295673077 0.9221860264423077 0.644757451923077 1 0.6267926802884615 1 0.5685224519230769
1 0.9225441201923077 0.6196823725961539 0.9120880625 0.5743922091346154 0.8782896009615384 0.5821951971153847 0.8887456586538461 0.6274853605769231 0.9225441201923077 0.6196823725961539
1 0.8832716899038461 0.5771488389423077 0.8789809567307691 0.5585636298076924 0.8597980480769232 0.5629923557692308 0.86408878125 0.5815775624999999 0.8832716899038461 0.5771488389423077
1 0.8198116201923077 0.5801112860576922 0.8158749759615385 0.5630598100961538 0.7962353293269231 0.5675939807692308 0.8001719735576922 0.5846454567307693 0.8198116201923077 0.5801112860576922
1 0.8002238701923077 0.5830179951923077 0.7968079471153846 0.5682220048076924 0.767170858173077 0.575064266826923 0.77058678125 0.5898602572115385 0.8002238701923077 0.5830179951923077
1 0.7717615889423077 0.5873083557692308 0.7684914663461538 0.5731439014423076 0.7601687235576923 0.5750653581730769 0.7634388461538462 0.5892298125 0.7717615889423077 0.5873083557692308
1 0.572642548076923 0.35228034375 0.5633945600961539 0.3122229086538461 0.5188374302884615 0.32250973317307696 0.5280854158653846 0.3625671682692308 0.572642548076923 0.35228034375
1 0.5924823990384616 0.45650719471153844 0.5856922115384615 0.4270956538461539 0.5451442043269231 0.4364568990384615 0.5519343942307692 0.4658684399038462 0.5924823990384616 0.45650719471153844
4 0.7704909254807693 0.5945387668269231 0.751578375 0.5126195048076924 0.7095079182692309 0.5223322355769231 0.7284204711538462 0.6042514975961539 0.7704909254807693 0.5945387668269231
0 0.5240262740384616 0.27436788221153846 0.6199220769230769 0.6897382331730769 0.7609519951923077 0.6571789110576923 0.6650561923076924 0.24180856009615384 0.5240262740384616 0.27436788221153846