4 0.8605290432692307 0.46266391105769233 0.8250159375 0.30883974759615385 0.7024584519230769 0.3371343725961538 0.7379715576923077 0.49095853605769235 0.8605290432692307 0.46266391105769233
4 0.8157132235576923 0.4757662740384615 0.7866987043269231 0.35009058173076923 0.6792642548076924 0.3748937788461539 0.7082787740384616 0.5005694711538461 0.8157132235576923 0.4757662740384615
4 0.748681673076923 0.4979887283653846 0.7238120841346153 0.3902667043269231 0.6516985504807693 0.4069154254807692 0.6765681394230769 0.5146374495192307 0.748681673076923 0.4979887283653846
4 0.6833555432692309 0.5144008485576923 0.6655885745192307 0.43744365625000003 0.6237718605769231 0.4470978052884615 0.6415388293269231 0.5240549975961538 0.6833555432692309 0.5144008485576923
4 0.6994612908653846 0.6105571394230769 0.6793406682692308 0.5234051490384615 0.6389449110576924 0.5327312451923076 0.6590655336538462 0.6198832331730769 0.6994612908653846 0.6105571394230769
4 0.7195527283653846 0.6086744807692308 0.6967660192307693 0.5099744014423077 0.6743859567307692 0.5151412451923076 0.6971726658653845 0.6138413269230769 0.7195527283653846 0.6086744807692308
4 0.7358630048076923 0.6103255600961538 0.7109934158653846 0.5026035360576923 0.6915567644230769 0.5070908413461539 0.7164263533653846 0.6148128653846153 0.7358630048076923 0.6103255600961538
4 0.8171963149038461 0.6104588894230769 0.7869945528846153 0.4796406850961539 0.7098061730769231 0.49746102644230766 0.7400079350961538 0.6282792307692309 0.8171963149038461 0.6104588894230769
4 0.8915570600961539 0.6067853581730769 0.8595848509615384 0.46829850240384613 0.7383975745192307 0.49627678846153844 0.7703697836538462 0.6347636442307691 0.8915570600961539 0.6067853581730769
4 0.9961163389423077 0.43639761057692306 0.9609364927884615 0.2840169591346154 0.8268083653846153 0.3149828774038462 0.8619882091346154 0.46736352884615384 0.9961163389423077 0.43639761057692306
4 1 0.45715564423076926 0.9959617932692308 0.43966425 0.874825266826923 0.46763081971153847 0.904652108173077 0.5968250721153846 1 0.5748122764423077 1 0.45715564423076926
4 0.6316818533653846 0.6225941826923077 0.6071663557692308 0.5164058918269231 0.5422591009615385 0.5313909110576923 0.5667746009615384 0.6375792043269232 0.6316818533653846 0.6225941826923077
4 0.2949471466346154 0.5002062163461539 0.3054032043269231 0.5454963798076923 0.33001619711538466 0.5398140216346154 0.3195601394230769 0.4945238581730769 0.2949471466346154 0.5002062163461539
4 0.32187029086538466 0.49874192548076923 0.3318056298076923 0.5417766033653846 0.34058511057692303 0.5397496995192308 0.3306497716346154 0.4967150240384616 0.32187029086538466 0.49874192548076923
4 0.3388581995192308 0.5799651874999999 0.3307974543269231 0.5450502596153846 0.3107518197115385 0.5496781586538462 0.31881256490384613 0.5845930865384615 0.3388581995192308 0.5799651874999999
4 0.34814965625 0.5840919447115385 0.33717287740384616 0.5365462932692308 0.32550073798076923 0.5392410192307693 0.33647751682692306 0.5867866706730769 0.34814965625 0.5840919447115385
1 0.5158184278846154 0.6266316322115385 0.5091323822115384 0.5976711875 0.36470231971153844 0.6310154951923077 0.3713883653846154 0.6599759399038461 0.5158184278846154 0.6266316322115385
1 1 0.48814659615384615 0.9782721490384615 0.4931628653846154 0.9835626634615384 0.5160786081730769 1 0.51228375 1 0.48814659615384615
1 1 0.5090527908653846 0.9856456466346154 0.5123667548076922 0.9916443413461539 0.5383499567307692 1 0.5364209014423077 1 0.5090527908653846