4 0.9680974783653846 0.8152863100961538 0.9929907379807692 0.5784427620192308 0.9193857572115385 0.5707065673076923 0.8944924951923077 0.8075501153846154 0.9680974783653846 0.8152863100961538
4 0.9664890649038462 0.7807623942307692 0.9862914014423076 0.5923557475961538 0.8530669038461538 0.5783532884615384 0.8332645673076923 0.7667599350961538 0.9664890649038462 0.7807623942307692
4 0.8600950600961539 0.7312216538461538 0.8756388293269232 0.5833325649038461 0.7850958990384616 0.5738161201923077 0.7695521298076924 0.7217052091346154 0.8600950600961539 0.7312216538461538
4 0.6032451802884615 0.7319702235576924 0.6295127956730769 0.4820505552884615 0.45065425000000003 0.463251764423077 0.4243866346153846 0.7131714326923076 0.6032451802884615 0.7319702235576924
1 0.8272317043269232 0.5730310240384615 0.8318483774038461 0.5291063076923077 0.75430675 0.5209563533653846 0.7496900745192308 0.5648810697115384 0.8272317043269232 0.5730310240384615
1 0.7517881634615384 0.5658464086538462 0.7544110528846153 0.5408912788461538 0.7297034014423077 0.5382943990384615 0.7270805096153846 0.56324953125 0.7517881634615384 0.5658464086538462
1 0.7319147524038462 0.5660851947115385 0.7336665721153846 0.5494177451923077 0.7098394855769231 0.5469134158653847 0.7080876658653845 0.5635808677884616 0.7319147524038462 0.5660851947115385
1 0.7578273245192307 0.7052040528846154 0.7629859975961538 0.6561225576923077 0.7118613557692307 0.6507491394230769 0.7067026826923077 0.6998306370192308 0.7578273245192307 0.7052040528846154
4 0.6227892692307692 0.4827404230769231 0.645901673076923 0.2628405841346154 0.4904558293269231 0.24650256730769232 0.46734342548076924 0.46640240625 0.6227892692307692 0.4827404230769231
4 0.5157645384615385 0.039588625 0.49281666826923076 0.2579230144230769 0.6553588413461539 0.2750068846153846 0.6783067091346153 0.056672495192307694 0.5157645384615385 0.039588625
4 0.5240131610576924 0.003959362980769231 0.5205482379807692 0.03692592307692308 0.6874932403846153 0.05447255048076923 0.6909581658653846 0.021505990384615384 0.5240131610576924 0.003959362980769231
4 0.23686441346153847 0 0.19205884374999999 0.4262965192307692 0.47290768269230765 0.45581492067307694 0.5207681706730769 0.00045281250000000004 0.5164599471153847 0 0.23686441346153847 0
4 0.28415472355769233 0 0.2682068846153846 0.15173355288461537 0.5155424110576923 0.1777295625 0.5333703197115385 0.008108329326923076 0.4562247211538461 0 0.28415472355769233 0
4 0.4268587331730769 0.8177061947115385 0.47587096875 0.35138592788461537 0.18528410336538462 0.3208440168269231 0.13627186778846154 0.7871642836538462 0.4268587331730769 0.8177061947115385
4 0 0.8935025264423077 0.2729585360576923 0.922191625 0.3567942331730769 0.12454823076923077 0.04238028125 0.09150199278846155 0 0.4947234326923077 0 0.8935025264423077
4 0.05199752644230769 0 0.02059383894230769 0.2987861394230769 0.34914865144230767 0.33331864182692306 0.38418185096153845 0 0.05199752644230769 0
4 0.9351397475961538 0.045122249999999996 0.9117079495192308 0.2680609086538462 0.9753159110576923 0.274746375 0.9987477091346153 0.051807716346153845 0.9351397475961538 0.045122249999999996
1 1 0.22967223557692307 0.9193050721153846 0.2211908581730769 0.9105556538461539 0.3044360264423077 1 0.31383700480769233 1 0.22967223557692307
1 0.8592038557692308 0.03714106730769231 0.8516158629807692 0.10933598798076923 0.9399314807692308 0.1186183341346154 0.9475194711538462 0.04642341346153846 0.8592038557692308 0.03714106730769231