1 0.5918399134615384 0.798641733173077 0.59851759375 0.671224002403846 0.3915620240384615 0.660377920673077 0.38488434374999997 0.7877956514423077 0.5918399134615384 0.798641733173077
1 0.4680722644230769 0.6564137620192307 0.4717890865384616 0.5854925697115385 0.3542940793269231 0.5793349182692308 0.35057725721153843 0.650256108173077 0.4680722644230769 0.6564137620192307
1 0.46590741586538464 0.7116539447115385 0.46976476923076926 0.6380512500000001 0.358199125 0.6322043413461539 0.35434177163461544 0.7058070384615385 0.46590741586538464 0.7116539447115385
1 0.39627533173076923 0.7396220841346154 0.39958024999999997 0.6765604807692308 0.36483626442307693 0.6747396250000001 0.36153134375 0.7378012307692308 0.39627533173076923 0.7396220841346154
1 0.3732745360576923 0.6132451201923077 0.37829975721153847 0.5173581947115384 0.17061601923076924 0.5064739519230769 0.16559080048076924 0.6023608774038461 0.3732745360576923 0.6132451201923077
1 0.3678687884615384 0.6736004783653846 0.3717939831730769 0.5987032644230769 0.15521620432692307 0.5873529038461538 0.15129100721153846 0.6622501177884617 0.3678687884615384 0.6736004783653846
1 0.36366737259615384 0.7537682379807692 0.3694534038461538 0.6433641947115384 0.12406100240384615 0.6305037235576924 0.11827497115384615 0.740907766826923 0.36366737259615384 0.7537682379807692
1 0.3607187668269231 0.8378958798076923 0.3673964471153846 0.7104781490384616 0.12574890384615384 0.6978139375 0.1190712235576923 0.8252316682692308 0.3607187668269231 0.8378958798076923
1 1 0.17563084615384617 0.9555869374999999 0.17330325721153847 0.9507119399038462 0.26632374999999997 1 0.26890682692307694 1 0.17563084615384617
1 1 0.21559302163461538 0.9513658533653846 0.21304421634615386 0.946713766826923 0.3018112860576923 1 0.3046038990384615 1 0.21559302163461538
1 1 0.2430380408653846 0.9560688701923077 0.2407357091346154 0.9510727259615385 0.33606784375000004 1 0.3386320144230769 1 0.2430380408653846
1 1 0.2804040649038461 0.949174829326923 0.2777404302884615 0.9452157115384616 0.35328490625 1 0.3561560288461539 1 0.2804040649038461
1 1 0.3111869951923077 0.9488142716346153 0.30850446394230774 0.9447970024038461 0.3851585264423077 1 0.38805159134615386 1 0.3111869951923077
1 1 0.35949393990384615 0.9444171153846154 0.3565809639423077 0.9409765096153847 0.4222316081730769 1 0.42532489903846155 1 0.35949393990384615
1 1 0.3858263221153846 0.9461615913461539 0.3830047716346154 0.9418584110576924 0.46511431009615384 1 0.4681613798076923 1 0.3858263221153846
1 1 0.43524589903846156 0.9466474182692307 0.43244981009615385 0.9433182692307691 0.4959737475961538 0.9968905841346154 0.4987813533653846 1 0.4394501730769231 1 0.43524589903846156
1 0.9965930216346154 0.5283433293269231 0.999922170673077 0.46481939423076923 0.9420328653846154 0.46178554567307695 0.9387037163461538 0.5253094783653846 0.9965930216346154 0.5283433293269231
1 0.9937417163461538 0.5469232716346154 0.9960386826923078 0.5030945288461539 0.9424663677884616 0.5002869230769231 0.9401694014423078 0.5441156658653846 0.9937417163461538 0.5469232716346154
1 0.9401694014423078 0.5441156658653846 0.937988735576923 0.5857252283653847 0.9909369086538462 0.588500125 0.9931175721153847 0.5468905600961539 0.9401694014423078 0.5441156658653846
1 0.9930257548076923 0.6192998052884615 0.9951482692307692 0.5787998293269231 0.93850725 0.5758313990384616 0.936384735576923 0.6163313749999999 0.9930257548076923 0.6192998052884615
1 0.9888027403846155 0.6531066009615384 0.9909252548076922 0.612606625 0.9305913846153846 0.6094446610576922 0.9284688725961538 0.6499446370192307 0.9888027403846155 0.6531066009615384
1 0.9877598870192308 0.6849475096153845 0.9900568533653846 0.6411187716346153 0.9376808149038461 0.638373858173077 0.9353838461538462 0.6822025985576924 0.9877598870192308 0.6849475096153845
1 0.9874577908653847 0.725542889423077 0.9896384567307692 0.6839333269230768 0.9366902860576923 0.6811584302884615 0.9345096201923078 0.7227679927884616 0.9874577908653847 0.725542889423077
1 0.9865835649038461 0.7661082860576923 0.989050139423077 0.7190432475961538 0.9324091201923077 0.7160748173076923 0.9299425456730769 0.763139858173077 0.9865835649038461 0.7661082860576923
1 0.9823023990384615 0.8010246706730769 0.9850015769230769 0.7495212764423077 0.9332496802884616 0.7468090745192307 0.9305505024038462 0.79831246875 0.9823023990384615 0.8010246706730769
1 0.9331168798076923 0.77322721875 0.9354138461538462 0.7293984783653846 0.9083156177884616 0.7279783197115385 0.9060186514423076 0.7718070625 0.9331168798076923 0.77322721875
1 0.9148135889423077 0.6975359375000001 0.9125166225961538 0.7413646778846155 0.9347257259615385 0.742528608173077 0.9370226923076923 0.6986998677884616 0.9148135889423077 0.6975359375000001
1 0.9439480288461539 0.7078711754807692 0.9459009350961539 0.6706074999999999 0.9181785649038462 0.6691546322115385 0.9162256562500001 0.7064183076923077 0.9439480288461539 0.7078711754807692
1 0.9211426201923077 0.6474281322115385 0.9194223173076923 0.6802534543269231 0.9428276971153846 0.6814800793269231 0.9445479975961538 0.6486547548076923 0.9211426201923077 0.6474281322115385
1 0.9138835841346153 0.621735233173077 0.9128514014423076 0.6414304278846154 0.9399496298076924 0.6428505865384615 0.9409818100961539 0.623155391826923 0.9138835841346153 0.621735233173077
1 0.9380888509615384 0.618645954326923 0.9395813966346154 0.5901665192307692 0.9156038846153846 0.5889099110576923 0.9141113413461538 0.6173893461538462 0.9380888509615384 0.618645954326923
1 0.9386128798076924 0.5857579374999999 0.9400472740384616 0.5583880913461539 0.9203347403846155 0.5573550024038462 0.9189003485576923 0.5847248485576924 0.9386128798076924 0.5857579374999999
1 0.9232500264423076 0.5256122211538462 0.9208367572115385 0.5716601370192308 0.9399251442307693 0.5726605168269231 0.9423384134615385 0.5266126009615385 0.9232500264423076 0.5256122211538462
1 0.9430743245192308 0.5354595360576924 0.9445668677884616 0.5069801033653847 0.9230339206730769 0.505851608173077 0.9215413750000001 0.5343310408653846 0.9430743245192308 0.5354595360576924
1 0.923447783653846 0.4740704543269231 0.9208697524038462 0.523262204326923 0.9405822860576923 0.5242952956730769 0.9431603149038461 0.4751035432692308 0.923447783653846 0.4740704543269231
1 0.9457153533653847 0.48506573076923076 0.9476101081730769 0.44891164423076924 0.922384310096154 0.4475896153846154 0.9204895552884615 0.4837437043269231 0.9457153533653847 0.48506573076923076
1 0.923982483173077 0.42903672115384617 0.9220877283653847 0.4651908100961538 0.9442448221153845 0.4663520120192307 0.9461395769230769 0.4301979254807692 0.923982483173077 0.42903672115384617
1 0.9471019543269231 0.4357188197115385 0.94922446875 0.39521884375 0.9245708028846155 0.3939268004807692 0.9224482884615385 0.4344267764423077 0.9471019543269231 0.4357188197115385
1 0.9292541778846153 0.3513357644230769 0.9267294543269231 0.3995103918269231 0.9458178413461538 0.4005107716346154 0.9483425673076924 0.3523361442307692 0.9292541778846153 0.3513357644230769
1 0.9164417620192308 0.7261789230769231 0.9182783677884616 0.691134423076923 0.8671506129807691 0.6884549302884615 0.8653140096153845 0.7234994302884614 0.9164417620192308 0.7261789230769231
1 0.92953503125 0.5698907235576923 0.9307998173076922 0.5457571778846154 0.8759792163461538 0.5428841514423077 0.8747144326923078 0.5670176995192308 0.92953503125 0.5698907235576923
1 0.7913992956730769 0.6271842211538462 0.7918402740384616 0.61876984375 0.7550158100961538 0.6168399543269231 0.7545748317307692 0.6252543341346153 0.7913992956730769 0.6271842211538462
1 0.7911589302884615 0.6377416658653845 0.7918761274038462 0.6240567427884615 0.7565080000000001 0.6222031778846154 0.7557908028846154 0.6358881009615385 0.7911589302884615 0.6377416658653845
1 0.785750326923077 0.6444121875 0.7862494567307692 0.63488821875 0.7538460096153846 0.6331900264423077 0.7533468798076922 0.6427139951923077 0.785750326923077 0.6444121875
1 0.7893346201923077 0.6556336730769231 0.7899403605769231 0.6440754615384615 0.7536880264423077 0.6421755552884616 0.7530822860576923 0.6537337692307692 0.7893346201923077 0.6556336730769231
1 0.7888064134615385 0.6657124326923077 0.7893588485576923 0.6551713437500001 0.7527944447115384 0.6532550841346154 0.7522420096153847 0.6637961730769231 0.7888064134615385 0.6657124326923077
4 0.02817761298076923 0 0.009361322115384615 0.3590361754807692 0.22396264903846155 0.3702829543269231 0.24336835817307692 0 0.02817761298076923 0
4 0 0.8367008653846154 0.17291424278846154 0.8457629158653847 0.20232898798076923 0.28449613221153847 0.015346009615384616 0.27469676923076924 0 0.5675160576923077 0 0.8367008653846154
4 0.6371192740384616 0.5805273677884615 0.6401334375 0.5230137067307692 0.5929065817307693 0.5205386514423077 0.5898924182692308 0.5780523149038461 0.6371192740384616 0.5805273677884615
4 0.6323593125 0.6424928028846153 0.6357563028846154 0.5776743509615385 0.5890495697115384 0.5752265528846153 0.585652579326923 0.6400450072115385 0.6323593125 0.6424928028846153
4 0.6762716153846154 0.6485029350961539 0.6797655240384616 0.5818351682692308 0.6315504423076923 0.5793083221153846 0.6280565336538462 0.6459760913461537 0.6762716153846154 0.6485029350961539
4 0.731338375 0.6586209951923077 0.7349728173076924 0.5892717211538462 0.6831168990384615 0.5865540673076923 0.6794824591346154 0.6559033413461539 0.731338375 0.6586209951923077
4 0.6857065697115385 0.5281836802884615 0.6823095769230769 0.5930021370192308 0.7382224278846153 0.5959324038461539 0.7416194182692308 0.5311139495192307 0.6857065697115385 0.5281836802884615
4 0.644903033653846 0.5205748004807692 0.6415593461538461 0.5843761298076923 0.6882660841346154 0.5868239254807692 0.6916097692307692 0.5230225961538462 0.644903033653846 0.5205748004807692
4 0.5901298677884615 0.5735214951923078 0.5930471129807692 0.5178571466346154 0.5684454591346154 0.5165678269230769 0.5655282139423077 0.5722321778846153 0.5901298677884615 0.5735214951923078
4 0.5852326153846155 0.6281548822115385 0.5884357692307692 0.5670350552884615 0.5658625817307692 0.5658520432692308 0.5626594278846154 0.6269718701923076 0.5852326153846155 0.6281548822115385
0 0.42048223076923075 0.3772442043269231 0.40498981971153847 0.6728570384615384 0.5845870985576923 0.6822693341346154 0.6000795120192307 0.3866564975961539 0.42048223076923075 0.3772442043269231