1 0.9928607980769232 0.39313723557692304 0.9861047548076923 0.29652130769230767 0.8886863894230769 0.3033334639423077 0.8954424350961538 0.39994939182692313 0.9928607980769232 0.39313723557692304
1 0.8956664062499999 0.4255516875 0.891584360576923 0.36717571634615387 0.8464341947115385 0.3703329254807692 0.8505162403846154 0.4287088966346154 0.8956664062499999 0.4255516875
1 0.8553976754807693 0.4686508653846154 0.8511929110576923 0.4085199206730769 0.8065623100961539 0.41164079567307693 0.8107670745192308 0.4717717403846154 0.8553976754807693 0.4686508653846154
1 0.8156890697115385 0.49064103125 0.8124402259615385 0.44418040865384617 0.775551139423077 0.44675994471153846 0.778799983173077 0.4932205673076923 0.8156890697115385 0.49064103125
1 0.781724076923077 0.505917891826923 0.7792373870192308 0.4703565817307692 0.7633906682692307 0.4714646923076923 0.7658773581730769 0.5070260024038462 0.781724076923077 0.505917891826923
1 0.8088684374999999 0.3931014326923077 0.8056841826923077 0.3475644831730769 0.7646905360576923 0.35043103846153845 0.7678747884615384 0.3959679879807692 0.8088684374999999 0.3931014326923077
1 0.8487560889423077 0.34455260336538457 0.8449324014423076 0.28987131490384616 0.7967687620192307 0.29323924278846153 0.8005924495192308 0.34792053125 0.8487560889423077 0.34455260336538457
1 0.8358215913461537 0.3216026658653846 0.8305963149038462 0.2468777283653846 0.7598316153846153 0.2518260793269231 0.765056891826923 0.3265510168269231 0.8358215913461537 0.3216026658653846
1 0.7887797163461538 0.3634119134615385 0.7858473605769232 0.32147727403846155 0.7494258822115385 0.3240241129807692 0.7523582379807692 0.36595875 0.7887797163461538 0.3634119134615385
1 0.9004623677884616 0.23131806730769233 0.8948883100961538 0.1516053125 0.7957553822115385 0.15853736057692308 0.8013294399038462 0.23825011778846153 0.9004623677884616 0.23131806730769233
1 0.8231048125 0.08673242788461538 0.8281686153846154 0.1591481875 0.8813200745192307 0.1554314735576923 0.8762562716346154 0.08301571634615384 0.8231048125 0.08673242788461538
1 0.8548403004807692 0 0.8602433269230769 0.07726686538461539 0.9444127932692308 0.07138116105769231 0.9394213365384616 0 0.8548403004807692 0
1 0.7702592668269231 0 0.7735936298076923 0.04768362259615384 0.8526194086538462 0.04215760336538461 0.8496714615384615 0 0.7702592668269231 0
1 0.8276516153846154 0.15250139423076922 0.8206372139423077 0.052190786057692305 0.7527301201923078 0.0569393125 0.7597445216346154 0.15724992067307692 0.8276516153846154 0.15250139423076922
1 0.7678286370192308 0.21163329086538463 0.7639532788461539 0.1562130673076923 0.7383387451923077 0.15800420913461538 0.7422141033653846 0.2134244326923077 0.7678286370192308 0.21163329086538463
1 0.3248214591346154 0.040637889423076924 0.33393501201923076 0.1709677860576923 0.45598074038461534 0.16243351923076924 0.44686718509615386 0.03210362259615385 0.3248214591346154 0.040637889423076924
1 0.5072102788461538 0.27608121153846155 0.5025533894230769 0.20948457451923078 0.42768412740384615 0.2147199423076923 0.43234101682692305 0.2813165793269231 0.5072102788461538 0.27608121153846155
1 0.4539931875 0.2646730649038461 0.45784271153846157 0.31972382211538464 0.5304778437500001 0.3146446778846154 0.5266283197115385 0.25959392067307696 0.4539931875 0.2646730649038461
1 0.5464814663461538 0.4800423341346154 0.5485095697115384 0.5090455841346154 0.561290860576923 0.5081518293269232 0.5592627548076923 0.47914857932692306 0.5464814663461538 0.4800423341346154
1 0.53323684375 0.4698302451923077 0.5352261947115384 0.49827929326923076 0.5480074831730769 0.4973855384615385 0.5460181322115385 0.46893649038461543 0.53323684375 0.4698302451923077
1 0.49998005528846157 0.45043621153846153 0.5029317884615385 0.4926479495192308 0.5346771850961539 0.4904280961538462 0.5317254543269231 0.448216358173077 0.49998005528846157 0.45043621153846153
1 0.5572037788461539 0.4967424711538462 0.5589024759615385 0.5210350048076923 0.5731385480769231 0.5200395216346154 0.5714398485576923 0.49574698798076927 0.5572037788461539 0.4967424711538462
1 0.006514716346153846 0.034215088942307695 0.018412069711538463 0.20435518028846153 0.19916859615384613 0.19171545192307693 0.18727124278846155 0.02157536298076923 0.006514716346153846 0.034215088942307695
1 0.3419812259615385 0.3241128990384615 0.3292958822115385 0.14270402884615385 0.17727127884615385 0.153334625 0.18995662259615387 0.3347434951923077 0.3419812259615385 0.3241128990384615
1 0.41927771394230773 0.3909207451923077 0.41161096153846155 0.2812810673076923 0.33507909375 0.28663269711538464 0.3427458485576923 0.396272375 0.41927771394230773 0.3909207451923077
1 0.46111539182692307 0.4225237259615385 0.4559094927884615 0.3480758894230769 0.4134610625 0.3510441730769231 0.41866696153846156 0.42549200721153846 0.46111539182692307 0.4225237259615385
1 0.49424404326923077 0.45427160336538464 0.4893481730769231 0.3842573870192308 0.4536540841346154 0.38675336057692306 0.458549954326923 0.4567675769230769 0.49424404326923077 0.45427160336538464
1 0.5224108245192307 0.21570714182692308 0.5256402908653846 0.2618906610576923 0.5576974254807692 0.25964900721153844 0.5544679591346153 0.21346548798076923 0.5224108245192307 0.21570714182692308
1 0.5130691009615385 0 0.48246790865384614 0.0021398437500000003 0.48516774278846153 0.04074926923076923 0.5549452692307693 0.03586994951923077 0.5524369975961538 0 0.5130691009615385 0
4 0 0.5152204495192307 0.03080074278846154 0.9556915793269231 0.2572789543269231 0.9398546778846154 0.20361814182692306 0.1724692980769231 0 0.18670766586538462 0 0.5152204495192307
4 0.3605494110576923 0.8128971899038462 0.3259230721153846 0.31771748076923073 0.07289510576923076 0.33541092067307693 0.10752144471153846 0.8305906274038463 0.3605494110576923 0.8128971899038462
4 0.4378081971153846 0.7410365432692309 0.41388431009615384 0.39890902403846157 0.3214018100961538 0.4053760288461538 0.3453256971153846 0.7475035504807692 0.4378081971153846 0.7410365432692309
4 0.47853541346153844 0.7216668942307692 0.45979805048076927 0.45371010576923076 0.40259398557692305 0.45771020432692305 0.42133135096153845 0.7256669903846155 0.47853541346153844 0.7216668942307692
4 0.5028789639423077 0.6979665961538462 0.48728064182692304 0.4749001899038462 0.4528335096153846 0.47730896875 0.4684318317307692 0.7003753725961539 0.5028789639423077 0.6979665961538462
4 0.5247119807692308 0.683909358173077 0.5120524735576922 0.5028699567307693 0.48498315865384617 0.5047628293269231 0.49764266586538464 0.6858022283653846 0.5247119807692308 0.683909358173077
4 0.5391559735576923 0.6657278774038461 0.5284018509615385 0.5119367548076923 0.5095416562499999 0.5132555865384615 0.5202957788461539 0.6670467115384615 0.5391559735576923 0.6657278774038461
4 0.5529548317307692 0.6532534495192308 0.5433503990384616 0.5159036586538461 0.5273478100961538 0.5170226682692308 0.5369522427884615 0.6543724591346154 0.5529548317307692 0.6532534495192308
4 0.5618995120192307 0.6482654975961538 0.5534447692307692 0.5273570408653846 0.5438328245192308 0.5280291730769231 0.5522875673076924 0.6489376298076923 0.5618995120192307 0.6482654975961538
4 0.5512996418269231 0.5325192524038461 0.5590955745192308 0.6440062716346154 0.571565125 0.6431343173076923 0.5637691923076923 0.5316472956730769 0.5512996418269231 0.5325192524038461
4 0.5795397283653846 0.6444330504807693 0.5720602860576923 0.5374720144230769 0.560318125 0.5382931057692308 0.5677975673076923 0.6452541418269231 0.5795397283653846 0.6444330504807693
4 0.58396115625 0.6307579807692308 0.5775861899038461 0.5395917115384615 0.57046815625 0.5400894519230769 0.5768431225961538 0.6312557235576922 0.58396115625 0.6307579807692308
4 0.5893059278846153 0.6310339711538462 0.5829309615384616 0.5398676995192307 0.5761766225961538 0.5403400096153846 0.5825515889423077 0.6315062788461538 0.5893059278846153 0.6310339711538462
4 0.5952944086538461 0.6293157548076922 0.5897268100961539 0.5496953629807693 0.5837518173076923 0.5501131754807692 0.5893194182692307 0.6297335649038461 0.5952944086538461 0.6293157548076922
4 1 0.49523257932692305 0.9947791009615384 0.42057024759615386 0.9732691274038461 0.4220743701923077 0.9988335817307692 0.7876631201923078 1 0.7875815552884616 1 0.49523257932692305
4 1 0.7162395576923076 0.9798521129807691 0.42811135096153846 0.9049828533653846 0.43334671874999997 0.9276730841346155 0.7578321370192308 1 0.7527745456730769 1 0.7162395576923076
4 0.9293888846153846 0.7375704999999999 0.9105804711538461 0.46859767548076925 0.8592994447115385 0.47218359374999996 0.8781078581730769 0.7411564182692308 0.9293888846153846 0.7375704999999999
4 0.8782990625 0.6998387283653845 0.8637083341346153 0.4911815817307692 0.8237018605769231 0.4939791081730769 0.8382925889423076 0.7026362548076922 0.8782990625 0.6998387283653845
4 0.8419026610576924 0.6878112788461539 0.8293464951923077 0.50824975 0.8032123966346153 0.5100772235576924 0.8157685600961538 0.6896387524038462 0.8419026610576924 0.6878112788461539
4 0.8168389399038462 0.6758267379807692 0.8053614182692308 0.5116905048076923 0.7833318774038461 0.5132309615384615 0.7948094014423077 0.6773671923076924 0.8168389399038462 0.6758267379807692
4 0.7923425625 0.6577693100961538 0.7834873653846154 0.5311340961538462 0.7694071634615385 0.5321186802884615 0.778262360576923 0.6587538942307692 0.7923425625 0.6577693100961538
4 0.77704665625 0.6451017379807692 0.7693928221153846 0.5356467908653847 0.7585339230769231 0.5364061201923077 0.7661877572115384 0.6458610649038461 0.77704665625 0.6451017379807692
4 0.7684721322115385 0.6501566249999999 0.7607860024038462 0.54023984375 0.7491477548076924 0.541053670673077 0.7568338846153846 0.6509704495192307 0.7684721322115385 0.6501566249999999
4 0.7564129134615385 0.6479368701923077 0.7493080865384615 0.5463331225961539 0.7403715745192307 0.5469580240384615 0.7474764014423076 0.6485617716346154 0.7564129134615385 0.6479368701923077
4 0.7478758125 0.6400873389423077 0.7414233389423077 0.5478126634615385 0.7312918269230769 0.5485211298076923 0.7377443028846155 0.6407958028846154 0.7478758125 0.6400873389423077
4 0.7373000600961538 0.6307096322115384 0.7322297980769231 0.5582015048076923 0.7238128509615385 0.5587900745192308 0.7288831129807692 0.6312982019230768 0.7373000600961538 0.6307096322115384
4 0.7312166899038461 0.6258443557692307 0.7266373076923076 0.560356125 0.7153108004807692 0.5611481514423077 0.7198901826923076 0.6266363822115385 0.7312166899038461 0.6258443557692307
1 0.7611430480769231 0.5236931490384615 0.7600321105769231 0.5078060168269231 0.7357684447115385 0.5095026971153847 0.7368793822115385 0.5253898293269231 0.7611430480769231 0.5236931490384615