1 0.5994296682692307 0.7727724807692307 0.5571055432692308 0.5894465576923077 0.3919701153846154 0.6275710745192308 0.4342942403846154 0.810897 0.5994296682692307 0.7727724807692307
1 0.5037700697115385 1 0.43279056250000003 0.6925539807692308 0.05375045913461539 0.7800622836538461 0.10452708173076923 1 0.5037700697115385 1
1 0.6236593509615385 0.6346143365384616 0.6017057956730769 0.5395230360576924 0.5362403076923077 0.5546369350961539 0.5581938629807692 0.649728235576923 0.6236593509615385 0.6346143365384616
1 0.6532583028846154 0.5681031971153846 0.6382199086538461 0.5029647524038462 0.5787427355769231 0.5166961394230769 0.5937811298076923 0.5818345841346153 0.6532583028846154 0.5681031971153846
1 0.6890543461538462 0.5339913701923077 0.6732661129807693 0.46560502884615385 0.6083588581730769 0.48059004807692307 0.6241470889423077 0.548976391826923 0.6890543461538462 0.5339913701923077
1 0.7034656153846155 0.5031061009615384 0.694613375 0.4647628341346154 0.6706093605769231 0.4703045985576923 0.6794616009615384 0.5086478629807692 0.7034656153846155 0.5031061009615384
1 0.7135786971153847 0.48509166586538466 0.7053096634615384 0.4492745432692308 0.6834370841346153 0.4543242283653846 0.6917061177884616 0.4901413485576923 0.7135786971153847 0.48509166586538466
1 0.7213228317307692 0.4741810889423077 0.7139077788461539 0.44206296394230765 0.6815810216346154 0.4495261826923077 0.6889960745192307 0.4816443076923077 0.7213228317307692 0.4741810889423077
1 0.7297335937499999 0.4534237355769231 0.7260052379807692 0.4372744519230769 0.7093090024038461 0.4411290817307692 0.7130373557692308 0.4572783653846154 0.7297335937499999 0.4534237355769231
1 1 0.44372679086538463 0.9889282067307692 0.39576959134615386 0.9384335096153846 0.40742721153846156 0.9511599086538461 0.4625512956730769 1 0.45127567067307695 1 0.44372679086538463
1 0.9639465288461538 0.4246289086538461 0.9533446682692308 0.3787072091346154 0.8940704903846155 0.3923917307692308 0.9046723509615385 0.4383134302884616 0.9639465288461538 0.4246289086538461
1 0.8951663701923077 0.4084835697115385 0.8886677860576923 0.3803351033653846 0.8661354783653846 0.3855370961538461 0.8726340625 0.41368556250000005 0.8951663701923077 0.4084835697115385
1 0.8116580841346154 0 0.8217482620192308 0.043705365384615384 0.9034025024038462 0.024854 0.8976645048076922 0 0.8116580841346154 0
1 0.8933359110576924 0 0.7962530745192308 0.022413338942307695 0.8128952860576923 0.0944986826923077 0.9110935192307692 0.07182783413461538 0.8945107596153845 0 0.8933359110576924 0
1 0.9187305480769231 0.09819301923076923 0.9039421009615385 0.03413720913461538 0.8022929735576922 0.05760475961538462 0.817081423076923 0.12166056971153846 0.9187305480769231 0.09819301923076923
1 0.9155521730769232 0.11869266346153846 0.90403384375 0.06880130528846154 0.7968531370192308 0.09354592307692308 0.8083714639423077 0.14343727884615384 0.9155521730769232 0.11869266346153846
1 0.9105024399038462 0.15169291826923076 0.9020876033653846 0.11524425961538462 0.7974443173076923 0.1394030673076923 0.8058591538461539 0.17585172596153847 0.9105024399038462 0.15169291826923076
1 0.9082272932692308 0.17378956971153844 0.8983752692307692 0.13111576923076923 0.7972336274038461 0.15446615865384614 0.8070856490384616 0.19713995673076923 0.9082272932692308 0.17378956971153844
1 0.903318173076923 0.1937385048076923 0.8924247091346154 0.1465537331730769 0.7882889086538462 0.17059537740384614 0.7991823725961538 0.21778014903846155 0.903318173076923 0.1937385048076923
1 0.6503878774038461 0.16831723076923077 0.6321626754807692 0.08937520913461539 0.4991510096153846 0.12008337259615386 0.5173762115384615 0.19902539182692308 0.6503878774038461 0.16831723076923077
1 0.6680197019230769 0.1918997956730769 0.6602922163461538 0.1584283798076923 0.5510308221153847 0.18365335817307693 0.5587583076923077 0.2171247764423077 0.6680197019230769 0.1918997956730769
1 0.57996446875 0.19645427163461537 0.5909204182692307 0.24390970432692308 0.6865812307692308 0.2218246658653846 0.67562528125 0.1743692331730769 0.57996446875 0.19645427163461537
1 0.6948602620192308 0.23939407211538463 0.6891531706730769 0.21467394230769232 0.6265803437499999 0.22912001923076925 0.6322874350961538 0.25384014663461535 0.6948602620192308 0.23939407211538463
1 0.6286761105769231 0.23680859375000002 0.6379449278846153 0.27695625 0.7069120576923077 0.2610339326923077 0.6976432403846153 0.22088627884615386 0.6286761105769231 0.23680859375000002
1 0.7867283629807692 0 0.752949329326923 0.0077985048076923075 0.763530360576923 0.05362998317307692 0.7997647475961538 0.04526461778846154 0.7893145865384615 0 0.7867283629807692 0
1 0.7431369302884616 0.4422519375 0.7362842548076922 0.41256974038461536 0.7157311370192307 0.41731480048076924 0.7225838125 0.446997 0.7431369302884616 0.4422519375