4 0.09069694711538462 0 0 0.46659534375 0 0.890567625 0.4164637019230769 0.97151996875 0.6012834134615385 0.020704971153846154 0.49476556971153846 0 0.09069694711538462 0
4 0.5843913774038462 0.7916461802884616 0.7226748966346155 0.08023914903846154 0.5709828197115384 0.05075319471153846 0.4326993004807692 0.7621602283653846 0.5843913774038462 0.7916461802884616
4 0.6382218269230768 0.7104252572115384 0.7295097956730768 0.24078936298076922 0.6798149206730769 0.23112965865384616 0.5885269495192308 0.7007655528846153 0.6382218269230768 0.7104252572115384
4 0.6750720576923077 0.6371284639423076 0.7416431947115385 0.2946496466346154 0.7119898725961539 0.288885625 0.6454187355769231 0.6313644423076923 0.6750720576923077 0.6371284639423076
4 0.7133036442307692 0.5793809254807692 0.7513241033653847 0.38378262259615387 0.7417123365384615 0.3819142860576923 0.7036918774038461 0.5775125889423077 0.7133036442307692 0.5793809254807692
4 0.7240248725961538 0.5889166466346154 0.7602962475961538 0.40231659134615383 0.7466454951923077 0.39966315384615386 0.7103741177884615 0.5862632091346154 0.7240248725961538 0.5889166466346154
1 0.7007698677884615 0.6141089038461538 0.7103456538461538 0.5648457620192308 0.6891793173076923 0.5607314423076923 0.6796035336538462 0.6099945841346154 0.7007698677884615 0.6141089038461538
1 0.7223487572115384 0.4815312644230769 0.729327420673077 0.44562915865384617 0.7122000697115385 0.4422999399038462 0.70522140625 0.47820204567307695 0.7223487572115384 0.4815312644230769
4 1 0.4110857067307692 0.9782262548076923 0.40685331971153843 0.933068125 0.6391717524038462 0.9694190072115384 0.6462376466346154 1 0.48891207211538457 1 0.4110857067307692
1 1 0.4995575360576923 0.994257014423077 0.529102641826923 1 0.5302189663461538 1 0.4995575360576923
1 0.9794898173076922 0.6509306586538461 0.9887299182692307 0.603394451923077 0.9746190288461538 0.6006515721153846 0.9653789254807692 0.6481877788461539 0.9794898173076922 0.6509306586538461
1 1 0.2826142115384615 0.9846507740384615 0.279630625 0.9707111177884615 0.3513439447115384 1 0.35703712740384613 1 0.2826142115384615
1 1 0.3202501346153846 0.9636439302884615 0.31318323076923077 0.9539444735576923 0.36308261057692304 1 0.37203489903846154 1 0.3202501346153846
1 0.9506229831730769 0.38017019711538463 0.9591917211538461 0.33608786298076926 0.9454387163461538 0.33341455048076923 0.9368699783653847 0.3774968846153846 0.9506229831730769 0.38017019711538463
1 0.9356190264423077 0.3885727980769231 0.9420676634615385 0.35539743509615385 0.9304108413461538 0.35313157692307695 0.923962204326923 0.3863069399038462 0.9356190264423077 0.3885727980769231
1 0.9246503052884615 0.3983257211538461 0.9306042524038461 0.36769531971153846 0.9171580048076924 0.3650816346153846 0.9112040576923076 0.39571203605769234 0.9246503052884615 0.3983257211538461
1 0.9088395841346154 0.4048736418269231 0.9146875264423078 0.37478858894230765 0.9076832043269231 0.3734270865384615 0.9018352620192308 0.40351213942307695 0.9088395841346154 0.4048736418269231
1 0.9028668629807692 0.4074856875 0.9074074086538462 0.38412659615384614 0.9021413870192307 0.3831029855769231 0.8976008413461538 0.4064620769230769 0.9028668629807692 0.4074856875
1 0.8962886009615385 0.4164884951923077 0.8996277572115384 0.3993100192307692 0.8940549807692307 0.39822678125 0.8907158221153846 0.4154052572115384 0.8962886009615385 0.4164884951923077
1 0.8884460937499999 0.42571718750000004 0.8925802884615385 0.40444859855769233 0.8840933052884616 0.4027988942307692 0.8799591105769231 0.42406748557692303 0.8884460937499999 0.42571718750000004
1 0.8719978269230769 0.5540098822115385 0.8745242788461538 0.5410124110576923 0.8634298461538462 0.5388558701923076 0.8609033942307692 0.5518533413461538 0.8719978269230769 0.5540098822115385
1 0.883053954326923 0.5593660456730769 0.8860750961538462 0.5438236153846154 0.8790707788461538 0.5424621129807693 0.8760496370192308 0.5580045456730769 0.883053954326923 0.5593660456730769
1 0.940108548076923 0.6119596081730769 0.9448611057692309 0.5875098221153846 0.9238481490384616 0.5834253173076923 0.9190955913461539 0.6078751033653846 0.940108548076923 0.6119596081730769
1 0.6103143389423077 0.020102264423076922 0.5859155240384616 0.1456232956730769 0.7689992163461539 0.1812111610576923 0.7933980336538462 0.05569012980769231 0.6103143389423077 0.020102264423076922
1 0.7611703293269231 0.22694651682692307 0.7775657692307691 0.14259929326923076 0.6756196947115385 0.12278298317307691 0.6592242548076922 0.20713020673076923 0.7611703293269231 0.22694651682692307
1 0.7785114278846154 0.2777630721153846 0.7931577860576924 0.20241409615384615 0.6907004495192308 0.18249840625 0.6760540913461538 0.25784738221153847 0.7785114278846154 0.2777630721153846
1 0.7750604879807692 0.31435089663461535 0.7827458509615385 0.27481313461538465 0.7100952139423077 0.26069128125 0.7024098509615384 0.3002290432692308 0.7750604879807692 0.31435089663461535
1 0.7348000697115384 0.28699965865384613 0.72693803125 0.32744633653846156 0.7841996177884615 0.33857686057692304 0.79206165625 0.29813018509615385 0.7348000697115384 0.28699965865384613
1 1 0.13169322115384616 0.9821406730769231 0.12822171875 0.9737309423076923 0.17148602884615385 1 0.17659221634615385 1 0.13169322115384616
1 0.9843680721153846 0.21939592788461537 0.9927778004807692 0.17613161778846154 0.9618974447115385 0.17012908413461536 0.9534877139423077 0.21339339423076925 0.9843680721153846 0.21939592788461537
1 0.9610889903846154 0.24307429326923075 0.967802639423077 0.2085355576923077 0.9437220985576923 0.20385477644230768 0.9370084471153847 0.2383935096153846 0.9610889903846154 0.24307429326923075
4 1 0.14820020432692307 0.9920860961538461 0.1466618966346154 0.9552493605769231 0.33617047836538466 0.9776427307692307 0.34052330769230765 1 0.22550512740384615 1 0.14820020432692307
4 0.9526073725961539 0.36914252163461536 0.9796033100961539 0.23026045432692308 0.9565964230769232 0.22578837019230769 0.9296004855769231 0.3646704375 0.9526073725961539 0.36914252163461536
4 0.9351671778846153 0.3898055240384615 0.9573222211538461 0.27582770192307693 0.926186235576923 0.2697754807692308 0.9040311899038461 0.3837533028846154 0.9351671778846153 0.3898055240384615
4 0.9034772475961539 0.39779447115384614 0.9240598846153846 0.2919059831730769 0.9128120721153846 0.2897196298076923 0.8922294350961538 0.39560811778846156 0.9034772475961539 0.39779447115384614
4 0.8934472524038461 0.4100880048076923 0.91111475 0.31919659855769233 0.9016563653846154 0.31735807451923076 0.8839888653846154 0.4082494807692308 0.8934472524038461 0.4100880048076923
4 0.8852324711538462 0.41113233173076924 0.898801110576923 0.3413277331730769 0.8931772067307692 0.3402345552884615 0.8796085673076923 0.41003915384615386 0.8852324711538462 0.41113233173076924
4 0.87666028125 0.41974755769230765 0.8898579038461538 0.35185167788461535 0.8828535841346153 0.3504901754807692 0.8696559615384616 0.4183860552884615 0.87666028125 0.41974755769230765
4 0.7703689471153846 0.04942154326923077 0.7474188629807692 0.1674894783653846 0.7928191201923076 0.1763143966346154 0.815769204326923 0.05824645913461538 0.7703689471153846 0.04942154326923077
4 0.7904323317307692 0.2942291033653846 0.817074920673077 0.15716486298076923 0.7746399951923078 0.14891635096153846 0.74799740625 0.28598059134615383 0.7904323317307692 0.2942291033653846
4 0.9463261057692307 0.5878889134615385 0.9746471081730769 0.4421899903846154 0.9343083653846154 0.4343489326923077 0.9059873653846153 0.5800478557692308 0.9463261057692307 0.5878889134615385
4 0.9111390913461539 0.5802946466346154 0.9349725480769231 0.4576821418269231 0.9194301177884616 0.4546609975961538 0.8955966610576923 0.5772735024038462 0.9111390913461539 0.5802946466346154
4 0.8988589014423076 0.5716821274038462 0.9215263028846153 0.4550684543269231 0.9148287403846154 0.4537665817307692 0.8921613389423076 0.5703802548076923 0.8988589014423076 0.5716821274038462
4 0.8941311899038461 0.5692539447115385 0.9160742235576923 0.4563668197115385 0.9009408052884615 0.45342518028846157 0.8789977716346153 0.5663123076923077 0.8941311899038461 0.5692539447115385
4 0.7374191971153846 0.5582232956730769 0.7657578653846154 0.41243348076923075 0.7577821442307692 0.4108831586538461 0.7294434759615385 0.5566729711538462 0.7374191971153846 0.5582232956730769
4 0.7607642139423076 0.42693221634615386 0.7379554711538462 0.5442730192307692 0.7447041586538461 0.5455848317307692 0.7675129014423077 0.42824402884615387 0.7607642139423076 0.42693221634615386
4 0.8829199567307692 0.5461344134615385 0.8977429903846155 0.4698765240384616 0.8842456153846154 0.46725289903846157 0.8694225841346154 0.5435107884615384 0.8829199567307692 0.5461344134615385
4 0.8644731730769231 0.5487742139423077 0.8806036009615384 0.4657903581730769 0.8734970288461539 0.46440898076923076 0.8573666009615385 0.5473928365384615 0.8644731730769231 0.5487742139423077
4 0.8616208798076923 0.5388815456730769 0.8751365168269231 0.46934962259615387 0.8667006586538462 0.46770985817307686 0.8531850216346153 0.53724178125 0.8616208798076923 0.5388815456730769
4 0.8533590360576924 0.5341628605769231 0.8655672764423077 0.4713569014423077 0.8613749134615385 0.4705419879807692 0.8491666706730769 0.5333479471153846 0.8533590360576924 0.5341628605769231