4 0 0.9701416971153846 0.4996113894230769 0.9788624471153846 0.5165159831730769 0.010398860576923076 0.011436670673076922 0.0015826682692307694 0 0.6567891322115386 0 0.9701416971153846
4 0.6337531105769231 0.7725610120192308 0.6464012572115384 0.04794916826923076 0.49189354326923074 0.04525222596153847 0.4792453966346154 0.7698640697115385 0.6337531105769231 0.7725610120192308
4 0.6726618894230769 0.6832264567307693 0.6810115721153847 0.20487339903846152 0.6303942836538461 0.2039898701923077 0.6220445985576923 0.6823429278846154 0.6726618894230769 0.6832264567307693
4 0.6962244254807692 0.6046442307692308 0.7023133774038463 0.2558084783653846 0.6721096442307692 0.2552812716346154 0.6660206923076923 0.6041170216346153 0.6962244254807692 0.6046442307692308
4 0.7238474350961539 0.5411351634615384 0.7273249879807693 0.34190625240384614 0.7175348149038462 0.3417353653846154 0.7140572620192308 0.5409642740384615 0.7238474350961539 0.5411351634615384
4 0.7360616442307693 0.5486642908653846 0.7393792163461538 0.35860065144230774 0.7254750865384616 0.3583579543269231 0.7221575120192308 0.54842159375 0.7360616442307693 0.5486642908653846
1 0.7175345264423078 0.5775120096153846 0.7184103774038462 0.52733446875 0.6968511634615384 0.5269581514423077 0.6959753100961539 0.5771356923076923 0.7175345264423078 0.5775120096153846
1 0.71576371875 0.44320138942307696 0.7164020240384615 0.4066328870192307 0.6989567620192307 0.40632837740384614 0.6983184567307692 0.44289688221153845 0.71576371875 0.44320138942307696
4 0.9876813774038461 0.5625022139423077 0.99181178125 0.32587159374999997 0.954786170673077 0.32522531009615385 0.9506557692307692 0.5618559302884616 0.9876813774038461 0.5625022139423077
1 1 0.39546954086538466 0.99263075 0.3953409110576923 0.9918017596153846 0.44283367788461536 0.9995089206730768 0.44296820673076925 1 0.41483424519230766 1 0.39546954086538466
1 0.9984141225961539 0.5653751490384615 0.9992592716346155 0.5169565985576923 0.9848864615384615 0.5167057211538462 0.9840413124999999 0.5651242692307693 0.9984141225961539 0.5653751490384615
1 1 0.19988419951923075 0.9390211009615383 0.1988198076923077 0.9377461057692307 0.2718642355769231 1 0.27295088221153846 1 0.19988419951923075
1 0.9928453173076923 0.28755046153846153 0.9937324831730769 0.2367248701923077 0.9241597451923076 0.2355104735576923 0.9232725817307692 0.28633606490384617 0.9928453173076923 0.28755046153846153
1 0.92296878125 0.3037408221153846 0.9237525240384615 0.2588402524038461 0.9097442403846153 0.2585957355769231 0.9089605 0.30349630528846155 0.92296878125 0.3037408221153846
1 0.9096518653846153 0.31462117788461536 0.9102416899038462 0.2808300288461539 0.8983685 0.28062278125 0.897778673076923 0.31441393028846154 0.9096518653846153 0.31462117788461536
1 0.9005433605769231 0.3261306298076923 0.9010879399038461 0.29493168028846156 0.8873921105769231 0.2946926201923077 0.8868475288461538 0.3258915697115385 0.9005433605769231 0.3261306298076923
1 0.8861098725961539 0.33532457692307693 0.8866447572115385 0.3046810985576923 0.8795104254807692 0.3045565673076923 0.8789755408653845 0.33520004567307693 0.8861098725961539 0.33532457692307693
1 0.8806814663461539 0.3389340913461538 0.8810967692307692 0.3151414206730769 0.8757330024038462 0.31504779567307695 0.8753176995192308 0.3388404663461539 0.8806814663461539 0.3389340913461538
1 0.8757664639423077 0.34894242788461544 0.8760718822115384 0.33144509375 0.8703956658653845 0.33134601442307693 0.8700902475961538 0.34884335096153846 0.8757664639423077 0.34894242788461544
1 0.8696456490384615 0.3593927548076923 0.8700237860576923 0.3377293870192308 0.8613792692307692 0.3375784951923077 0.8610011346153846 0.3592418653846154 0.8696456490384615 0.3593927548076923
1 0.8757250600961538 0.4885926057692308 0.8759561442307693 0.4753538822115385 0.86465578125 0.4751566322115384 0.8644246995192308 0.48839535576923077 0.8757250600961538 0.4885926057692308
1 0.8875433100961538 0.4919475216346154 0.8878196394230768 0.4761165985576923 0.8806853100961539 0.47599206971153846 0.8804089807692308 0.49182299278846153 0.8875433100961538 0.4919475216346154
1 0.9528638942307693 0.5338346442307692 0.9532985865384614 0.5089310312499999 0.9318955985576923 0.5085574399038462 0.9314609038461538 0.5334610528846153 0.9528638942307693 0.5338346442307692
1 0.5253050504807693 0.00823710576923077 0.5230734038461539 0.13608800240384616 0.7095554134615385 0.1393430576923077 0.7117870600961538 0.011492161057692307 0.5253050504807693 0.00823710576923077
1 0.7097873245192308 0.18574306009615385 0.7112869399038462 0.09983022115384615 0.6074485889423077 0.09801771634615385 0.6059489759615384 0.18393055528846156 0.7097873245192308 0.18574306009615385
1 0.7356891754807692 0.23277634855769233 0.737028810096154 0.15602877884615385 0.6326697067307693 0.15420718509615383 0.6313300745192307 0.23095475240384616 0.7356891754807692 0.23277634855769233
1 0.7386440745192308 0.26940757211538463 0.739347016826923 0.22913592788461537 0.6653478725961539 0.22784426682692308 0.6646449278846155 0.26811591105769234 0.7386440745192308 0.26940757211538463
1 0.6942458076923077 0.24946300961538462 0.6935267043269231 0.29066043750000004 0.7518511538461539 0.2916784951923077 0.7525702572115385 0.2504810673076923 0.6942458076923077 0.24946300961538462
1 0.9471385673076923 0.09487156971153846 0.9479077668269231 0.05080420913461538 0.9102572524038461 0.05014701682692308 0.9094880528846154 0.0942143798076923 0.9471385673076923 0.09487156971153846
1 0.928283045673077 0.13954930048076924 0.9290522451923077 0.09548193990384615 0.8975987019230769 0.0949329158653846 0.8968295024038462 0.1390002764423077 0.928283045673077 0.13954930048076924
1 0.9094693317307693 0.16691031009615387 0.9100833966346153 0.13173048317307692 0.8855558822115385 0.1313023533653846 0.8849418173076924 0.16648218028846154 0.9094693317307693 0.16691031009615387
1 0.9531176514423076 0.05672937019230769 0.9539143221153845 0.011088173076923077 0.9228773822115385 0.010546423076923076 0.9220807139423077 0.056187617788461534 0.9531176514423076 0.05672937019230769
4 1 0.01420776923076923 0.9408550721153847 0.013175391826923077 0.9372579350961538 0.2192551105769231 1 0.2203502764423077 1 0.01420776923076923
4 0.9426934254807692 0.2600043269230769 0.9460627115384616 0.06697817548076923 0.9232536850961538 0.06658004326923077 0.9198844014423078 0.25960619471153845 0.9426934254807692 0.2600043269230769
4 0.9230080865384616 0.2925360961538461 0.9254772788461539 0.15107616346153846 0.9020433485576922 0.15066712259615384 0.89957415625 0.29212705528846156 0.9230080865384616 0.2925360961538461
4 0.9094209399038462 0.31591363942307693 0.911447358173077 0.1998202139423077 0.8797334399038461 0.19926664423076923 0.8777070216346154 0.31536006971153846 0.9094209399038462 0.31591363942307693
4 0.87959971875 0.3292841129807692 0.8814823149038461 0.22143017067307694 0.8700257259615385 0.2212301971153846 0.8681431298076923 0.3290841370192308 0.87959971875 0.3292841129807692
4 0.8718568485576923 0.34313257211538467 0.8734728125 0.2505540817307692 0.8638388653846154 0.2503859206730769 0.8622229014423077 0.34296441105769226 0.8718568485576923 0.34313257211538467
4 0.8639482163461539 0.34558751442307695 0.8651892764423077 0.27448723317307694 0.859460983173077 0.27438724519230767 0.8582199230769232 0.34548752644230774 0.8639482163461539 0.34558751442307695
4 0.8570022764423076 0.3555604014423077 0.8582094014423076 0.2864042692307692 0.8510750697115385 0.2862797403846154 0.8498679447115385 0.3554358701923077 0.8570022764423076 0.3555604014423077
4 0.6880193052884616 0.009317766826923077 0.6859201706730769 0.12957722596153845 0.732163125 0.1303844014423077 0.7342622620192307 0.010124939903846154 0.6880193052884616 0.009317766826923077
4 0.7502882716346153 0.24692218028846155 0.7527251442307693 0.10731381730769231 0.7095025600961539 0.10655936538461538 0.7070656875 0.24616772836538464 0.7502882716346153 0.24692218028846155
4 0.9548071586538461 0.5090499687500001 0.9573975504807692 0.36064664903846155 0.9163100576923077 0.35992946394230774 0.9137196682692307 0.5083327836538462 0.9548071586538461 0.5090499687500001
4 0.918835985576923 0.507681235576923 0.9210159206730769 0.3827928533653846 0.9051849975961539 0.3825165240384615 0.9030050625 0.50740490625 0.918835985576923 0.507681235576923
4 0.9052468076923077 0.5013319951923078 0.9073200889423076 0.3825537932692308 0.9004982115384615 0.38243471634615384 0.8984249302884616 0.5012129182692308 0.9052468076923077 0.5013319951923078
4 0.9001692740384615 0.49976165865384614 0.9021763004807692 0.38477917548076923 0.886761983173077 0.3845101153846154 0.8847549543269231 0.49949260096153847 0.9001692740384615 0.49976165865384614
4 0.7439226346153845 0.5161113413461538 0.7465146394230769 0.36761544471153845 0.7383908774038462 0.3674736442307692 0.7357988725961538 0.5159695408653846 0.7439226346153845 0.5161113413461538
4 0.74411453125 0.3827610480769231 0.7420283221153846 0.5022798798076923 0.7489022764423077 0.5023998653846153 0.750988485576923 0.3828810336538462 0.74411453125 0.3827610480769231
4 0.8851136995192307 0.4789401754807692 0.8864694927884614 0.4012668221153846 0.8727215865384615 0.40102685096153845 0.8713657932692308 0.47870020432692306 0.8851136995192307 0.4789401754807692
4 0.8674055600961539 0.4847431225961539 0.8688809350961539 0.40021895913461536 0.8616424543269231 0.4000926105769231 0.860167079326923 0.4846167740384616 0.8674055600961539 0.4847431225961539
4 0.8628787548076923 0.4754960408653846 0.8641149663461539 0.40467349759615384 0.8555225264423078 0.40452351682692306 0.8542863149038461 0.4753460600961539 0.8628787548076923 0.4754960408653846
4 0.8539230360576924 0.47228369711538465 0.8550396658653846 0.40831196153846155 0.850769485576923 0.40823742548076924 0.8496528557692307 0.4722091610576923 0.8539230360576924 0.47228369711538465