1 0.4628844783653846 1 0.549429141826923 0.6528883173076923 0.04760431971153846 0.5277693365384615 0 0.7186998365384615 0 0.8857760264423077 0.4581273293269231 1 0.4628844783653846 1
1 0.593387391826923 0.7661462860576923 0.6318708918269231 0.611797391826923 0.3836874375 0.5499183052884615 0.3452039375 0.704267201923077 0.593387391826923 0.7661462860576923
1 0.6471191249999999 0.7093086995192308 0.6837882115384615 0.5622370240384615 0.419028875 0.49622510576923073 0.38235978846153845 0.6432967836538462 0.6471191249999999 0.7093086995192308
1 0.5328352788461539 0.3185729326923077 0.5726179903846154 0.15901318990384614 0.3571820168269231 0.10529896875000001 0.3173993052884615 0.2648587115384615 0.5328352788461539 0.3185729326923077
1 0.6125576081730769 0.3628793004807692 0.646605875 0.2263191610576923 0.4606325264423077 0.17995079807692307 0.42658425961538465 0.31651093750000003 0.6125576081730769 0.3628793004807692
1 0.42874005769230766 0 0.3959817716346154 0.13138631009615384 0.7715670721153847 0.2250302451923077 0.8110361826923077 0.06672829326923077 0.5434036201923077 0 0.42874005769230766 0
1 0.7663088870192307 0.29089997115384614 0.7968851274038461 0.16826537259615384 0.5861995600961538 0.11573556009615384 0.5556233221153846 0.2383701610576923 0.7663088870192307 0.29089997115384614
1 0.78565140625 0.30202079567307694 0.8075587764423078 0.21415512740384615 0.6450342427884616 0.17363321153846153 0.6231268725961538 0.2614988798076923 0.78565140625 0.30202079567307694
1 0.628557858173077 0.22916717788461538 0.6121609278846154 0.2949316682692308 0.7929290456730769 0.34000222115384615 0.8093259735576923 0.2742377331730769 0.628557858173077 0.22916717788461538
1 0.7929693750000001 0.3682587235576923 0.8071710865384615 0.3112987716346154 0.6953849326923076 0.2834273533653846 0.6811832211538462 0.34038730528846156 0.7929693750000001 0.3682587235576923
1 0.7330908197115384 0.3375838389423077 0.7209275240384615 0.38636814903846156 0.7986017187500001 0.4057345024038461 0.810765014423077 0.35695018990384614 0.7330908197115384 0.3375838389423077
1 1 0.3912491009615385 0.9860165288461539 0.3877626298076923 0.9746372403846154 0.4334024639423077 0.9988946346153846 0.43945051201923074 1 0.4350171346153846 1 0.3912491009615385
1 0.975511329326923 0.44841161298076926 0.9842249975961538 0.413463 0.9668910673076923 0.40914116586538457 0.9581773990384614 0.4440897788461538 0.975511329326923 0.44841161298076926
1 0.9559269951923077 0.4544073918269231 0.9641254615384616 0.4215251466346154 0.9499753173076922 0.41799712019230767 0.9417768509615385 0.4508793653846154 0.9559269951923077 0.4544073918269231
1 0.9404224567307692 0.4576032860576923 0.9473217115384615 0.4299318894230769 0.9363553461538461 0.4271976682692307 0.9294560937499999 0.45486906490384615 0.9404224567307692 0.4576032860576923
1 0.9300663317307692 0.46103312740384617 0.936987985576923 0.4332718870192308 0.9260216225961538 0.4305376658653846 0.9190999687500001 0.45829890624999997 0.9300663317307692 0.46103312740384617
1 0.9170246586538462 0.4702824375 0.9240583149038462 0.4420719855769231 0.9096049543269231 0.43846835817307694 0.902571298076923 0.4666788076923077 0.9170246586538462 0.4702824375
1 0.9021880192307693 0.47316772115384614 0.9087288701923076 0.44693380048076925 0.8974592884615386 0.4441239783653846 0.8909184375 0.4703578990384615 0.9021880192307693 0.47316772115384614
1 0.8957589879807693 0.47204192067307693 0.9004854254807693 0.45308521875 0.8900749591346154 0.45048959615384615 0.8853485240384615 0.46944630048076924 0.8957589879807693 0.47204192067307693
1 0.8711142067307692 0.5547399975961539 0.8739142307692307 0.5435097235576923 0.8632510841346155 0.5408511033653846 0.8604510624999999 0.5520813774038461 0.8711142067307692 0.5547399975961539
1 0.8971247307692308 0.5808831490384615 0.9018511682692308 0.5619264471153846 0.8931589350961538 0.5597592283653846 0.8884324975961538 0.5787159326923077 0.8971247307692308 0.5808831490384615
1 0.9058983509615385 0.5874603100961538 0.9124392019230769 0.5612263894230769 0.8982890552884615 0.5576983605769231 0.8917482043269231 0.58393228125 0.9058983509615385 0.5874603100961538
1 0.9390343052884614 0.5884695649038462 0.9408039182692308 0.58137203125 0.9223581899038462 0.5767729951923077 0.9157053389423078 0.6034561274038461 0.9302092403846154 0.6070723557692308 0.9260652067307693 0.6236931634615386 0.9460270192307692 0.628670201923077 0.9550542908653846 0.5924637956730769 0.9390343052884614 0.5884695649038462
1 0.9726191634615385 0.6423619783653846 0.9816464350961538 0.6061555745192307 0.9517289807692308 0.5986963149038462 0.9427017115384615 0.6349027211538462 0.9726191634615385 0.6423619783653846
1 0.7507217379807692 0.5628936586538461 0.7564785841346153 0.5398042139423077 0.7372242764423077 0.5350035769230769 0.7314674326923077 0.5580930216346154 0.7507217379807692 0.5628936586538461
1 0.713166610576923 0.5961860673076923 0.7235378918269231 0.5545891298076924 0.7047889471153846 0.5499144927884616 0.6944176658653846 0.5915114302884615 0.713166610576923 0.5961860673076923
1 0.6904358701923077 0.6160931442307693 0.6995079399038461 0.5797070528846153 0.6746946466346154 0.57352040625 0.665622576923077 0.6099064951923077 0.6904358701923077 0.6160931442307693
1 0.7634342283653847 0.5569022283653846 0.7689222716346154 0.5348908894230769 0.7487077764423078 0.5298508509615385 0.743219733173077 0.5518621875 0.7634342283653847 0.5569022283653846
1 1 0.2362753485576923 0.9872717283653846 0.2331018341346154 0.9740780264423077 0.2860188870192308 1 0.2924819615384615 1 0.2362753485576923
1 1 0.27415993990384613 0.9759531201923076 0.2681643798076923 0.9648874326923077 0.3125464254807693 1 0.32130097115384615 1 0.27415993990384613
1 1 0.2977304567307692 0.9600098125 0.2877597836538462 0.9526401562500001 0.31731786538461537 1 0.329126 1 0.2977304567307692
1 0.9563240456730769 0.33655838221153844 0.9615432860576922 0.3156251514423077 0.9466350985576923 0.31190812259615386 0.9414158581730769 0.3328413533653846 0.9563240456730769 0.33655838221153844
1 0.9482851610576923 0.35545261778846154 0.9528771971153845 0.3370349663461539 0.9376152548076924 0.3332297379807692 0.9330232187499999 0.35164738701923076 0.9482851610576923 0.35545261778846154
1 0.9304649495192308 0.3634150745192307 0.9364457956730768 0.3394272067307692 0.9312405649038461 0.3381293966346154 0.92525971875 0.3621172644230769 0.9304649495192308 0.3634150745192307
1 0.9224820961538461 0.37325769711538465 0.9270965336538463 0.3547502043269231 0.9177473269230769 0.35241918509615383 0.9131328918269231 0.37092667788461536 0.9224820961538461 0.37325769711538465
1 0.91933303125 0.36522008173076925 0.9271506923076923 0.33386515384615384 0.9164370096153847 0.33119393269230774 0.9086193461538462 0.36254886057692304 0.91933303125 0.36522008173076925
1 0.9061796009615384 0.3841750961538462 0.9115556418269232 0.36261296875 0.9007914230769232 0.3599291490384615 0.8954153822115385 0.3814912740384615 0.9061796009615384 0.3841750961538462
1 1 0.11851819711538461 0.9958613846153846 0.11748632451923077 0.9851093004807693 0.16061057932692308 1 0.16432324759615383 1 0.11851819711538461
1 0.9895043245192308 0.1591298485576923 0.99841959375 0.12337265144230769 0.9810856634615385 0.1190508173076923 0.9721703942307692 0.1548080144230769 0.9895043245192308 0.1591298485576923
1 1 0.16365525721153845 0.9655064326923076 0.15505504567307693 0.9579799759615385 0.1852420216346154 0.994366064903846 0.19431409375000003 1 0.17171761538461539 1 0.16365525721153845
1 0.9769396971153845 0.22136475721153845 0.9853845649038462 0.18749424759615385 0.9573369519230769 0.18050119471153847 0.9488920865384615 0.21437170192307692 0.9769396971153845 0.22136475721153845
1 0.8110935360576923 0.22839625 0.8044854831730769 0.2548996971153846 0.8401640649038461 0.2637953677884615 0.8467721177884615 0.23729191826923077 0.8110935360576923 0.22839625
1 0.8091944783653846 0.06636453125 0.7844646850961539 0.16555031730769232 0.845765139423077 0.18083423557692307 0.8704949326923077 0.08164845192307692 0.8091944783653846 0.06636453125
4 1 0.4749387427884615 0.9328660528846153 0.4582003701923077 0.8990865865384615 0.5936824014423077 0.9711007235576923 0.6116375432692307 1 0.49572887259615384 1 0.4749387427884615
4 0.9087773485576923 0.5679475600961539 0.9307295192307692 0.4799022067307692 0.8974766778846154 0.47161134374999997 0.8755245072115384 0.5596566947115384 0.9087773485576923 0.5679475600961539
4 0.8778718725961538 0.5517489399038461 0.8950752091346155 0.48275013461538463 0.8760230480769231 0.4779998966346154 0.8588197139423077 0.5469987043269231 0.8778718725961538 0.5517489399038461
4 1 0.15923081009615384 0.9701323966346155 0.27902321634615385 0.9819073389423078 0.2819590408653846 1 0.20939334615384614 1 0.15923081009615384
4 0.9652669086538462 0.3000446490384615 0.9938271322115385 0.18549584855769233 0.9806371754807692 0.1822072235576923 0.952076951923077 0.2967560240384616 0.9652669086538462 0.3000446490384615