1 0.9311157716346153 0.4197228533653846 0.9222025216346155 0.3777893028846154 0.8970865456730769 0.38312786778846153 0.905999795673077 0.4250614182692308 0.9311157716346153 0.4197228533653846
1 0.9032187163461539 0.41448253846153843 0.8940937019230769 0.37155272596153843 0.8774855721153846 0.37508289423076924 0.8866105865384615 0.41801270432692306 0.9032187163461539 0.41448253846153843
1 0.8838536802884616 0.41481225721153847 0.8766345240384615 0.38084879807692307 0.8544733677884615 0.385559298076923 0.8616925240384615 0.4195227548076923 0.8838536802884616 0.41481225721153847
1 0.3347848653846154 0.6626261514423077 0.3137241802884615 0.5635434230769231 0.1312894639423077 0.6023211177884615 0.15235014663461538 0.7014038461538461 0.3347848653846154 0.6626261514423077
1 0.15793201923076922 0.7311715865384615 0.13411843028846154 0.6191374591346155 0.03202427403846154 0.6408382427884616 0.05583786298076923 0.7528723677884616 0.15793201923076922 0.7311715865384615
1 0.3818699014423077 0.47105780048076923 0.3725523798076923 0.4272222980769231 0.22267163701923076 0.4590804326923077 0.23198916105769232 0.5029159375 0.3818699014423077 0.47105780048076923
1 0.5016959807692307 0.5009647644230769 0.49503510576923077 0.46962781490384614 0.4682379375 0.4753237283653846 0.4748988125 0.5066606778846153 0.5016959807692307 0.5009647644230769
1 0.46406043028846156 0.47621168509615386 0.4571107908653846 0.44351619471153847 0.4181377211538461 0.45180017788461535 0.4250873629807692 0.4844956658653846 0.46406043028846156 0.47621168509615386
1 0.5271483990384616 0.47842101442307694 0.522239375 0.4553258629807692 0.5088407908653847 0.4581738197115385 0.5137498173076923 0.48126897115384615 0.5271483990384616 0.47842101442307694
1 0.5207380216346154 0.4525211658653846 0.5239144495192307 0.46746508894230765 0.5436302379807693 0.4632743701923077 0.5440922620192308 0.4654480288461539 0.5650307355769231 0.4609974206730769 0.5601217091346153 0.43790226923076925 0.5391832379807693 0.44235287740384616 0.5404538076923078 0.44833044711538467 0.5207380216346154 0.4525211658653846
1 0.5995182812500001 0.45215228846153843 0.594281985576923 0.42751745913461536 0.5783361442307693 0.4309068533653846 0.5835724375 0.45554168269230766 0.5995182812500001 0.45215228846153843
1 0.0091305 0.30842672836538465 0.025089649038461538 0.3835086129807692 0.14526934615384615 0.3579636298076923 0.12931019951923076 0.2828817427884615 0.0091305 0.30842672836538465
1 0 0.35239703125 0.028223634615384616 0.3463979134615384 0.016441973557692308 0.2909695504807692 0 0.29446439903846156 0 0.35239703125
1 0.22933640384615384 0.35315786538461535 0.2187098076923077 0.30316365384615385 0.1422920264423077 0.3194067548076923 0.15291862259615385 0.3694009663461539 0.22933640384615384 0.35315786538461535
1 0.3003973990384615 0.3660730889423077 0.29071410576923074 0.3205167716346154 0.2268797860576923 0.3340851730769231 0.23656308173076923 0.37964149278846154 0.3003973990384615 0.3660730889423077
1 0.3536050625 0.36413490625 0.3454426033653846 0.32573355528846154 0.2901161298076923 0.33749356009615383 0.2982785889423077 0.37589491105769235 0.3536050625 0.36413490625
1 0.08444084615384616 0.07905275 0.10115078605769232 0.1576668341346154 0.17955543028846155 0.14100141346153847 0.16284549038461538 0.06238732932692308 0.08444084615384616 0.07905275
1 0.24716928846153846 0.1574891826923077 0.23444432451923078 0.09762293028846154 0.16709478605769232 0.11193851442307692 0.17981975240384618 0.1718047692307692 0.24716928846153846 0.1574891826923077
1 0.30216750961538463 0.18877512259615384 0.2907708701923077 0.13515814182692307 0.2409974230769231 0.14573781490384616 0.2523940625 0.19935479567307693 0.30216750961538463 0.18877512259615384
1 0.38122618990384616 0.20775260096153847 0.38838759375000004 0.2414443533653846 0.4177829639423077 0.23519617307692306 0.4106215625 0.20150442307692307 0.38122618990384616 0.20775260096153847
1 0.44438819230769233 0.3646225408653846 0.43988343990384615 0.3434293413461538 0.4157354206730769 0.3485621610576923 0.4202401730769231 0.3697553629807692 0.44438819230769233 0.3646225408653846
1 0.4693257355769231 0.3674627620192308 0.4641471947115384 0.3430996418269231 0.4437691201923077 0.3474311370192308 0.4489476610576923 0.37179425480769235 0.4693257355769231 0.3674627620192308
1 0.4877286778846154 0.3711239903846154 0.4825501370192308 0.34676086778846155 0.4633438028846154 0.3508433004807693 0.46852234375 0.3752064230769231 0.4877286778846154 0.3711239903846154
1 0.5036315600961538 0.368785 0.49924231249999995 0.34813521875000003 0.4861493990384615 0.35091820192307693 0.4905386442307692 0.37156798557692305 0.5036315600961538 0.368785
1 0.5209350745192307 0.37002940384615385 0.5168538461538461 0.35082873076923077 0.5011627283653847 0.3541639807692307 0.5052439591346154 0.3733646538461538 0.5209350745192307 0.37002940384615385
1 0.5164521514423077 0.3547005600961538 0.5200906057692307 0.3718181418269231 0.5314513798076923 0.3694033365384615 0.5331816322115385 0.3760404879807692 0.5447971346153846 0.3735715360576923 0.5406196490384615 0.3539180144230769 0.5298785408653847 0.35426581250000005 0.5290041466346154 0.35638696394230773 0.5278129254807692 0.35228575240384613 0.5271932596153847 0.35435276201923077 0.5249727331730769 0.35288945432692304 0.5245079831730769 0.35443971153846154 0.5221325384615384 0.35349315625 0.5218227067307692 0.3545266610576923 0.51929234375 0.3540968581730769 0.5191374278846154 0.3546136105769231 0.5164521514423077 0.3547005600961538
1 0.55377146875 0.37270525240384617 0.5497094903846154 0.35359514903846156 0.5383487139423078 0.35600995673076924 0.5424106923076922 0.37512006009615384 0.55377146875 0.37270525240384617
1 0.5636743173076924 0.3749547524038462 0.559381326923077 0.3547578173076923 0.5497526850961538 0.35680444711538467 0.5540456778846153 0.37700138221153845 0.5636743173076924 0.3749547524038462
1 0.5809583533653846 0.37184888221153845 0.5782054495192308 0.3588974855769231 0.5641955192307692 0.3618753870192308 0.5669484254807693 0.3748267860576923 0.5809583533653846 0.37184888221153845
1 0.5910004206730769 0.3735008245192307 0.5873619663461539 0.3563832403846154 0.576918201923077 0.35860313221153844 0.58055665625 0.37572071394230766 0.5910004206730769 0.3735008245192307
1 0.5337909615384615 0.2759487764423077 0.5377374326923077 0.29451546634615383 0.5496586057692308 0.29198154326923076 0.5457121346153846 0.2734148533653846 0.5337909615384615 0.2759487764423077
1 0.523255173076923 0.27222457451923077 0.5278754326923077 0.2939611899038461 0.5424457572115384 0.2908641706730769 0.5378254975961538 0.26912755528846155 0.523255173076923 0.27222457451923077
1 0.5080617788461539 0.2678811370192308 0.5123355192307693 0.2879875048076923 0.5259888269230769 0.28508540384615383 0.5217150865384615 0.2649790384615385 0.5080617788461539 0.2678811370192308
1 0.4819111850961538 0.25507535096153844 0.48618492307692307 0.27518171874999997 0.5024873846153846 0.2717165240384615 0.49821364663461537 0.25161015625 0.4819111850961538 0.25507535096153844
1 0.4657599278846154 0.24923161538461538 0.47005291826923074 0.26942855048076925 0.4849289110576923 0.26626656009615385 0.4806359206730769 0.24606962500000001 0.4657599278846154 0.24923161538461538
1 0.4441256081730769 0.24038824519230767 0.4485148533653846 0.26103802644230767 0.46420597355769233 0.2577027764423077 0.4598167259615385 0.2370529951923077 0.4441256081730769 0.24038824519230767
1 0.4159374375 0.2322753125 0.4201149230769231 0.25192883173076924 0.4448742836538461 0.2466660673076923 0.44069680048076926 0.2270125456730769 0.4159374375 0.2322753125
1 0.5508233076923077 0.28719024278846156 0.5546735264423077 0.3053040865384615 0.5672569855769231 0.30262938942307693 0.5634067692307693 0.2845155456730769 0.5508233076923077 0.28719024278846156
1 0.5727987403846154 0.30239806490384613 0.5705078629807692 0.2916203293269231 0.5637321538461538 0.29306055048076923 0.56602303125 0.3038382860576923 0.5727987403846154 0.30239806490384613
4 0 0.2800005096153846 0.012182016826923077 0.3373123918269231 0.1376600144230769 0.3106412211538461 0.08795371874999999 0.07679148798076924 0 0.09548662740384616 0 0.2800005096153846
4 0.2261407451923077 0.3175818966346154 0.1803231706730769 0.10202714903846154 0.08745009134615385 0.12176793028846154 0.13326766826923075 0.3373226802884615 0.2261407451923077 0.3175818966346154
4 0.2932824831730769 0.3336020528846154 0.25223917307692306 0.14050847115384615 0.18402356730769232 0.1550081466346154 0.225066875 0.3481017283653846 0.2932824831730769 0.3336020528846154
4 0.3521016129807692 0.3435343581730769 0.31358019711538465 0.16230534375 0.25086667067307694 0.17563551442307693 0.28938808653846154 0.3568645288461539 0.3521016129807692 0.3435343581730769
4 0.22642977644230772 0.05190122836538461 0.25355455288461537 0.17951326442307694 0.3030223317307692 0.1689985625 0.27589755528846155 0.04138652884615384 0.22642977644230772 0.05190122836538461
4 0.15963711778846154 0.06382657932692307 0.17696309134615384 0.1453388798076923 0.24935620432692307 0.12995124759615384 0.23203023076923077 0.04843894951923077 0.15963711778846154 0.06382657932692307
4 0.3605542764423077 0.11701208173076923 0.3833668076923077 0.2243366081730769 0.41551322355769227 0.2175036778846154 0.39270068990384616 0.11017914903846153 0.3605542764423077 0.11701208173076923
4 0.3470977091346154 0.11532862740384615 0.36596376923076923 0.2040864639423077 0.38410025721153845 0.20023143509615385 0.3652341971153846 0.11147359615384615 0.3470977091346154 0.11532862740384615
4 0.4426558461538462 0.34018953846153843 0.4202283341346154 0.23467639423076925 0.39266698798076927 0.24053473798076921 0.41509450000000003 0.3460478822115384 0.4426558461538462 0.34018953846153843
4 0.36944773317307694 0.23250156490384616 0.39478215865384614 0.35169065865384613 0.4206113677884616 0.34620049278846154 0.3952769447115384 0.2270113966346154 0.36944773317307694 0.23250156490384616
4 0.42277886057692304 0.25268784855769233 0.4431272548076923 0.34841951682692307 0.4643713990384616 0.34390393509615386 0.4440230048076923 0.24817226682692306 0.42277886057692304 0.25268784855769233
4 0.47723118269230774 0.3427797451923077 0.45952018749999995 0.25945606009615385 0.44321772836538464 0.2629212548076923 0.4609287235576923 0.34624493990384614 0.47723118269230774 0.3427797451923077
4 0.49832858894230764 0.3463415504807692 0.48206142307692307 0.26981055769230766 0.4692741826923077 0.2725285697115385 0.48554134615384614 0.3490595625 0.49832858894230764 0.3463415504807692
4 0.5187240288461539 0.3491059543269231 0.5027648822115385 0.2740240697115385 0.4849850096153846 0.27780329807692306 0.5009441586538462 0.35288518269230773 0.5187240288461539 0.3491059543269231
4 0.5393981394230769 0.35493494230769235 0.525556610576923 0.28981567067307695 0.5069616177884615 0.29376815865384615 0.5208031466346154 0.35888743028846154 0.5393981394230769 0.35493494230769235
4 0.5505903485576923 0.3547331706730769 0.5380578942307692 0.29577261057692306 0.5247102548076923 0.29860973798076923 0.5372427091346154 0.3575703004807692 0.5505903485576923 0.3547331706730769
4 0.5365903509615385 0.2901208918269231 0.5512211730769231 0.35895350000000004 0.5640084134615384 0.3562354879807692 0.5493775913461538 0.2874028798076923 0.5365903509615385 0.2901208918269231
4 0.5929492620192307 0.3608752932692308 0.5807440745192308 0.30345440625 0.5604169447115385 0.3077750721153846 0.5726221322115385 0.36519595913461533 0.5929492620192307 0.3608752932692308
4 0.5800112163461538 0.443046079326923 0.5683643125 0.38825169711538465 0.5407520216346154 0.39412087259615386 0.5523989254807693 0.44891525240384617 0.5800112163461538 0.443046079326923
4 0.5543467788461538 0.2506593846153846 0.5628750072115385 0.29078155048076926 0.5726055384615385 0.28871326201923075 0.5640773076923077 0.24859109615384614 0.5543467788461538 0.2506593846153846
4 0.5440427163461539 0.24025964903846153 0.553283235576923 0.2837328725961539 0.5625043149038461 0.28177287259615386 0.5532637956730769 0.2382996466346154 0.5440427163461539 0.24025964903846153
4 0.5242140192307693 0.22913925961538462 0.5343785913461538 0.27695980528846154 0.5465035456730769 0.2743825673076923 0.5363389759615385 0.2265620192307692 0.5242140192307693 0.22913925961538462
4 0.5136409038461538 0.22599095673076922 0.5222461370192307 0.2664753990384615 0.5295312980769231 0.2649268918269231 0.5209260649038462 0.22444244711538464 0.5136409038461538 0.22599095673076922
4 0.49690507211538465 0.2128879014423077 0.5076279254807692 0.26333495913461535 0.5219435240384616 0.2602920841346154 0.5112206730769231 0.20984502884615383 0.49690507211538465 0.2128879014423077
4 0.48574409615384617 0.20446886778846154 0.49866157451923077 0.26524081730769233 0.5105318004807692 0.2627177211538462 0.4976143245192307 0.20194577403846156 0.48574409615384617 0.20446886778846154
4 0.46997880288461535 0.19693385096153845 0.4820877331730769 0.2539018918269231 0.49324473076923075 0.2515303990384615 0.4811358004807692 0.1945623581730769 0.46997880288461535 0.19693385096153845
4 0.4482886153846154 0.18081344471153848 0.46149485817307695 0.2429439326923077 0.4789690576923077 0.2392296754807692 0.46576281490384613 0.17709918990384615 0.4482886153846154 0.18081344471153848
4 0.4251280576923077 0.16954931490384617 0.43923910096153845 0.23593655528846155 0.4596171778846154 0.23160506250000001 0.44550613461538463 0.16521782211538463 0.4251280576923077 0.16954931490384617
4 0.4032049735576923 0.15934740625000002 0.419241125 0.23479156971153847 0.43982298076923076 0.23041676201923078 0.4237868293269231 0.15497259855769233 0.4032049735576923 0.15934740625000002
1 0.6048081370192308 0.44146711538461536 0.6022669951923076 0.42951197836538463 0.5882061225961539 0.4325007091346154 0.5907472668269231 0.44445584615384615 0.6048081370192308 0.44146711538461536
1 0.48014813221153846 0.4163740817307692 0.4780305144230769 0.40641146875 0.4702868461538462 0.40805743509615383 0.47240446634615385 0.41802005048076923 0.48014813221153846 0.4163740817307692
1 0.48697592067307693 0.4567630264423077 0.48222090384615385 0.43439242788461535 0.47371305769230765 0.43620082692307693 0.4784680745192308 0.45857142548076923 0.48697592067307693 0.4567630264423077
1 0.47308309375 0.5106437451923077 0.4662489591346154 0.4784916730769231 0.4310458341346154 0.48597432692307696 0.43787996874999996 0.5181264014423077 0.47308309375 0.5106437451923077
1 0.8996131658653846 0.1267216875 0.9105285288461539 0.1780744375 0.9394653942307692 0.17192371634615386 0.92855003125 0.12057096875 0.8996131658653846 0.1267216875