1 0.36030544711538465 0.5607418557692307 0.35006387019230767 0.5125590288461539 0.28857303125 0.5256293100961538 0.2988146057692308 0.5738121370192307 0.36030544711538465 0.5607418557692307
1 0.2740301298076923 0.5751991346153846 0.2629992596153846 0.52330296875 0.1295738125 0.5516634230769231 0.1406046826923077 0.6035595889423078 0.2740301298076923 0.5751991346153846
1 0.29850795192307694 0.6184627283653845 0.2862835144230769 0.5609512716346153 0.12361552884615384 0.595527420673077 0.13583996634615383 0.653038875 0.29850795192307694 0.6184627283653845
1 0.16184828365384615 0.6726905072115384 0.14648591826923077 0.6004162668269231 0.016168127403846152 0.6281161682692308 0.03153049278846154 0.7003904086538462 0.16184828365384615 0.6726905072115384
1 0 0.36422967788461535 0.029560170673076924 0.35794647115384615 0.012619218750000001 0.27824555528846157 0 0.2809278533653846 0 0.36422967788461535
1 0.1601859375 0.3727786298076923 0.13970278605769232 0.2764129783653846 0.016670158653846155 0.3025643725961538 0.037153310096153844 0.3989300216346154 0.1601859375 0.3727786298076923
1 0.23866852644230768 0.3529728221153846 0.22582805528846153 0.29256315384615383 0.14187038701923077 0.31040890624999995 0.15471086057692307 0.3708185769230769 0.23866852644230768 0.3529728221153846
1 0.32831865144230765 0.3581503605769231 0.3171145216346154 0.3054390721153846 0.2302529759615385 0.3239020625 0.24145710576923077 0.3766133509615385 0.32831865144230765 0.3581503605769231
1 0.20792077884615384 0.22234443028846154 0.22131953365384616 0.2853806081730769 0.30527720192307695 0.26753485576923075 0.29187844951923075 0.20449867548076922 0.20792077884615384 0.22234443028846154
1 0.25764920913461536 0.15393635096153846 0.2423253485576923 0.08184325 0.18297420432692307 0.09445872596153845 0.19829806490384616 0.16655182692307693 0.25764920913461536 0.15393635096153846
1 0.3202723028846154 0.18502148798076926 0.30741258173076924 0.12452125 0.2502011346153846 0.13668191826923076 0.26306085817307695 0.19718215625 0.3202723028846154 0.18502148798076926
1 0.3633881057692308 0.20274071634615384 0.35162569471153843 0.14740292067307692 0.30455234134615383 0.1574086706730769 0.31631475240384616 0.21274646634615382 0.3633881057692308 0.20274071634615384
1 0.3137268798076923 0.44606834375000004 0.3163460625 0.44551161778846154 0.31952334134615384 0.4663243485576923 0.3269157572115385 0.5011029326923077 0.4202982860576923 0.4812538629807692 0.41290587019230773 0.44647528125 0.3743448774038462 0.43681558653846153 0.37396806490384615 0.4332636826923077 0.4027790697115385 0.42713971634615383 0.39729250961538465 0.4013274855769231 0.31609786778846155 0.4185859399038462 0.3165033918269231 0.4223260480769231 0.31374903365384615 0.4216360697115385 0.31347868509615384 0.4191426658653846 0.3108595024038462 0.4196993894230769 0.3109946778846154 0.42094609134615385 0.3082403197115384 0.4202561129807692 0.3137268798076923 0.44606834375000004
1 0.44021404326923075 0.5321134350961538 0.4322825961538461 0.4947989182692308 0.3454210504807692 0.5132619086538461 0.35335249759615384 0.5505764278846154 0.44021404326923075 0.5321134350961538
1 0.4995533413461538 0 0.37200881490384613 0.02711042548076923 0.3949946081730769 0.13525007692307692 0.6976090216346154 0.07092739903846154 0.6825329375 0 0.4995533413461538 0
1 0.9932132427884616 0.4240359447115385 0.9828176586538462 0.37512856490384616 0.9640698293269231 0.37911353846153845 0.9744654158653846 0.4280209182692308 0.9932132427884616 0.4240359447115385
4 0 0.32882640144230774 0.14794015384615383 0.29738075240384615 0.10329689182692309 0.08735072596153846 0 0.10930715865384616 0 0.32882640144230774
4 0.21954793028846156 0.3096117884615385 0.1703036610576923 0.07793571634615384 0.07992689903846154 0.09714588942307692 0.12917116826923075 0.32882196153846155 0.21954793028846156 0.3096117884615385
4 0.17136131971153848 0.06161850721153846 0.1871087043269231 0.1357041298076923 0.2574640096153846 0.12074964903846154 0.24171662259615384 0.046664024038461545 0.17136131971153848 0.06161850721153846
4 0.2318626033653846 0.04714932211538462 0.25713927644230766 0.16606671153846156 0.31012226923076924 0.15480482692307693 0.2848455985576923 0.0358874375 0.2318626033653846 0.04714932211538462
4 0.2851728677884615 0.037427115384615385 0.31437675961538464 0.17482062740384616 0.36216334615384616 0.16466327403846154 0.3329594543269231 0.027269762019230766 0.2851728677884615 0.037427115384615385