1 0.9378649783653846 0.15863268749999998 0.9361323822115384 0.15048145673076924 0.8943573269230769 0.15936101682692308 0.8960899254807693 0.16751224759615385 0.9378649783653846 0.15863268749999998
1 0.9415625889423077 0.18103872115384614 0.9388674375 0.16835902884615386 0.8998943677884615 0.17664300961538462 0.9025895216346154 0.18932270192307693 0.9415625889423077 0.18103872115384614
1 0.9457860961538462 0.19339355048076923 0.9436684783653846 0.1834309375 0.9011292475961539 0.19247293028846152 0.9032468653846154 0.20243554326923074 0.9457860961538462 0.19339355048076923
1 0.9509956201923077 0.2254176394230769 0.9474341682692308 0.2086623341346154 0.9061685673076922 0.21743360817307694 0.909730016826923 0.23418891346153847 0.9509956201923077 0.2254176394230769
1 0.9555419326923077 0.24054368990384617 0.9524617596153846 0.22605261298076923 0.9068658173076922 0.23574432932692307 0.9099459903846154 0.25023540624999996 0.9555419326923077 0.24054368990384617
1 0.9597771730769231 0.26046891826923074 0.9562157211538461 0.24371361057692306 0.9172426538461539 0.25199759375 0.9208041033653847 0.2687528990384615 0.9597771730769231 0.26046891826923074
1 0.9448546730769232 0.2829516706730769 0.9425637932692308 0.2721739326923077 0.8936564134615386 0.28256951682692305 0.8959472932692307 0.2933472548076923 0.9448546730769232 0.2829516706730769
1 0.9500865072115385 0.3088180432692308 0.9464288004807693 0.2916098894230769 0.8931910793269231 0.30292591826923077 0.8968487836538461 0.32013406971153846 0.9500865072115385 0.3088180432692308
1 0.952374326923077 0.3258440673076923 0.9500641971153846 0.3149757620192308 0.8975906538461539 0.3261293581730769 0.8999007836538462 0.3369976634615384 0.952374326923077 0.3258440673076923
1 0.9547584038461537 0.3433229375 0.9522557620192308 0.33154893990384615 0.9000369447115385 0.3426483918269231 0.9025395841346153 0.35442238942307697 0.9547584038461537 0.3433229375
1 0.9446785048076923 0.3748104471153846 0.9390956923076923 0.348545375 0.9019057043269231 0.35645035096153843 0.9074885168269231 0.3827154230769231 0.9446785048076923 0.3748104471153846
1 0.9625610576923077 0.28108128605769234 0.9594038822115384 0.2662279326923077 0.9413183389423078 0.2700721322115385 0.9444755168269231 0.2849254855769231 0.9625610576923077 0.28108128605769234
1 0.9663091538461538 0.29495708413461535 0.963806514423077 0.2831830841346154 0.9434284374999999 0.2875145793269231 0.9459310793269231 0.29928857932692304 0.9663091538461538 0.29495708413461535