1 0.7852179014423076 0.6764652860576923 0.792234795673077 0.5425749567307693 0.4910855769230769 0.5267923942307692 0.4840686826923077 0.6606827259615385 0.7852179014423076 0.6764652860576923
1 0.5766357932692308 0.617041579326923 0.5811909591346154 0.5301238245192308 0.4981798798076923 0.5257733990384615 0.49362471394230767 0.6126911538461539 0.5766357932692308 0.617041579326923
1 0.6294903701923077 0.522085048076923 0.6329261274038461 0.4565268677884615 0.5811742331730769 0.4538146658653846 0.5777384759615385 0.5193728461538462 0.6294903701923077 0.522085048076923
1 0.6565592091346153 0.5131190625 0.6584878870192308 0.4763177139423077 0.6229117091346155 0.4744532451923077 0.6209830336538461 0.51125459375 0.6565592091346153 0.5131190625
1 0.6442220024038462 0.5504875576923077 0.6468727211538461 0.4999088197115385 0.6041709086538462 0.49767091346153847 0.6015201875 0.5482496514423076 0.6442220024038462 0.5504875576923077
1 0.6377562908653847 0.29071909134615387 0.64185109375 0.21258557692307692 0.5176465456730769 0.20607629086538462 0.5135517427884616 0.2842098052884615 0.6377562908653847 0.29071909134615387
1 0.7495775288461538 0.23297370673076923 0.7512881394230769 0.20033331490384618 0.71409959375 0.19838434615384617 0.7123889831730769 0.23102473798076922 0.7495775288461538 0.23297370673076923
1 0.7524533653846154 0.23980023798076924 0.7535049302884615 0.21973518028846153 0.7254704855769231 0.21826595673076923 0.7244189206730769 0.23833101442307691 0.7524533653846154 0.23980023798076924
1 0.7470961057692308 0.2693752067307692 0.7485062692307692 0.24246768990384615 0.7140223437500001 0.24066046394230767 0.7126121802884615 0.2675679807692308 0.7470961057692308 0.2693752067307692
1 0.7373620961538462 0.2899124326923077 0.7381132139423077 0.27558024759615385 0.7160601466346154 0.27442449759615384 0.7153090288461539 0.2887566802884615 0.7373620961538462 0.2899124326923077
1 0.7413485576923077 0.33824285817307687 0.7424534278846154 0.3171606778846154 0.7111942427884616 0.31552245432692305 0.7100893725961538 0.3366046346153846 0.7413485576923077 0.33824285817307687
1 0.7383518605769231 0.3745246346153846 0.7395536490384615 0.35159314182692303 0.7190609375 0.3505191658653847 0.7178591490384616 0.37345065624999996 0.7383518605769231 0.3745246346153846
1 0.7315324519230769 0.4011486658653846 0.732438639423077 0.3838575793269231 0.7168350528846154 0.3830398317307692 0.7159288653846154 0.40033091586538466 0.7315324519230769 0.4011486658653846
1 0.7276457379807693 0.43450949038461534 0.7286003846153846 0.41629374759615384 0.7178339110576922 0.41572950000000003 0.7168792644230769 0.4339452427884615 0.7276457379807693 0.43450949038461534
1 0.7297853076923076 0.4663317427884615 0.7308368725961538 0.4462666875 0.7140890216346154 0.4453889711538462 0.7130374567307692 0.46545402644230766 0.7297853076923076 0.4663317427884615
1 0.7228366658653846 0.5053734375000001 0.724241983173077 0.4785583846153846 0.6962075408653846 0.4770891610576923 0.6948022235576924 0.5039042163461539 0.7228366658653846 0.5053734375000001
1 0.8164071658653846 0.4833885576923077 0.8175604951923077 0.4613817211538462 0.7264875624999999 0.4566087908653846 0.7253342331730769 0.47861562740384617 0.8164071658653846 0.4833885576923077
1 0.8214225697115385 0.52203734375 0.8234772403846153 0.4828318870192308 0.7269950649038462 0.4777754711538461 0.7249403942307692 0.5169809278846154 0.8214225697115385 0.52203734375
1 0.7322954951923077 0.41843451442307694 0.7308901778846154 0.44524956490384615 0.8230553605769231 0.4500797379807692 0.8244606778846154 0.4232646850961539 0.7322954951923077 0.41843451442307694
1 0.8290261057692307 0.41775533173076923 0.8310856225961539 0.37845740865384614 0.7351755769230769 0.37343097596153846 0.7331160600961538 0.41272889903846155 0.8290261057692307 0.41775533173076923
1 0.7422224278846153 0.3315201201923077 0.7406668870192308 0.36120160817307695 0.8306995817307693 0.36592002163461534 0.8322551225961539 0.33623853365384615 0.7422224278846153 0.3315201201923077
1 0.8593061298076923 0.39727495913461536 0.8603625408653847 0.3771174375 0.8210415024038462 0.3750567091346154 0.8199850913461538 0.3952142307692308 0.8593061298076923 0.39727495913461536
1 0.8278573581730769 0.347505295673077 0.8269511706730769 0.3647963798076923 0.8555057331730769 0.36629286057692306 0.8564119206730769 0.34900177644230773 0.8278573581730769 0.347505295673077
1 0.8619019375 0.3377922572115385 0.8631085721153846 0.3147683004807692 0.8194185288461538 0.31247860096153846 0.8182118942307692 0.3355025600961538 0.8619019375 0.3377922572115385
1 0.8736020697115384 0.31058953605769235 0.874808704326923 0.28756557932692306 0.7869084999999999 0.28295892307692305 0.7857018653846153 0.30598288221153847 0.8736020697115384 0.31058953605769235
1 0.8768232860576923 0.2799754254807692 0.8784321322115385 0.24927681490384618 0.7873071875 0.24450115865384614 0.7856983413461538 0.2751997692307692 0.8768232860576923 0.2799754254807692
1 0.7936303918269231 0.20644660336538462 0.7919730865384615 0.23806987259615384 0.8776887860576923 0.24256204326923078 0.8793460913461538 0.21093877403846154 0.7936303918269231 0.20644660336538462
1 0.8718576658653846 0.20952640625000002 0.8740141009615384 0.1683791706730769 0.7931355096153846 0.16414050240384614 0.7909790745192308 0.2052877379807692 0.8718576658653846 0.20952640625000002
1 0.8837367836538461 0.16796151923076924 0.88519540625 0.14012934375 0.8048889471153846 0.1359206610576923 0.8034303245192308 0.1637528341346154 0.8837367836538461 0.16796151923076924
1 0.9052678028846154 0.5025098125 0.9065762019230769 0.47754407451923075 0.8591412980769231 0.4750581177884615 0.8578328990384616 0.5000238557692308 0.9052678028846154 0.5025098125