2 0.6073734927884615 0.2778949879807692 0.6366256153846154 0.4860346658653846 0.6975374158653846 0.47747406971153844 0.6682852932692308 0.2693343918269231 0.6073734927884615 0.2778949879807692
1 0.9527102475961539 0.4623694326923077 0.9461768437500001 0.4158818485576923 0.8176483028846153 0.4339453581730769 0.8241817067307693 0.48043294230769235 0.9527102475961539 0.4623694326923077
1 0.6350520865384616 0.4916789567307692 0.6292789807692307 0.45060117307692305 0.5245787620192307 0.46531582932692306 0.5303518677884616 0.5063936129807692 0.6350520865384616 0.4916789567307692
1 0.5417112379807693 0.5090047716346153 0.5365180192307692 0.4720531033653846 0.4611132307692308 0.48265055528846157 0.4663064495192308 0.5196022235576924 0.5417112379807693 0.5090047716346153
1 0.7930026562499999 0.3416624615384615 0.7887372572115384 0.31131258173076926 0.6903809471153846 0.3251356586538462 0.6946463437499999 0.3554855408653846 0.7930026562499999 0.3416624615384615
1 0.7889779326923076 0.36354668509615384 0.7851120120192309 0.33603923798076923 0.695317391826923 0.3486590480769231 0.6991833125 0.3761664951923077 0.7889779326923076 0.36354668509615384
1 0.7935268317307693 0.39591377884615386 0.7888490673076922 0.36262976682692305 0.696888235576923 0.3755540192307692 0.7015659975961538 0.40883803124999996 0.7935268317307693 0.39591377884615386
1 0.7917971826923077 0.41841047355769234 0.7887302187499999 0.3965878990384616 0.701050235576923 0.4089105168269231 0.7041171971153847 0.43073309134615384 0.7917971826923077 0.41841047355769234
1 0.8007312860576923 0.4355748677884615 0.7968524783653846 0.40797573076923077 0.6984961658653847 0.42179881009615383 0.7023749711538462 0.4493979471153846 0.8007312860576923 0.4355748677884615
1 0.8024564567307693 0.4673102836538462 0.7979204447115384 0.43503488221153847 0.7028134495192307 0.4484012980769231 0.7073494615384616 0.4806766995192308 0.8024564567307693 0.4673102836538462
1 0.7125215841346153 0.3045390192307692 0.7077149567307692 0.27033809134615383 0.6131237259615385 0.28363202163461537 0.6179303533653846 0.31783294951923075 0.7125215841346153 0.3045390192307692
1 0.7148150528846154 0.32460025 0.71040790625 0.29324175721153845 0.6094211947115384 0.3074345144230769 0.6138283413461538 0.3387930048076923 0.7148150528846154 0.32460025
1 0.7177276899038462 0.3415823774038461 0.7129210625 0.30738145432692304 0.6098197139423077 0.32187140384615387 0.6146263413461539 0.35607232692307694 0.7177276899038462 0.3415823774038461
1 0.7013379038461539 0.36043576442307695 0.697858576923077 0.3356790625 0.6187402836538461 0.34679841346153845 0.6222196105769231 0.3715551153846154 0.7013379038461539 0.36043576442307695
1 0.7050494927884615 0.38310276923076925 0.7013124374999999 0.3565122355769231 0.6200795096153846 0.3679287788461538 0.6238165649038462 0.3945193125 0.7050494927884615 0.38310276923076925
1 0.6987677379807693 0.41212987980769233 0.6943605889423077 0.380771389423077 0.6238039879807692 0.39068747355769234 0.6282111370192307 0.4220459639423077 0.6987677379807693 0.41212987980769233
1 0.7019645216346154 0.4232749182692308 0.6995676514423077 0.4062203004807692 0.6194178293269231 0.4174846225961539 0.6218146995192307 0.4345392403846154 0.7019645216346154 0.4232749182692308
1 0.6999897211538462 0.4477696177884616 0.6966521442307693 0.42402152403846155 0.6218146995192307 0.4345392403846154 0.6251522764423078 0.45828733653846154 0.6999897211538462 0.4477696177884616
1 0.7041262572115384 0.47720258653846154 0.6999897211538462 0.4477696177884616 0.6321150985576923 0.45730877403846154 0.6362516322115385 0.48674174278846155 0.7041262572115384 0.47720258653846154
1 0.5190888629807693 0.273565625 0.5145528509615385 0.2412902235576923 0.41671230528846154 0.25504081490384617 0.4212483173076923 0.28731621634615384 0.5190888629807693 0.273565625
1 0.5201448990384615 0.2889386322115385 0.5176062788461538 0.2708754110576923 0.4278116610576923 0.2834952211538461 0.43035028124999997 0.3015584423076923 0.5201448990384615 0.2889386322115385
1 0.4554789903846154 0.32130896875000003 0.4525408918269231 0.30040331009615384 0.42902202403846157 0.3037086706730769 0.43196012259615385 0.3246143293269231 0.4554789903846154 0.32130896875000003
1 0.4578887451923077 0.33845527644230766 0.4554789903846154 0.32130896875000003 0.4346421009615385 0.32423740384615385 0.4370518557692308 0.34138371153846153 0.4578887451923077 0.33845527644230766
1 0.4576036394230769 0.3558868221153846 0.45520676923076925 0.33883220432692307 0.4370518557692308 0.34138371153846153 0.43944872596153844 0.35843832932692304 0.4576036394230769 0.3558868221153846
1 0.4596264975961538 0.37402253125 0.45708787740384615 0.35595930769230766 0.4383656201923077 0.3585905504807692 0.4409042403846154 0.3766537716346154 0.4596264975961538 0.37402253125
1 0.45841261057692306 0.39644673798076924 0.45534564903846153 0.3746241658653846 0.4409042403846154 0.3766537716346154 0.4439712043269231 0.3984763461538462 0.45841261057692306 0.39644673798076924
1 0.46002341105769234 0.4079081754807692 0.45841261057692306 0.39644673798076924 0.44505431009615387 0.398324125 0.4466651105769231 0.40978556250000003 0.46002341105769234 0.4079081754807692
1 0.4555727884615385 0.4346208822115385 0.45304705528846156 0.4166493485576923 0.3921352548076923 0.42520994471153845 0.3946609879807692 0.44318147836538463 0.4555727884615385 0.4346208822115385
1 0.4569255528846154 0.44798863221153845 0.4551987764423077 0.4357019759615385 0.39371963221153844 0.4443423052884615 0.3954464110576923 0.4566289639423077 0.4569255528846154 0.44798863221153845
1 0.4634863341346154 0.47521084375 0.45960752884615386 0.4476117067307692 0.39812838701923076 0.4562520360576923 0.40200719230769233 0.48385117307692305 0.4634863341346154 0.47521084375
1 0.46362712980769233 0.48781390144230774 0.4618874639423077 0.47543555048076924 0.4014914278846154 0.4839236610576923 0.40323109134615387 0.4963020096153846 0.46362712980769233 0.48781390144230774
1 0.4682929591346153 0.509411766826923 0.46522599759615385 0.4875891947115385 0.42674995673076926 0.4929966490384615 0.429816920673077 0.5148192235576923 0.4682929591346153 0.509411766826923
1 0.43209846153846154 0.5231943125 0.42729183413461536 0.48899338701923073 0.4005236514423077 0.4927554086538462 0.4053302764423077 0.5269563341346154 0.43209846153846154 0.5231943125
1 0.21199598798076924 0.5531926730769231 0.2085295456730769 0.5285276610576923 0.12358311298076924 0.5404661033653846 0.12704955528846154 0.5651311153846155 0.21199598798076924 0.5531926730769231
1 0.1379205360576923 0.5485493870192307 0.13468605048076923 0.5255348221153846 0.08847354086538463 0.5320295673076922 0.0917080264423077 0.5550441298076924 0.1379205360576923 0.5485493870192307
1 0.08849656490384615 0.5655002475961538 0.08411518990384616 0.5343251394230769 0.0037590625000000003 0.5456184567307693 0.008140439903846153 0.5767935649038461 0.08849656490384615 0.5655002475961538
1 0 0.43730978605769233 0.07004379807692308 0.42746577403846153 0.06680931250000001 0.40445121153846153 0 0.4138406466346154 0 0.43730978605769233
1 0.10399303846153847 0.4343823365384616 0.09961166346153846 0.40320723076923076 0.06634484615384616 0.4078825769230769 0.07072622115384616 0.4390576826923077 0.10399303846153847 0.4343823365384616
1 0.20050576682692306 0.41754576923076925 0.19473265865384615 0.37646798317307695 0.09498378125 0.39048677403846155 0.10075688701923077 0.43156456009615385 0.20050576682692306 0.41754576923076925
1 0.17071866105769232 0.2860598701923077 0.16241981971153846 0.22701055048076924 0.07654501201923078 0.23907946875 0.08484385096153847 0.29812878605769233 0.17071866105769232 0.2860598701923077
1 0.08182676682692308 0.29686976442307694 0.07744539182692309 0.26569465625 0.03128446153846154 0.27218215384615385 0.03566583653846154 0.30335726201923074 0.08182676682692308 0.29686976442307694
1 0.11782214903846154 0.820941891826923 0.09889203125 0.68624709375 0.024054584134615385 0.6967648124999999 0.04298470432692308 0.831459608173077 0.11782214903846154 0.820941891826923