2 0.6847994807692307 0.46068289663461537 0.6485634375 0.274264625 0.5885921538461538 0.2859218605769231 0.6248281947115385 0.4723401346153846 0.6847994807692307 0.46068289663461537
1 0.9209906875 0.44882352884615384 0.911467903846154 0.3998330576923077 0.7969958581730769 0.42208417067307696 0.806518641826923 0.4710746394230769 0.9209906875 0.44882352884615384
1 0.7660564399038462 0.34207321875 0.758000060096154 0.3006267379807692 0.6653078677884616 0.3186442764423077 0.6733642475961539 0.3600907548076923 0.7660564399038462 0.34207321875
1 0.7704556466346154 0.3647051778846154 0.7645900384615385 0.3345292331730769 0.6793111754807692 0.35110576442307695 0.6851767860576923 0.3812817091346154 0.7704556466346154 0.3647051778846154
1 0.7746605120192308 0.38633733413461535 0.769907954326923 0.3618875456730769 0.6819705192307691 0.3789808509615385 0.686723076923077 0.40343063942307694 0.7746605120192308 0.38633733413461535
1 0.7781774375 0.4071599543269231 0.7725061706730769 0.3779838125 0.6803252427884616 0.39590196875 0.6859965096153846 0.4250781105769231 0.7781774375 0.4071599543269231
1 0.7823458750000001 0.42587509375 0.7764979326923077 0.3957900408653846 0.6869755769230769 0.4131914230769231 0.6928235192307692 0.44327647836538464 0.7823458750000001 0.42587509375
1 0.7932978605769231 0.45110067548076926 0.7881742860576922 0.42474216586538466 0.6928235192307692 0.44327647836538464 0.6979470937500001 0.46963498798076925 0.7932978605769231 0.45110067548076926
1 0.6892434783653846 0.2998428197115385 0.6831305240384615 0.2683943942307692 0.590387204326923 0.2864218701923077 0.5965001586538462 0.31787029567307695 0.6892434783653846 0.2998428197115385
1 0.6943386009615384 0.3167742956730769 0.6886850024038461 0.2876890480769231 0.6021791057692307 0.30450409134615386 0.607832704326923 0.3335893389423077 0.6943386009615384 0.3167742956730769
1 0.6857837548076924 0.33390659134615386 0.6805895096153846 0.3071845192307692 0.5896356153846154 0.32486416586538464 0.5948298605769231 0.3515862379807692 0.6857837548076924 0.33390659134615386
1 0.6922888341346154 0.3627320048076923 0.6866529014423077 0.33373764663461536 0.6054130288461539 0.34952907692307694 0.6110489615384616 0.37852343750000006 0.6922888341346154 0.3627320048076923
1 0.687689173076923 0.37673735096153843 0.6827952740384616 0.35156043028846157 0.6086108461538461 0.36598042307692313 0.6135047427884616 0.39115734375 0.687689173076923 0.37673735096153843
1 0.6909365504807692 0.3980839927884615 0.6868200240384615 0.3769062956730769 0.6121754567307692 0.3914157307692308 0.6162919855769231 0.4125934278846154 0.6909365504807692 0.3980839927884615
1 0.6960308918269231 0.41746808894230775 0.6922147115384616 0.39783554326923076 0.6158318485576924 0.4126828701923077 0.6196480264423077 0.43231541346153846 0.6960308918269231 0.41746808894230775
1 0.7006075576923076 0.43855634374999997 0.69649103125 0.4173786466346154 0.6227667379807692 0.43170919711538464 0.6268832644230768 0.4528868942307692 0.7006075576923076 0.43855634374999997
1 0.7023658581730768 0.46179596875 0.6977899759615384 0.43825509615384617 0.625855108173077 0.4522378173076923 0.6304309903846155 0.47577868990384614 0.7023658581730768 0.46179596875
1 0.6270000408653846 0.49361286298076923 0.6190496658653846 0.45271173076923077 0.5219094783653846 0.4715938701923077 0.5298598533653845 0.5124950048076923 0.6270000408653846 0.49361286298076923
1 0.5276118533653846 0.5080270384615384 0.5208982043269231 0.4734883028846154 0.4600066442307692 0.4853244254807692 0.46672029326923076 0.5198631586538461 0.5276118533653846 0.5080270384615384
1 0.4486974086538461 0.43969962740384616 0.44366217067307695 0.4137955769230769 0.3950920745192308 0.42323664663461535 0.4001273100961538 0.4491406971153846 0.4486974086538461 0.43969962740384616
1 0.45224513221153845 0.4625914230769231 0.4478282572115385 0.4398685745192308 0.4010475865384615 0.4489618149038461 0.40546446153846155 0.4716846634615385 0.45224513221153845 0.4625914230769231
1 0.46485740384615387 0.47315678365384617 0.46074087740384617 0.4519790841346154 0.3984689014423077 0.46408353125 0.40258543028846155 0.48526122836538466 0.46485740384615387 0.47315678365384617
1 0.47190017788461536 0.4930110721153846 0.46686493990384614 0.46710701923076925 0.4085808245192308 0.47843630528846154 0.4136160625 0.5043403557692308 0.47190017788461536 0.4930110721153846
1 0.47371914663461534 0.5048255024038462 0.4693022716346154 0.4821026514423077 0.40749043509615385 0.49411765625 0.41190731009615383 0.5168405072115385 0.47371914663461534 0.5048255024038462
1 0.43975853125 0.5326500432692307 0.4335042379807692 0.5004744855769231 0.40344190625 0.5063180120192308 0.40969619951923075 0.5384935673076924 0.43975853125 0.5326500432692307
1 0.5016939831730769 0.28734375240384613 0.49621705769230773 0.2591674158653846 0.4134433894230769 0.27525698798076925 0.4189203149038461 0.3034333245192308 0.5016939831730769 0.28734375240384613
1 0.4884397283653846 0.2983150985576923 0.48359883413461535 0.2734108533653846 0.4102835528846154 0.2876619014423077 0.4151244471153846 0.31256614663461535 0.4884397283653846 0.2983150985576923
1 0.46295703125 0.32826472115384614 0.4583634807692307 0.3046329591346154 0.4180247379807692 0.31247401442307693 0.4226182884615385 0.3361057788461539 0.46295703125 0.32826472115384614
1 0.44740646153846153 0.3506241995192308 0.44343127403846155 0.33017363221153845 0.42328746634615383 0.3340891923076923 0.42726265384615386 0.35453975961538464 0.44740646153846153 0.3506241995192308
1 0.4512049735576923 0.3701658509615384 0.44740646153846153 0.3506241995192308 0.42854081490384616 0.3542913100961539 0.4323393269230769 0.3738329615384615 0.4512049735576923 0.3701658509615384
1 0.45240964423076924 0.3845521586538462 0.44825778125 0.3631926778846154 0.43092592788461537 0.3665616490384615 0.43507779086538456 0.38792112980769233 0.45240964423076924 0.3845521586538462
1 0.45558979326923077 0.40091261298076925 0.45240964423076924 0.3845521586538462 0.43942353605769235 0.3870764038461539 0.44260368509615383 0.4034368557692308 0.45558979326923077 0.40091261298076925
1 0.45939768750000004 0.42186732451923076 0.4553341634615385 0.40096230048076925 0.4410698942307692 0.40373499519230766 0.44513341826923075 0.4246400168269231 0.45939768750000004 0.42186732451923076
1 0.36901565384615387 0.22493935336538462 0.3743159038461539 0.2522067764423077 0.39972573076923074 0.2472676057692308 0.39442548076923073 0.2200001826923077 0.36901565384615387 0.22493935336538462
1 0.16721207451923076 0.15248446153846154 0.15624055528846154 0.09604089663461537 0.029753805288461537 0.1206274326923077 0.04072532211538461 0.1770709951923077 0.16721207451923076 0.15248446153846154
1 0.21847304567307693 0.2939129567307692 0.2076958701923077 0.23846919951923076 0.06781399759615384 0.26565948076923074 0.07859117067307693 0.32110323798076923 0.21847304567307693 0.2939129567307692
1 0.2504856875 0.2888222379807692 0.24499109375 0.26055500961538464 0.20557262740384616 0.2682171826923077 0.21106722115384613 0.2964844134615384 0.2504856875 0.2888222379807692
1 0.28081172596153847 0.41781308894230773 0.2757588221153846 0.39181814903846157 0.23823203124999998 0.3991126177884615 0.24328493509615384 0.4251075576923077 0.28081172596153847 0.41781308894230773
1 0.30881534615384615 0.5414071850961538 0.3046458173076923 0.5199568125 0.2709535072115385 0.5265059350961538 0.2751230360576923 0.5479563052884615 0.30881534615384615 0.5414071850961538
1 0.2784159158653846 0.5684451730769231 0.2707128846153846 0.5288165216346153 0.13466549278846154 0.5552614543269231 0.14236852163461539 0.594890108173077 0.2784159158653846 0.5684451730769231
1 0.24355479326923077 0.4297713846153846 0.2354277427884615 0.38796133653846154 0.10127202884615386 0.4140385649038461 0.10939907932692307 0.45584861298076923 0.24355479326923077 0.4297713846153846
1 0.09329102884615385 0.32739546394230773 0.08770809855769232 0.29867377884615387 0.02001672596153846 0.31183164903846156 0.02559965625 0.34055333173076924 0.09329102884615385 0.32739546394230773
1 0 0.47654768750000004 0.06926109134615385 0.46308469471153846 0.06290079086538461 0.4303637884615385 0 0.4425904639423077 0 0.47654768750000004
1 0.11936279326923077 0.4478750240384616 0.11365618990384616 0.4185170985576923 0.06104710817307692 0.4287432692307692 0.06675371153846153 0.4581011947115385 0.11936279326923077 0.4478750240384616
1 0.21013141105769229 0.8135707115384616 0.1824464375 0.6711438774038462 0.033668567307692306 0.7000633653846153 0.061353540865384616 0.8424901995192309 0.21013141105769229 0.8135707115384616
1 0.10446227884615385 0.5835818629807693 0.09787230288461538 0.5496793677884615 0.009372475961538462 0.5668819903846154 0.015962454326923076 0.6007844879807692 0.10446227884615385 0.5835818629807693
1 0.15201922836538462 0.5757526153846154 0.14516423798076922 0.5404867475961539 0.09250402884615384 0.5507228557692307 0.09935901923076923 0.5859887211538461 0.15201922836538462 0.5757526153846154