1 0.7878567115384616 0.2481608076923077 0.7816333966346154 0.18894992307692307 0.6955450937500001 0.19799816826923078 0.7017684086538462 0.2572090528846154 0.7878567115384616 0.2481608076923077
1 0.8556391634615385 0.23684696875 0.849706204326923 0.18039864182692306 0.7574539399038461 0.19009474519230768 0.7633868990384615 0.24654307211538462 0.8556391634615385 0.23684696875
1 0.9127322307692308 0.24341509855769233 0.9065089158653846 0.18420421153846153 0.8367369879807692 0.1915375360576923 0.8429603052884616 0.2507484230769231 0.9127322307692308 0.24341509855769233
1 0.9543057427884616 0.14268433653846155 0.9504439975961538 0.10594227644230769 0.8968330504807691 0.11157701442307692 0.9006947980769231 0.14831907451923076 0.9543057427884616 0.14268433653846155
1 0.9667561201923077 0.2237715673076923 0.9625362692307693 0.18362234855769233 0.9095468990384615 0.18919175721153847 0.9137667524038461 0.2293409735576923 0.9667561201923077 0.2237715673076923
1 0.6120632403846155 0.3404678221153846 0.6105243485576923 0.32582625240384616 0.5660298533653847 0.3305028125 0.5675687451923077 0.3451443822115384 0.6120632403846155 0.3404678221153846
1 0.6486166875 0.3359741826923077 0.6467293677884616 0.31801753605769234 0.609383 0.32194279807692305 0.6112703197115384 0.3398994423076923 0.6486166875 0.3359741826923077
1 0.626286920673077 0.3786345697115384 0.6248157788461538 0.36463759375 0.5978808100961538 0.36746857451923076 0.5993519519230769 0.3814655480769231 0.626286920673077 0.3786345697115384
1 0.5944090192307692 0.20090047836538463 0.5894535961538462 0.15375277403846155 0.5321131923076924 0.15977949278846154 0.5370686153846154 0.20692719711538463 0.5944090192307692 0.20090047836538463
1 0.5347705360576923 0.2777405216346154 0.5323799302884615 0.25499543509615386 0.4952925528846154 0.25889347596153844 0.49768315625 0.2816385625 0.5347705360576923 0.2777405216346154
1 0.49983503125 0.3200499783653846 0.49831549759615384 0.3055925745192308 0.4737114399038462 0.30817856490384615 0.47523097355769234 0.32263596875 0.49983503125 0.3200499783653846
1 0.5807140264423076 0.05216535817307692 0.5754101754807692 0.001702579326923077 0.5182251658653846 0.007712966346153847 0.5235290168269231 0.058175742788461535 0.5807140264423076 0.05216535817307692
1 0.4153837307692308 0.5115935048076923 0.41458040865384616 0.5039504182692307 0.38842241346153844 0.506699735576923 0.3892257331730769 0.5143428197115385 0.4153837307692308 0.5115935048076923
1 0.3887358870192308 0.49921857932692304 0.3898102067307692 0.5094400528846154 0.4143106682692308 0.5068649519230769 0.4132363485576923 0.49664347836538464 0.3887358870192308 0.49921857932692304
1 0.3918396418269231 0.4923751778846154 0.3925171394230769 0.4988211538461539 0.4132363485576923 0.49664347836538464 0.4125588485576923 0.49019749999999995 0.3918396418269231 0.4923751778846154
1 0.3904170769230769 0.4873109471153846 0.39102682451923076 0.49311232692307694 0.4133517692307693 0.49076587980769226 0.41274201923076925 0.4849645024038462 0.3904170769230769 0.4873109471153846
1 0.3887052283653846 0.47650476201923075 0.3898472980769231 0.48737083413461535 0.41274201923076925 0.4849645024038462 0.4115999495192308 0.4740984302884615 0.3887052283653846 0.47650476201923075
2 0.46128465625000004 0.5028588125 0.4554968774038462 0.44779176682692307 0.43695318990384613 0.4497407860576923 0.44274096874999996 0.5048078317307693 0.46128465625000004 0.5028588125
2 0.34327154807692306 0.45530440384615384 0.3500465408653846 0.51976415625 0.3715427139423077 0.5175048173076923 0.36476772115384615 0.45304506490384616 0.34327154807692306 0.45530440384615384