1 0.7348085937500001 0.5137829735576923 0.7477765384615385 0.5804972644230769 0.9601556706730769 0.5392149447115384 0.9471877259615386 0.47250065384615386 0.7348085937500001 0.5137829735576923
1 1 0.4644116634615385 0.9942037139423078 0.43459235817307695 0.9325963822115385 0.4465676081730769 0.9404230841346154 0.4868325 1 0.4752519206730769 1 0.4644116634615385
1 1 0.47969745432692307 0.9986903149038462 0.47295970673076926 0.9449053269230769 0.4834144495192308 0.9541984302884615 0.5312233293269231 1 0.52232040625 1 0.47969745432692307
1 0.018853877403846156 0.11095545913461538 0.027899637019230768 0.15749186057692308 0.1064809375 0.14221720432692309 0.09743517548076924 0.09568080288461538 0.018853877403846156 0.11095545913461538
2 0.41595868269230774 0.8161027980769231 0.27896488942307696 0.11133083653846154 0.10130059375 0.14586527644230768 0.23829438701923078 0.8506372379807693 0.41595868269230774 0.8161027980769231
4 0.7542108004807692 0.5909429495192308 0.7243703942307692 0.4374273653846154 0.5750301346153847 0.46645617067307693 0.6048705408653846 0.6199717548076923 0.7542108004807692 0.5909429495192308
4 0.4413880192307692 0.5159206442307692 0.46682921875 0.6468042692307693 0.6048705408653846 0.6199717548076923 0.5794293413461539 0.48908812980769234 0.4413880192307692 0.5159206442307692
4 0.4137560504807692 0.3737664855769231 0.4413880192307692 0.5159206442307692 0.5751858485576923 0.48991298076923073 0.5475538774038461 0.34775882211538456 0.4137560504807692 0.3737664855769231
4 0.38860565625 0.2558432716346154 0.4137995096153846 0.38545441346153847 0.5497446490384615 0.3590293557692308 0.5245507932692308 0.22941821153846156 0.38860565625 0.2558432716346154
4 0.3622524663461538 0.12381636057692308 0.38940741346153845 0.26351645192307693 0.5224894735576924 0.2376479182692308 0.49533452644230774 0.09794782932692307 0.3622524663461538 0.12381636057692308
4 0.4552523269230769 0 0.33815258173076923 0.022761884615384618 0.37557234615384616 0.21526988221153848 0.5214360096153846 0.18691685576923078 0.4851030528846154 0 0.4552523269230769 0
4 0.05740914423076923 0.0786534375 0.12663040865384614 0.4347659639423077 0.4019972836538462 0.3812400673076923 0.33277602163461534 0.02512753846153846 0.05740914423076923 0.0786534375
4 0.4831855576923077 0.7612489663461539 0.3936466706730769 0.3006113221153846 0.1189955625 0.35399808894230766 0.20853445192307693 0.8146357331730769 0.4831855576923077 0.7612489663461539
4 0.3831144639423077 0.7036367860576923 0.32684347836538463 0.4141476586538462 0.12366710336538461 0.45364114423076923 0.1799380889423077 0.7431302740384615 0.3831144639423077 0.7036367860576923
1 0.034309283653846154 0.7194642283653846 0.048337278846153846 0.7916320048076924 0.13525218269230768 0.7747374591346153 0.12122418990384615 0.7025696826923077 0.034309283653846154 0.7194642283653846
1 0.12129548076923077 0.7133089447115384 0.11060664423076923 0.6583196442307693 0.02757734375 0.6744589038461538 0.038266180288461536 0.7294482067307692 0.12129548076923077 0.7133089447115384
1 0.02089902884615385 0.640101951923077 0.029573771634615387 0.6847296346153846 0.11843148317307692 0.6674574447115386 0.10975674038461539 0.6228297644230769 0.02089902884615385 0.640101951923077
1 0.10781393509615385 0.6232074062499999 0.0991391923076923 0.5785797283653846 0.010281483173076924 0.5958519158653846 0.01895622596153846 0.6404795961538461 0.10781393509615385 0.6232074062499999
1 0.10618791826923077 0.5736252211538462 0.09950960336538461 0.5392682692307692 0.00487460576923077 0.5576634495192307 0.011552920673076924 0.5920203990384615 0.10618791826923077 0.5736252211538462
1 0 0.5325857740384615 0.0028781778846153844 0.5473927187500001 0.09945597836538461 0.5286198966346154 0.09210629807692308 0.4908090721153846 0 0.5087127259615385 0 0.5325857740384615
1 0 0.5158814711538462 0.08767174278846154 0.49883981009615386 0.07700057451923076 0.44394140144230765 0 0.4589087956730769 0 0.5158814711538462
1 0 0.4802263870192308 0.07905062500000001 0.4648605 0.06703672596153845 0.40305434375 0 0.41608496394230765 0 0.4802263870192308
1 0 0.4312713894230769 0.06855190625 0.41794624759615384 0.05625532451923077 0.3546858293269231 0 0.3656207572115384 0 0.4312713894230769
1 0 0.3905227211538461 0.060919545673076926 0.3786811610576923 0.048057605769230766 0.31251221634615384 0 0.3218536682692308 0 0.3905227211538461
1 0 0.3557165697115385 0.05332658413461539 0.34535093028846153 0.03767317788461538 0.2648211442307692 0 0.2721440673076923 0 0.3557165697115385
1 0 0.3168544134615384 0.046609966346153844 0.30779435336538463 0.02873045673076923 0.21581224999999998 0 0.22139688461538462 0 0.3168544134615384
1 0 0.2711064855769231 0.03533152644230769 0.2642387331730769 0.017452016826923076 0.17225663221153847 0 0.1756489591346154 0 0.2711064855769231
1 0 0.23431949519230771 0.031150903846153846 0.22826437259615384 0.013642411057692308 0.13819098798076923 0 0.14084280528846155 0 0.23431949519230771
1 0.12557807211538463 0.6823866225961539 0.13340477403846154 0.7226515120192307 0.1819237451923077 0.7132203798076924 0.1740970408653846 0.6729554903846153 0.12557807211538463 0.6823866225961539
1 0.11843931009615384 0.6429312620192308 0.1270257139423077 0.687104485576923 0.1744710264423077 0.6778820504807693 0.16588462259615386 0.6337088269230768 0.11843931009615384 0.6429312620192308
1 0.11127443028846154 0.6175354975961539 0.11648634375000001 0.6443484615384616 0.16500531009615382 0.6349173317307693 0.15979339903846151 0.6081043653846154 0.11127443028846154 0.6175354975961539
1 0.10703970913461539 0.5785532331730769 0.11449539423076922 0.61690940625 0.15979339903846151 0.6081043653846154 0.1523377139423077 0.5697481923076924 0.10703970913461539 0.5785532331730769
1 0.09977836778846154 0.5411968653846154 0.10703970913461539 0.5785532331730769 0.1555586778846154 0.5691221009615385 0.14829733413461538 0.5317657331730768 0.09977836778846154 0.5411968653846154
1 0.08910171875 0.5034667836538461 0.09655740384615384 0.5418229567307692 0.14829733413461538 0.5317657331730768 0.14084164903846152 0.49340956009615383 0.08910171875 0.5034667836538461
1 0.08258241105769232 0.4699278557692308 0.08910171875 0.5034667836538461 0.13869434134615385 0.4938269543269231 0.13217503365384614 0.46028802644230765 0.08258241105769232 0.4699278557692308
1 0.12965373798076923 0.4557788557692308 0.12182703605769231 0.4155139639423077 0.07003597596153846 0.425581125 0.07786267788461537 0.46584601923076924 0.12965373798076923 0.4557788557692308
1 0.12602674278846154 0.42865781490384613 0.11689264663461539 0.3816669591346154 0.06622637019230769 0.39151548557692306 0.07536046634615384 0.4385063413461538 0.12602674278846154 0.42865781490384613
1 0.11585838942307693 0.3878105120192308 0.10654761778846153 0.33991074278846156 0.05588134134615385 0.3497592692307692 0.06519211298076923 0.3976590384615385 0.11585838942307693 0.3878105120192308
1 0.11066117548076923 0.3580705961538462 0.09984866586538461 0.30244505528846155 0.04698395192307692 0.31272091346153846 0.05779646153846153 0.3683464567307692 0.11066117548076923 0.3580705961538462
1 0.09979315384615385 0.3223585528846154 0.08898064423076923 0.2667330120192308 0.04204659375 0.2758560673076923 0.052859103365384616 0.33148160817307687 0.09979315384615385 0.3223585528846154