1 0.6889014038461538 0.7409067451923076 0.7060411225961538 0.6437025697115384 0.4376297163461539 0.5963743990384616 0.4204899975961538 0.6935785721153847 0.6889014038461538 0.7409067451923076
1 0.4373675264423077 0.5768658245192307 0.44449031971153846 0.53647046875 0.4154077139423077 0.5313424206730769 0.4082849230769231 0.5717377764423077 0.4373675264423077 0.5768658245192307
1 0.6523554254807693 0.39598716346153845 0.6679355264423077 0.30762802403846157 0.4861051370192308 0.2755664206730769 0.4705250384615385 0.36392556009615384 0.6523554254807693 0.39598716346153845
1 0.4628428125 0.3951962572115385 0.47642917307692306 0.3181441706730769 0.45370678605769227 0.3141376009615385 0.44012042307692306 0.39118968750000005 0.4628428125 0.3951962572115385
1 0.4394527019230769 0.3988756923076923 0.44614137259615383 0.3609423557692307 0.4255732524038462 0.35731564182692305 0.41888458173076926 0.39524897836538464 0.4394527019230769 0.3988756923076923
1 0.3792956586538461 0.6446636009615384 0.3906471057692308 0.5802863533653846 0.24010487740384615 0.5537416971153847 0.22875343028846154 0.6181189447115384 0.3792956586538461 0.6446636009615384
1 0.6750011442307693 0.21776755048076923 0.6994887548076923 0.07889142307692308 0.5155553870192308 0.046459007211538464 0.4910677788461539 0.18533513461538462 0.6750011442307693 0.21776755048076923
1 0.5075802836538462 0.24945439663461538 0.5242858822115385 0.15471224278846155 0.48094407932692307 0.14706991346153847 0.4642384831730769 0.24181206730769228 0.5075802836538462 0.24945439663461538
1 0.47771409615384614 0.26496681730769234 0.48816514182692305 0.2056959807692308 0.44841378846153845 0.19868674278846152 0.43796274038461536 0.2579575817307692 0.47771409615384614 0.26496681730769234
1 0.5044290432692308 0.10955964903846153 0.5188997235576923 0.027492338942307695 0.47627601201923075 0.019976629807692308 0.4618053317307692 0.10204393990384616 0.5044290432692308 0.10955964903846153
1 0.16398079326923076 0.5286603677884615 0.1688847451923077 0.5008486658653847 0.12908210096153847 0.49383038701923077 0.12417814663461539 0.5216420865384616 0.16398079326923076 0.5286603677884615
1 1 0.3479398798076923 0.9395174615384616 0.33727517548076924 0.9292754350961538 0.39536059615384617 1 0.40783124519230773 1 0.3479398798076923
1 1 0.27638991346153846 0.9488808677884616 0.2673762307692308 0.9395392403846153 0.3203552403846154 1 0.3310161033653846 1 0.27638991346153846
2 0.23220327884615385 0.6057523533653846 0.2864040192307692 0.29836467307692305 0.23188055048076925 0.28875071394230767 0.17767981009615383 0.5961383942307692 0.23220327884615385 0.6057523533653846
4 1 0.12144333413461537 0.9704029639423077 0.11622457692307692 0.9503691105769231 0.22984221153846154 1 0.23859347596153846 1 0.12144333413461537