1 0.7205907668269231 0.7122722620192307 0.7240354759615385 0.6136286850961539 0.4516494230769231 0.6041167548076923 0.44820471394230765 0.7027603317307692 0.7205907668269231 0.7122722620192307
1 0.44867471875000003 0.5848345264423077 0.45010624278846156 0.5438409951923077 0.4205929831730769 0.5428103701923077 0.4191614567307692 0.5838039014423078 0.44867471875000003 0.5848345264423077
1 0.6363969254807693 0.37579563221153844 0.6395281850961538 0.2861280673076923 0.45500524519230773 0.2796843846153846 0.4518739831730769 0.3693519495192307 0.6363969254807693 0.37579563221153844
1 0.44861856009615386 0.40138748076923075 0.45134912259615384 0.32319440384615383 0.4282902596153846 0.32238917067307693 0.4255596995192308 0.40058224759615385 0.44861856009615386 0.40138748076923075
1 0.4259681610576923 0.40828638221153846 0.42731243750000003 0.3697913269230769 0.4064397451923077 0.3690624375 0.40509546874999997 0.40755749278846154 0.4259681610576923 0.40828638221153846
1 0.40060362740384614 0.6600545432692309 0.40288502163461537 0.5947239951923077 0.2501135576923077 0.5893890985576923 0.24783216346153847 0.6547196466346155 0.40060362740384614 0.6600545432692309
1 0.6340188798076922 0.19615876442307692 0.6389403557692308 0.05522615384615385 0.4522832980769231 0.04870794471153846 0.4473618221153846 0.1896405576923077 0.6340188798076922 0.19615876442307692
1 0.4726373028846154 0.2508377163461538 0.4759947644230769 0.15469261778846155 0.43201115625000003 0.15315667548076922 0.42865369471153847 0.24930177644230772 0.4726373028846154 0.2508377163461538
1 0.4452206826923077 0.27035574278846153 0.4473211153846154 0.21020722115384613 0.4069811201923077 0.2087985168269231 0.4048806875 0.26894703846153845 0.4452206826923077 0.27035574278846153
1 0.45004714423076925 0.11274298557692308 0.4529554375 0.02946041826923077 0.4097005528846154 0.027949923076923074 0.4067922596153846 0.11123249038461538 0.45004714423076925 0.11274298557692308
1 0.1712396610576923 0.57514628125 0.17222524759615385 0.5469227451923077 0.13183320432692308 0.5455122235576924 0.1308476153846154 0.5737357596153847 0.1712396610576923 0.57514628125
1 1 0.28074210817307693 0.9125931899038461 0.27768979567307694 0.9105347644230769 0.33663534615384616 1 0.3397595408653846 1 0.28074210817307693
1 1 0.19485645673076923 0.9768534663461538 0.19404816105769232 0.9754671826923077 0.23374618509615383 1 0.23460288942307692 1 0.19485645673076923
1 0.9751162572115385 0.26319632451923075 0.9769937211538462 0.20943279807692308 0.9121374182692308 0.20716796634615384 0.9102599567307692 0.2609314903846154 0.9751162572115385 0.26319632451923075
2 0.24952734134615387 0.6419932788461539 0.2604205072115385 0.3300537884615385 0.2050896514423077 0.32812159375 0.19419648557692307 0.6400610817307691 0.24952734134615387 0.6419932788461539
4 1 0.05755059134615385 0.9124138197115385 0.054492014423076926 0.9083874519230769 0.1697921033653846 1 0.17299128365384617 1 0.05755059134615385