1 0.93078125 0.19787037019230772 0.93078125 0.05824074038461539 0.7979166658653847 0.05824074038461539 0.7979166658653847 0.19787037019230772 0.93078125 0.19787037019230772
1 0.7951041658653846 0.023240740384615384 0.7951041658653846 0.11638888942307692 0.92796875 0.11638888942307692 0.92796875 0.023240740384615384 0.7951041658653846 0.023240740384615384
1 0.91671875 0.048240740384615385 0.91671875 0.16601851923076924 0.9985937500000001 0.16601851923076924 0.9985937500000001 0.048240740384615385 0.91671875 0.048240740384615385
1 0.92921875 0.06629629567307692 0.92921875 0.001111110576923077 0.8052604158653847 0.001111110576923077 0.8052604158653847 0.06629629567307692 0.92921875 0.06629629567307692
1 0.8013541658653847 0.001111110576923077 0.8013541658653847 0.03583333413461538 0.8707291658653846 0.03583333413461538 0.8707291658653846 0.001111110576923077 0.8013541658653847 0.001111110576923077
1 0.68703125 0.0034259254807692307 0.68703125 0.039259259615384616 0.7922916658653846 0.039259259615384616 0.7922916658653846 0.0034259254807692307 0.68703125 0.0034259254807692307
1 0.7922916658653846 0.07620370432692308 0.7922916658653846 0.004629629807692308 0.6903125 0.004629629807692308 0.6903125 0.07620370432692308 0.7922916658653846 0.07620370432692308
1 0.7877083341346154 0.10620370432692307 0.7877083341346154 0.04157407451923077 0.6883333341346154 0.04157407451923077 0.6883333341346154 0.10620370432692307 0.7877083341346154 0.10620370432692307
1 0.7961979158653846 0.15129629567307692 0.7961979158653846 0.07620370432692308 0.6753645841346153 0.07620370432692308 0.6753645841346153 0.15129629567307692 0.7961979158653846 0.15129629567307692
1 0.8046354158653847 0.23555555528846156 0.8046354158653847 0.10277777884615384 0.6851041658653846 0.10277777884615384 0.6851041658653846 0.23555555528846156 0.8046354158653847 0.23555555528846156
1 0.5701041658653846 0.13861111057692307 0.5701041658653846 0.24601851923076923 0.6890104158653846 0.24601851923076923 0.6890104158653846 0.13861111057692307 0.5701041658653846 0.13861111057692307
1 0.5753125 0.12009259375 0.5753125 0.1825 0.6772916658653846 0.1825 0.6772916658653846 0.12009259375 0.5753125 0.12009259375
1 0.5733854158653846 0.09240740625 0.5733854158653846 0.1536111105769231 0.6798958341346153 0.1536111105769231 0.6798958341346153 0.09240740625 0.5733854158653846 0.09240740625
1 0.5759375 0.054259259615384615 0.5759375 0.11435185096153845 0.6903125 0.11435185096153845 0.6903125 0.054259259615384615 0.5759375 0.054259259615384615
1 0.57078125 0.02194444471153846 0.57078125 0.09240740625 0.6883333341346154 0.09240740625 0.6883333341346154 0.02194444471153846 0.57078125 0.02194444471153846
1 0.5753125 0.005740740384615385 0.5753125 0.051944444711538466 0.6552083341346153 0.051944444711538466 0.6552083341346153 0.005740740384615385 0.5753125 0.005740740384615385
1 0.6285937500000001 0.025370370192307694 0.6285937500000001 0.001111110576923077 0.5785416658653847 0.001111110576923077 0.5785416658653847 0.025370370192307694 0.6285937500000001 0.025370370192307694
1 0.4980208341346154 0.004629629807692308 0.4980208341346154 0.047314814903846154 0.5688020841346154 0.047314814903846154 0.5688020841346154 0.004629629807692308 0.4980208341346154 0.004629629807692308
1 0.5785416658653847 0.07851851923076923 0.5785416658653847 0.004629629807692308 0.49541666586538463 0.004629629807692308 0.49541666586538463 0.07851851923076923 0.5785416658653847 0.07851851923076923
1 0.5785416658653847 0.0970370360576923 0.5785416658653847 0.04046296394230769 0.4941145841346154 0.04046296394230769 0.4941145841346154 0.0970370360576923 0.5785416658653847 0.0970370360576923
1 0.57921875 0.12935185096153845 0.57921875 0.062314814903846154 0.4960416658653846 0.062314814903846154 0.4960416658653846 0.12935185096153845 0.57921875 0.12935185096153845
1 0.5753125 0.15240740625 0.5753125 0.08777777884615384 0.49541666586538463 0.08777777884615384 0.49541666586538463 0.15240740625 0.5753125 0.15240740625
1 0.5766145841346154 0.16861111057692307 0.5766145841346154 0.11777777884615384 0.4947395841346154 0.11777777884615384 0.4947395841346154 0.16861111057692307 0.5766145841346154 0.16861111057692307
1 0.5785416658653847 0.19749999999999998 0.5785416658653847 0.1570370360576923 0.4928125 0.1570370360576923 0.4928125 0.19749999999999998 0.5785416658653847 0.19749999999999998
1 0.5915625 0.2748148149038462 0.5915625 0.17666666586538463 0.4947395841346154 0.17666666586538463 0.4947395841346154 0.2748148149038462 0.5915625 0.2748148149038462
1 0.4278645841346154 0.20898148076923076 0.4278645841346154 0.27601851923076925 0.5285416658653846 0.27601851923076925 0.5285416658653846 0.20898148076923076 0.4278645841346154 0.20898148076923076
1 0.43046874999999996 0.1836111105769231 0.43046874999999996 0.2171296298076923 0.49348958413461536 0.2171296298076923 0.49348958413461536 0.1836111105769231 0.43046874999999996 0.1836111105769231
1 0.4999479158653846 0.2009259254807692 0.4999479158653846 0.15824074038461539 0.42656249999999996 0.15824074038461539 0.42656249999999996 0.2009259254807692 0.4999479158653846 0.2009259254807692
1 0.4278645841346154 0.12814814903846153 0.4278645841346154 0.17555555528846153 0.49151041586538463 0.17555555528846153 0.49151041586538463 0.12814814903846153 0.4278645841346154 0.12814814903846153
1 0.49151041586538463 0.14777777884615384 0.49151041586538463 0.10046296394230768 0.43109375 0.10046296394230768 0.43109375 0.14777777884615384 0.49151041586538463 0.14777777884615384
1 0.4278645841346154 0.062314814903846154 0.4278645841346154 0.12129629567307693 0.5032291658653846 0.12129629567307693 0.5032291658653846 0.062314814903846154 0.4278645841346154 0.062314814903846154
1 0.49088541586538464 0.0970370360576923 0.49088541586538464 0.04157407451923077 0.43046874999999996 0.04157407451923077 0.43046874999999996 0.0970370360576923 0.49088541586538464 0.0970370360576923
1 0.4271875 0.0034259254807692307 0.4271875 0.04620370432692308 0.48760416586538463 0.04620370432692308 0.48760416586538463 0.0034259254807692307 0.4271875 0.0034259254807692307
1 0.42458333413461535 0.055462963942307694 0.42458333413461535 0.01157407451923077 0.37328125 0.01157407451923077 0.37328125 0.055462963942307694 0.42458333413461535 0.055462963942307694
1 0.4258854158653846 0.09240740625 0.4258854158653846 0.025370370192307694 0.36677083413461536 0.025370370192307694 0.36677083413461536 0.09240740625 0.4258854158653846 0.09240740625
1 0.4194270841346154 0.11777777884615384 0.4194270841346154 0.06814814903846154 0.36807291586538465 0.06814814903846154 0.36807291586538465 0.11777777884615384 0.4194270841346154 0.11777777884615384
1 0.4233333341346154 0.14666666586538463 0.4233333341346154 0.0970370360576923 0.36807291586538465 0.0970370360576923 0.36807291586538465 0.14666666586538463 0.4233333341346154 0.14666666586538463
1 0.4207291658653846 0.15592592548076922 0.4207291658653846 0.12009259375 0.36677083413461536 0.12009259375 0.36677083413461536 0.15592592548076922 0.4207291658653846 0.15592592548076922
1 0.4200520841346154 0.18592592548076922 0.4200520841346154 0.14435185096153846 0.36421875 0.14435185096153846 0.36421875 0.18592592548076922 0.4200520841346154 0.18592592548076922
1 0.4291666658653846 0.19398148076923077 0.4291666658653846 0.1778703701923077 0.36807291586538465 0.1778703701923077 0.36807291586538465 0.19398148076923077 0.4291666658653846 0.19398148076923077
1 0.43046874999999996 0.24481481490384616 0.43046874999999996 0.19518518509615385 0.37197916586538465 0.19518518509615385 0.37197916586538465 0.24481481490384616 0.43046874999999996 0.24481481490384616
1 0.31989583413461536 0.09592592548076924 0.31989583413461536 0.06046296394230769 0.26239583413461537 0.06046296394230769 0.26239583413461537 0.09592592548076924 0.31989583413461536 0.09592592548076924
1 0.06848958413461538 0.003611110576923077 0.06848958413461538 0.0875 0.29078125 0.0875 0.29078125 0.003611110576923077 0.06848958413461538 0.003611110576923077