1 0.48932642548076927 0 0.4712029375 0.1289553173076923 0.6086026322115384 0.14826558413461538 0.6271203870192308 0.016504915865384613 0.5096818028846154 0 0.48932642548076927 0
1 0.48075340865384614 0 0.47100461057692306 0.0693663173076923 0.5653379591346154 0.0826240048076923 0.5757243966346154 0.008720665865384615 0.5136736322115385 0 0.48075340865384614 0
1 0.5747185168269231 0.006896252403846155 0.5637908509615385 0.0846506346153846 0.6112411947115385 0.09131934615384615 0.6221688605769231 0.013564961538461538 0.5747185168269231 0.006896252403846155
1 0.5920482091346154 0.00933178125 0.586159125 0.05123479086538462 0.6224689519230769 0.056337805288461544 0.6283580360576924 0.014434795673076924 0.5920482091346154 0.00933178125
1 0.6178364399038461 0.012956079326923078 0.6106329423076923 0.06421162259615384 0.6431776899038462 0.06878548798076924 0.6503811875000001 0.017529947115384616 0.6178364399038461 0.012956079326923078
1 0.6385444350961538 0.016427413461538462 0.6361475649038462 0.03348203365384615 0.6485259158653847 0.035221697115384615 0.6509227860576924 0.018167079326923078 0.6385444350961538 0.016427413461538462
1 0.6375971394230769 0.09951155528846155 0.647983576923077 0.02560821394230769 0.6210090865384615 0.021817197115384615 0.6106226490384615 0.09572053605769232 0.6375971394230769 0.09951155528846155
1 0.61488675 0.04966204326923077 0.6041910384615384 0.12576597596153846 0.6358074110576923 0.13020936778846154 0.6465031225961538 0.05410543269230769 0.61488675 0.04966204326923077
1 0.6354099711538462 0.1577367644230769 0.6449459038461539 0.08988506490384615 0.6117822379807693 0.08522421634615385 0.6022463052884615 0.1530759158653846 0.6354099711538462 0.1577367644230769
1 0.5288742331730769 0.08759763942307693 0.5141450793269231 0.19240100721153847 0.628644826923077 0.2084928966346154 0.6433739783653846 0.10368952884615384 0.5288742331730769 0.08759763942307693
1 0.6183266322115385 0.17188581009615383 0.6089453341346154 0.2386372139423077 0.6544873509615384 0.2450377283653846 0.6638686490384615 0.1782863221153846 0.6183266322115385 0.17188581009615383
1 0.5522685600961539 0.14418195192307692 0.5390084543269231 0.23853249278846153 0.5915132932692307 0.2459115673076923 0.6047733966346154 0.15156102403846153 0.5522685600961539 0.14418195192307692
1 0.4822888197115385 0.09348632451923077 0.46433806730769234 0.22121256730769231 0.5447457740384615 0.23251313461538461 0.5626965264423076 0.10478688942307693 0.4822888197115385 0.09348632451923077
1 0.5408805024038462 0.2678748846153846 0.5576199326923077 0.14876764182692306 0.4696820649038462 0.13640878125 0.45294263461538464 0.2555160240384616 0.5408805024038462 0.2678748846153846
1 0.4627105240384616 0.18601387740384615 0.44544275 0.3088804711538462 0.53121440625 0.3209348918269231 0.5484821802884615 0.19806829567307693 0.4627105240384616 0.18601387740384615
1 0.5257254495192307 0.3678497692307693 0.5408669687500001 0.26011227163461537 0.4599435 0.24873921875 0.4448019807692308 0.35647671634615385 0.5257254495192307 0.3678497692307693
1 0.4493112307692308 0.31241623076923075 0.43806140625 0.39246289903846154 0.5179533461538461 0.40369098076923077 0.5292031706730769 0.32364431009615385 0.4493112307692308 0.31241623076923075
1 0.44455840384615386 0.37355345192307693 0.43622090384615386 0.43287784375 0.5140497860576922 0.4438159783653846 0.5223872860576922 0.38449158894230767 0.44455840384615386 0.37355345192307693
1 0.4953146298076923 0.5973321899038462 0.5047990192307692 0.5298472548076923 0.42697013701923076 0.5189091201923077 0.41748574759615387 0.5863940528846154 0.4953146298076923 0.5973321899038462
1 0.4359732836538462 0.4009586730769231 0.42393738942307696 0.4865985240384615 0.5054797764423077 0.4980585576923077 0.5175156706730769 0.41241870913461537 0.4359732836538462 0.4009586730769231
1 0.4983160480769231 0.5625035504807692 0.5110478100961539 0.47191236057692304 0.4378608100961538 0.4616265985576923 0.42512905048076927 0.5522177884615385 0.4983160480769231 0.5625035504807692
1 0.4858162427884615 0.6514442932692308 0.49553258653846155 0.5823089110576923 0.42048883413461535 0.5717621995192308 0.4107724903846154 0.6408975817307693 0.4858162427884615 0.6514442932692308
1 0.5360622572115384 0.6299876322115385 0.5441678028846154 0.5723136850961539 0.48671162259615386 0.5642387451923077 0.4786060793269231 0.6219126923076923 0.5360622572115384 0.6299876322115385
1 0.5481159783653846 0.6040984182692308 0.5566081129807693 0.5436737259615385 0.4955931610576923 0.5350986346153846 0.48710102403846156 0.5955233245192308 0.5481159783653846 0.6040984182692308
1 0.5075687932692308 0.5004092067307693 0.5002364326923077 0.5525816610576924 0.5480993870192308 0.5593083629807692 0.5554317475961539 0.50713590625 0.5075687932692308 0.5004092067307693
1 0.5077454975961538 0.4542437788461538 0.5013796177884615 0.49953937259615383 0.5554317475961539 0.50713590625 0.5617976274038461 0.4618403100961539 0.5077454975961538 0.4542437788461538
1 0.5131448990384615 0.4158250456730769 0.5061991298076923 0.46524675721153846 0.5641194951923076 0.4733869326923077 0.5710652644230769 0.4239652235576923 0.5131448990384615 0.4158250456730769
1 0.5216384230769231 0.3722310120192308 0.5133395841346153 0.4312803293269231 0.568165360576923 0.4389855913461539 0.5764642019230769 0.3799362716346154 0.5216384230769231 0.3722310120192308
1 0.5718237091346153 0.3961145528846154 0.5803158461538461 0.33568986057692307 0.5278110096153846 0.3283107884615385 0.5193188725961538 0.3887354783653846 0.5718237091346153 0.3961145528846154
1 0.5337769495192307 0.2802474110576923 0.5235580336538461 0.35295875961538464 0.574515576923077 0.36012037500000005 0.5847344903846154 0.2874090264423077 0.5337769495192307 0.2802474110576923
1 0.5812680504807692 0.31207403846153847 0.5895668894230769 0.25302471875 0.5432512283653846 0.24651547836538462 0.534952389423077 0.3055647956730769 0.5812680504807692 0.31207403846153847
1 0.5501841105769231 0.19718545673076923 0.538612125 0.2795244110576923 0.5857014350961538 0.2861423822115384 0.597273420673077 0.20380342788461536 0.5501841105769231 0.19718545673076923
1 0.571080514423077 0.6087284110576923 0.5772530985576924 0.5648081875 0.5324847307692308 0.5585164038461539 0.5263121442307692 0.6024366274038462 0.571080514423077 0.6087284110576923
1 0.6018573870192307 0.5963168629807692 0.6058779423076923 0.5677091177884616 0.5752930985576923 0.5634106971153846 0.5712725432692308 0.5920184423076923 0.6018573870192307 0.5963168629807692
1 0.5592241466346154 0.5261823990384615 0.5530644471153846 0.5700109302884615 0.6045377572115385 0.57724503125 0.6106974567307693 0.5334165 0.5592241466346154 0.5261823990384615
1 0.5526201971153847 0.49907356009615383 0.5483419134615384 0.5295151322115385 0.6121419975961538 0.5384816514423076 0.61642028125 0.508040076923077 0.5526201971153847 0.49907356009615383
1 0.5572080961538461 0.47054555048076924 0.55211796875 0.5067636875 0.6196315552884616 0.5162521033653846 0.6247216826923078 0.48003396634615386 0.5572080961538461 0.47054555048076924
1 0.5643101057692308 0.4394722956730769 0.5574803149038462 0.4880687860576923 0.6201972932692308 0.4968830817307692 0.6270270841346155 0.44828659134615384 0.5643101057692308 0.4394722956730769
1 0.5598462572115385 0.4087371201923077 0.5546272668269231 0.44587217307692306 0.6302383581730768 0.4564986201923077 0.6354573509615384 0.4193635673076923 0.5598462572115385 0.4087371201923077
1 0.5697719927884616 0.3770321899038462 0.5617308822115384 0.4342476778846154 0.6276971778846154 0.4435186346153846 0.6357382884615385 0.3863031490384615 0.5697719927884616 0.3770321899038462
1 0.6337280120192308 0.40060701923076925 0.6396170961538462 0.3587040096153846 0.5731350360576923 0.3493605673076923 0.5672459519230769 0.3912635769230769 0.6337280120192308 0.40060701923076925
1 0.5805076610576922 0.31636179086538463 0.571938204326923 0.3773366298076923 0.6367698173076923 0.3864481201923077 0.6453392716346154 0.32547327884615385 0.5805076610576922 0.31636179086538463
1 0.6389328197115384 0.347855048076923 0.646290951923077 0.29549920673076924 0.6082275240384616 0.2901497427884615 0.6008693918269231 0.3425055817307693 0.6389328197115384 0.347855048076923
1 0.6130479951923077 0.2674515745192308 0.606076454326923 0.31705667067307697 0.6404263774038461 0.3218842379807692 0.6473979182692309 0.2722791418269231 0.6130479951923077 0.2674515745192308
1 0.647359875 0.28003450721153844 0.6533778245192308 0.2372145841346154 0.622328795673077 0.2328509278846154 0.6163108461538461 0.2756708509615385 0.647359875 0.28003450721153844
1 0.6527315913461538 0.21861025721153846 0.6456311850961539 0.2691322644230769 0.6692016274038461 0.27244487500000003 0.6763020312500001 0.22192286778846154 0.6527315913461538 0.21861025721153846
1 0.6766061370192307 0.3133175985576923 0.6819539927884615 0.27526563221153844 0.6433232235576922 0.26983643028846155 0.6379753677884616 0.3078883990384615 0.6766061370192307 0.3133175985576923
1 0.6720743677884615 0.24077723557692307 0.6658760096153846 0.28488084375 0.6798532307692308 0.28684521394230766 0.6860515889423078 0.24274160576923076 0.6720743677884615 0.24077723557692307
1 0.6739292668269231 0.21859731490384615 0.6679628653846154 0.2610504735576923 0.6819400865384615 0.26301484375 0.6879064903846154 0.22056168509615384 0.6739292668269231 0.21859731490384615
1 0.6879076009615385 0.23402620913461536 0.6936420480769231 0.1932234951923077 0.6784269903846153 0.19108515865384618 0.6726925432692308 0.23188787259615384 0.6879076009615385 0.23402620913461536
1 0.6933900625 0.26462403125 0.700297170673077 0.21547739423076925 0.6882282788461538 0.21378122115384615 0.6813211706730768 0.2629278605769231 0.6933900625 0.26462403125
1 0.7043408317307692 0.31057677403846157 0.7104618725961539 0.2670233173076923 0.6933900625 0.26462403125 0.6872690240384615 0.3081774879807692 0.7043408317307692 0.31057677403846157
1 0.6810543653846154 0.15480141346153847 0.6738250985576923 0.2062403341346154 0.6870286730769231 0.20809597596153845 0.6942579423076923 0.15665705528846155 0.6810543653846154 0.15480141346153847
1 0.69257075 0.17988907451923078 0.6989752884615386 0.13431840384615384 0.6829350072115384 0.13206409134615385 0.67653046875 0.17763475961538464 0.69257075 0.17988907451923078
1 0.6217257908653846 0.5818112115384616 0.6252695504807692 0.5565960504807692 0.6037105889423077 0.5535661370192307 0.6001668293269231 0.5787812980769231 0.6217257908653846 0.5818112115384616
1 0.6284287235576923 0.5584425841346154 0.6325265985576922 0.5292846899038461 0.603128014423077 0.5251529879807693 0.599030141826923 0.5543108822115385 0.6284287235576923 0.5584425841346154
1 0.6384232764423078 0.5793892572115384 0.6411165336538461 0.5602257379807692 0.6243541826923077 0.5578699447115384 0.6216609254807692 0.5770334639423077 0.6384232764423078 0.5793892572115384
1 0.391725375 0.7640751201923077 0.41492089182692304 0.5990304399038462 0.2404377235576923 0.5745084302884615 0.21724220673076924 0.7395531105769231 0.391725375 0.7640751201923077
1 0 0.8076669038461539 0.22443236778846154 0.8392088149038461 0.25362006009615384 0.63152759375 0 0.5958836177884616 0 0.8076669038461539
1 0 0.7380075 0.22923612259615386 0.7702245360576924 0.25962225 0.5540160072115385 0 0.5175284807692307 0 0.7380075
1 0 0.5494128509615385 0.25203025 0.5848333918269231 0.2672233125 0.4767291274038462 0.004699122596153847 0.43983375721153845 0 0.47326975 0 0.5494128509615385
1 0.2992231105769231 0.2838425168269231 0.32960923798076924 0.06763398798076924 0.062288435096153845 0.030064499999999997 0.031902310096153845 0.24627302884615385 0.2992231105769231 0.2838425168269231
1 0.029894901442307695 0.2953602548076923 0.008696776442307692 0.44619275240384615 0.27761644951923076 0.48398694711538465 0.29881457451923077 0.3331544495192308 0.029894901442307695 0.2953602548076923
1 0.2700258485576923 0.3755792259615385 0.29202293028846155 0.2190618557692308 0.04069083173076923 0.1837394326923077 0.018693750000000002 0.3402568028846154 0.2700258485576923 0.3755792259615385
1 0.06977462740384616 0 0.045099894230769225 0.17556984615384616 0.29483312259615385 0.2106675625 0.3244405192307692 0 0.06977462740384616 0
1 0.11384939423076923 0 0.10511194711538462 0.06217016346153846 0.3228161923076923 0.0927665 0.33585367307692304 0 0.11384939423076923 0
1 0.6975020456730768 0.4063907884615385 0.7005690072115385 0.38456821634615385 0.6384193701923077 0.37583365384615386 0.63535240625 0.3976562259615385 0.6975020456730768 0.4063907884615385
1 0.6978513028846154 0.4199977427884616 0.7005574471153846 0.40074253125 0.6365510576923078 0.3917470192307692 0.6338449158653846 0.41100223317307694 0.6978513028846154 0.4199977427884616
1 0.6933139663461538 0.43619052163461536 0.695633516826923 0.41968605288461536 0.6334838798076923 0.4109514927884615 0.631164326923077 0.42745595913461537 0.6933139663461538 0.43619052163461536
1 0.6926832091346153 0.44891172596153844 0.6948223509615384 0.4336909375 0.6348905048076923 0.42526806490384617 0.6327513629807692 0.44048885336538457 0.6926832091346153 0.44891172596153844
1 0.6899897379807692 0.4654571442307692 0.6931597908653846 0.4429010384615385 0.6298754735576922 0.4340070072115385 0.6267054182692308 0.4565631129807692 0.6899897379807692 0.4654571442307692
1 0.6891396658653846 0.47674498557692313 0.6912788076923077 0.4615241995192308 0.6287165600961538 0.4527316490384615 0.6265774182692307 0.46795243509615386 0.6891396658653846 0.47674498557692313
1 0.6893987235576924 0.49099378125 0.6912543629807693 0.4777902091346154 0.6257522572115384 0.46858448798076924 0.6238966153846154 0.4817880600961538 0.6893987235576924 0.49099378125
1 0.6878136947115384 0.5022718341346154 0.6893987235576924 0.49099378125 0.6216788269230769 0.4814763701923077 0.6200938004807692 0.4927544230769231 0.6878136947115384 0.5022718341346154
1 0.6824514086538461 0.521714764423077 0.6852348701923077 0.5019094038461538 0.6215895192307692 0.49296463221153847 0.6188060576923077 0.5127699951923077 0.6824514086538461 0.521714764423077
1 0.68149825 0.5337361418269231 0.6832636850961538 0.52117440625 0.617761579326923 0.5119686875 0.6159961418269231 0.524530420673077 0.68149825 0.5337361418269231
1 0.6801200817307692 0.5517754495192307 0.6826329302884615 0.533895610576923 0.6159961418269231 0.524530420673077 0.6134832932692308 0.5424102596153846 0.6801200817307692 0.5517754495192307
1 0.6784448509615385 0.5636953413461538 0.6801200817307692 0.5517754495192307 0.6261195264423077 0.5441861658653846 0.6244442956730769 0.5561060600961538 0.6784448509615385 0.5636953413461538
1 0.7003766995192306 0.3979120528846154 0.6979540552884616 0.4151500504807692 0.7048653004807692 0.4161213629807692 0.7072879447115384 0.39888336538461544 0.7003766995192306 0.3979120528846154
1 0.7025840096153846 0.4274885673076923 0.704890673076923 0.41107579086538465 0.6982373100961539 0.41014072355769227 0.6959306442307691 0.42655350000000003 0.7025840096153846 0.4274885673076923
1 0.6966265096153846 0.42160215865384615 0.69361109375 0.44305796634615385 0.7015538677884615 0.44417425 0.7045692836538462 0.42271844230769234 0.6966265096153846 0.42160215865384615
1 0.6995303317307692 0.45408163942307694 0.7018498846153847 0.43757717307692306 0.6945260264423077 0.43654787259615385 0.6922064759615385 0.4530523389423077 0.6995303317307692 0.45408163942307694
1 0.6930055552884615 0.4488635240384615 0.6906344567307693 0.46573475721153845 0.6979583149038462 0.46676405769230767 0.7003294134615385 0.4498928269230769 0.6930055552884615 0.4488635240384615
1 0.6973021274038461 0.4837828052884615 0.6994541562500001 0.46847032692307694 0.6900156634615384 0.4671438341346154 0.6878636346153846 0.48245631250000004 0.6973021274038461 0.4837828052884615
1 0.6956784423076924 0.49533593509615387 0.6973021274038461 0.4837828052884615 0.6880699423076924 0.48248530528846156 0.6864462548076923 0.49403843509615386 0.6956784423076924 0.49533593509615387
1 0.6858527403846153 0.48927989423076923 0.6829919591346154 0.5096354038461539 0.6933072524038462 0.511085125 0.69616803125 0.4907296129807692 0.6858527403846153 0.48927989423076923
1 0.6919543341346154 0.5225828028846153 0.6940548173076924 0.5076370889423077 0.6841005600961538 0.5062381105769231 0.682000076923077 0.5211838245192307 0.6919543341346154 0.5225828028846153
1 0.6902147932692307 0.5364572115384616 0.6921606394230769 0.522611798076923 0.6822579591346154 0.5212200673076923 0.6803121129807692 0.5350654807692308 0.6902147932692307 0.5364572115384616
1 0.6849293028846154 0.5489917475961539 0.6869782403846153 0.5344128004807692 0.6807374879807693 0.53353571875 0.6786885504807691 0.5481146682692308 0.6849293028846154 0.5489917475961539
1 0.6763934447115385 0.548353125 0.6740738918269231 0.56485759375 0.68428603125 0.5662928149038462 0.6866055841346154 0.5497883485576923 0.6763934447115385 0.548353125
1 0.7475810456730769 0.5485401225961538 0.7485733004807693 0.5414798774038462 0.7243323605769232 0.5380730360576923 0.7233401081730769 0.5451332788461538 0.7475810456730769 0.5485401225961538
1 0.7271686658653846 0.5336095192307693 0.7262666177884616 0.5400279254807692 0.7485476490384616 0.5431593197115384 0.7494496971153846 0.5367409134615385 0.7271686658653846 0.5336095192307693
1 0.7276322668269231 0.5265684807692308 0.7266915600961539 0.5332619591346154 0.749849391826923 0.5365165817307692 0.7507900985576923 0.5298231009615384 0.7276322668269231 0.5265684807692308
1 0.72938525 0.5193346418269231 0.7283543365384616 0.5266699615384616 0.7507900985576923 0.5298231009615384 0.7518210096153847 0.52248778125 0.72938525 0.5193346418269231
1 0.7307385384615385 0.512325139423077 0.7297462860576923 0.5193853822115385 0.752182045673077 0.5225385216346153 0.7531742980769232 0.5154782788461538 0.7307385384615385 0.512325139423077
1 0.7317307908653846 0.5052648942307691 0.7307385384615385 0.512325139423077 0.7531742980769232 0.5154782788461538 0.7541665504807693 0.5084180336538462 0.7317307908653846 0.5052648942307691
1 0.7325297475961539 0.4995800192307692 0.7317307908653846 0.5052648942307691 0.7527224086538461 0.5082150745192308 0.7535213677884616 0.5025301995192307 0.7325297475961539 0.4995800192307692
1 0.7322584855769231 0.4936512379807692 0.7314466418269231 0.49942780048076924 0.7535213677884616 0.5025301995192307 0.7543332091346154 0.4967536370192308 0.7322584855769231 0.4936512379807692
1 0.7324514399038461 0.4881617043269231 0.7316911418269231 0.4935715024038462 0.7568604567307692 0.4971088197115385 0.7576207548076923 0.49169901923076925 0.7324514399038461 0.4881617043269231
1 0.7351325841346154 0.47844023798076923 0.7337408509615385 0.48834291826923076 0.7576207548076923 0.49169901923076925 0.759012485576923 0.4817963389423077 0.7351325841346154 0.47844023798076923
1 0.7358026754807692 0.47367228125000005 0.7351325841346154 0.47844023798076923 0.7562789326923076 0.4814121634615385 0.7569490240384616 0.4766442067307692 0.7358026754807692 0.47367228125000005
1 0.7365629735576923 0.4682624831730769 0.7358026754807692 0.47367228125000005 0.7569490240384616 0.4766442067307692 0.7577093221153847 0.47123440865384614 0.7365629735576923 0.4682624831730769
1 0.7374650216346155 0.46184407932692306 0.7365629735576923 0.4682624831730769 0.7575545913461539 0.4712126634615385 0.758456639423077 0.46479425721153844 0.7374650216346155 0.46184407932692306
1 0.7839358461538463 0.47361126923076924 0.7848378942307692 0.46719286538461535 0.75972015625 0.46366279807692307 0.7588181081730769 0.4700812019230769 0.7839358461538463 0.47361126923076924
1 0.7836140240384615 0.4800177163461538 0.7845031850961538 0.4736910048076923 0.76026225 0.4702841634615385 0.7593730889423077 0.47661087500000004 0.7836140240384615 0.4800177163461538
1 0.7806875144230769 0.48512307451923076 0.7814478125 0.47971327644230766 0.7593730889423077 0.47661087500000004 0.7586127908653846 0.4820206754807692 0.7806875144230769 0.48512307451923076
1 0.7797984471153847 0.49257183173076924 0.7807004951923078 0.48615342548076923 0.7584710408653846 0.4830292788461538 0.7575689927884616 0.4894476850961539 0.7797984471153847 0.49257183173076924
1 0.7799021850961538 0.49969260336538457 0.7808815528846154 0.4927240528846154 0.7575689927884616 0.4894476850961539 0.756589625 0.4964162379807692 0.7799021850961538 0.49969260336538457
1 0.7783298317307692 0.5082608653846153 0.7794896057692308 0.5000086298076923 0.7566928100961537 0.49680474999999996 0.7555330336538462 0.5050569831730769 0.7783298317307692 0.5082608653846153
1 0.7758804567307693 0.5140877956730769 0.7767696201923078 0.5077610817307693 0.7554169639423077 0.5047601634615385 0.7545278028846153 0.511086875 0.7758804567307693 0.5140877956730769
1 0.7747721033653847 0.5204772043269231 0.7757128100961539 0.5137837283653846 0.7538443918269231 0.5107103221153846 0.7529036850961539 0.517403798076923 0.7747721033653847 0.5204772043269231
1 0.7742439783653846 0.5268546586538462 0.7751331394230768 0.5205279447115385 0.7529036850961539 0.517403798076923 0.7520145240384615 0.5237305120192308 0.7742439783653846 0.5268546586538462
1 0.7736125432692307 0.5313475432692308 0.7742826370192308 0.5265795841346154 0.7506090408653846 0.5232524783653847 0.7499389471153847 0.5280204350961538 0.7736125432692307 0.5313475432692308
1 0.7727107139423077 0.540384045673077 0.773973579326923 0.5313982836538462 0.7500936778846155 0.5280421802884615 0.7488308100961538 0.5370279447115385 0.7727107139423077 0.540384045673077
1 0.7722469254807692 0.5451809975961539 0.7729685624999999 0.5400462740384615 0.7499654615384616 0.5368133990384615 0.7492438245192308 0.5419481225961539 0.7722469254807692 0.5451809975961539
1 0.7726214951923077 0.5529943533653846 0.7736910673076923 0.5453839591346153 0.7492438245192308 0.5419481225961539 0.7481742524038462 0.549558516826923 0.7726214951923077 0.5529943533653846
1 0.7733302475961538 0.5479513221153847 0.7726214951923077 0.5529943533653846 0.7965013990384615 0.5563504543269231 0.7972101490384615 0.551307423076923 0.7733302475961538 0.5479513221153847
1 0.7727104951923077 0.5377659447115385 0.7713187644230769 0.5476686274038461 0.7972101490384615 0.551307423076923 0.7986018798076924 0.5414047427884616 0.7727104951923077 0.5377659447115385
1 0.7738318293269231 0.5324068870192308 0.77307153125 0.5378166850961539 0.7978798076923077 0.5413032620192307 0.7986401057692307 0.5358934639423076 0.7738318293269231 0.5324068870192308
1 0.7763970865384615 0.5246326875 0.7752759687499999 0.5326098485576923 0.7986401057692307 0.5358934639423076 0.7997612235576923 0.5279163028846153 0.7763970865384615 0.5246326875
1 0.801772889423077 0.5304430889423076 0.8028553485576922 0.5227410024038461 0.7773765769230769 0.5191601947115385 0.7762941177884616 0.52686228125 0.801772889423077 0.5304430889423076
1 0.777337360576923 0.5127030072115384 0.7764481995192308 0.5190297187499999 0.8033711129807692 0.5228134879807692 0.8042602740384616 0.5164867740384615 0.777337360576923 0.5127030072115384
1 0.7799930384615384 0.5069050697115385 0.7791425360576922 0.5129567067307692 0.8042602740384616 0.5164867740384615 0.8051107764423077 0.5104351370192307 0.7799930384615384 0.5069050697115385
1 0.7809852908653846 0.4998448245192308 0.7799930384615384 0.5069050697115385 0.8047497403846153 0.5103843966346153 0.8057419927884616 0.5033241514423077 0.7809852908653846 0.4998448245192308
1 0.7819646586538462 0.4928762716346154 0.7809852908653846 0.4998448245192308 0.8055872644230769 0.50330240625 0.8065666298076923 0.4963338533653846 0.7819646586538462 0.4928762716346154
1 0.782918252403846 0.48609110096153846 0.7819646586538462 0.4928762716346154 0.8051224903846154 0.4961308942307693 0.8060760841346154 0.48934572115384617 0.782918252403846 0.48609110096153846
1 0.782891954326923 0.4799162379807692 0.78198990625 0.4863346394230769 0.8055087740384616 0.48964000240384614 0.8064108221153846 0.4832215985576923 0.782891954326923 0.4799162379807692
1 0.7838326610576923 0.4732227572115385 0.782891954326923 0.4799162379807692 0.8087317620192308 0.48354778605769233 0.8096724687500001 0.4768543052884615 0.7838326610576923 0.4732227572115385
1 0.7869523413461538 0.4652459735576923 0.7857925673076923 0.4734982043269231 0.8096724687500001 0.4768543052884615 0.8108322451923077 0.4686020745192308 0.7869523413461538 0.4652459735576923
1 0.8336958509615384 0.5001466177884615 0.8349587163461538 0.49116085096153844 0.8114398509615385 0.48785549038461534 0.8101769831730768 0.49684125721153843 0.8336958509615384 0.5001466177884615
1 0.832755141826923 0.5068400961538462 0.8336958509615384 0.5001466177884615 0.8101769831730768 0.49684125721153843 0.8092362764423077 0.5035347355769231 0.832755141826923 0.5068400961538462
1 0.8317242307692307 0.5141754134615385 0.8328066875 0.5064733317307692 0.8092878221153845 0.5031679687499999 0.8082053653846154 0.5108700528846154 0.8317242307692307 0.5141754134615385
1 0.8308737283653845 0.5202270528846153 0.8317242307692307 0.5141754134615385 0.8072769879807692 0.5107395793269232 0.806426485576923 0.5167912163461538 0.8308737283653845 0.5202270528846153
1 0.8304487860576923 0.5269930168269231 0.8313894951923076 0.5202995384615384 0.806426485576923 0.5167912163461538 0.8054857788461539 0.5234846947115385 0.8304487860576923 0.5269930168269231
1 0.8294694206730769 0.5339615721153846 0.8304487860576923 0.5269930168269231 0.8062078485576923 0.5235861754807692 0.8052284831730769 0.5305547307692308 0.8294694206730769 0.5339615721153846
1 0.8284256225961539 0.5413885817307692 0.8294694206730769 0.5339615721153846 0.8052284831730769 0.5305547307692308 0.8041846826923076 0.5379817403846153 0.8284256225961539 0.5413885817307692
1 0.8276653245192308 0.5467983774038461 0.8284256225961539 0.5413885817307692 0.805061485576923 0.5381049663461538 0.8043011875 0.5435147620192308 0.8276653245192308 0.5467983774038461
1 0.8260799879807692 0.5543362860576923 0.8271495600961539 0.5467258918269231 0.8045074927884616 0.5435437572115385 0.8034379206730768 0.5511541514423077 0.8260799879807692 0.5543362860576923
1 0.825178125 0.5629987788461539 0.8263894471153846 0.5543797764423076 0.8011169807692308 0.5508279639423077 0.7999056586538462 0.5594469639423078 0.825178125 0.5629987788461539
1 0.853707454326923 0.502211045673077 0.8546868221153846 0.4952424903846154 0.8352940721153845 0.49251701682692306 0.8343147067307692 0.49948557211538464 0.853707454326923 0.502211045673077
1 0.8528956105769231 0.507987608173077 0.853707454326923 0.502211045673077 0.8351915048076923 0.49960879807692304 0.8343796634615385 0.5053853605769231 0.8528956105769231 0.507987608173077
1 0.849853435096154 0.5176583317307693 0.8512451658653847 0.5077556514423077 0.8343796634615385 0.5053853605769231 0.8329879326923078 0.5152880408653846 0.849853435096154 0.5176583317307693
1 0.8489127283653846 0.5243518125000001 0.8498018894230769 0.5180250985576923 0.8338131850961539 0.5157780336538461 0.8329240240384616 0.5221047451923077 0.8489127283653846 0.5243518125000001
1 0.8447231346153846 0.5358248317307692 0.8463854807692308 0.5239966298076923 0.8329240240384616 0.5221047451923077 0.8312616778846155 0.5339329471153846 0.8447231346153846 0.5358248317307692
1 0.8433829495192308 0.5453607475961538 0.8446844759615384 0.5360999086538462 0.8314293245192308 0.5342370192307693 0.8301278004807693 0.5434978581730769 0.8433829495192308 0.5453607475961538
1 0.83774903125 0.55438671875 0.8391021033653847 0.5447591129807692 0.8301278004807693 0.5434978581730769 0.8287747283653846 0.5531254615384615 0.83774903125 0.55438671875
1 0.9610436129807692 0.4281882235576923 0.9656182836538462 0.3956377451923077 0.9097609759615384 0.3877875120192308 0.9051863052884616 0.4203379903846154 0.9610436129807692 0.4281882235576923
1 1 0.3976647043269231 0.9677584759615385 0.3931334543269231 0.9645239903846154 0.41614801682692304 1 0.42113384374999996 1 0.3976647043269231
1 0.9535802259615385 0.4550965769230769 0.9569178028846154 0.43134848076923077 0.9104474134615385 0.42481749278846154 0.9071098365384616 0.4485655889423077 0.9535802259615385 0.4550965769230769
1 1 0.4389928317307692 0.9620626875 0.4336610913461539 0.9591632475961538 0.45429167788461544 1 0.46003090865384616 1 0.4389928317307692
1 0.9802542692307692 0.2555708173076923 0.9867232403846155 0.2095416923076923 0.9344762860576924 0.2021988605769231 0.9280073125 0.24822798798076923 0.9802542692307692 0.2555708173076923
1 1 0.20570396153846152 0.988850298076923 0.2041369735576923 0.9838246033653846 0.23989665625 1 0.2421699591346154 1 0.20570396153846152
1 0.9113818509615383 0.3421990600961538 0.9135854254807693 0.3265198173076923 0.8921296177884616 0.3235044014423077 0.8899260432692307 0.3391836442307692 0.9113818509615383 0.3421990600961538
1 0.9040973317307692 0.3491230048076923 0.9052571081730769 0.34087077403846155 0.8889589471153846 0.3385802163461538 0.887799173076923 0.34683244711538463 0.9040973317307692 0.3491230048076923
1 0.9028731249999999 0.3578336995192308 0.9040973317307692 0.3491230048076923 0.8896043485576922 0.3470861490384615 0.888380139423077 0.3557968413461538 0.9028731249999999 0.3578336995192308
1 0.9004240913461538 0.3677747908653846 0.9018415961538462 0.35768872596153845 0.888380139423077 0.3557968413461538 0.8869626346153846 0.36588290625000003 0.9004240913461538 0.3677747908653846
1 0.9014562403846154 0.3754000528846154 0.9026160168269232 0.36714781730769236 0.8850284399038462 0.3646760456730769 0.8838686658653846 0.3729282788461538 0.9014562403846154 0.3754000528846154
1 0.9000258485576923 0.38557780769230765 0.9014562403846154 0.3754000528846154 0.8838686658653846 0.3729282788461538 0.8824382740384615 0.3831060360576923 0.9000258485576923 0.38557780769230765
1 0.8989305048076923 0.3933715841346154 0.9000258485576923 0.38557780769230765 0.8824382740384615 0.3831060360576923 0.8813429302884616 0.39089981249999994 0.8989305048076923 0.3933715841346154
1 0.8826967740384616 0.39062256971153847 0.881537 0.39887480288461535 0.8957721033653846 0.4008754158653846 0.8969318774038462 0.39262318269230767 0.8826967740384616 0.39062256971153847
1 0.8938386802884615 0.40901892307692306 0.8949340240384616 0.4012251442307692 0.8812146850961539 0.3992970168269231 0.8801193413461538 0.40709079567307693 0.8938386802884615 0.40901892307692306
1 0.8924727211538461 0.41873821875 0.8938386802884615 0.40901892307692306 0.8783141634615385 0.40683709375000005 0.8769482067307692 0.4165563894230769 0.8924727211538461 0.41873821875
1 0.8898300841346154 0.42631453846153844 0.8909254278846154 0.4185207596153846 0.8769482067307692 0.4165563894230769 0.875852860576923 0.4243501682692308 0.8898300841346154 0.42631453846153844
1 0.8882838701923077 0.4391875889423077 0.8900879663461538 0.42635078125000003 0.8776580384615384 0.4246038701923077 0.8758539447115384 0.43744067548076926 0.8882838701923077 0.4391875889423077
1 0.8929783798076923 0.45256370673076923 0.8948597932692308 0.43917675 0.8749512764423077 0.4363787884615385 0.8730698629807693 0.44976574759615384 0.8929783798076923 0.45256370673076923
1 0.8530158942307692 0.4030946466346154 0.8545622620192308 0.39209166826923075 0.8260920552884615 0.38809044230769235 0.8245456875 0.3990934206730769 0.8530158942307692 0.4030946466346154
1 0.8484519182692308 0.4089984014423077 0.8493539663461539 0.4025799951923077 0.8245456875 0.3990934206730769 0.823643639423077 0.4055118269230769 0.8484519182692308 0.4089984014423077
1 0.8477431682692308 0.41404143269230764 0.8484519182692308 0.4089984014423077 0.8226121105769231 0.4053668533653846 0.821903360576923 0.41040988461538463 0.8477431682692308 0.41404143269230764
1 0.8443785817307692 0.42301232932692306 0.8456801081730769 0.4137514879807692 0.821903360576923 0.41040988461538463 0.8206018341346154 0.4196707259615385 0.8443785817307692 0.42301232932692306
1 0.8432832379807693 0.4308061057692308 0.8444430144230769 0.42255387259615385 0.8227293221153846 0.41950221153846157 0.8215695456730769 0.42775444711538463 0.8432832379807693 0.4308061057692308
1 0.8447019759615385 0.43568062500000004 0.8454107283653846 0.43063759134615387 0.8216339783653847 0.42729598798076923 0.8209252259615384 0.4323390216346154 0.8447019759615385 0.43568062500000004
1 0.8431553004807693 0.44294345673076924 0.8442506442307691 0.4351496802884615 0.8202160120192308 0.4317718341346154 0.8191206682692307 0.4395656105769231 0.8431553004807693 0.44294345673076924
1 0.8428332932692307 0.4471058173076923 0.8434131802884616 0.4429796995192307 0.8193785504807691 0.4396018533653846 0.8187986634615385 0.44372796875 0.8428332932692307 0.4471058173076923
1 0.8418668125 0.4539826778846154 0.8428977259615384 0.4466473605769231 0.8193788581730769 0.443342 0.8183479471153846 0.4506773173076923 0.8418668125 0.4539826778846154
1 0.8401782331730769 0.46038404567307695 0.8410931658653846 0.45387394951923077 0.8183479471153846 0.4506773173076923 0.8174330120192308 0.45718741346153846 0.8401782331730769 0.46038404567307695
1 0.8406291033653847 0.4553047716346154 0.8399203509615384 0.46034780288461535 0.8593131009615385 0.4630732764423077 0.8600218533653846 0.4580302451923077 0.8406291033653847 0.4553047716346154
1 0.8451413798076923 0.44789770913461535 0.8440975817307692 0.45532472115384615 0.8600862860576922 0.45757178605769233 0.8611300841346154 0.45014477644230766 0.8451413798076923 0.44789770913461535
1 0.8460434278846154 0.4414793076923077 0.8452058124999999 0.44743925240384613 0.8627418100961539 0.4499037764423077 0.8635794254807692 0.44394383173076923 0.8460434278846154 0.4414793076923077
1 0.8465585745192308 0.4340715 0.8455276610576923 0.44140681971153845 0.8633215408653846 0.4439075865384616 0.8643524543269231 0.43657226682692307 0.8465585745192308 0.4340715
1 0.8473317572115384 0.42857001201923073 0.8465585745192308 0.4340715 0.8630630432692308 0.4363910528846154 0.8638362259615384 0.4308895625 0.8473317572115384 0.42857001201923073
1 0.8480402019230768 0.4197868341346154 0.8468159951923078 0.4284975264423077 0.8638362259615384 0.4308895625 0.8650604350961538 0.42217887259615383 0.8480402019230768 0.4197868341346154
1 0.848890704326923 0.41373519711538465 0.8480402019230768 0.4197868341346154 0.866865610576923 0.4224325745192308 0.8677161129807692 0.41638093509615387 0.848890704326923 0.41373519711538465
1 0.8497281634615385 0.40590517788461533 0.8486328197115385 0.41369895432692305 0.8677161129807692 0.41638093509615387 0.8688114567307692 0.4085871586538462 0.8497281634615385 0.40590517788461533
1 0.8504369158653847 0.40086214423076927 0.8497281634615385 0.40590517788461533 0.8706682091346154 0.40884810817307693 0.8713769615384616 0.40380507692307693 0.8504369158653847 0.40086214423076927
1 0.8530151225961539 0.3937442860576923 0.8519842115384615 0.4010796033653846 0.8713769615384616 0.40380507692307693 0.8724078725961538 0.3964697572115385 0.8530151225961539 0.3937442860576923
1 0.8539171706730768 0.3873258798076923 0.8530151225961539 0.3937442860576923 0.8702932379807693 0.3961725649038461 0.8711952860576923 0.38975416105769234 0.8539171706730768 0.3873258798076923
1 0.8551415336538462 0.3804852596153846 0.8541750552884615 0.3873621225961538 0.8711952860576923 0.38975416105769234 0.8721617668269231 0.3828772980769231 0.8551415336538462 0.3804852596153846
1 0.8563141971153846 0.37214133653846154 0.8551415336538462 0.3804852596153846 0.8695829423076924 0.3825148677884615 0.8707556033653846 0.3741709423076923 0.8563141971153846 0.37214133653846154
1 0.7698482163461539 0.3837389831730769 0.7708791274038462 0.3764036634615385 0.7498875096153846 0.3734534831730769 0.7488565961538461 0.38078880288461536 0.7698482163461539 0.3837389831730769
1 0.7687786442307692 0.3913493774038462 0.7698997620192307 0.38337221875 0.7496302115384614 0.38052351923076927 0.7485090961538461 0.3885006778846154 0.7687786442307692 0.3913493774038462
1 0.7697721947115385 0.3999977427884615 0.7709835168269231 0.3913787427884615 0.7485477548076923 0.3882256033653846 0.7473364326923077 0.39684460336538463 0.7697721947115385 0.3999977427884615
1 0.7691923052884615 0.4041238629807692 0.7697721947115385 0.3999977427884615 0.7469753990384616 0.39679386298076924 0.7463955120192308 0.4009199807692308 0.7691923052884615 0.4041238629807692
1 0.7666011538461538 0.41058538221153845 0.7675934062499999 0.4035251394230769 0.7466017860576923 0.4005749591346154 0.7456095336538462 0.4076352043269231 0.7666011538461538 0.41058538221153845
1 0.7658152067307692 0.41767462259615384 0.7668976658653845 0.40997253846153847 0.7467828437499999 0.40714558413461543 0.7457003870192308 0.41484766826923075 0.7658152067307692 0.41767462259615384
1 0.7655706730769231 0.42315690625 0.7663309711538461 0.4177471081730769 0.7457003870192308 0.41484766826923075 0.7449400889423077 0.42025746875000003 0.7655706730769231 0.42315690625
1 0.7647201706730768 0.4292085456730769 0.7655706730769231 0.42315690625 0.7440632884615385 0.4201342403846154 0.7432127860576923 0.42618587980769235 0.7647201706730768 0.4292085456730769
1 0.7612401033653846 0.44498889663461544 0.7624514230769232 0.4363698990384615 0.7430586754807693 0.43364442548076926 0.7418473533653847 0.44226342307692307 0.7612401033653846 0.44498889663461544
1 0.7438187572115385 0.42561652403846156 0.7423368197115384 0.4361610456730769 0.7628126754807693 0.4390387403846154 0.7642946129807692 0.42849421875 0.7438187572115385 0.42561652403846156
1 0.7590743245192308 0.4499206586538461 0.7602469879807692 0.44157673557692306 0.742453108173077 0.43907596875000005 0.7412804447115384 0.4474198918269231 0.7590743245192308 0.4499206586538461
1 0.7630074831730769 0.45599007932692304 0.7638193269230769 0.4502135168269231 0.7413319903846154 0.4470531274038461 0.7405201466346154 0.4528296923076923 0.7630074831730769 0.45599007932692304
1 0.7637675673076922 0.4479621802884616 0.7626464495192308 0.4559393413461538 0.7868358100961538 0.4593389326923077 0.7879569254807692 0.45136177403846156 0.7637675673076922 0.4479621802884616
1 0.7643987836538462 0.4408511971153847 0.76340653125 0.4479114399038462 0.7879569254807692 0.45136177403846156 0.7889491778846154 0.4443015288461538 0.7643987836538462 0.4408511971153847
1 0.7651977403846154 0.43516632451923076 0.7643987836538462 0.4408511971153847 0.7877113437500001 0.4441275625 0.7885103004807692 0.43844268990384616 0.7651977403846154 0.43516632451923076
1 0.7663447211538461 0.4281278245192308 0.76535246875 0.4351880697115385 0.7885103004807692 0.43844268990384616 0.7895025528846153 0.4313824471153846 0.7663447211538461 0.4281278245192308
1 0.7672724495192308 0.4204039927884615 0.7661513341346153 0.42838115384615383 0.7883807884615385 0.43150529807692306 0.7895019038461538 0.4235281394230769 0.7672724495192308 0.4204039927884615
1 0.7684839879807692 0.41440309615384613 0.7676334855769231 0.4204547331730769 0.7895019038461538 0.4235281394230769 0.79035240625 0.41747650240384615 0.7684839879807692 0.41440309615384613
1 0.7690766394230769 0.4086892307692308 0.7682776826923077 0.4143741009615385 0.7907134423076924 0.4175272427884615 0.7915123990384616 0.4118423701923077 0.7690766394230769 0.4086892307692308
1 0.7701979711538461 0.4033301706730769 0.7694376754807692 0.4087399711538462 0.7915123990384616 0.4118423701923077 0.7922726971153846 0.40643257211538464 0.7701979711538461 0.4033301706730769
1 0.7711902235576923 0.3962699254807692 0.7701979711538461 0.4033301706730769 0.7924790024038462 0.4064615673076923 0.7934712572115384 0.3994013221153846 0.7711902235576923 0.3962699254807692
1 0.7705320600961538 0.3893517427884615 0.7695913533653846 0.3960452211538461 0.7934712572115384 0.3994013221153846 0.7944119639423076 0.39270784375 0.7705320600961538 0.3893517427884615
1 0.7713825625 0.3833001033653846 0.7705320600961538 0.3893517427884615 0.7952887620192308 0.3928310697115384 0.7961392644230769 0.3867794302884615 0.7713825625 0.3833001033653846
1 0.7718978942307693 0.37813638461538457 0.7711762572115385 0.3832711081730769 0.7961392644230769 0.3867794302884615 0.7968609038461539 0.3816447067307692 0.7718978942307693 0.37813638461538457
1 0.7731476610576924 0.36662420913461535 0.7715368605769231 0.37808564663461536 0.7979440096153846 0.38179692788461533 0.7995548076923077 0.3703354927884615 0.7731476610576924 0.36662420913461535
1 0.8230999711538461 0.37981571875000003 0.8244530432692307 0.3701881105769231 0.8004184134615385 0.36681026442307696 0.7990653413461538 0.3764378725961538 0.8230999711538461 0.37981571875000003
1 0.8218886514423077 0.38843471634615384 0.8230999711538461 0.37981571875000003 0.7987043052884615 0.37638713221153847 0.7974929855769232 0.38500612980769233 0.8218886514423077 0.38843471634615384
1 0.8206512499999999 0.3934969543269231 0.8213342283653847 0.3886373076923077 0.7974543245192307 0.3852812043269231 0.7967713461538461 0.3901408533653846 0.8206512499999999 0.3934969543269231
1 0.8198007475961538 0.39954859374999996 0.820702795673077 0.39313018990384613 0.7976996923076923 0.3898973125 0.7967976418269231 0.39631571875 0.8198007475961538 0.39954859374999996
1 0.8179316634615384 0.4061115985576923 0.8188723701923077 0.3994181201923077 0.7967976418269231 0.39631571875 0.7958569350961539 0.40300919711538463 0.8179316634615384 0.4061115985576923
1 0.8167718870192308 0.4143638317307692 0.8179316634615384 0.4061115985576923 0.7958569350961539 0.40300919711538463 0.7946971610576923 0.4112614302884615 0.8167718870192308 0.4143638317307692
1 0.8169529447115385 0.42093445673076924 0.8178549927884616 0.4145160528846154 0.7946971610576923 0.4112614302884615 0.7937951129807692 0.4176798365384615 0.8169529447115385 0.42093445673076924
1 0.8163215120192308 0.4254273389423077 0.8169529447115385 0.42093445673076924 0.7950845240384615 0.4178610504807692 0.7944530913461538 0.4223539326923077 0.8163215120192308 0.4254273389423077
1 0.8146846298076924 0.4333320120192308 0.8158057451923076 0.42535485336538464 0.7944530913461538 0.4223539326923077 0.7933319735576922 0.43033109374999995 0.8146846298076924 0.4333320120192308
1 0.8137439230769231 0.44002549038461536 0.8146846298076924 0.4333320120192308 0.7911657620192307 0.4300266514423077 0.7902250552884615 0.4367201298076923 0.8137439230769231 0.44002549038461536
1 0.8122615552884616 0.4453338076923077 0.8130218533653846 0.43992401201923076 0.7902250552884615 0.4367201298076923 0.7894647596153846 0.4421299278846154 0.8122615552884616 0.4453338076923077
1 0.811050233173077 0.4539528076923077 0.8122615552884616 0.4453338076923077 0.7901868293269231 0.44223140625 0.7889755072115385 0.4508504086538461 0.811050233173077 0.4539528076923077
1 0.8115279855769231 0.4621546730769231 0.8126491033653847 0.45417751442307697 0.7889755072115385 0.4508504086538461 0.787854389423077 0.4588275673076923 0.8115279855769231 0.4621546730769231
1 0.7817806514423077 0.2943444903846154 0.78348165625 0.2822412139423077 0.7626447644230769 0.27931277884615385 0.7609437620192309 0.29141605769230766 0.7817806514423077 0.2943444903846154
1 0.7817810841346154 0.2995806947115385 0.7829537475961538 0.29123676923076924 0.7612400552884615 0.2881851105769231 0.7600673942307693 0.2965290360576923 0.7817810841346154 0.2995806947115385
1 0.78080171875 0.3065492475961538 0.7821032451923077 0.29728840865384615 0.7603895528846153 0.2942367475961538 0.7590880264423077 0.30349758653846154 0.78080171875 0.3065492475961538
1 0.7813435961538461 0.31055251201923073 0.7825162572115385 0.30220858653846155 0.7586363557692307 0.29885248557692307 0.7574636923076923 0.3071964086538462 0.7813435961538461 0.31055251201923073
1 0.7799129879807692 0.3181121634615385 0.7813820384615385 0.3076593341346154 0.7594620408653847 0.3045786802884615 0.7579929927884616 0.3150315096153846 0.7799129879807692 0.3181121634615385
1 0.7780823798076923 0.3221560072115385 0.7786751538461538 0.3179381971153846 0.7578382620192308 0.31500976442307693 0.7572454879807692 0.3192275721153846 0.7780823798076923 0.3221560072115385
1 0.7769355817307692 0.33143859134615383 0.7782886538461539 0.32181098557692306 0.7567296923076923 0.3187810721153846 0.7553766201923077 0.32840867788461536 0.7769355817307692 0.33143859134615383
1 0.7768069350961538 0.3349736081730769 0.7777089831730769 0.3285552067307692 0.7559952908653845 0.3255035456730769 0.7550932427884616 0.33192194951923076 0.7768069350961538 0.3349736081730769
1 0.7753506802884615 0.34421270192307696 0.7766522043269231 0.33495186298076923 0.7548869375 0.33189295432692306 0.7535854110576923 0.34115379326923073 0.7753506802884615 0.34421270192307696
1 0.7748739759615385 0.3487273341346154 0.7755054086538462 0.34423444951923077 0.7535854110576923 0.34115379326923073 0.7529539759615385 0.3456466778846154 0.7748739759615385 0.3487273341346154
1 0.7735079230769231 0.35732458653846155 0.7747192451923077 0.3487055865384615 0.7527992475961539 0.34562493269230765 0.7515879254807692 0.3542439326923077 0.7735079230769231 0.35732458653846155
1 0.774152891826923 0.3605943173076923 0.7745910288461538 0.3574768076923077 0.7515879254807692 0.3542439326923077 0.7511497884615385 0.35736144230769235 0.774152891826923 0.3605943173076923
1 0.7749518485576924 0.35490944471153846 0.774152891826923 0.3605943173076923 0.7974654519230769 0.36387068509615383 0.7982644086538462 0.35818581250000003 0.7749518485576924 0.35490944471153846
1 0.7777363581730768 0.3478205793269231 0.7767054471153846 0.3551558966346154 0.7984707163461539 0.3582148076923077 0.7995016274038461 0.35087948798076923 0.7777363581730768 0.3478205793269231
1 0.7785223365384616 0.3411053557692308 0.7775816298076923 0.3477988341346154 0.8001721201923077 0.3509737211538461 0.801112826923077 0.3442802403846154 0.7785223365384616 0.3411053557692308
1 0.7801464567307692 0.3347884302884615 0.7792959543269231 0.34084006971153846 0.8011643725961538 0.34391347596153843 0.802014875 0.3378618365384615 0.7801464567307692 0.3347884302884615
1 0.7809967427884617 0.3261186923076923 0.7797467620192309 0.3350127644230769 0.8032656274038461 0.338318125 0.8045156081730769 0.32942405288461535 0.7809967427884617 0.3261186923076923
1 0.7801324879807693 0.3217896129807692 0.7795526009615384 0.32591573076923075 0.8045156081730769 0.32942405288461535 0.805095497596154 0.32529793509615385 0.7801324879807693 0.3217896129807692
1 0.7813953557692308 0.3128038485576923 0.7800938293269231 0.32206468750000006 0.8036126947115385 0.32537004807692305 0.8049142211538461 0.3161092091346154 0.7813953557692308 0.3128038485576923
1 0.7826716346153847 0.3100846394230769 0.7822721562499999 0.31292707451923074 0.8049142211538461 0.3161092091346154 0.8053136995192307 0.3132667740384615 0.7826716346153847 0.3100846394230769
1 0.7840375 0.29924329567307695 0.7824782475961538 0.31033796634615385 0.8045529711538462 0.31344036538461534 0.8061122259615385 0.30234569471153844 0.7840375 0.29924329567307695
1 0.786989875 0.2950766009615385 0.7861780312500001 0.30085316586538463 0.8059318149038461 0.30362937740384616 0.8067436586538462 0.2978528125 0.786989875 0.2950766009615385
1 0.7873889182692307 0.2869979615384616 0.7862678028846154 0.2949751201923077 0.80834253125 0.29807751923076925 0.8094636466346153 0.29010036057692307 0.7873889182692307 0.2869979615384616
1 0.7876332379807691 0.27889757451923075 0.7863832572115383 0.28779164903846155 0.8089737475961538 0.2909665360576923 0.8102237283653846 0.28207246153846155 0.7876332379807691 0.27889757451923075
1 0.8344005721153847 0.2900519206730769 0.835341278846154 0.2833584399038461 0.8121834471153846 0.28010381971153847 0.8112427403846154 0.28679729807692306 0.8344005721153847 0.2900519206730769
1 0.8333310024038462 0.2976623125 0.8344005721153847 0.2900519206730769 0.81139746875 0.28681904326923074 0.8103278990384616 0.2944294375 0.8333310024038462 0.2976623125
1 0.8339376177884615 0.30494726442307696 0.8349298701923077 0.29788701923076927 0.8101731682692308 0.2944076923076923 0.8091809158653847 0.3014679375 0.8339376177884615 0.30494726442307696
1 0.8329969110576924 0.31164074278846154 0.8339376177884615 0.30494726442307696 0.8091809158653847 0.3014679375 0.8082402091346155 0.3081614158653846 0.8329969110576924 0.31164074278846154
1 0.8301090600961539 0.31647102403846156 0.8308306995192307 0.3113363028846154 0.8082402091346155 0.3081614158653846 0.8075185697115385 0.31329613942307694 0.8301090600961539 0.31647102403846156
1 0.8292201177884616 0.3254158389423077 0.8303412331730768 0.31743868028846156 0.8093496129807692 0.3144885 0.8082284975961538 0.32246565865384613 0.8292201177884616 0.3254158389423077
1 0.8299941658653847 0.33038675721153843 0.8306642572115385 0.32561880048076924 0.8082284975961538 0.32246565865384613 0.8075584038461538 0.32723361778846155 0.8299941658653847 0.33038675721153843
1 0.8288085240384616 0.33770033173076924 0.8298394350961539 0.3303650120192308 0.8064752980769231 0.32708139663461544 0.8054443870192307 0.3344167163461539 0.8288085240384616 0.33770033173076924
1 0.8269394399038461 0.34426333653846153 0.8278801490384615 0.3375698581730769 0.8054443870192307 0.3344167163461539 0.8045036802884616 0.3411101947115384 0.8269394399038461 0.34426333653846153
1 0.8270179639423076 0.35829975240384615 0.8280488749999999 0.3509644350961538 0.8034469038461538 0.3475068533653846 0.8024159903846153 0.3548421706730769 0.8270179639423076 0.35829975240384615
1 0.8054318389423076 0.3386225673076923 0.8041689711538461 0.34760833413461534 0.8267594615384616 0.35078321874999996 0.8280223293269231 0.34179745432692304 0.8054318389423076 0.3386225673076923
1 0.8262319855769231 0.3650149783653846 0.8281133990384616 0.3516280192307692 0.8042334975961538 0.34827191826923076 0.8023520817307692 0.36165887500000005 0.8262319855769231 0.3650149783653846
1 0.8312727259615385 0.35534462499999997 0.83020315625 0.3629550192307692 0.8556819278846154 0.3665358269230769 0.8567514999999999 0.3589254326923077 0.8312727259615385 0.35534462499999997
1 0.8320973341346154 0.3479803100961538 0.8308860120192307 0.3565993125 0.8554879855769231 0.36005689423076925 0.8566993052884615 0.3514378918269231 0.8320973341346154 0.3479803100961538
1 0.8333086562500001 0.33936131009615383 0.8320973341346154 0.3479803100961538 0.856905610576923 0.3514668870192308 0.8581169326923077 0.34284788701923075 0.8333086562500001 0.33936131009615383
1 0.8349714326923077 0.3327693149038462 0.8335925865384616 0.3425803028846154 0.8578335240384616 0.34598714423076926 0.8592123677884616 0.33617615624999997 0.8349714326923077 0.3327693149038462
1 0.8346356442307693 0.3261769423076923 0.8332052548076923 0.3363546971153846 0.8594060985576923 0.3400369855769231 0.8608364879807693 0.3298592307692308 0.8346356442307693 0.3261769423076923
1 0.8362597620192307 0.31986001923076923 0.8349968966346153 0.3288457860576923 0.8602693629807692 0.3323975985576923 0.8615322307692307 0.3234118317307692 0.8362597620192307 0.31986001923076923
1 0.836181889423077 0.31367790624999997 0.8348803629807692 0.3229387451923077 0.8607201706730769 0.32657029326923076 0.8620216947115384 0.3173094543269231 0.836181889423077 0.31367790624999997
1 0.8378446682692308 0.30708590865384616 0.8369039615384615 0.3137793870192308 0.8620216947115384 0.3173094543269231 0.8629624038461539 0.3106159759615385 0.8378446682692308 0.30708590865384616
1 0.8387853749999999 0.3003924302884615 0.8378446682692308 0.30708590865384616 0.8628076730769231 0.31059423076923076 0.8637483798076923 0.30390075 0.8387853749999999 0.3003924302884615
1 0.8404996971153846 0.2934336634615385 0.8391466249999999 0.3030612716346154 0.8632328317307691 0.30644636778846157 0.8645859038461539 0.2968187596153846 0.8404996971153846 0.2934336634615385
1 0.8414404038461538 0.28674018509615384 0.8404094927884616 0.2940755048076923 0.8655272307692308 0.29760557451923075 0.866558141826923 0.2902702524038462 0.8414404038461538 0.28674018509615384
1 0.8655652692307693 0.2898502091346154 0.8666477283653846 0.28214812259615385 0.8424067908653845 0.27874128125 0.8413243341346154 0.2864433677884616 0.8655652692307693 0.2898502091346154
1 0.8761464567307692 0.23215017788461537 0.8776026177884616 0.22178904326923077 0.8528974927884616 0.21831696394230768 0.8514413293269231 0.2286780985576923 0.8761464567307692 0.23215017788461537
1 0.8726784086538462 0.23736643269230767 0.8737737524038462 0.22957265624999998 0.8513379903846154 0.22641951682692307 0.8502426466346154 0.2342132932692308 0.8726784086538462 0.23736643269230767
1 0.8716475889423076 0.2458237956730769 0.8733228221153847 0.2339039014423077 0.8502681418269231 0.23066377884615383 0.8485929110576923 0.24258367307692305 0.8716475889423076 0.2458237956730769
1 0.8701266249999999 0.25215521634615384 0.8716987644230769 0.24096885576923077 0.8486440865384615 0.2377287331730769 0.8470719447115385 0.24891509375 0.8701266249999999 0.25215521634615384
1 0.8695471057692308 0.26076950721153846 0.87129965625 0.24829946634615385 0.8476260600961538 0.24497236057692306 0.8458735096153845 0.2574424014423077 0.8695471057692308 0.26076950721153846
1 0.8700245192307693 0.26485721634615383 0.8712100673076922 0.2564215985576923 0.846659673076923 0.25297126442307694 0.8454741250000001 0.26140688221153846 0.8700245192307693 0.26485721634615383
1 0.8682590841346154 0.2774189495192308 0.8700245192307693 0.26485721634615383 0.8412964302884615 0.26081974519230766 0.8395309951923077 0.2733814807692308 0.8682590841346154 0.2774189495192308
1 0.8166307067307692 0.2660489423076923 0.8156255673076923 0.2732008774038462 0.8397117740384614 0.27658597115384614 0.8407169134615384 0.2694340360576923 0.8166307067307692 0.2660489423076923
1 0.8170554951923077 0.25741290384615384 0.8156637644230769 0.26731558413461537 0.8375321826923077 0.2703889903846154 0.8389239134615385 0.26048631009615386 0.8170554951923077 0.25741290384615384
1 0.8384341370192309 0.2628485408653846 0.8401866874999999 0.2503785 0.8161004807692307 0.24699340625 0.8143479302884615 0.2594634471153846 0.8384341370192309 0.2628485408653846
1 0.8182663822115385 0.24355769951923076 0.8167715600961538 0.25419391346153847 0.8399293942307692 0.2574485336538462 0.8414242163461538 0.2468123221153846 0.8182663822115385 0.24355769951923076
1 0.8402510264423076 0.248798 0.8415654399038461 0.23944546634615385 0.8186654903846153 0.2362270889423077 0.817351076923077 0.2455796201923077 0.8402510264423076 0.248798
1 0.8199414302884616 0.22939371874999998 0.8182275384615385 0.2415886875 0.8401991105769231 0.24467659134615383 0.8419130024038461 0.23248162259615385 0.8199414302884616 0.22939371874999998
1 0.8429706754807692 0.23693138701923078 0.8446845673076923 0.2247364182692308 0.8216298894230769 0.22149629567307694 0.8199159975961539 0.23369126201923077 0.8429706754807692 0.23693138701923078
1 0.8192069975961539 0.2357421778846154 0.8205858413461539 0.22593118750000002 0.7978406225961538 0.22273455528846153 0.7964617764423078 0.23254554567307692 0.8192069975961539 0.2357421778846154
1 0.8169252091346154 0.24112514903846155 0.8178143725961539 0.2347984375 0.7961006802884616 0.2317467764423077 0.7952115192307693 0.23807348798076924 0.8169252091346154 0.24112514903846155
1 0.8157655264423076 0.25049942548076926 0.8171443725961538 0.2406884375 0.793780233173077 0.23740482211538463 0.7924013894230769 0.24721581009615384 0.8157655264423076 0.25049942548076926
1 0.8150566826923077 0.2544204158653846 0.8163195504807692 0.24543464903846154 0.7935743293269231 0.24223801682692309 0.7923114615384615 0.2512237836538462 0.8150566826923077 0.2544204158653846
1 0.8134715625000001 0.2645764230769231 0.8149019519230769 0.2543986706730769 0.7924661923076923 0.25124552884615386 0.7910358028846154 0.26142328365384615 0.8134715625000001 0.2645764230769231
1 0.8139102235576924 0.2678171610576923 0.8147993846153846 0.2614904471153846 0.7917447067307692 0.2582503245192308 0.7908555456730769 0.26457703846153846 0.8139102235576924 0.2678171610576923
1 0.8130599062499999 0.27611288461538464 0.8145547283653846 0.2654766730769231 0.7910874399038461 0.26217856009615387 0.7895926177884616 0.27281477163461537 0.8130599062499999 0.27611288461538464
1 0.7671825360576924 0.26835620673076926 0.7665124447115385 0.27312416346153845 0.7872977596153846 0.2760453485576923 0.7879678509615384 0.27127739182692306 0.7671825360576924 0.26835620673076926
1 0.7679811225961538 0.25818315865384617 0.7666409375000001 0.26771907451923077 0.7883546298076923 0.27077073557692305 0.7896948149038461 0.2612348197115385 0.7679811225961538 0.25818315865384617
1 0.7892052860576922 0.2665891682692308 0.7907001081730769 0.25595295673076923 0.7697600625000001 0.25301002403846157 0.7682652403846154 0.26364623798076925 0.7892052860576922 0.2665891682692308
1 0.7705459471153847 0.24517275721153847 0.7688191706730769 0.2574594158653846 0.7887276875 0.260257375 0.7904544639423077 0.24797071634615384 0.7705459471153847 0.24517275721153847
1 0.7904806995192307 0.2533975528846154 0.7921559302884614 0.24147765865384616 0.7713706153846154 0.2385564735576923 0.7696953846153847 0.2504763653846154 0.7904806995192307 0.2533975528846154
1 0.7721953461538462 0.23268821634615386 0.7707391826923077 0.24304935576923076 0.7931749447115385 0.24620249759615384 0.7946311081730768 0.23584135817307691 0.7721953461538462 0.23268821634615386
1 0.7932516153846154 0.2377980408653846 0.7948237548076923 0.22661168028846154 0.7715111947115385 0.2233353125 0.7699390552884615 0.23452167548076924 0.7932516153846154 0.2377980408653846
1 1 0.06816170913461538 0.9557139639423077 0.06193771153846154 0.9496831298076922 0.10484932692307693 0.9970303221153846 0.11150354086538461 1 0.09037318509615384 1 0.06816170913461538