1 1 0.48536360336538464 0.9279639951923078 0.4954876033653846 0.9345618317307692 0.5424336442307692 1 0.5332369086538461 1 0.48536360336538464
1 0.99227984375 0.48644860096153847 0.9866613725961538 0.4464711081730769 0.9056347524038462 0.4578586586538461 0.9112532235576923 0.4978361490384616 0.99227984375 0.48644860096153847
1 0.9385991322115385 0.5243812596153846 0.9334574591346154 0.48779635576923075 0.9102996298076923 0.49105097836538464 0.9154413004807692 0.5276358822115385 0.9385991322115385 0.5243812596153846
1 0.8882636850961538 0.49293239423076923 0.8922842403846154 0.521540139423077 0.9160609903846153 0.5181985336538462 0.9120404326923077 0.4895907884615385 0.8882636850961538 0.49293239423076923
1 0.8835726346153846 0.46441888221153843 0.8883921466346153 0.49871150000000003 0.9276418365384616 0.49319531490384616 0.9228223221153846 0.4589026995192308 0.8835726346153846 0.46441888221153843
1 0.9763968870192308 0.4572639447115385 0.9715644879807692 0.42287963701923076 0.8802225721153847 0.43571690625 0.8850549711538461 0.4701012139423077 0.9763968870192308 0.4572639447115385
1 0.8799156129807693 0.40546521874999997 0.8857016057692307 0.4466346971153846 0.9609516658653846 0.43605899278846155 0.9551656730769231 0.3948895144230769 0.8799156129807693 0.40546521874999997
1 0.8778026153846153 0.3859396418269231 0.8813463749999999 0.41115480048076924 0.9553070216346153 0.4007603100961538 0.9517632620192308 0.3755451490384615 0.8778026153846153 0.3859396418269231
1 0.8712286394230768 0.3623658846153846 0.8755713557692307 0.3932659158653846 0.9553085649038462 0.38205958173076926 0.9509658485576923 0.3511595504807692 0.8712286394230768 0.3623658846153846
1 0.9538668317307692 0.35308940624999996 0.9490473197115384 0.3187967908653846 0.86348196875 0.33082221634615383 0.8683014807692307 0.3651148317307692 0.9538668317307692 0.35308940624999996
1 0.8578498413461539 0.3001033990384615 0.8638033557692307 0.3424648677884615 0.9558157644230769 0.32953336778846154 0.9498622475961539 0.2871718990384615 0.8578498413461539 0.3001033990384615
1 0.9540249254807692 0.31230007451923075 0.9461513341346154 0.2562765769230769 0.85290109375 0.26938204326923076 0.8607746826923077 0.32540554326923077 0.9540249254807692 0.31230007451923075
1 0.8556360961538462 0.25141918509615385 0.8614220889423077 0.2925886610576923 0.9463169447115385 0.28065746634615385 0.9405309519230769 0.23948799038461538 0.8556360961538462 0.25141918509615385
1 0.9361851490384615 0.24598941346153846 0.9307213149038461 0.20711222115384614 0.8580500817307691 0.21732549759615385 0.8635139134615385 0.2562026875 0.9361851490384615 0.24598941346153846
1 0.8509856490384615 0.19961782932692307 0.8543618870192307 0.223641 0.9340990985576922 0.21243466586538462 0.930722860576923 0.18841149519230768 0.8509856490384615 0.19961782932692307
1 0.8633160192307692 0.3105554855769231 0.8586640312499999 0.2774548557692308 0.8393228557692307 0.2801730817307692 0.8439748461538461 0.31327371153846156 0.8633160192307692 0.3105554855769231
1 0.8666411418269231 0.3289756850961538 0.8623628581730769 0.2985341105769231 0.8437437548076924 0.3011508557692308 0.8480220384615385 0.3315924278846154 0.8666411418269231 0.3289756850961538
1 0.8661112572115385 0.34391706250000004 0.8624772932692307 0.31806006249999996 0.8442192259615384 0.32062606730769233 0.8478531899038462 0.34648306490384617 0.8661112572115385 0.34391706250000004
1 0.8824045721153847 0.4003467884615385 0.8795180192307692 0.3798078942307692 0.8549160480769231 0.3832654759615384 0.8578026009615385 0.4038043701923077 0.8824045721153847 0.4003467884615385
1 0.8762188533653846 0.3593269903846154 0.8733323004807693 0.33878809855769226 0.8472861875 0.3424486394230769 0.8501727403846153 0.3629875336538462 0.8762188533653846 0.3593269903846154
1 0.8881699158653846 0.37924646874999995 0.8843555408653846 0.3521057860576923 0.8504698052884615 0.3568681177884615 0.8542841802884615 0.38400879807692306 0.8881699158653846 0.37924646874999995
1 0.8928858749999999 0.41841577163461535 0.8898189110576923 0.3965931971153846 0.8574288942307693 0.4011453173076923 0.8604958581730769 0.42296789182692307 0.8928858749999999 0.41841577163461535
1 0.8910144471153847 0.440277875 0.8872902764423076 0.41377903365384616 0.8601094807692308 0.41759904567307693 0.8638336490384616 0.44409788701923075 0.8910144471153847 0.440277875
1 0.8917607451923076 0.45906050240384616 0.8881396682692307 0.4332951971153846 0.8568843317307693 0.43768784615384615 0.8605054110576924 0.4634531538461539 0.8917607451923076 0.45906050240384616
1 0.8891799158653846 0.48373387980769234 0.8852753365384616 0.45595135817307697 0.8658825865384615 0.45867683173076923 0.8697871658653846 0.4864593509615384 0.8891799158653846 0.48373387980769234
1 0.8709345168269231 0.48900967548076923 0.8724164543269232 0.4995541971153846 0.8817002163461538 0.4982494495192308 0.8802182812499999 0.4877049278846154 0.8709345168269231 0.48900967548076923
1 0.8614323341346153 0.48090136298076924 0.8631977716346154 0.4934630985576923 0.8710373942307693 0.49236131009615386 0.8692719567307693 0.4797995769230769 0.8614323341346153 0.48090136298076924
1 0.8561524927884616 0.39992216586538465 0.8545803533653846 0.38873580288461534 0.8426661899038461 0.3904102283653846 0.8442383317307692 0.40159659375 0.8561524927884616 0.39992216586538465
1 0.8392255216346154 0.36592860336538463 0.8430398942307692 0.39306928365384614 0.8553150913461539 0.3913441153846154 0.8515007187499999 0.3642034375 0.8392255216346154 0.36592860336538463
1 0.8556781346153847 0.3669824326923077 0.8528817860576924 0.34708537740384615 0.8372541177884615 0.34928170432692307 0.8400504663461539 0.3691787572115385 0.8556781346153847 0.3669824326923077
1 0.8361980817307693 0.33390869711538457 0.8395485432692307 0.35774848317307695 0.852597389423077 0.3559145889423077 0.8492469254807692 0.3320748004807692 0.8361980817307693 0.33390869711538457
1 0.8504718149038462 0.33255717307692306 0.8480620576923077 0.3154108653846154 0.8368699639423076 0.31698381009615384 0.8392797211538461 0.3341301177884616 0.8504718149038462 0.33255717307692306
1 0.9483036586538461 0.1117931514423077 0.9355718966346154 0.021201959134615384 0.8676972740384615 0.030741115384615384 0.8804290360576924 0.1213323076923077 0.9483036586538461 0.1117931514423077
1 0.8795217500000001 0 0.8610076274038462 0.0026019903846153845 0.8729404326923077 0.08750830769230769 0.9434970336538462 0.07759222355769231 0.9325921562499999 0 0.8795217500000001 0
1 0.8606419423076923 0 0.8680307163461538 0.05257385336538462 0.9350285384615385 0.04315792307692308 0.9289630889423077 0 0.8606419423076923 0
1 0.8159886298076924 0 0.8196676274038462 0.026177435096153848 0.8375130841346153 0.023669420673076924 0.8341865649038461 0 0.8159886298076924 0
1 0.8105187307692308 0 0.816984048076923 0.04600311778846154 0.8397808413461539 0.04279923557692308 0.8337658004807692 0 0.8105187307692308 0
1 0.8470382908653846 0.06524841105769232 0.8395641802884615 0.012067348557692308 0.8163031971153847 0.015336466346153847 0.8237773100961537 0.06851752884615384 0.8470382908653846 0.06524841105769232
1 0.85035034375 0.08582100480769231 0.8423221177884616 0.028697209134615383 0.8173075336538461 0.032212778846153846 0.8253357596153846 0.08933657692307692 0.85035034375 0.08582100480769231
1 0.8512639495192308 0.10841372596153846 0.8434547932692307 0.05284868509615385 0.8179760216346155 0.05642949278846154 0.8257851802884615 0.11199453365384615 0.8512639495192308 0.10841372596153846
1 0.8536224399038462 0.12182713701923077 0.8472565576923077 0.07653154326923077 0.8231187740384616 0.07992388701923077 0.8294846562499999 0.12521948076923078 0.8536224399038462 0.12182713701923077
1 0.8593973990384616 0.14046405048076924 0.853031516826923 0.09516845673076922 0.830286298076923 0.0983650889423077 0.8366521778846153 0.1436606826923077 0.8593973990384616 0.14046405048076924
1 0.9556754807692307 0.1545163028846154 0.9469642764423077 0.09253285817307691 0.8509289038461538 0.10602975 0.859640110576923 0.16801319471153847 0.9556754807692307 0.1545163028846154
1 0.9567045408653846 0.1842924951923077 0.9503386610576924 0.13899689903846155 0.8542517115384616 0.1525010408653846 0.8606175913461538 0.1977966346153846 0.9567045408653846 0.1842924951923077
1 0.8759333317307691 0.22556496394230768 0.870134454326923 0.18430379567307692 0.8388791177884615 0.1886964471153846 0.8446779975961539 0.2299576153846154 0.8759333317307691 0.22556496394230768
1 0.8529359735576924 0.15923113221153845 0.84946953125 0.134566125 0.8338418629807692 0.13676244951923078 0.8373083052884615 0.1614274591346154 0.8529359735576924 0.15923113221153845
1 0.8523542019230769 0.17791990624999998 0.8478826201923078 0.14610295913461538 0.8345243173076924 0.14798034615384614 0.8389958966346154 0.17979729326923077 0.8523542019230769 0.17791990624999998
1 0.8581546875 0.1997323173076923 0.85324496875 0.16479785817307693 0.8389582884615384 0.16680572115384618 0.8438680048076923 0.20174018028846152 0.8581546875 0.1997323173076923
1 0.7123669663461538 0.14700894711538462 0.7054727427884615 0.09795400240384616 0.6632831947115385 0.10388335576923077 0.6701774182692308 0.15293830048076923 0.7123669663461538 0.14700894711538462
1 0.6191707980769231 0.12981198557692308 0.6235006274038462 0.16062032451923078 0.670641514423077 0.15399510576923078 0.6663116826923077 0.12318676682692307 0.6191707980769231 0.12981198557692308
1 0.7506892956730769 0.12928075721153845 0.7439497091346153 0.08132610817307692 0.7036169158653846 0.08699451201923078 0.7103565024038462 0.13494916346153846 0.7506892956730769 0.12928075721153845
1 0.6849840745192307 0.25604773076923076 0.6799454927884615 0.22019636298076922 0.6421399471153847 0.2255095841346154 0.6471785288461539 0.2613609543269231 0.6849840745192307 0.25604773076923076
1 0.7578183533653846 0 0.7618508774038462 0.02869289423076923 0.8053298341346153 0.02258232451923077 0.8021560961538461 0 0.7578183533653846 0
1 0.798414360576923 0.07479363221153847 0.7934530961538461 0.03949240865384615 0.7586905625 0.04437796394230769 0.7636518245192309 0.0796791875 0.798414360576923 0.07479363221153847
1 0.8525499326923077 0.46223365865384614 0.8551803317307692 0.46186398076923074 0.8548839086538462 0.46522347115384616 0.8532801634615385 0.4674295120192308 0.8547406201923077 0.4778212115384616 0.86526221875 0.4763424975961538 0.865309983173077 0.4721432524038462 0.8679165 0.4738731971153846 0.8678926177884616 0.4759728197115385 0.8705230168269231 0.47560313942307697 0.8683323293269231 0.4600155865384616 0.8578107331730769 0.46149430288461535 0.7037058653846154 0.3648866802884615 0.5473147836538461 0.26109 0.5569538100961539 0.3296752331730769 0.5064649399038461 0.3367709807692308 0.48619667788461535 0.2696795889423077 0.4958357019230769 0.3382648221153846 0.5038076298076923 0.3371444399038461 0.7063123846153846 0.36661662740384615 0.8522773918269231 0.46349352884615386 0.8525499326923077 0.46223365865384614
1 0.4410013605769231 0.2935163533653846 0.4496867932692308 0.35531641586538465 0.527515673076923 0.3443782788461538 0.5188302403846154 0.28257821875 0.4410013605769231 0.2935163533653846
1 0.4813292451923077 0.3473162644230769 0.4736231778846154 0.2924847548076923 0.3932154759615385 0.30378531971153844 0.4009215408653847 0.35861682932692307 0.4813292451923077 0.3473162644230769
1 0.3592867283653846 0.36100862740384615 0.36040784375 0.3689857860576923 0.4209070336538462 0.36048318028846155 0.41496640384615385 0.3182134038461539 0.3113492932692308 0.3327758389423077 0.3126250456730769 0.34185329567307693 0.2972036826923077 0.34402062740384615 0.3009020793269231 0.3703360841346154 0.3592867283653846 0.36100862740384615
1 0.4250683677884615 0.24563822115384618 0.40754286778846155 0.12093779807692308 0.2969113557692308 0.13648604326923078 0.3144368581730769 0.26118646634615383 0.4250683677884615 0.24563822115384618
1 0.5218005480769231 0.38192799278846157 0.5184500841346154 0.3580882043269231 0.4838422764423077 0.3629520144230769 0.48719274038461535 0.3867918028846154 0.5218005480769231 0.38192799278846157
1 0.2636175 0.1563126033653846 0.2819419591346154 0.28669789663461537 0.36879672115384615 0.27449125721153844 0.3504722644230769 0.14410596153846153 0.2636175 0.1563126033653846
1 0.5532500745192308 0.36806429326923074 0.5512011370192308 0.35348534375 0.5106104615384616 0.35918999278846153 0.5126593990384616 0.37376893990384613 0.5532500745192308 0.36806429326923074
1 0.5496800793269231 0.3482759663461538 0.5524764278846154 0.3681730216346154 0.584144375 0.36372238221153846 0.5813480264423077 0.34382532692307693 0.5496800793269231 0.3482759663461538
1 0.6211768317307692 0.3517856274038461 0.6193083028846154 0.33849035817307693 0.5809869927884616 0.3438760673076923 0.5828555192307692 0.3571713341346153 0.6211768317307692 0.3517856274038461
1 0.48519399038461536 0.3890362620192308 0.48221723317307696 0.3678555288461538 0.45317968509615386 0.3719364879807693 0.45615644471153843 0.3931172235576923 0.48519399038461536 0.3890362620192308
1 0.6070417620192308 0.39154721153846156 0.6048124158653846 0.37568458173076924 0.5717003269230769 0.3803381826923077 0.573929673076923 0.3962008125 0.6070417620192308 0.39154721153846156
1 0.6044122572115385 0.38107046875 0.605816875 0.3910648389423077 0.6344933870192307 0.38703461778846154 0.6330887716346154 0.3770402475961539 0.6044122572115385 0.38107046875
1 0.6641888221153847 0.3794016033653846 0.6623331802884616 0.36619803125 0.6314388798076924 0.37053993990384615 0.6332945216346153 0.3837435144230769 0.6641888221153847 0.3794016033653846
1 0.6618692692307693 0.3628971346153846 0.6642919134615385 0.3801351346153846 0.6959082836538462 0.37569174278846157 0.6934856418269231 0.3584537451923077 0.6618692692307693 0.3628971346153846
1 0.7308131562500001 0.3647085192307692 0.7289446298076924 0.35141325 0.6961935745192308 0.35601611057692306 0.6980621009615385 0.3693113798076923 0.7308131562500001 0.3647085192307692
1 0.72876421875 0.3501295721153846 0.7308131562500001 0.3647085192307692 0.7632031730769231 0.3601563990384615 0.761154235576923 0.34557745192307693 0.72876421875 0.3501295721153846
1 0.7643900504807692 0.3525093894230769 0.7964190336538461 0.34800800961538464 0.794563391826923 0.33480443269230775 0.7652034903846154 0.33893069951923077 0.7595950745192308 0.3333607379807692 0.7604649062500001 0.3395499134615385 0.7625344086538461 0.33930581490384615 0.7613347379807693 0.3457390889423077 0.74440734375 0.34811807932692307 0.7313827524038461 0.3373257211538461 0.7331224158653846 0.34970407211538457 0.7634622283653846 0.3459076033653846 0.7643900504807692 0.3525093894230769
1 0.7287401129807692 0.3297494014423077 0.7304797764423078 0.34212775240384613 0.7592078653846154 0.33809028365384614 0.7574682019230768 0.3257119326923077 0.7287401129807692 0.3297494014423077
1 0.7262264927884616 0.3212199278846154 0.7274507019230769 0.32993061778846156 0.7574682019230768 0.3257119326923077 0.7562439951923078 0.31700124278846153 0.7262264927884616 0.3212199278846154
1 0.7248605360576923 0.3115006298076923 0.7267419495192308 0.3248875865384615 0.754696391826923 0.3209588461538461 0.7528149759615383 0.3075718894230769 0.7248605360576923 0.3115006298076923
1 0.7238297764423076 0.30229523798076924 0.7253761442307692 0.31329821394230767 0.7541042355769231 0.3092607451923077 0.7525578677884616 0.29825776682692307 0.7238297764423076 0.30229523798076924
1 0.7200268990384615 0.2920769014423077 0.7220887235576924 0.30674754086538464 0.7549429302884616 0.3021301826923077 0.7528811081730769 0.28745954326923073 0.7200268990384615 0.2920769014423077
1 0.7217038317307692 0.28342599759615383 0.7233146298076923 0.29488743269230766 0.7548794254807691 0.2904512908653846 0.753268625 0.2789898533653846 0.7217038317307692 0.28342599759615383
1 0.7189841850961538 0.27155938221153847 0.7211877572115385 0.28723862740384615 0.7532683149038462 0.28273 0.7510647427884615 0.2670507548076923 0.7189841850961538 0.27155938221153847
1 0.717695235576923 0.26613037980769233 0.7189838749999999 0.27529952884615383 0.751064435096154 0.2707909014423077 0.7497757956730768 0.26162175240384616 0.717695235576923 0.26613037980769233
1 0.7162778846153847 0.25417424278846157 0.7179531153846154 0.2660941370192308 0.7490021490384616 0.2617304807692308 0.7473269158653846 0.24981058653846155 0.7162778846153847 0.25417424278846157
1 0.7506792331730769 0.2512095 0.7487978173076922 0.23782254326923077 0.7154278461538461 0.24251238701923078 0.7173092596153846 0.25589934375 0.7506792331730769 0.2512095
1 0.8047218725961538 0.2023796754807692 0.8015518197115384 0.17982356971153848 0.7785487163461539 0.18305644471153848 0.7817187692307692 0.20561255288461538 0.8047218725961538 0.2023796754807692
1 0.7192426826923076 0.26404284855769233 0.7168586995192308 0.24707992307692306 0.6835403052884614 0.2517625168269231 0.6859242884615384 0.2687254423076923 0.7192426826923076 0.26404284855769233
1 0.7162764951923077 0.27100489903846153 0.7146656947115384 0.25954346153846153 0.6867628317307692 0.2634649543269231 0.6883736322115385 0.2749263918269231 0.7162764951923077 0.27100489903846153
1 0.7189317115384615 0.2824130528846154 0.7166637067307692 0.2662753533653846 0.6856662524038462 0.2706317596153846 0.6879342572115384 0.28676946153846156 0.7189317115384615 0.2824130528846154
1 0.7194471682692308 0.28608071394230766 0.7177590504807692 0.27406912740384615 0.687793125 0.2782805649038461 0.6894812427884616 0.2902921490384615 0.7194471682692308 0.28608071394230766
1 0.722540673076923 0.29873630528846157 0.7206077139423077 0.2849825841346154 0.6901260264423077 0.28926650721153846 0.6920589855769231 0.3030202283653846 0.722540673076923 0.29873630528846157
1 0.7240875048076922 0.30412906490384617 0.7229921610576924 0.29633528846153845 0.6909631778846154 0.3008366682692308 0.6920585216346153 0.30863044471153844 0.7240875048076922 0.30412906490384617
1 0.7255694399038461 0.3146735889423077 0.7240875048076922 0.30412906490384617 0.6930900528846154 0.30848547355769235 0.6945719879807692 0.3190299951923077 0.7255694399038461 0.3146735889423077
1 0.7274511634615385 0.3243203990384615 0.7260852067307693 0.3146011009615384 0.6940562235576924 0.31910248076923076 0.6954221802884616 0.3288217788461539 0.7274511634615385 0.3243203990384615
1 0.7284816129807693 0.3372659375 0.726677516826923 0.3244291274038461 0.6956800624999999 0.32878553605769234 0.6974841586538462 0.3416223461538461 0.7284816129807693 0.3372659375
1 0.6967752524038461 0.3384493846153846 0.6978705961538462 0.3462431634615385 0.6948404423076924 0.3471365360576923 0.6968378341346154 0.36134871634615384 0.7301562283653846 0.3566661225961539 0.7280944038461539 0.3419954831730769 0.7253467836538461 0.34238163701923074 0.7269990600961538 0.3342017043269231 0.6967752524038461 0.3384493846153846
1 0.6631463197115385 0.3562659807692308 0.6645767091346154 0.36644373798076924 0.6933047980769231 0.36240626923076924 0.6918744086538461 0.3522285120192308 0.6631463197115385 0.3562659807692308
1 0.6603749711538461 0.3459026754807692 0.6621146346153846 0.3582810264423077 0.6907911490384616 0.35425080528846153 0.6890514855769231 0.3418724543269231 0.6603749711538461 0.3459026754807692
1 0.6594730793269231 0.3376141995192308 0.6608905841346153 0.34770026201923077 0.6890513317307693 0.3437425264423077 0.687633826923077 0.3336564639423077 0.6594730793269231 0.3376141995192308
1 0.6578492379807692 0.3279311442307692 0.6596662187500001 0.3408596442307692 0.6907152524038461 0.3364959879807692 0.6888982692307692 0.32356748798076923 0.6578492379807692 0.3279311442307692
1 0.6583010336538462 0.32178998076923077 0.6596025600961538 0.3310508221153846 0.6877633076923076 0.3270930865384616 0.68646178125 0.3178322475961538 0.6583010336538462 0.32178998076923077
1 0.65514309375 0.3086759326923077 0.6570116225961539 0.32197119711538463 0.6856881346153846 0.3179409759615384 0.6838196081730769 0.30464571153846154 0.65514309375 0.3086759326923077
1 0.6550145384615385 0.3040188701923077 0.656367610576923 0.31364647596153844 0.68401259375 0.3097612283653846 0.6826595216346154 0.30013362259615384 0.6550145384615385 0.3040188701923077
1 0.6528108125000001 0.29020969951923076 0.6550788173076924 0.30634740144230765 0.6827238004807692 0.3024621514423077 0.6804557956730769 0.28632445192307693 0.6528108125000001 0.29020969951923076
1 0.6510705288461539 0.2853116394230769 0.6525009182692307 0.2954893942307692 0.6811774326923078 0.2914591730769231 0.6797470432692307 0.28128141826923075 0.6510705288461539 0.2853116394230769
1 0.6503622403846154 0.2746583894230769 0.6524884951923077 0.2897874855769231 0.6816807740384616 0.28568477644230766 0.6795545192307693 0.2705556826923077 0.6503622403846154 0.2746583894230769
1 0.6512010913461539 0.26565775240384615 0.6527474591346153 0.27666073317307693 0.6798766802884615 0.2728479711538462 0.6783303100961539 0.2618449903846154 0.6512010913461539 0.26565775240384615
1 0.6499105985576924 0.2789294783653846 0.6482353677884615 0.2670095841346154 0.6306477956730769 0.26948135576923077 0.6323230264423076 0.28140125 0.6499105985576924 0.2789294783653846
1 0.6496519447115384 0.2883160865384615 0.6483633052884615 0.27914693749999997 0.6323230264423076 0.28140125 0.6336116658653845 0.29057039903846155 0.6496519447115384 0.2883160865384615
1 0.6506957427884615 0.29574309615384614 0.6496519447115384 0.2883160865384615 0.6343853149038462 0.29046167067307693 0.6354291129807692 0.29788868028846155 0.6506957427884615 0.29574309615384614
1 0.6540471322115384 0.30836244471153845 0.6523719014423077 0.2964425528846154 0.6350422115384616 0.29887808173076924 0.6367174423076923 0.3107979735576923 0.6540471322115384 0.30836244471153845
1 0.6538532211538463 0.3144673653846154 0.6529511730769231 0.30804896153846156 0.6363951298076922 0.3103757620192308 0.6372971754807693 0.3167941658653846 0.6538532211538463 0.3144673653846154
1 0.654303625 0.32515685817307693 0.6528216899038461 0.31461233653846155 0.6372971754807693 0.3167941658653846 0.6387791129807692 0.32733868750000006 0.654303625 0.32515685817307693
1 0.6554762884615385 0.3335007836538461 0.654303625 0.32515685817307693 0.6380054663461538 0.32744741586538456 0.6391781274038462 0.33579134134615385 0.6554762884615385 0.3335007836538461
1 0.6588279879807692 0.3423799879807692 0.6575393485576922 0.33321083894230774 0.6391781274038462 0.33579134134615385 0.640466766826923 0.3449604903846154 0.6588279879807692 0.3423799879807692
1 0.6601166274038461 0.35154913701923074 0.6588279879807692 0.3423799879807692 0.6402088846153846 0.34499673317307694 0.6414975240384616 0.3541658822115385 0.6601166274038461 0.35154913701923074
1 0.6588910312499999 0.3596691009615384 0.6577956875000001 0.35187532451923076 0.6414975240384616 0.3541658822115385 0.6425928677884615 0.36195965865384616 0.6588910312499999 0.3596691009615384
1 0.6605147163461538 0.37122222836538465 0.6588910312499999 0.3596691009615384 0.6407876923076923 0.3622133581730769 0.6424113774038461 0.3737664855769231 0.6605147163461538 0.37122222836538465
1 0.6123684927884615 0.21688384134615385 0.6052294278846154 0.1660867548076923 0.5659281634615385 0.17161018749999998 0.5730672283653846 0.22240727163461538 0.6123684927884615 0.21688384134615385
1 0 0.2693791995192308 0.14138790625 0.24950842548076924 0.13745755528846154 0.22154252403846153 0.26902910817307696 0.20305134615384615 0.2451892716346154 0.033422096153846156 0 0.06788120192307692 0 0.2693791995192308
1 0.14116303125000002 0.6307499399038462 0.13676876923076925 0.5994831442307692 0.012624225961538461 0.6169305216346154 0.024660122596153848 0.7025703701923077 0.13673577403846154 0.6868191658653846 0.14089808173076923 0.716435514423077 0.37526152163461535 0.6834978798076924 0.3634575817307692 0.5995084783653846 0.14116303125000002 0.6307499399038462