1 0.8138704278846153 0.6537043173076923 0.7926667067307692 0.5618609182692308 0.720553173076923 0.5785096394230769 0.7155750889423077 0.5569471899038462 0.6434108076923077 0.5736076274038462 0.65899075 0.6410917764423077 0.7007567163461539 0.6314493437500001 0.7113585769230769 0.6773710432692308 0.8138704278846153 0.6537043173076923
1 0.6051447403846154 0.5639115552884616 0.6163714639423077 0.6125398389423077 0.6498146874999999 0.6048188629807693 0.6385879639423078 0.5561905769230769 0.6051447403846154 0.5639115552884616
1 0.6146332355769231 0.6015377596153846 0.6043438076923077 0.5569693533653847 0.5762291706730769 0.5634601274038462 0.5865185985576923 0.6080285360576924 0.6146332355769231 0.6015377596153846
1 0.5511197355769231 0.5621299855769231 0.5601594350961538 0.6012852259615384 0.5807125528846154 0.5965401658653846 0.5716728533653846 0.5573849230769231 0.5511197355769231 0.5621299855769231
1 1 0.6108927788461538 0.9840517572115384 0.5418133509615385 0.7873508004807692 0.58722534375 0.8213434038461538 0.7344634879807692 1 0.6932173605769231 1 0.6108927788461538
1 0.5188282355769231 0.19697965625000002 0.504789625 0.13617174999999998 0.4258250528846154 0.15440215625 0.43986366346153843 0.21521006490384617 0.5188282355769231 0.19697965625000002
1 0.1261462451923077 0.15269745432692308 0.14328834855769232 0.2269480625 0.23377281971153846 0.20605807692307693 0.21663071634615386 0.13180746875 0.1261462451923077 0.15269745432692308
1 0.25406613221153845 0.24765170913461537 0.2397775745192308 0.18576116586538463 0.1403613798076923 0.20871320432692306 0.1546499375 0.2706037451923077 0.25406613221153845 0.24765170913461537
1 0.07589999038461538 0.30180346153846155 0.09043849278846154 0.3647766370192308 0.19548776442307692 0.34052410096153846 0.18094926201923078 0.2775509254807692 0.07589999038461538 0.30180346153846155
1 0.10949415384615385 0.8203135769230769 0.09303939903846153 0.7490402115384616 0.04929424519230769 0.7591395769230769 0.065749 0.8304129423076922 0.10949415384615385 0.8203135769230769
1 0.24554055528846153 0.7360691346153847 0.2290649735576923 0.6647055480769232 0.07230303846153846 0.700896891826923 0.08877862019230769 0.7722604807692307 0.24554055528846153 0.7360691346153847
1 0.27658143028846155 0.6984937740384616 0.2644590673076923 0.6459860528846153 0.22543351682692309 0.6549958124999999 0.23755587740384615 0.7075035336538461 0.27658143028846155 0.6984937740384616
1 0.2922772932692308 0.6701627764423077 0.28427903365384616 0.6355185096153846 0.25997053124999997 0.6411305697115384 0.2679687908653846 0.6757748365384615 0.2922772932692308 0.6701627764423077
1 0.3084279423076923 0.6486638413461538 0.30151278125 0.6187109831730768 0.2761893076923077 0.6245573677884615 0.28310446875 0.6545102259615384 0.3084279423076923 0.6486638413461538
1 0.32562636778846155 0.6437429903846154 0.3202108798076923 0.6202859326923077 0.3006727307692308 0.6247966682692307 0.30608822115384615 0.6482537259615384 0.32562636778846155 0.6437429903846154
1 0.31729554567307694 0.6150672451923077 0.32119053125 0.63193828125 0.33123872115384617 0.6296184735576923 0.3273437355769231 0.6127474374999999 0.31729554567307694 0.6150672451923077
1 0.4722543677884615 0.30665639423076924 0.46446439663461536 0.27291431971153846 0.4217342067307692 0.2827793629807692 0.4295241778846154 0.3165214375 0.4722543677884615 0.30665639423076924
1 0.5618109423076922 0.3817690144230769 0.5529378725961538 0.34333552884615387 0.4727553365384616 0.3618471274038461 0.48162840625 0.4002806129807693 0.5618109423076922 0.3817690144230769
1 0.45538056490384615 0 0.42281052163461535 0.007519387019230769 0.43632841346153844 0.06607181009615384 0.5445748365384616 0.041081153846153844 0.5350905048076923 0 0.45538056490384615 0