1 0.7098802980769231 0.7794457427884616 0.7326836778846153 0.6879863846153846 0.6608716875 0.6700816466346153 0.6662253293269231 0.648609360576923 0.5943628004807692 0.6306920192307692 0.5776074711538461 0.6978939831730769 0.6191987908653847 0.7082638653846154 0.6077971009615385 0.7539935432692307 0.7098802980769231 0.7794457427884616
1 0.5646694110576923 0.6046803245192307 0.5525957163461539 0.6531052692307693 0.5858990961538462 0.661408735576923 0.5979727908653846 0.6129837908653847 0.5646694110576923 0.6046803245192307
1 0.55604178125 0.6425132067307693 0.56710746875 0.5981311610576923 0.5391103942307692 0.5911507067307692 0.5280447067307692 0.6355327524038461 0.55604178125 0.6425132067307693
1 0.51734159375 0.5785660961538461 0.5076199182692307 0.6175576105769232 0.5280870937500001 0.6226606490384616 0.5378087692307691 0.5836691370192308 0.51734159375 0.5785660961538461
1 0.8757533221153846 0.9036333317307693 0.9123104086538463 0.7570108677884615 0.7164319591346153 0.7081728846153846 0.6798748725961539 0.8547953485576923 0.8757533221153846 0.9036333317307693
1 0.6543444375 0.23855473798076923 0.6694421562499999 0.1780010985576923 0.5908077740384615 0.15839534615384615 0.5757100576923077 0.21894898557692308 0.6543444375 0.23855473798076923
1 0.3245659206730769 0.02082511298076923 0.30613057692307694 0.09476524278846155 0.39623668509615384 0.11723121874999999 0.4146720288461539 0.043291088942307696 0.3245659206730769 0.02082511298076923
1 0.3954350456730769 0.16350438701923078 0.4108015673076923 0.10187264182692307 0.3118010817307692 0.07718904807692308 0.2964345600961539 0.13882079326923077 0.3954350456730769 0.16350438701923078
1 0.21210346875000002 0.1308682139423077 0.1964681466346154 0.1935780673076923 0.30107815625 0.2196602716346154 0.3167134783653846 0.15695041826923078 0.21210346875000002 0.1308682139423077
1 0 0.6064606490384615 0.006637420673076923 0.6081155432692308 0.024333560096153846 0.5371402067307692 0 0.5310731682692308 0 0.6064606490384615
1 0.16610182932692308 0.59481696875 0.18382037019230768 0.5237517908653846 0.027713935096153847 0.48483008413461537 0.009995396634615385 0.5558952644230769 0.16610182932692308 0.59481696875
1 0.21081831009615384 0.5754293389423076 0.22385521153846152 0.5231411802884616 0.18499284615384617 0.5134517043269231 0.1719559423076923 0.5657398629807692 0.21081831009615384 0.5754293389423076
1 0.2376654278846154 0.5573120096153846 0.24626709615384618 0.5228126057692308 0.2220602403846154 0.5167771586538461 0.2134585721153846 0.5512765625 0.2376654278846154 0.5573120096153846
1 0.2618160745192308 0.5454885576923076 0.2692529326923077 0.5156609495192307 0.24403535096153844 0.5093734999999999 0.2365984927884615 0.5392011081730769 0.2618160745192308 0.5454885576923076
1 0.2793740048076923 0.5489119687499999 0.28519805048076924 0.5255529975961538 0.2657416009615385 0.5207019615384616 0.25991755528846155 0.5440609326923077 0.2793740048076923 0.5489119687499999
1 0.2849697019230769 0.5195795793269231 0.2807808701923077 0.5363800697115384 0.29078704326923077 0.5388748894230769 0.2949758774038461 0.5220743990384615 0.2849697019230769 0.5195795793269231
1 0.5630546201923077 0.3151333341346154 0.5714322860576924 0.28153235096153845 0.5288807740384616 0.27092306730769233 0.5205031081730769 0.30452405048076925 0.5630546201923077 0.3151333341346154
1 0.6087496971153846 0.42271700240384613 0.618292170673077 0.3844442259615385 0.5384449182692308 0.36453606971153846 0.5289024447115385 0.40280884615384616 0.6087496971153846 0.42271700240384613
1 0.6548051899038462 0.026153271634615387 0.6402674759615384 0.08446085576923078 0.7480612668269231 0.11133686538461539 0.7625989807692307 0.05302928125 0.6548051899038462 0.026153271634615387