0 0.2591459110576923 0.6434557259615384 0.2968725360576923 0.10393983653846153 0.07964257211538461 0.08874963701923076 0.041915944711538464 0.6282655264423076 0.2591459110576923 0.6434557259615384
1 0.29801835576923075 0.5004486009615385 0.30091841586538465 0.45897580288461537 0.2419478341346154 0.45485217788461535 0.23904777403846153 0.49632497596153846 0.29801835576923075 0.5004486009615385
1 0.615514326923077 0.6997481538461539 0.6212304807692307 0.6180033197115384 0.3834257596153846 0.6013743942307692 0.37770960576923074 0.6831192259615384 0.615514326923077 0.6997481538461539
1 0.26937420432692305 0.5748353942307692 0.26445895673076925 0.6451267139423076 0.3778279543269231 0.6530542451923077 0.3827432019230769 0.5827629254807692 0.26937420432692305 0.5748353942307692
1 0.47983289903846155 0.27471108653846155 0.48829410096153847 0.15371026442307692 0.3197992980769231 0.1419279591346154 0.31133809615384617 0.26292878365384614 0.47983289903846155 0.27471108653846155
1 0.7651723629807693 0.17901187259615386 0.7696677788461539 0.11472441346153846 0.6703270288461538 0.10777782932692308 0.6658316105769231 0.1720652908653846 0.7651723629807693 0.17901187259615386
1 0.7660069927884615 0.22158119951923078 0.770638048076923 0.15535403125000002 0.6756096826923077 0.148709 0.6709786274038462 0.21493616826923076 0.7660069927884615 0.22158119951923078
1 0.6137599302884615 0.1558935625 0.609529329326923 0.2163939735576923 0.6856975024038461 0.22172017307692307 0.6899281033653846 0.16121975961538462 0.6137599302884615 0.1558935625
1 0.6123332572115385 0.009047442307692308 0.6083868485576923 0.06548370432692308 0.7278347548076923 0.0738363173076923 0.7317811610576922 0.017400052884615384 0.6123332572115385 0.009047442307692308
1 0.7329823557692308 0.3720514615384615 0.7364443437499999 0.3225427283653846 0.6793961490384616 0.31855352884615384 0.6759341610576922 0.36806226442307693 0.7329823557692308 0.3720514615384615
1 0.7481023509615384 0.39176531249999996 0.750789266826923 0.353340625 0.6954036802884616 0.3494676875 0.6927167644230768 0.38789237499999996 0.7481023509615384 0.39176531249999996
1 0.7780763774038462 0.2796943076923077 0.7810991586538462 0.23646653125 0.7239470528846154 0.23247006730769232 0.7209242716346154 0.27569784375 0.7780763774038462 0.2796943076923077
1 0.6604794591346154 0.6607527331730769 0.6642837716346153 0.6063485456730769 0.6143016538461539 0.6028534567307692 0.61049734375 0.657257641826923 0.6604794591346154 0.6607527331730769
1 0.6767341370192308 0.64184053125 0.6798667187499999 0.5970425192307692 0.6559667475961538 0.5953712692307692 0.6528341658653846 0.6401692836538462 0.6767341370192308 0.64184053125
1 0.6918921250000001 0.625172110576923 0.6943529783653847 0.5899802692307692 0.6804286442307692 0.5890065865384615 0.6779677932692307 0.6241984278846153 0.6918921250000001 0.625172110576923
1 0.7107087211538462 0.6144214663461539 0.7124397163461539 0.5896671009615384 0.6899425673076922 0.5880939471153847 0.6882115745192308 0.6128483124999999 0.7107087211538462 0.6144214663461539
1 0.7444148822115384 0.5983075120192308 0.746145875 0.5735531442307692 0.7006839711538462 0.5703741394230769 0.6989529759615384 0.5951285048076923 0.7444148822115384 0.5983075120192308
1 0.8651816418269231 0.6079589879807693 0.8676941658653846 0.5720282091346154 0.800826201923077 0.5673523461538461 0.7983136754807691 0.6032831225961538 0.8651816418269231 0.6079589879807693
1 0.9928801754807692 0.6065856658653846 0.9944496971153847 0.5841404735576923 0.9701340721153847 0.5824401610576924 0.9685645504807692 0.6048853509615385 0.9928801754807692 0.6065856658653846
1 0.9579762596153846 0.5815900024038462 0.9566328028846154 0.6008023485576923 0.9687906153846153 0.6016525048076923 0.9701340721153847 0.5824401610576924 0.9579762596153846 0.5815900024038462
1 0.9569105360576924 0.5968305625 0.9580860625000001 0.5800197620192308 0.9463958581730769 0.5792023028846154 0.9452203317307692 0.5960131057692307 0.9569105360576924 0.5968305625
1 1 0.1849441105769231 0.9865613125 0.18400438701923075 0.9830864062500001 0.23369785576923074 1 0.23488056971153848 1 0.1849441105769231
1 1 0.09045468028846154 0.9962538942307693 0.09019272596153846 0.9926756442307691 0.1413640673076923 1 0.14187623557692308 1 0.09045468028846154
1 1 0.23348828846153846 0.9709215649038462 0.2314549254807692 0.9683444495192308 0.26830937499999996 1 0.2705229471153846 1 0.23348828846153846
1 1 0.25604323076923075 0.95989596875 0.25323888221153845 0.9577709807692307 0.2836276394230769 1 0.2865805793269231 1 0.25604323076923075